-1.4394968198070730	0.9214055820324726	2.1867625174693099
3.1884219291794604	-2.0868831531652203	-1.1294458354756531
2.8921416454190103	-1.6399441551853109	6.4248310670920432
1.3994451812408077	-1.9216691774614247	-0.7827729659415734
-0.7432146631641502	3.0719402330285983	1.1968211895538245
3.2876712270296355	6.9190536327046326	3.0695712546524390
5.9243584445957431	5.7313158293703133	3.9708880558895645
3.5913337389821312	6.4190072421669058	4.7028195568924591
2.8396049620790333	6.2175640477458343	3.2970188273250649
-0.9741843112679182	1.8711150465885344	1.6718190444012326
3.0203002252680147	-2.5530545418549284	1.2296027680951787
3.8025480592975254	6.1092878670327275	3.2995411200642564
3.4392772257240041	-1.2075743875724068	0.6073017655063482
-3.1287040173032237	2.0087808357266401	1.3484594008980424
3.7232886306320729	-1.4755068102269195	-0.7020321819197891
2.3432366830478046	-0.0879520799465443	2.2148571210796306
-0.8026763656642026	-0.7806605351240339	4.2393377672256038
-1.0865185593657036	2.4797269183519139	1.2727666989055191
1.6144188589115223	-1.8912696893755241	2.3904216896025403
2.8069933251729093	-2.0172016814264522	-1.2763832893104465
-2.3707575580088971	3.2912528179488443	0.8172380000704547
0.2774813959459832	0.3242548417459223	4.4081943239213377
1.4728622609647322	-1.2384971735170653	0.4300296676712356
1.8840670319715311	-2.0290165148579828	-1.7566337985398222
-1.1990701034375655	3.5265879665772175	2.4544326790264677
-2.0715996379982489	-0.9569697270058946	0.8551596123243952
2.4961990340047122	-1.2908752144163207	2.0490783255260090
3.1464601041960254	-1.6368880966733261	-0.9003337197818821
-0.0711389869288153	1.2997550141312548	1.0626245471661790
-0.0453827155682016	1.3289562419249212	3.9629264051708555
4.1179068616088674	7.3122710648590949	3.4085188925730834
-1.4634760312107229	-0.9781217367294315	4.2206243514975217
2.8149091608752381	6.5675225141586706	2.1983870269196721
1.9974730850694935	-2.6875180325841872	2.0474247339028779
0.8816060462438733	-3.2696625116711244	-1.9581885427376586
4.6810723837018484	-1.5327404058647511	2.9849099105753334
-1.0778091017341800	1.0476043745983490	3.1436221255323611
-1.7817126397864167	2.0755558773925147	-0.2267537443946677
0.3483965583866224	0.9755918233746547	2.1651369606965178
5.0309935692700325	4.9367327232852931	4.9446448085024510
-2.2604228075731894	0.8890597855568092	3.2904917244906002
3.7182347359237973	-3.1382607735003063	-0.5587686788696777
4.8219690548020280	-0.6228980440285512	2.2257546829030175
3.8532953487546622	-1.6154521060672209	0.0409160705810965
3.5378492596675484	-2.7400439442634053	-1.1997749009476217
-1.1268287745206038	1.9864684276074569	-0.0955921686014649
3.3936352583053671	-1.6915897345957824	-0.4916972530322191
3.4045657264006044	-3.9115102090095109	-1.0240439944619257
4.8302023829804392	6.2577051386088911	4.5508976793945530
-2.9240500231563198	2.4406506194569815	0.6293508487233946
2.2190829369005880	-1.9851422929984848	1.8845232553502904
3.9675300730586942	-1.8731647600581582	-2.0745621722504044
2.6966278435706021	-0.0000676505028279	2.1697024385097965
-3.0416875520368061	1.4737686191011667	-0.3024397324486026
-2.0776301479408135	-0.5161329610075323	1.9978703890701937
3.7817436256774721	6.8067313442212258	4.5880701590294324
2.8594675192108348	-2.3494079734024820	-1.3596546733219765
-2.8463133062025010	1.2728979362114834	0.6975223445051493
-2.7642105568127331	-0.0673310941711603	3.0210056147126649
3.0285996487610918	-1.2609675273790550	2.7866209058727134
-0.5228519416822450	3.2740250697745235	0.1923064296439144
2.6160704213162513	-2.8577105165476775	3.5113409046043333
3.1212784962891984	-0.6959688552490493	3.8386577404803450
2.0916892684861366	-1.2352607112050693	-0.4392565143113716
2.3426585664586792	0.0961697122774052	1.6142722019012270
-2.8326746437335268	0.9012706681312197	1.0862310819833645
1.9560924755003994	-1.7564504627890216	2.7875444253051453
3.9742905242478352	5.7155342029370253	3.2471025352758627
4.8073892253084090	5.8506179939341445	3.9522743954575299
-1.8678732055410210	1.3066846326084673	1.8354247320760115
-2.5729696661815162	0.3815013479878674	1.3360098984963873
-0.4762522120333234	0.2892185772345180	2.0014370462621551
4.5375235981513624	5.3237134271333231	2.9944948367812025
-1.4931153848508318	1.7922979738650013	-0.5913414283418981
2.3875870302767073	-0.7124474786829300	2.6052126820188803
-1.7570212680151343	1.6577844445714962	1.7090908702402445
-0.6065813588608153	2.8688927724412809	0.1746977120667254
1.4144280583386595	-1.5424204050249823	3.2626632477985025
2.6284913457182606	6.2583176227478701	5.0761749020315907
-2.2430853757627518	2.4709152733896920	2.3553850281274298
4.0525522287128650	4.8480952124974941	6.3406599986705316
0.1693537034764718	1.5692324384878436	0.4362729073505895
-1.6974163343875865	2.3633606362156931	0.9421244408160765
1.8187806387608207	-3.3023026631643191	-1.2909842918807231
5.0246223351025012	-0.5925560502851641	-1.3163215154585080
1.9686460644079216	-3.1252485580681650	-0.6286364085516132
2.3403279392043852	-1.0284835777236720	0.6988908878518494
-1.5468856084813465	2.3381188745391150	1.0157821024325773
-0.9627474694437250	0.1093008205241719	2.2335031674922057
-2.8116960987423232	2.1345592277371721	-0.3211739954866031
3.8672626154775989	5.3485189960473480	5.6411876411789352
2.3865276205331236	5.8650916354835267	4.3314617049661237
4.2622466778145558	5.5824327204364295	3.3050249152943287
-2.6252905325050411	4.2295368636117425	1.2178206556463360
-2.5625530178450773	1.2107092875119077	4.3543046693223175
3.9033358131183804	5.2792230288895947	3.7446037239309025
3.7463570802323360	4.8331668191641297	3.6745417517481647
4.4935021605492258	-1.9265084555636616	1.9886852525079446
-1.9587301307014378	0.7364986524048159	3.1056956188939653
4.5506768606329446	-3.0831516227082156	2.9638710487967472
