-1.1189150484782253	-0.3119832546992724	3.4254535564033306	0
1.6706105871023502	-1.8424653467702334	1.5674534801550171	0
0.3792581716261539	-0.3234059959067463	1.3809271399081458	0
2.0904259576717190	-1.7516767281909038	0.2077086519943791	4
0.1446192171562791	-1.8275782734758428	-0.4815228727562941	2
0.3323468316198467	-1.9773114482558243	-2.1650949778345252	2
0.2173341845939798	-2.5038077540639314	2.0483713378355723	0
0.1680477397712948	-2.1037503718917807	-4.0225507590636047	2
2.2827265392425442	-0.6678695876807160	2.6138383039379702	0
2.1268440456863442	1.3406403891513619	-2.6116583366104758	3
1.5023058531161071	2.2458515180123308	0.2709976404796337	3
1.7018531980527059	0.5878163446950593	2.1942918999576779	0
1.4692794576259645	-3.4189178743324193	-0.2872162904020097	2
2.7282560580364330	0.7067221702917567	3.2885064824376311	1
1.6763038381068489	-3.5568303570822359	-1.3119093113732709	4
2.3946600739677253	-2.5471107946406022	-1.6677945346058645	2
1.2150768307492148	-4.9717185820878651	-2.2289722299392443	2
1.9651513046389733	1.7746328709896699	-1.9723439653806956	3
2.2735735408591453	-2.5267528050614625	-2.6603376676738049	4
0.6412534545956612	-1.1595910028528025	-0.1908589883986586	4
2.1001349564360430	1.1013952557114024	-1.7876835663068946	3
3.3208916189369657	0.6419262543447078	3.0573860416713168	1
2.1373017726245354	-3.5220018577082386	-0.5970990342748554	4
3.6055833526436087	0.1829358999437170	-2.3623866001641893	3
1.5364422248081446	-2.0681054846347875	-1.7232248392114007	4
1.5561610145042923	1.4932445214668562	-2.6591085561784578	3
2.5451471018019731	-3.5603308747128031	0.9950571481556973	4
1.1786266426415406	1.7415369471575861	-2.2943965598925438	3
4.5008308354546900	-0.5526140707602551	3.8800724562491800	1
-0.1412119092318984	-0.5422448678719030	3.2849282376456026	0
0.9956744493798597	-1.3859073427152830	2.0501407630668669	1
1.9532027164850911	1.4572940364038625	-1.9166957875140016	3
1.6269771513330080	2.8903527671485358	-2.4971535205144346	3
3.2892485548184229	-2.7330493252713741	-0.1851491871639477	4
2.5183330182286614	-0.1390207434215289	1.8473659163730312	1
0.5774074618197216	1.3635385379384557	1.5436986094692278	0
3.4811261165453855	0.9507983644907650	1.3909016371797842	1
2.8062707462542775	-0.7456993566296273	-0.7530095719304797	4
3.3653351593545184	-0.4701361200531669	2.7433454233891803	1
-1.4490235716070914	-2.9488291715901154	-0.8009983714400641	2
3.7726958568766062	-0.0785591882885257	2.1542071551913171	1
0.5348538919713601	0.5650662624068399	4.3541600576214687	0
0.0551344865713981	-3.6184485642051945	-2.5361818392207254	2
1.7170065771653580	-4.5209565330788628	0.1240065565712454	4
1.2702449024459470	-1.0637173098380619	0.3201774605128793	4
2.5535674931853443	-0.5374301290966399	2.3833844349033084	0
1.6528624498319968	2.5681195485728918	-2.6976630886997053	3
2.9174078411417828	1.9168507607760312	-1.3704947287883509	3
2.9510540487827432	-1.6258290710790599	-0.4286750846250802	4
1.2642463857656645	-4.1189536802267650	-0.0835088533181740	2
2.3152053238294070	-0.5214154641324928	3.1056779949620297	1
1.2093610331387059	-2.5944220469725741	0.0382694983737705	4
3.9651937274441296	-0.2163192337840469	2.4475777299566230	1
2.3218760813633965	1.0987095665172100	-2.1899318330950370	3
1.2804891675020613	-1.1044738781227514	2.0802782086513725	0
1.0100509134530231	-2.2908242332768762	1.4474820822481278	4
2.3226449978139039	-2.0341220235415025	-2.0425766419276692	2
-0.0099491562431184	-3.7551065221133229	-1.5318549362734557	2
1.5818836286506830	-3.1711916393431832	0.0829776501282246	4
-0.9210429741176553	-0.8758351388219066	1.1492343761985575	0
1.5862979487113598	-0.6016192164617491	2.7280118987568276	1
2.4518141082864768	1.2915390862231457	1.9229862395258404	1
-0.1670827888315380	-1.5858590388660154	-0.2384201543928086	2
0.1434897406953648	1.9313025430630650	1.7754582801967103	1
0.9963701825723743	-1.3672386135331194	1.1641690318361730	0
0.8344015288176632	3.0835388452097163	-1.9034438415815460	3
1.9141341576290756	0.3238362063261554	1.6206099615006471	0
1.4113690019130947	-1.3415059083601264	-2.0496528946840376	2
2.8863020388488394	1.6512085030111490	3.9597592717793875	1
0.2372875822351400	-2.3713536316025192	-1.6628046051667507	2
1.1638319769555574	-2.5409477697396357	-4.1467679244752276	2
2.4253785020297642	2.4088196189157052	-1.5064859923189897	3
3.0607334923005922	0.4044412094498091	4.0417505355336569	1
-0.2973246926462716	-2.3467918001558878	-2.6613473394657499	2
-0.1763563785262350	0.5180908094856707	1.6478440939652668	1
1.6970315861196372	-1.2996323733736181	0.9797281238803621	0
4.5056638282239678	3.5574933617391551	-0.8805485615198607	3
1.3921231201748929	-0.0709093369675514	2.5269342471802743	0
0.9305698757966445	0.3126923616108126	2.2948510226915899	0
1.6891783311228705	0.4355501560324515	-1.4107838944525182	3
-0.9464950633600413	-2.5778539141038550	-2.6174539724194097	2
-0.5016466950300542	-3.0632117227431759	-1.8060961755902667	2
2.7913969817006645	-0.8726433464493020	2.8635900612413416	1
0.1184322068236836	-1.1136963758366250	2.5889114728144884	0
2.4540627489489522	1.0226098191474844	2.4639899027250851	1
2.4625465120758849	-1.9542410922553932	1.9988045698315535	4
1.2240672579754568	0.0230898448073671	1.6796696894065879	1
0.2220274025925598	-1.9405134380853526	2.0560201035252224	0
2.9623243935226964	3.1880945220961792	-1.5634292923235646	3
0.7157961743278606	-1.5228340686775292	-2.0053691022716635	2
3.4660846674514656	-2.1556651267186893	-0.9939609965908531	4
1.1226543846962349	-2.6853298521980746	-2.1003952543117754	2
1.5833374813098007	-0.9836552459375218	2.9933787340163276	0
2.0021170608378656	-4.8556432370585156	-0.1722009887769618	4
1.4216446337046693	-2.3353304500132652	-0.6143589235490824	4
2.0311760938190906	1.1444756348814340	-0.3227452161212627	3
2.4976915503810679	-0.2087562770350362	4.4706307220627206	1
3.3385387481989515	2.1205130394340337	-2.2058568881472178	3
1.3773416595171974	-2.2316412221897264	1.0795995603988136	4
3.0362402567435347	2.6956897473494692	-1.8480204633559216	3
G2
0	29	1.0142342945320602	83	1.6951621799763361	
1	98	0.6895404070226534	75	0.8004915993337169	
2	86	0.9607335066975407	74	1.0431054894831184	
3	75	0.9773010259189057	44	1.076398791127718	
4	62	0.4633414082433235	19	0.881667768029026	
5	89	0.6157072699716029	69	0.6454464514000724	
6	87	0.5633657926476655	55	1.0172657911383167	
7	70	1.0946039082209043	73	1.4589432429782159	
8	45	0.37878524316741524	50	0.5142080934983038	
9	53	0.5238523280926886	25	0.5926370445862706	
10	95	1.3584046330928745	35	1.8037962705074362	
11	66	0.6662279533040822	77	0.8003144232049211	
12	58	0.459446994156463	22	0.7435774579119783	
13	21	0.6393997786262687	72	0.8770927129482594	
14	22	0.851284824394122	12	1.054454709429913	
15	56	0.6393788223234939	24	0.9844066651026525	
16	14	1.7480398846091585	42	1.8086414036927754	
17	31	0.322402581247472	20	0.7110337093725843	
18	56	0.7916576152097238	15	1.0001091276657177	
19	44	0.8160761352944947	4	0.881667768029026	
20	31	0.40607533593678813	53	0.45932560079377305	
21	13	0.6393997786262687	72	1.045492637076197	
22	12	0.7435774579119783	14	0.851284824394122	
23	53	1.5862806855698721	20	1.8547846341195255	
24	67	0.8063160241043947	91	0.8333329578058029	
25	27	0.5806859485367678	9	0.5926370445862706	
26	58	1.3824597187381575	43	1.5386187042786974	
27	25	0.5806859485367678	17	0.8505493858302925	
28	52	1.5658998913438749	38	1.60881987494863	
29	83	0.9372359520864583	0	1.0142342945320602	
30	54	0.4015376498884556	64	0.8861686713227143	
31	17	0.322402581247472	20	0.40607533593678813	
32	46	0.38040555038779894	65	1.008953993510527	
33	90	1.0093661706922405	48	1.1830541314498928	
34	45	0.6687954538024953	66	0.7941732066430186	
35	63	0.751234383662385	74	1.1374480517808159	
36	61	1.2077671438843052	40	1.3142393993361485	
37	48	0.9490960850217145	3	1.5644180193335404	
38	82	0.7112495145881885	52	0.7153543471205618	
39	81	1.3859393602133911	57	1.8042088729639782	
40	52	0.3769609455183454	38	0.8163082324900746	
41	29	1.6812077776541168	0	2.0896562705996997	
42	57	1.015669141997177	81	1.0729950188798434	
43	93	0.530134027998529	49	0.64004744352203	
44	19	0.8160761352944947	75	0.8202498815072506	
45	8	0.37878524316741524	82	0.6320824394508083	
46	32	0.38040555038779894	27	1.0347764449581633	
47	71	0.7089568757568573	99	0.9212720212721025	
48	90	0.930339156592381	37	0.9490960850217145	
49	43	0.64004744352203	12	0.7573542170040923	
50	8	0.5142080934983038	82	0.639316891686806	
51	58	0.6880661782733096	94	0.7335643392270973	
52	40	0.3769609455183454	38	0.7153543471205618	
53	20	0.45932560079377305	9	0.5238523280926886	
54	30	0.4015376498884556	60	0.875180412667324	
55	98	0.5232042343367748	1	0.8073152481384922	
56	15	0.6393788223234939	18	0.7916576152097238	
57	81	0.8920163341478712	42	1.015669141997177	
58	12	0.459446994156463	51	0.6880661782733096	
59	2	1.4316572789323667	74	1.6571660525336969	
60	92	0.46516647497481134	77	0.599824192737717	
61	84	0.6041630331869728	11	1.0636135694907374	
62	4	0.4633414082433235	19	0.9150814092064603	
63	35	0.751234383662385	74	1.454563276186174	
64	75	0.7276781257237904	30	0.8861686713227143	
65	32	1.008953993510527	46	1.251526884675741	
66	11	0.6662279533040822	86	0.7550687064265549	
67	89	0.7201822786416184	24	0.8063160241043947	
68	13	1.169449986935641	72	1.261577418781575	
69	5	0.6454464514000724	81	1.0223619508513928	
70	7	1.0946039082209043	18	1.8550479088185672	
71	47	0.7089568757568573	99	0.7563678660982814	
72	13	0.8770927129482594	96	0.9364644148012489	
73	80	0.6904625249681704	5	0.8827617828929725	
74	2	1.0431054894831184	35	1.1374480517808159	
75	64	0.7276781257237904	1	0.8004915993337169	
76	88	1.7276221247531585	99	1.959059208661066	
77	60	0.599824192737717	78	0.6434627290196054	
78	77	0.6434627290196054	86	0.7405797755184909	
79	20	0.8684977877342003	31	1.1703060611153735	
80	73	0.6904625249681704	81	1.0448749914168949	
81	57	0.8920163341478712	69	1.0223619508513928	
82	8	0.6025395020966485	45	0.6320824394508083	
83	29	0.9372359520864583	87	0.9891064808578484	
84	61	0.6041630331869728	11	0.9097261052551326	
85	1	0.9086914157774281	82	1.4233236670758076	
86	78	0.7405797755184909	66	0.7550687064265549	
87	6	0.5633657926476655	30	0.9519202911318628	
88	99	0.573513863527821	71	0.9480626585482036	
89	5	0.6157072699716029	67	0.7201822786416184	
90	48	0.930339156592381	33	1.0093661706922405	
91	24	0.8333329578058029	69	1.0363112554724168	
92	60	0.46516647497481134	8	0.8561054691922012	
93	43	0.530134027998529	49	1.046437256202543	
94	51	0.7335643392270973	58	1.1002812187424356	
95	79	1.3428946234888663	10	1.3584046330928745	
96	72	0.9364644148012489	50	1.4121448004284547	
97	99	0.7417948032792329	47	0.957423366079851	
98	55	0.5232042343367748	1	0.6895404070226534	
99	88	0.573513863527821	97	0.7417948032792329	
