4.8810849515217747	5.6880167453007271	9.4254535564033297	0
7.6706105871023507	4.1575346532297663	7.5674534801550166	0
6.3792581716261534	5.6765940040932534	7.3809271399081453	0
5.0904259576717195	1.2483232718090962	3.2077086519943792	4
3.1446192171562792	1.1724217265241572	2.5184771272437061	2
3.3323468316198466	1.0226885517441757	0.8349050221654748	2
6.2173341845939802	3.4961922459360686	8.0483713378355723	0
3.1680477397712949	0.8962496281082193	-1.0225507590636047	2
8.2827265392425442	5.3321304123192839	8.6138383039379711	0
2.1268440456863442	1.3406403891513619	-2.6116583366104758	3
1.5023058531161071	2.2458515180123308	0.2709976404796337	3
7.7018531980527056	6.5878163446950593	8.1942918999576779	0
4.4692794576259640	-0.4189178743324193	2.7127837095979901	2
2.7282560580364330	0.7067221702917567	3.2885064824376311	1
4.6763038381068487	-0.5568303570822359	1.6880906886267291	4
5.3946600739677253	0.4528892053593978	1.3322054653941355	2
4.2150768307492150	-1.9717185820878651	0.7710277700607557	2
1.9651513046389733	1.7746328709896699	-1.9723439653806956	3
5.2735735408591449	0.4732471949385375	0.3396623323261951	4
3.6412534545956614	1.8404089971471975	2.8091410116013416	4
2.1001349564360430	1.1013952557114024	-1.7876835663068946	3
3.3208916189369657	0.6419262543447078	3.0573860416713168	1
5.1373017726245358	-0.5220018577082386	2.4029009657251446	4
3.6055833526436087	0.1829358999437170	-2.3623866001641893	3
4.5364422248081446	0.9318945153652125	1.2767751607885993	4
1.5561610145042923	1.4932445214668562	-2.6591085561784578	3
5.5451471018019731	-0.5603308747128031	3.9950571481556976	4
1.1786266426415406	1.7415369471575861	-2.2943965598925438	3
4.5008308354546900	-0.5526140707602551	3.8800724562491800	1
5.8587880907681011	5.4577551321280975	9.2849282376456017	0
0.9956744493798597	-1.3859073427152830	2.0501407630668669	1
1.9532027164850911	1.4572940364038625	-1.9166957875140016	3
1.6269771513330080	2.8903527671485358	-2.4971535205144346	3
6.2892485548184229	0.2669506747286259	2.8148508128360521	4
2.5183330182286614	-0.1390207434215289	1.8473659163730312	1
6.5774074618197211	7.3635385379384557	7.5436986094692280	0
3.4811261165453855	0.9507983644907650	1.3909016371797842	1
5.8062707462542775	2.2543006433703727	2.2469904280695205	4
3.3653351593545184	-0.4701361200531669	2.7433454233891803	1
1.5509764283929086	0.0511708284098846	2.1990016285599356	2
3.7726958568766062	-0.0785591882885257	2.1542071551913171	1
6.5348538919713599	6.5650662624068401	10.3541600576214687	0
3.0551344865713981	-0.6184485642051945	0.4638181607792746	2
4.7170065771653578	-1.5209565330788628	3.1240065565712456	4
4.2702449024459472	1.9362826901619381	3.3201774605128795	4
8.5535674931853443	5.4625698709033603	8.3833844349033093	0
1.6528624498319968	2.5681195485728918	-2.6976630886997053	3
2.9174078411417828	1.9168507607760312	-1.3704947287883509	3
5.9510540487827432	1.3741709289209401	2.5713249153749196	4
4.2642463857656647	-1.1189536802267650	2.9164911466818260	2
2.3152053238294070	-0.5214154641324928	3.1056779949620297	1
4.2093610331387055	0.4055779530274259	3.0382694983737704	4
3.9651937274441296	-0.2163192337840469	2.4475777299566230	1
2.3218760813633965	1.0987095665172100	-2.1899318330950370	3
7.2804891675020613	4.8955261218772481	8.0802782086513716	0
4.0100509134530231	0.7091757667231238	4.4474820822481274	4
5.3226449978139039	0.9658779764584975	0.9574233580723308	2
2.9900508437568813	-0.7551065221133229	1.4681450637265443	2
4.5818836286506830	-0.1711916393431832	3.0829776501282247	4
5.0789570258823442	5.1241648611780937	7.1492343761985575	0
1.5862979487113598	-0.6016192164617491	2.7280118987568276	1
2.4518141082864768	1.2915390862231457	1.9229862395258404	1
2.8329172111684620	1.4141409611339846	2.7615798456071916	2
0.1434897406953648	1.9313025430630650	1.7754582801967103	1
6.9963701825723739	4.6327613864668802	7.1641690318361730	0
0.8344015288176632	3.0835388452097163	-1.9034438415815460	3
7.9141341576290758	6.3238362063261553	7.6206099615006471	0
4.4113690019130942	1.6584940916398736	0.9503471053159624	2
2.8863020388488394	1.6512085030111490	3.9597592717793875	1
3.2372875822351399	0.6286463683974808	1.3371953948332493	2
4.1638319769555574	0.4590522302603643	-1.1467679244752276	2
2.4253785020297642	2.4088196189157052	-1.5064859923189897	3
3.0607334923005922	0.4044412094498091	4.0417505355336569	1
2.7026753073537284	0.6532081998441122	0.3386526605342501	2
-0.1763563785262350	0.5180908094856707	1.6478440939652668	1
7.6970315861196372	4.7003676266263819	6.9797281238803617	0
4.5056638282239678	3.5574933617391551	-0.8805485615198607	3
7.3921231201748929	5.9290906630324489	8.5269342471802752	0
6.9305698757966443	6.3126923616108126	8.2948510226915904	0
1.6891783311228705	0.4355501560324515	-1.4107838944525182	3
2.0535049366399587	0.4221460858961450	0.3825460275805903	2
2.4983533049699460	-0.0632117227431759	1.1939038244097333	2
2.7913969817006645	-0.8726433464493020	2.8635900612413416	1
6.1184322068236838	4.8863036241633750	8.5889114728144875	0
2.4540627489489522	1.0226098191474844	2.4639899027250851	1
5.4625465120758854	1.0457589077446068	4.9988045698315533	4
1.2240672579754568	0.0230898448073671	1.6796696894065879	1
6.2220274025925599	4.0594865619146479	8.0560201035252224	0
2.9623243935226964	3.1880945220961792	-1.5634292923235646	3
3.7157961743278607	1.4771659313224708	0.9946308977283365	2
6.4660846674514652	0.8443348732813107	2.0060390034091471	4
4.1226543846962347	0.3146701478019254	0.8996047456882246	2
7.5833374813098011	5.0163447540624784	8.9933787340163285	0
5.0021170608378656	-1.8556432370585156	2.8277990112230382	4
4.4216446337046698	0.6646695499867348	2.3856410764509177	4
2.0311760938190906	1.1444756348814340	-0.3227452161212627	3
2.4976915503810679	-0.2087562770350362	4.4706307220627206	1
3.3385387481989515	2.1205130394340337	-2.2058568881472178	3
4.3773416595171977	0.7683587778102736	4.0795995603988136	4
3.0362402567435347	2.6956897473494692	-1.8480204633559216	3
G2
0	29	1.0142342945320595	83	1.695162179976336	
1	75	0.800491599333717	64	0.9181932897488413	
2	64	1.2318270353786507	78	1.2425065710546064	
3	44	1.0763987911277182	48	1.0777303021831068	
4	62	0.46334140824332354	84	0.7087176454770663	
5	36	0.5800307841430965	89	0.6157072699716031	
6	87	0.5633657926476658	83	1.4947825536200647	
7	70	1.094603908220904	47	1.1070284715650487	
8	45	0.37878524316741535	92	0.8561054691922008	
9	53	0.5238523280926886	25	0.5926370445862706	
10	95	1.3584046330928745	80	1.9084456962335719	
11	66	0.6662279533040825	77	0.8003144232049211	
12	58	0.45944699415646334	52	0.6045517712839316	
13	21	0.6393997786262687	72	0.8770927129482594	
14	22	0.8512848243941225	12	1.0544547094299128	
15	56	0.6393788223234939	24	0.9844066651026525	
16	14	1.7480398846091585	42	1.8086414036927754	
17	31	0.322402581247472	20	0.7110337093725843	
18	56	0.7916576152097238	15	1.0001091276657177	
19	44	0.8160761352944947	4	0.881667768029026	
20	31	0.40607533593678813	53	0.45932560079377305	
21	13	0.6393997786262687	4	0.7764793774994765	
22	12	0.7435774579119789	14	0.8512848243941225	
23	70	1.3658735370075445	7	1.5796879338708654	
24	67	0.8063160241043948	91	0.8333329578058031	
25	27	0.5806859485367678	9	0.5926370445862706	
26	28	1.0506557440920448	58	1.3824597187381575	
27	25	0.5806859485367678	17	0.8505493858302925	
28	58	0.8873628099137278	26	1.0506557440920448	
29	83	0.9372359520864586	0	1.0142342945320595	
30	60	1.1930856044502687	86	1.4746813777504357	
31	17	0.322402581247472	20	0.40607533593678813	
32	46	0.38040555038779894	65	1.008953993510527	
33	90	1.00936617069224	48	1.1830541314498928	
34	81	0.6581480853053977	57	0.863647988887414	
35	78	1.339115874313427	11	1.5130746063732192	
36	69	0.40758250682339275	5	0.5800307841430965	
37	48	0.9490960850217143	3	1.5644180193335402	
38	82	0.7112495145881885	52	0.7153543471205618	
39	86	0.6142994468236871	60	0.8409722459480485	
40	52	0.3769609455183454	38	0.8163082324900746	
41	29	1.6812077776541172	0	2.0896562705997	
42	57	1.015669141997177	81	1.0729950188798432	
43	93	0.5301340279985293	49	0.6400474435220298	
44	19	0.8160761352944947	3	1.0763987911277182	
45	8	0.37878524316741535	92	1.2298602261208624	
46	32	0.38040555038779894	27	1.0347764449581633	
47	71	0.7089568757568573	99	0.9212720212721025	
48	90	0.9303391565923805	37	0.9490960850217143	
49	43	0.6400474435220298	12	0.7573542170040922	
50	82	0.639316891686806	60	0.8248456119856923	
51	58	0.68806617827331	94	0.7335643392270973	
52	40	0.3769609455183454	12	0.6045517712839316	
53	20	0.45932560079377305	9	0.5238523280926886	
54	92	0.969570426777272	1	0.9797016545789704	
55	98	0.5232042343367745	72	1.0764222240828092	
56	15	0.6393788223234939	18	0.7916576152097238	
57	34	0.863647988887414	81	0.892016334147871	
58	12	0.45944699415646334	51	0.68806617827331	
59	2	1.4316572789323665	83	1.7915794044327695	
60	50	0.8248456119856923	39	0.8409722459480485	
61	84	0.6041630331869728	4	0.9212910840840526	
62	4	0.46334140824332354	84	0.6207955483035155	
63	74	1.454563276186174	10	2.0515175118613462	
64	75	0.727678125723791	1	0.9181932897488413	
65	32	1.008953993510527	46	1.251526884675741	
66	11	0.6662279533040825	77	1.1179191732799485	
67	89	0.7201822786416179	24	0.8063160241043948	
68	13	1.169449986935641	62	1.2225730638863581	
69	36	0.40758250682339275	5	0.6454464514000724	
70	7	1.094603908220904	23	1.3658735370075445	
71	47	0.7089568757568573	99	0.7563678660982814	
72	13	0.8770927129482594	96	0.9364644148012489	
73	80	0.6904625249681704	5	0.8827617828929724	
74	63	1.454563276186174	86	1.485673310398443	
75	64	0.727678125723791	1	0.800491599333717	
76	88	1.7276221247531585	99	1.959059208661066	
77	78	0.6434627290196056	11	0.8003144232049211	
78	77	0.6434627290196056	11	0.8250353364695977	
79	20	0.8684977877342003	31	1.1703060611153735	
80	73	0.6904625249681704	95	1.0097991349776037	
81	34	0.6581480853053977	57	0.892016334147871	
82	50	0.639316891686806	38	0.7112495145881885	
83	29	0.9372359520864586	87	0.9891064808578475	
84	61	0.6041630331869728	62	0.6207955483035155	
85	98	1.448985249569764	55	1.5896503263780533	
86	39	0.6142994468236871	60	1.2729862027720849	
87	6	0.5633657926476658	83	0.9891064808578475	
88	99	0.573513863527821	71	0.9480626585482036	
89	5	0.6157072699716031	36	0.6994021378129736	
90	48	0.9303391565923805	33	1.00936617069224	
91	24	0.8333329578058031	36	1.0283920762499197	
92	8	0.8561054691922008	54	0.969570426777272	
93	43	0.5301340279985293	49	1.046437256202543	
94	51	0.7335643392270973	52	0.9941452690645745	
95	80	1.0097991349776037	73	1.0628744223802769	
96	72	0.9364644148012489	50	1.4121448004284547	
97	99	0.7417948032792329	47	0.957423366079851	
98	55	0.5232042343367745	51	1.1154352136030645	
99	88	0.573513863527821	97	0.7417948032792329	
