4.8810849515217747	5.6880167453007271	9.4254535564033297	0
7.6706105871023507	4.1575346532297663	7.5674534801550166	0
6.3792581716261534	5.6765940040932534	7.3809271399081453	0
5.0904259576717195	1.2483232718090962	3.2077086519943792	4
3.1446192171562792	1.1724217265241572	2.5184771272437061	2
3.3323468316198466	1.0226885517441757	0.8349050221654748	2
6.2173341845939802	3.4961922459360686	8.0483713378355723	0
3.1680477397712949	0.8962496281082193	-1.0225507590636047	2
8.2827265392425442	5.3321304123192839	8.6138383039379711	0
2.1268440456863442	1.3406403891513619	-2.6116583366104758	3
1.5023058531161071	2.2458515180123308	0.2709976404796337	3
7.7018531980527056	6.5878163446950593	8.1942918999576779	0
4.4692794576259640	-0.4189178743324193	2.7127837095979901	2
5.7282560580364326	3.7067221702917568	6.2885064824376311	1
4.6763038381068487	-0.5568303570822359	1.6880906886267291	4
5.3946600739677253	0.4528892053593978	1.3322054653941355	2
4.2150768307492150	-1.9717185820878651	0.7710277700607557	2
1.9651513046389733	1.7746328709896699	-1.9723439653806956	3
5.2735735408591449	0.4732471949385375	0.3396623323261951	4
3.6412534545956614	1.8404089971471975	2.8091410116013416	4
2.1001349564360430	1.1013952557114024	-1.7876835663068946	3
6.3208916189369653	3.6419262543447077	6.0573860416713163	1
5.1373017726245358	-0.5220018577082386	2.4029009657251446	4
3.6055833526436087	0.1829358999437170	-2.3623866001641893	3
4.5364422248081446	0.9318945153652125	1.2767751607885993	4
1.5561610145042923	1.4932445214668562	-2.6591085561784578	3
5.5451471018019731	-0.5603308747128031	3.9950571481556976	4
1.1786266426415406	1.7415369471575861	-2.2943965598925438	3
7.5008308354546900	2.4473859292397449	6.8800724562491800	1
5.8587880907681011	5.4577551321280975	9.2849282376456017	0
3.9956744493798597	1.6140926572847170	5.0501407630668673	1
1.9532027164850911	1.4572940364038625	-1.9166957875140016	3
1.6269771513330080	2.8903527671485358	-2.4971535205144346	3
6.2892485548184229	0.2669506747286259	2.8148508128360521	4
5.5183330182286614	2.8609792565784713	4.8473659163730307	1
6.5774074618197211	7.3635385379384557	7.5436986094692280	0
6.4811261165453855	3.9507983644907649	4.3909016371797840	1
5.8062707462542775	2.2543006433703727	2.2469904280695205	4
6.3653351593545189	2.5298638799468334	5.7433454233891803	1
1.5509764283929086	0.0511708284098846	2.1990016285599356	2
6.7726958568766058	2.9214408117114745	5.1542071551913171	1
6.5348538919713599	6.5650662624068401	10.3541600576214687	0
3.0551344865713981	-0.6184485642051945	0.4638181607792746	2
4.7170065771653578	-1.5209565330788628	3.1240065565712456	4
4.2702449024459472	1.9362826901619381	3.3201774605128795	4
8.5535674931853443	5.4625698709033603	8.3833844349033093	0
1.6528624498319968	2.5681195485728918	-2.6976630886997053	3
2.9174078411417828	1.9168507607760312	-1.3704947287883509	3
5.9510540487827432	1.3741709289209401	2.5713249153749196	4
4.2642463857656647	-1.1189536802267650	2.9164911466818260	2
5.3152053238294066	2.4785845358675074	6.1056779949620292	1
4.2093610331387055	0.4055779530274259	3.0382694983737704	4
6.9651937274441291	2.7836807662159533	5.4475777299566230	1
2.3218760813633965	1.0987095665172100	-2.1899318330950370	3
7.2804891675020613	4.8955261218772481	8.0802782086513716	0
4.0100509134530231	0.7091757667231238	4.4474820822481274	4
5.3226449978139039	0.9658779764584975	0.9574233580723308	2
2.9900508437568813	-0.7551065221133229	1.4681450637265443	2
4.5818836286506830	-0.1711916393431832	3.0829776501282247	4
5.0789570258823442	5.1241648611780937	7.1492343761985575	0
4.5862979487113602	2.3983807835382507	5.7280118987568276	1
5.4518141082864773	4.2915390862231462	4.9229862395258408	1
2.8329172111684620	1.4141409611339846	2.7615798456071916	2
3.1434897406953648	4.9313025430630653	4.7754582801967107	1
6.9963701825723739	4.6327613864668802	7.1641690318361730	0
0.8344015288176632	3.0835388452097163	-1.9034438415815460	3
7.9141341576290758	6.3238362063261553	7.6206099615006471	0
4.4113690019130942	1.6584940916398736	0.9503471053159624	2
5.8863020388488394	4.6512085030111487	6.9597592717793875	1
3.2372875822351399	0.6286463683974808	1.3371953948332493	2
4.1638319769555574	0.4590522302603643	-1.1467679244752276	2
2.4253785020297642	2.4088196189157052	-1.5064859923189897	3
6.0607334923005922	3.4044412094498089	7.0417505355336569	1
2.7026753073537284	0.6532081998441122	0.3386526605342501	2
2.8236436214737650	3.5180908094856704	4.6478440939652668	1
7.6970315861196372	4.7003676266263819	6.9797281238803617	0
4.5056638282239678	3.5574933617391551	-0.8805485615198607	3
7.3921231201748929	5.9290906630324489	8.5269342471802752	0
6.9305698757966443	6.3126923616108126	8.2948510226915904	0
1.6891783311228705	0.4355501560324515	-1.4107838944525182	3
2.0535049366399587	0.4221460858961450	0.3825460275805903	2
2.4983533049699460	-0.0632117227431759	1.1939038244097333	2
5.7913969817006645	2.1273566535506978	5.8635900612413412	1
6.1184322068236838	4.8863036241633750	8.5889114728144875	0
5.4540627489489522	4.0226098191474842	5.4639899027250856	1
5.4625465120758854	1.0457589077446068	4.9988045698315533	4
4.2240672579754568	3.0230898448073673	4.6796696894065875	1
6.2220274025925599	4.0594865619146479	8.0560201035252224	0
2.9623243935226964	3.1880945220961792	-1.5634292923235646	3
3.7157961743278607	1.4771659313224708	0.9946308977283365	2
6.4660846674514652	0.8443348732813107	2.0060390034091471	4
4.1226543846962347	0.3146701478019254	0.8996047456882246	2
7.5833374813098011	5.0163447540624784	8.9933787340163285	0
5.0021170608378656	-1.8556432370585156	2.8277990112230382	4
4.4216446337046698	0.6646695499867348	2.3856410764509177	4
2.0311760938190906	1.1444756348814340	-0.3227452161212627	3
5.4976915503810684	2.7912437229649636	7.4706307220627206	1
3.3385387481989515	2.1205130394340337	-2.2058568881472178	3
4.3773416595171977	0.7683587778102736	4.0795995603988136	4
3.0362402567435347	2.6956897473494692	-1.8480204633559216	3
G2
0	29	1.0142342945320595	83	1.695162179976336	
1	75	0.800491599333717	64	0.9181932897488413	
2	68	1.2131791078881495	64	1.2318270353786507	
3	44	1.0763987911277182	48	1.0777303021831068	
4	62	0.46334140824332354	19	0.881667768029026	
5	89	0.6157072699716031	69	0.6454464514000724	
6	87	0.5633657926476658	72	1.0228526136008176	
7	70	1.094603908220904	47	1.1070284715650487	
8	45	0.37878524316741535	92	0.8561054691922008	
9	53	0.5238523280926886	25	0.5926370445862706	
10	95	1.3584046330928745	80	1.9084456962335719	
11	66	0.6662279533040825	77	0.8003144232049211	
12	58	0.45944699415646334	22	0.7435774579119789	
13	21	0.6393997786262688	72	0.8770927129482597	
14	22	0.8512848243941225	12	1.0544547094299128	
15	56	0.6393788223234939	24	0.9844066651026525	
16	14	1.7480398846091585	42	1.8086414036927754	
17	31	0.322402581247472	20	0.7110337093725843	
18	56	0.7916576152097238	15	1.0001091276657177	
19	44	0.8160761352944947	4	0.881667768029026	
20	31	0.40607533593678813	53	0.45932560079377305	
21	13	0.6393997786262688	72	1.0454926370761972	
22	12	0.7435774579119789	14	0.8512848243941225	
23	70	1.3658735370075445	7	1.5796879338708654	
24	67	0.8063160241043948	91	0.8333329578058031	
25	27	0.5806859485367678	9	0.5926370445862706	
26	58	1.3824597187381575	43	1.5386187042786974	
27	25	0.5806859485367678	17	0.8505493858302925	
28	52	1.565899891343875	38	1.6088198749486298	
29	83	0.9372359520864586	0	1.0142342945320595	
30	55	1.087326421599831	60	1.1930856044502685	
31	17	0.322402581247472	20	0.40607533593678813	
32	46	0.38040555038779894	65	1.008953993510527	
33	90	1.00936617069224	48	1.1830541314498928	
34	38	1.276647679160778	82	1.2827616943273659	
35	78	1.339115874313427	11	1.5130746063732192	
36	61	1.2077671438843054	40	1.3142393993361483	
37	48	0.9490960850217143	3	1.5644180193335402	
38	82	0.7112495145881891	52	0.715354347120561	
39	81	1.3859393602133911	57	1.8042088729639782	
40	52	0.37696094551834547	38	0.8163082324900741	
41	29	1.6812077776541172	0	2.0896562705997	
42	57	1.015669141997177	81	1.0729950188798432	
43	93	0.5301340279985293	49	0.6400474435220298	
44	19	0.8160761352944947	3	1.0763987911277182	
45	8	0.37878524316741535	92	1.2298602261208624	
46	32	0.38040555038779894	27	1.0347764449581633	
47	71	0.7089568757568573	99	0.9212720212721025	
48	90	0.9303391565923805	37	0.9490960850217143	
49	43	0.6400474435220298	12	0.7573542170040922	
50	82	0.6393168916868066	60	0.8248456119856914	
51	58	0.68806617827331	94	0.7335643392270973	
52	40	0.37696094551834547	38	0.715354347120561	
53	20	0.45932560079377305	9	0.5238523280926886	
54	92	0.969570426777272	1	0.9797016545789704	
55	98	0.5232042343367745	30	1.087326421599831	
56	15	0.6393788223234939	18	0.7916576152097238	
57	81	0.892016334147871	42	1.015669141997177	
58	12	0.45944699415646334	51	0.68806617827331	
59	68	0.9546698392046672	2	1.4316572789323665	
60	50	0.8248456119856914	30	1.1930856044502685	
61	84	0.6041630331869731	36	1.2077671438843054	
62	4	0.46334140824332354	19	0.9150814092064604	
63	74	1.4545632761861744	86	2.1950168397443006	
64	75	0.727678125723791	1	0.9181932897488413	
65	32	1.008953993510527	46	1.251526884675741	
66	11	0.6662279533040825	77	1.1179191732799485	
67	89	0.7201822786416179	24	0.8063160241043948	
68	59	0.9546698392046672	64	1.1288821594059693	
69	5	0.6454464514000724	81	1.0223619508513926	
70	7	1.094603908220904	23	1.3658735370075445	
71	47	0.7089568757568573	99	0.7563678660982814	
72	13	0.8770927129482597	96	0.9364644148012486	
73	80	0.6904625249681704	5	0.8827617828929724	
74	63	1.4545632761861744	86	1.4856733103984427	
75	64	0.727678125723791	1	0.800491599333717	
76	88	1.7276221247531585	99	1.959059208661066	
77	78	0.6434627290196056	11	0.8003144232049211	
78	77	0.6434627290196056	11	0.8250353364695977	
79	20	0.8684977877342003	31	1.1703060611153735	
80	73	0.6904625249681704	95	1.0097991349776037	
81	57	0.892016334147871	69	1.0223619508513926	
82	50	0.6393168916868066	38	0.7112495145881891	
83	29	0.9372359520864586	87	0.9891064808578475	
84	61	0.6041630331869731	13	0.924551008689524	
85	82	1.4233236670758074	98	1.448985249569764	
86	60	1.2729862027720855	34	1.315114339332708	
87	6	0.5633657926476658	83	0.9891064808578475	
88	99	0.573513863527821	71	0.9480626585482036	
89	5	0.6157072699716031	67	0.7201822786416179	
90	48	0.9303391565923805	33	1.00936617069224	
91	24	0.8333329578058031	69	1.0363112554724165	
92	8	0.8561054691922008	54	0.969570426777272	
93	43	0.5301340279985293	49	1.046437256202543	
94	51	0.7335643392270973	58	1.1002812187424356	
95	80	1.0097991349776037	73	1.0628744223802769	
96	72	0.9364644148012486	6	1.1613019246215153	
97	99	0.7417948032792329	47	0.957423366079851	
98	55	0.5232042343367745	51	1.1154352136030645	
99	88	0.573513863527821	97	0.7417948032792329	
