1.9751295317994044	1.2051264047882084	1.2918163457036880	2
-0.9408790628484345	1.0938761305335625	-1.3616435910908251	0
0.0548029160431649	2.4133285348850801	1.4593247227627568	4
-1.9694439072480576	3.7144358648538343	1.9620452220818523	4
0.2509924708577691	1.0780723317651144	0.5758580373236992	4
0.6776300861947693	-1.3190754161498659	0.3900956208634034	3
-1.2241569326943438	2.7569798957585672	-1.3111201686075731	4
-1.2833540263355439	1.4331303473515700	-1.1996701759660962	4
-0.8561310615248687	2.0961048448211899	0.7442609459795380	4
0.8081337904853967	-0.1004653320257276	-2.5299371970848030	0
2.5086263511672851	-0.8347176409323471	1.0547950861288458	3
0.7325320807547003	-1.3018043453340087	-0.6842666583907487	0
3.2006269758344947	3.4194401977203421	-0.2353075531730215	1
1.3614838894266217	0.5387856715065248	-1.3687246808732079	3
2.2256355895070783	2.6271406549460226	0.9596982961560691	1
0.3809876396415928	0.4534651648520528	-0.8505180253047987	0
2.0079532827525139	1.6955391085387439	0.5846136277738943	1
2.6077214713477788	1.2433538086151317	3.5011574115839257	1
0.0224487677525502	1.5316274105942451	-2.8144494239977167	0
0.1007985846505937	1.1704934970549878	-1.0545170127889196	0
-0.8819795079801623	0.3999497869120657	-1.3659458825396351	0
-1.0682705753785244	2.1177268372487799	3.1424863080989871	2
3.1862311399176741	1.7332361606456019	1.3404511519048323	1
-0.2481936427581127	1.5277174879039497	-0.6226570881682095	4
-1.0110634197125077	2.2152088719292617	-0.6580994259225289	4
-1.6129175087122471	1.0211397534389404	3.3352934546310760	2
2.2656663043648058	-1.2360873038306783	-0.8820929577249577	3
-2.8452379918032853	1.2815683594960543	1.5487083705489775	2
1.2275498220387286	0.5491462620048047	1.6600501277297057	2
0.4132516041631856	0.5608759954117029	-1.2042306361960968	0
-0.3235163105527762	1.5915487366701759	-1.5652735405528282	0
-1.2494578821368079	0.7119948718806334	0.4695900342009183	4
2.3275306731811405	0.6355930045478531	-2.7881073700620043	3
-2.6883773769710801	3.8748598415929254	0.8153541461678083	4
2.2989855155799699	1.3017246992806220	-1.6135697650622547	0
-0.7111252626218932	-1.5142938110377724	-2.0598980941823131	4
1.9785971146510797	1.9893532762252126	0.1498240174350931	3
-0.3530729251999186	-0.6201316553839304	2.0233666535053572	2
-0.8939630021195878	1.4773748335336425	0.1843225181564167	4
-0.3928230473662629	2.1467039402229879	-2.2962863047512330	0
-1.1465020976362945	2.6086276957408172	1.3503507388617535	1
3.7995942447718711	1.6737142091827415	2.5856139826957616	1
0.7728090952378166	3.4092005929387943	0.5836859120265407	1
2.6036456796340843	2.0566782774165548	1.7483626316365621	1
1.9119797632658890	0.6033685190869829	-2.3355739734145269	3
-0.5739586870403053	0.5862957130557354	-0.6744206464012600	0
1.7751514452807695	2.1315005321504343	-1.3944481802273316	3
1.1109331481209799	2.2381175044616932	1.1143365416747850	1
1.0896812351444898	0.3996078947917304	-2.3355555542484900	3
-0.1613197366023891	1.2120542100183589	0.8674820970874756	2
1.9493063069253076	3.3016901816210877	1.8410403970576374	1
1.8182797635538726	1.7847299356736994	-1.1638058646467169	3
-0.1834961070083672	1.5455939499983637	-0.7676578805729584	4
0.7587228277239537	1.5008536366865939	1.1335641674702093	1
0.6679643374855820	1.9053719127282052	1.6853364765717205	2
3.2475595495446443	2.4778253917831101	2.7705333481136076	1
-0.3546932270867756	3.1411071693992763	2.6150924933796547	2
0.9006670267425813	1.7167880146886787	-2.6501978288862951	0
2.2390277505868754	0.4535956825281531	-1.8615628492763749	3
1.9675815982568683	0.3146504736091802	-0.8507949393693615	3
0.9945606508690229	0.0872800061504306	0.4572242741508350	3
-0.8657131946734683	-0.1157691627899646	0.6753265252409624	4
1.1351075570108502	0.0770651898657153	0.0432698697461007	0
1.3709894384751093	1.3884269563273528	0.1481641440788484	1
2.2308537975377059	3.8525002069589700	0.2876668579609011	1
2.6370060214292081	4.1478143351563528	1.5696717754574261	1
-3.1057315867099486	1.2132736618017415	-0.6887393574048120	4
-0.4702892843582723	1.9265788586937211	1.7185769026885060	2
0.6360916466612576	0.8058701004039551	-1.3412182690602190	4
-0.2833608673212715	0.1119519244786927	1.0038677902517401	2
-2.0713140316273480	0.4797928738834062	3.1087417835064626	2
0.1224302506790237	-1.1653566134009679	0.0450880613446691	0
2.4859166824475349	1.0289916835934683	1.0077275356349751	1
1.4962648389321469	0.7961105565205586	-0.6040837642794066	3
4.1334029030205173	1.8886293207553448	0.9772448684167406	1
-0.3649735068279802	1.5433012387231080	-0.4120977975237570	4
3.9724337210001659	0.4278577451181484	0.0038827955970732	3
1.5376500819551919	0.6664534364091111	0.0580227834865714	3
-0.7086010337621333	-0.6116487563519821	0.2793999024745660	3
-0.6130920165989309	-0.0158508924615433	0.5743578881554319	2
2.7576547195770234	-0.1756993930417794	-0.3605582920955330	3
-0.9355242559258627	1.7550610054965872	2.3354485573297645	2
0.7506695342328865	1.0817804778241078	-1.3797214969137810	0
-1.5159810890615582	-1.4844589236190466	0.3573291137406759	4
1.2933108557920465	-0.2007685710187941	0.5524251082032525	2
1.5823876077191956	0.4520957451518712	-0.2386378759159393	1
-0.3593437913842504	-0.6817751260587985	2.3780367787015839	2
-0.5515405966182400	0.2082997113136424	0.2580647981846429	4
-0.2107406475770754	-0.8003794661845862	0.1145525277325705	0
-0.8588806329785649	0.7257804875076099	1.2959980912690845	2
0.7062413438836840	3.6279749385903517	-2.0293416636795634	3
-0.9143268442182582	-0.3546552744032541	-2.1781452126837859	0
1.4184798262509877	2.2795813370860465	-2.4724716250255305	3
-0.4174893974740158	-0.6907180727170827	-1.0561661198048242	0
0.7239062333517386	1.2930805899699604	3.7682439133100076	2
-0.9703173901013642	1.4327528523598190	0.4188720789892401	4
1.1020763884846900	1.4595274924440225	1.1560524011603477	2
-1.0474283613427540	0.5047475379347011	1.4252348475407182	2
2.9737780649998040	0.1403036580123351	0.1332711988163511	1
0.2954639475899838	1.2993221923169678	-1.5977813968343528	0
G8
0	72	0.6104370608701949	16	0.8612303425180917	96	0.9194419791863605	28	1.0605571594200738	43	1.1526524415733004	53	1.261801734553263	63	1.306340194144613	22	1.322131749786169	
1	7	0.5085448962003889	20	0.6964348050229043	30	0.8187062642601296	45	0.9298084846343042	52	1.0632483033226467	19	1.088709914187992	23	1.1018767926009163	75	1.1980347872275356	
2	67	0.761484575675088	54	0.827688450806287	47	1.1247785637098315	53	1.1975949320565515	8	1.2007280232813553	40	1.221945509132718	49	1.3564832096774213	56	1.4258849784223127	
3	33	1.3629019076153928	40	1.508050088586606	56	1.8337383375668552	21	2.180604102184903	81	2.246679713632031	8	2.311159736144216	67	2.345884498511348	2	2.4582887109000575	
4	49	0.5224912366289433	53	0.8646214632297582	96	1.0983976394182446	69	1.184109150374191	87	1.225380054726682	63	1.2384002853593596	60	1.2444424617421077	75	1.2537578526752384	
5	71	0.6714957511409425	88	1.0649751383505703	11	1.0759027957849918	84	1.2868659107999265	60	1.443186340272929	62	1.5095636222789397	78	1.5602380392104853	69	1.8297702419379813	
6	24	0.8748490029216016	7	1.3298507523676335	39	1.4262205602934543	30	1.4946495419652075	52	1.6869446114850897	1	1.687813112186727	23	1.7139346031268934	75	1.7376574074126419	
7	1	0.5085448962003889	24	0.989488691377275	30	1.0392548517618387	20	1.120808273100994	52	1.1870004751464298	23	1.1888851291761122	75	1.2148377073510293	45	1.2232161352618138	
8	95	0.7476311244841802	38	0.8353377314296773	40	0.8451862802738888	67	1.061557591691228	49	1.1311462125720906	2	1.2007280232813553	75	1.3725862865872547	24	1.4159111616087523	
9	48	0.6059095797604077	44	1.3234935150242946	13	1.4364026891236732	68	1.5046910331270742	29	1.5332325909772049	82	1.6504555288083536	58	1.673668247207824	32	1.707922890589645	
10	98	1.4199432823759675	84	1.4598831361668583	80	1.5809950552031249	72	1.86444188155258	60	1.870712559794771	62	1.9341884788761499	28	1.9805479142701332	26	1.9929030295177927	
11	71	0.9606250745278778	5	1.0759027957849918	88	1.3339049597190975	93	1.3543577970271699	26	1.5472409385279269	62	1.6101731611718626	84	1.7481873859560029	15	1.7978303770008819	
12	64	1.1838510141257172	14	1.7338932345515956	36	1.9201124736156594	65	2.0263632056256844	74	2.164194133268844	46	2.243741532272291	16	2.2509056502698415	22	2.3079226138169213	
13	68	0.7734885911986402	82	0.8173484362018675	73	0.8179594929619102	59	0.8281559253667135	29	0.9626477756481804	58	1.01006436563081	48	1.0139078232845904	15	1.1122907095600851	
14	16	1.0275969717733637	43	1.0441792884717107	36	1.0600457989391594	50	1.1437389716064155	47	1.1907197535196885	22	1.3663022336071784	64	1.397554834461635	0	1.4816140561682876	
15	29	0.37106692257826396	68	0.6557850426934565	19	0.7963988464412906	82	0.9008335862226601	45	0.9800901633197008	13	1.1122907095600851	99	1.1318970621234232	73	1.1924675847569934	
16	36	0.525576402626163	63	0.8309807246682889	0	0.8612303425180917	72	0.9229083704109935	14	1.0275969717733637	96	1.0967482401305118	47	1.1745819695399495	77	1.2479985330720302	
17	41	1.5633267580984624	55	1.5707082409161137	94	1.9033044430921355	43	1.9323050598287883	22	2.289827438056452	0	2.2984390010982985	28	2.4034296182722423	72	2.5055897656076174	
18	39	0.9051313915004037	57	0.9124310090241033	99	1.2683785283511038	30	1.2975834418278565	92	1.620273621162991	48	1.627818375033479	82	1.6706621359241	68	1.7531945961611008	
19	52	0.5511914215946069	99	0.5912931821216042	23	0.6602329504978942	29	0.7011950917869026	68	0.7082983086028302	82	0.7320930319207845	30	0.7862587842131205	15	0.7963988464412906	
20	1	0.6964348050229043	45	0.779620922332797	91	1.1091180733407084	7	1.120808273100994	93	1.2252636223221827	19	1.2870813220266908	29	1.3151702168716086	30	1.3309848666286463	
21	81	0.8946831964530146	25	1.2394830011429132	56	1.3544903735470968	67	1.5561610356683406	40	1.8597993769404941	70	1.9209535487380642	2	2.0449223342540757	94	2.0696646412839597	
22	43	0.7812889329384145	74	1.0262554201530303	72	1.047428101410221	0	1.322131749786169	14	1.3663022336071784	41	1.389311929080582	16	1.4003749995296457	55	1.613477420005199	
23	52	0.1597828802691568	75	0.2412791014954784	19	0.6602329504978942	30	0.9477730260505017	45	0.9975356074825035	24	1.0275557692918562	38	1.034779461220132	1	1.1018767926009163	
24	6	0.8748490029216016	75	0.9640585274072726	7	0.989488691377275	23	1.0275557692918562	52	1.0701658075804261	38	1.1259601715342218	30	1.297936002228366	1	1.3256271546768996	
25	70	0.7446539303022065	21	1.2394830011429132	81	1.4132203797716236	97	2.0578539254636157	67	2.176968452169201	27	2.185937577920106	89	2.1942047044356237	86	2.3211433594678965	
26	80	1.2800287221400428	11	1.5472409385279269	59	1.5794371504898683	98	1.8511722544867553	85	1.9315450360961277	58	1.9532279629868152	62	1.964390214642914	10	1.9929030295177927	
27	70	1.917161045662983	97	1.9623495527229493	31	2.008836603620153	89	2.0780707882216825	81	2.1190002265953995	40	2.1647484542307174	25	2.185937577920106	95	2.1942456697676826	
28	96	1.0481179683847355	0	1.0605571594200738	53	1.1843703576045348	60	1.309348855812317	84	1.3392273721180032	54	1.4673524899084238	72	1.4964169031897183	4	1.5520629936689445	
29	68	0.3583928118408805	15	0.37106692257826396	82	0.6449723881882778	19	0.7011950917869026	99	0.8450200701544347	13	0.9626477756481804	45	1.1206823574901092	52	1.2314110003675478	
30	99	0.6852661336408765	19	0.7862587842131205	52	0.8111154300491348	1	0.8187062642601296	39	0.9205326638531034	23	0.9477730260505017	7	1.0392548517618387	75	1.154928921835367	
31	95	0.7745862067575677	87	0.8863071012216669	38	0.8908202125730081	89	0.9141613137435954	61	0.9352971645396736	79	0.9724696780439239	97	0.9985110885529679	69	1.2565220656132547	
32	44	0.6152295923278678	58	0.9483883917087663	48	1.3389411298747864	34	1.3505868525602396	9	1.707922890589645	13	1.71967010397397	57	1.795533780531198	92	1.904913909700611	
33	3	1.3629019076153928	40	2.0656583886032776	8	2.5546330738717926	27	2.6995507741139875	24	2.7818858498194574	6	2.8134480791612306	95	3.0121113350834405	56	3.0370269695538394	
34	51	0.8164922807541455	58	0.8856739425197676	46	1.0054572765471375	44	1.076459420330014	13	1.2332616812309536	59	1.2907244160210176	32	1.3505868525602396	73	1.3853043462912693	
35	91	1.183230661978049	93	1.3311562246555975	11	2.005407725440938	20	2.0433035500122463	9	2.1279087848804394	71	2.290750679713802	88	2.342710814826859	78	2.507406944164217	
36	16	0.525576402626163	63	0.8545772552984935	14	1.0600457989391594	47	1.32098781579546	51	1.3391026217805548	72	1.384075857390446	0	1.3853412171154913	77	1.397471194115731	
37	86	0.3600418572142027	69	1.2570537264148924	97	1.4509460115968487	61	1.5278722974229875	79	1.5913489781914416	89	1.61133049340005	78	1.779857360648517	88	1.9225813681874333	
38	95	0.2506683271871798	75	0.7999333534652204	8	0.8353377314296773	31	0.8908202125730081	23	1.034779461220132	49	1.0362761205660898	24	1.1259601715342218	52	1.1898250865001736	
39	18	0.9051313915004037	30	0.9205326638531034	99	1.2960339194998451	57	1.4082605020953076	6	1.4262205602934543	1	1.5107510698854787	7	1.5826558788502034	19	1.6548837177898128	
40	8	0.8451862802738888	67	1.0286130918305678	2	1.221945509132718	81	1.3204186670665163	3	1.508050088586606	95	1.510422190072481	56	1.5843192175093734	38	1.6441200821404667	
41	55	0.9927397798134814	22	1.389311929080582	43	1.5092860142676003	17	1.5633267580984624	74	1.6566435746021861	72	2.152008715729268	0	2.285204223870433	14	2.4555996529767627	
42	47	1.3294185067168578	2	1.5079911658366494	64	1.5524291230407672	14	1.6922493557637253	50	1.7252954757600096	54	1.8671173206348766	36	1.912623144824353	53	1.9860394316778511	
43	22	0.7812889329384145	14	1.0441792884717107	0	1.1526524415733004	72	1.2722186122406511	55	1.2793838116162275	16	1.3563121598627723	50	1.4095402883533894	41	1.5092860142676003	
44	58	0.595045237262093	32	0.6152295923278678	48	0.8471677884003124	34	1.076459420330014	13	1.1144569106983493	9	1.3234935150242946	59	1.513611064236444	57	1.5366992531631283	
45	20	0.779620922332797	1	0.9298084846343042	19	0.9700812719924475	15	0.9800901633197008	23	0.9975356074825035	87	1.0064356176506022	75	1.0140747796634484	52	1.039907359163508	
46	51	0.4186953261672316	34	1.0054572765471375	92	1.1451100890946164	82	1.4668647700863928	36	1.5640884256415106	73	1.576616642120118	57	1.5854389456906406	13	1.6457591477799278	
47	96	0.7797570531502429	54	0.7956016098941181	53	0.8173003255319331	2	1.1247785637098315	16	1.1745819695399495	14	1.1907197535196885	63	1.3126661432435391	36	1.32098781579546	
48	9	0.6059095797604077	44	0.8471677884003124	13	1.0139078232845904	68	1.1659756134692005	82	1.2222549290377094	58	1.2444200167752886	29	1.3279535067739876	32	1.3389411298747864	
49	4	0.5224912366289433	95	0.951018423815391	89	0.9521970881214915	53	1.000341490289819	38	1.0362761205660898	69	1.1152220108734572	8	1.1311462125720906	67	1.1534166736813634	
50	65	1.1236093223686399	14	1.1437389716064155	43	1.4095402883533894	47	1.5369303453416001	64	1.672013763534492	42	1.7252954757600096	55	1.7967113902820158	54	1.901521932964849	
51	46	0.4186953261672316	34	0.8164922807541455	73	1.1808262861894083	82	1.2963599431867405	36	1.3391026217805548	13	1.342770010565632	63	1.441662231642078	92	1.455102735800814	
52	23	0.1597828802691568	75	0.39920204887780114	19	0.5511914215946069	30	0.8111154300491348	99	0.9895239081409409	45	1.039907359163508	1	1.0632483033226467	24	1.0701658075804261	
53	96	0.3465620269728591	54	0.6901628940280979	47	0.8173003255319331	4	0.8646214632297582	49	1.000341490289819	63	1.1655571059356125	28	1.1843703576045348	2	1.1975949320565515	
54	53	0.6901628940280979	47	0.7956016098941181	96	0.8169284867142673	2	0.827688450806287	67	1.138936331901947	49	1.3554657127601426	4	1.4454177739937382	28	1.4673524899084238	
55	41	0.9927397798134814	43	1.2793838116162275	17	1.5707082409161137	22	1.613477420005199	50	1.7967113902820158	14	2.084645584580346	74	2.0851268614704086	65	2.1456251299715343	
56	21	1.3544903735470968	2	1.4258849784223127	67	1.5139952675997055	81	1.5286233622122578	40	1.5843192175093734	3	1.8337383375668552	54	1.854000099716162	8	2.2007908666947626	
57	92	0.7851452238971837	18	0.9124310090241033	99	1.283794697884835	48	1.3673659350074476	39	1.4082605020953076	82	1.4282310491430787	44	1.5366992531631283	46	1.5854389456906406	
58	44	0.595045237262093	34	0.8856739425197676	32	0.9483883917087663	13	1.01006436563081	59	1.055765387003237	48	1.2444200167752886	73	1.5000889410433824	51	1.560708838345304	
59	73	0.7175024062479896	85	0.7362077718631459	13	0.8281559253667135	80	1.0511852829484774	58	1.055765387003237	77	1.0651554284334805	62	1.2445126272154121	34	1.2907244160210176	
60	84	0.42577795451977	62	0.4372825450710884	77	0.8886786948181415	85	0.9812518466318706	4	1.2444424617421077	28	1.309348855812317	73	1.37132147722361	63	1.3893164441887986	
61	79	0.2898202650473224	87	0.6146807345261229	78	0.6537114753717156	69	0.7063501182658793	31	0.9352971645396736	97	0.9901635569593061	89	1.0456986615134811	88	1.1009758313630478	
62	60	0.4372825450710884	84	0.6012145534506316	85	0.6482124175177115	77	0.7138883932491819	73	1.0327282067797934	15	1.228507465293658	59	1.2445126272154121	63	1.3365301168803863	
63	77	0.7464228013919174	16	0.8309807246682889	36	0.8545772552984935	73	0.9656135661169651	85	1.0349015052907904	96	1.0455659966994002	53	1.1655571059356125	4	1.2384002853593596	
64	12	1.1838510141257172	65	1.3768466406140756	14	1.397554834461635	42	1.5524291230407672	50	1.672013763534492	36	1.8851924485971738	47	2.1316276731840405	16	2.1886852683042535	
65	50	1.1236093223686399	64	1.3768466406140756	14	1.6893021397592654	12	2.0263632056256844	43	2.0990219976137134	55	2.1456251299715343	42	2.23449067187572	47	2.48659819330272	
66	7	1.9053732537465797	31	2.244718127287291	27	2.2535956633890937	1	2.2701635025378817	24	2.3221644430416504	38	2.3924687540800824	95	2.4155678421846094	20	2.462758151099248	
67	2	0.761484575675088	81	0.791449676880782	40	1.0286130918305678	8	1.061557591691228	54	1.138936331901947	49	1.1534166736813634	89	1.3309743860519656	53	1.4261671138633876	
68	82	0.30122604011547743	29	0.3583928118408805	99	0.6521861965122883	15	0.6557850426934565	19	0.7082983086028302	13	0.7734885911986402	73	1.13285499846042	48	1.1659756134692005	
69	79	0.5563586494524965	61	0.7063501182658793	87	0.798389232273346	89	0.8907011946914944	97	0.9568896103202934	78	1.1087293920851868	49	1.1152220108734572	4	1.184109150374191	
70	25	0.7446539303022065	81	1.8746492033836544	27	1.917161045662983	21	1.9209535487380642	97	1.9705735724699076	86	2.194085715284305	89	2.194662695259108	37	2.310892823721136	
71	88	0.4990355473566388	5	0.6714957511409425	11	0.9606250745278778	78	1.0257228795202833	93	1.315125751501913	79	1.463722295282293	87	1.544838985742542	61	1.5732964776060354	
72	0	0.6104370608701949	16	0.9229083704109935	22	1.047428101410221	43	1.2722186122406511	98	1.3388237450834783	36	1.384075857390446	77	1.3901736015814974	63	1.45296445198797	
73	85	0.5092288474412509	77	0.6759502849546349	59	0.7175024062479896	13	0.8179594929619102	63	0.9656135661169651	62	1.0327282067797934	82	1.1131637591178363	68	1.13285499846042	
74	22	1.0262554201530303	41	1.6566435746021861	43	1.7213425629696812	76	1.7627247086694162	72	1.858525465847547	14	2.0457964208191584	55	2.0851268614704086	12	2.164194133268844	
75	23	0.2412791014954784	52	0.39920204887780114	38	0.7999333534652204	19	0.8767164316869601	24	0.9640585274072726	45	1.0140747796634484	95	1.0340082680598124	30	1.154928921835367	
76	98	1.0472544252283706	80	1.4045592005041936	74	1.7627247086694162	72	1.8917714396818386	22	2.0269539405987897	59	2.182366135880542	10	2.2002829963048733	85	2.4024412959250907	
77	85	0.3687251182788495	73	0.6759502849546349	62	0.7138883932491819	63	0.7464228013919174	60	0.8886786948181415	84	1.0277204514334377	59	1.0651554284334805	16	1.2479985330720302	
78	88	0.5573678335942805	61	0.6537114753717156	79	0.6716377597282666	87	0.8351279286541067	71	1.0257228795202833	69	1.1087293920851868	83	1.1915255363392852	93	1.3692094585708874	
79	61	0.2898202650473224	87	0.3925218328165827	69	0.5563586494524965	78	0.6716377597282666	31	0.9724696780439239	88	0.9943805491939546	89	1.0635759166353285	97	1.0879624929698672	
80	98	0.6248478173175726	59	1.0511852829484774	26	1.2800287221400428	85	1.3380000402225816	76	1.4045592005041936	77	1.540403460398083	10	1.5809950552031249	73	1.6108456365102237	
81	67	0.791449676880782	21	0.8946831964530146	40	1.3204186670665163	25	1.4132203797716236	89	1.4648378412110707	2	1.4770433376457848	56	1.5286233622122578	97	1.5505790187745094	
82	68	0.30122604011547743	99	0.5496240930024556	29	0.6449723881882778	19	0.7320930319207845	13	0.8173484362018675	15	0.9008335862226601	73	1.1131637591178363	30	1.2033987152076682	
83	78	1.1915255363392852	88	1.4935052008226097	61	1.54831597214237	71	1.6981497217202048	79	1.737561427770746	87	1.9507513075598075	93	1.9582332113753158	69	2.117992555981228	
84	60	0.42577795451977	62	0.6012145534506316	77	1.0277204514334377	85	1.065634941561744	5	1.2868659107999265	28	1.3392273721180032	10	1.4598831361668583	73	1.5402827942709627	
85	77	0.3687251182788495	73	0.5092288474412509	62	0.6482124175177115	59	0.7362077718631459	60	0.9812518466318706	63	1.0349015052907904	84	1.065634941561744	13	1.1547336415058616	
86	37	0.3600418572142027	69	1.5887468156762339	97	1.6700682404048899	89	1.844331201951802	61	1.8644020302186148	79	1.93935576594226	78	2.128655694879178	28	2.132815893341214	
87	79	0.3925218328165827	61	0.6146807345261229	69	0.798389232273346	78	0.8351279286541067	31	0.8863071012216669	45	1.0064356176506022	88	1.0743249322971482	89	1.1998123905733722	
88	71	0.4990355473566388	78	0.5573678335942805	79	0.9943805491939546	5	1.0649751383505703	87	1.0743249322971482	61	1.1009758313630478	93	1.1938814088899152	69	1.2761284805437214	
89	97	0.31797476289763904	69	0.8907011946914944	31	0.9141613137435954	49	0.9521970881214915	61	1.0456986615134811	79	1.0635759166353285	95	1.1320680707981798	87	1.1998123905733722	
90	92	1.5880217640149359	39	1.8636967961862105	46	1.9455318525607697	57	2.0188856287871033	6	2.2362718946578046	51	2.3202012427820153	30	2.328688842597886	18	2.34064936302284	
91	20	1.1091180733407084	35	1.183230661978049	93	1.2722510513870116	1	1.6630162805776576	9	1.7762997396831464	45	1.806218927611582	29	1.883924532700571	15	2.023238049540178	
92	57	0.7851452238971837	46	1.1451100890946164	51	1.455102735800814	34	1.5713708276817442	90	1.5880217640149359	18	1.620273621162991	99	1.728338985824623	44	1.7527043578637789	
93	88	1.1938814088899152	20	1.2252636223221827	91	1.2722510513870116	71	1.315125751501913	35	1.3311562246555975	45	1.3420046401169095	11	1.3543577970271699	78	1.3692094585708874	
94	17	1.9033044430921355	21	2.0696646412839597	54	2.171758170160251	81	2.2405441270353963	28	2.291631773717122	25	2.3921001483460964	56	2.4307071464129244	67	2.45531216863045	
95	38	0.2506683271871798	8	0.7476311244841802	31	0.7745862067575677	49	0.951018423815391	75	1.0340082680598124	89	1.1320680707981798	23	1.2709303657245663	4	1.2814213355799633	
96	53	0.3465620269728591	47	0.7797570531502429	54	0.8169284867142673	0	0.9194419791863605	63	1.0455659966994002	28	1.0481179683847355	16	1.0967482401305118	4	1.0983976394182446	
97	89	0.31797476289763904	69	0.9568896103202934	61	0.9901635569593061	31	0.9985110885529679	79	1.0879624929698672	49	1.2635502973176322	87	1.3023332573599153	95	1.3710966367888329	
98	80	0.6248478173175726	76	1.0472544252283706	72	1.3388237450834783	59	1.4181728759634595	10	1.4199432823759675	85	1.473600376656642	77	1.531326058356092	84	1.7652167873644005	
99	82	0.5496240930024556	19	0.5912931821216042	68	0.6521861965122883	30	0.6852661336408765	29	0.8450200701544347	52	0.9895239081409409	15	1.1318970621234232	23	1.1395593025117154	
