1.9751295317994044	1.2051264047882084	1.2918163457036880	2
-0.9408790628484345	1.0938761305335625	-1.3616435910908251	0
3.0548029160431649	5.4133285348850801	4.4593247227627568	4
1.0305560927519424	6.7144358648538347	4.9620452220818523	4
3.2509924708577689	4.0780723317651146	3.5758580373236990	4
3.6776300861947693	1.6809245838501341	3.3900956208634034	3
1.7758430673056562	5.7569798957585672	1.6888798313924269	4
1.7166459736644561	4.4331303473515700	1.8003298240339038	4
2.1438689384751313	5.0961048448211894	3.7442609459795380	4
0.8081337904853967	-0.1004653320257276	-2.5299371970848030	0
5.5086263511672851	2.1652823590676529	4.0547950861288458	3
0.7325320807547003	-1.3018043453340087	-0.6842666583907487	0
6.2006269758344947	6.4194401977203421	2.7646924468269782	1
4.3614838894266219	3.5387856715065249	1.6312753191267921	3
5.2256355895070783	5.6271406549460226	3.9596982961560689	1
0.3809876396415928	0.4534651648520528	-0.8505180253047987	0
5.0079532827525135	4.6955391085387443	3.5846136277738943	1
5.6077214713477783	4.2433538086151312	6.5011574115839252	1
0.0224487677525502	1.5316274105942451	-2.8144494239977167	0
0.1007985846505937	1.1704934970549878	-1.0545170127889196	0
-0.8819795079801623	0.3999497869120657	-1.3659458825396351	0
-1.0682705753785244	2.1177268372487799	3.1424863080989871	2
6.1862311399176741	4.7332361606456015	4.3404511519048325	1
2.7518063572418874	4.5277174879039492	2.3773429118317906	4
1.9889365802874923	5.2152088719292617	2.3419005740774712	4
-1.6129175087122471	1.0211397534389404	3.3352934546310760	2
5.2656663043648058	1.7639126961693217	2.1179070422750423	3
-2.8452379918032853	1.2815683594960543	1.5487083705489775	2
1.2275498220387286	0.5491462620048047	1.6600501277297057	2
0.4132516041631856	0.5608759954117029	-1.2042306361960968	0
-0.3235163105527762	1.5915487366701759	-1.5652735405528282	0
1.7505421178631921	3.7119948718806333	3.4695900342009183	4
5.3275306731811405	3.6355930045478528	0.2118926299379957	3
0.3116226230289199	6.8748598415929258	3.8153541461678082	4
2.2989855155799699	1.3017246992806220	-1.6135697650622547	0
2.2888747373781069	1.4857061889622276	0.9401019058176869	4
4.9785971146510795	4.9893532762252129	3.1498240174350931	3
-0.3530729251999186	-0.6201316553839304	2.0233666535053572	2
2.1060369978804121	4.4773748335336423	3.1843225181564168	4
-0.3928230473662629	2.1467039402229879	-2.2962863047512330	0
1.8534979023637055	5.6086276957408172	4.3503507388617537	1
6.7995942447718711	4.6737142091827417	5.5856139826957616	1
3.7728090952378164	6.4092005929387943	3.5836859120265405	1
5.6036456796340843	5.0566782774165553	4.7483626316365619	1
4.9119797632658893	3.6033685190869829	0.6644260265854731	3
-0.5739586870403053	0.5862957130557354	-0.6744206464012600	0
4.7751514452807697	5.1315005321504348	1.6055518197726684	3
4.1109331481209797	5.2381175044616928	4.1143365416747848	1
4.0896812351444893	3.3996078947917305	0.6644444457515100	3
-0.1613197366023891	1.2120542100183589	0.8674820970874756	2
4.9493063069253074	6.3016901816210877	4.8410403970576379	1
4.8182797635538730	4.7847299356736990	1.8361941353532831	3
2.8165038929916326	4.5455939499983637	2.2323421194270416	4
3.7587228277239539	4.5008536366865943	4.1335641674702090	1
0.6679643374855820	1.9053719127282052	1.6853364765717205	2
6.2475595495446443	5.4778253917831101	5.7705333481136076	1
-0.3546932270867756	3.1411071693992763	2.6150924933796547	2
0.9006670267425813	1.7167880146886787	-2.6501978288862951	0
5.2390277505868754	3.4535956825281531	1.1384371507236251	3
4.9675815982568681	3.3146504736091802	2.1492050606306385	3
3.9945606508690230	3.0872800061504306	3.4572242741508350	3
2.1342868053265316	2.8842308372100351	3.6753265252409624	4
1.1351075570108502	0.0770651898657153	0.0432698697461007	0
4.3709894384751093	4.3884269563273524	3.1481641440788484	1
5.2308537975377059	6.8525002069589700	3.2876668579609012	1
5.6370060214292081	7.1478143351563528	4.5696717754574259	1
-0.1057315867099486	4.2132736618017415	2.3112606425951880	4
-0.4702892843582723	1.9265788586937211	1.7185769026885060	2
3.6360916466612574	3.8058701004039550	1.6587817309397810	4
-0.2833608673212715	0.1119519244786927	1.0038677902517401	2
-2.0713140316273480	0.4797928738834062	3.1087417835064626	2
0.1224302506790237	-1.1653566134009679	0.0450880613446691	0
5.4859166824475345	4.0289916835934685	4.0077275356349755	1
4.4962648389321469	3.7961105565205586	2.3959162357205934	3
7.1334029030205173	4.8886293207553448	3.9772448684167405	1
2.6350264931720195	4.5433012387231084	2.5879022024762430	4
6.9724337210001659	3.4278577451181484	3.0038827955970731	3
4.5376500819551921	3.6664534364091113	3.0580227834865714	3
2.2913989662378667	2.3883512436480179	3.2793999024745659	3
-0.6130920165989309	-0.0158508924615433	0.5743578881554319	2
5.7576547195770234	2.8243006069582206	2.6394417079044672	3
-0.9355242559258627	1.7550610054965872	2.3354485573297645	2
0.7506695342328865	1.0817804778241078	-1.3797214969137810	0
1.4840189109384418	1.5155410763809534	3.3573291137406760	4
1.2933108557920465	-0.2007685710187941	0.5524251082032525	2
4.5823876077191956	3.4520957451518712	2.7613621240840605	1
-0.3593437913842504	-0.6817751260587985	2.3780367787015839	2
2.4484594033817602	3.2082997113136424	3.2580647981846429	4
-0.2107406475770754	-0.8003794661845862	0.1145525277325705	0
-0.8588806329785649	0.7257804875076099	1.2959980912690845	2
3.7062413438836841	6.6279749385903521	0.9706583363204366	3
-0.9143268442182582	-0.3546552744032541	-2.1781452126837859	0
4.4184798262509872	5.2795813370860465	0.5275283749744695	3
-0.4174893974740158	-0.6907180727170827	-1.0561661198048242	0
0.7239062333517386	1.2930805899699604	3.7682439133100076	2
2.0296826098986358	4.4327528523598190	3.4188720789892399	4
1.1020763884846900	1.4595274924440225	1.1560524011603477	2
-1.0474283613427540	0.5047475379347011	1.4252348475407182	2
5.9737780649998040	3.1403036580123351	3.1332711988163511	1
0.2954639475899838	1.2993221923169678	-1.5977813968343528	0
G8
0	35	0.548510817154124	96	0.9194419791863605	28	1.0605571594200738	54	1.534236849386049	84	1.7286170171684139	62	1.8806986269379218	83	2.1456677061433096	49	2.1781926052322715	
1	20	0.6964348050229043	30	0.8187062642601296	45	0.9298084846343042	19	1.088709914187992	99	1.2753482610893425	29	1.4637410446352679	39	1.5107510698854787	15	1.5552193183332914	
2	47	1.1247785637098315	53	1.1975949320565515	8	1.2007280232813555	40	1.2219455091327178	42	1.5079911658366496	4	1.613044591345625	95	1.7592447286165265	38	1.8443960313044743	
3	33	1.3629019076153928	40	1.5080500885866062	8	2.3111597361442167	2	2.458288710900058	95	2.9301389926643036	38	3.053096665223569	42	3.0843142655183495	24	3.1672279222797557	
4	53	0.8646214632297585	87	1.225380054726682	63	1.2384002853593596	60	1.244442461742108	75	1.2537578526752382	38	1.2742313705873833	95	1.2814213355799629	23	1.3739745443416809	
5	60	1.443186340272929	78	1.5602380392104855	87	1.9649853652428044	61	1.9776782070873458	10	2.0072307181490454	26	2.0364699449038692	85	2.0858905209416783	77	2.1891166224702205	
6	24	0.8748490029216016	7	1.3298507523676335	52	1.6869446114850895	23	1.7139346031268938	75	1.7376574074126412	38	1.9956868432837755	8	2.190157620127576	95	2.1933729624934917	
7	24	0.9894886913772751	52	1.1870004751464296	23	1.1888851291761127	75	1.214837707351029	6	1.3298507523676335	38	1.4384083987803875	95	1.6485360503195503	31	1.8186849567258923	
8	95	0.7476311244841799	38	0.835337731429677	40	0.8451862802738892	2	1.2007280232813555	75	1.3725862865872542	24	1.4159111616087523	31	1.4648926632294605	4	1.5134306238603814	
9	29	1.5332325909772049	82	1.6504555288083536	99	1.758166635180072	91	1.7762997396831464	15	1.8192695193659947	57	1.8235774580527782	18	1.833568892276056	93	2.0056299970294718	
10	98	1.4199432823759675	80	1.5809950552031247	72	1.8644418815525803	60	1.870712559794771	26	1.9929030295177927	5	2.0072307181490454	85	2.046161217444455	77	2.046915861029547	
11	71	0.9606250745278778	88	1.3339049597190975	93	1.3543577970271699	62	1.6101731611718626	84	1.7481873859560029	15	1.7978303770008819	29	1.9600715835775553	9	2.2035042048550575	
12	64	1.1838510141257175	14	1.7338932345515956	36	1.9201124736156596	65	2.0263632056256844	74	2.164194133268844	46	2.2437415322722907	16	2.250905650269841	22	2.307922613816922	
13	68	0.7734885911986406	73	0.8179594929619102	59	0.8281559253667131	58	1.0100643656308097	48	1.0139078232845906	44	1.1144569106983493	85	1.1547336415058613	51	1.3427700105656317	
14	16	1.0275969717733633	43	1.0441792884717103	36	1.0600457989391592	50	1.143738971606416	47	1.190719753519689	22	1.3663022336071788	64	1.3975548344616349	72	1.6199176490866525	
15	29	0.37106692257826396	19	0.7963988464412906	82	0.9008335862226601	45	0.9800901633197008	99	1.1318970621234232	62	1.228507465293658	20	1.365143138158628	93	1.4103233667165134	
16	36	0.5255764026261628	63	0.8309807246682889	72	0.9229083704109938	14	1.0275969717733633	47	1.1745819695399489	77	1.2479985330720302	43	1.3563121598627723	53	1.3783417057297627	
17	41	1.5633267580984627	55	1.5707082409161142	43	1.9323050598287885	22	2.2898274380564514	72	2.5055897656076165	50	2.725114246247386	14	2.918881651004665	47	2.9877824485989986	
18	39	0.9051313915004037	57	0.9124310090241033	99	1.2683785283511038	30	1.2975834418278565	82	1.6706621359241	1	1.7972956018789599	19	1.798309898026296	9	1.833568892276056	
19	99	0.5912931821216042	29	0.7011950917869026	82	0.7320930319207845	30	0.7862587842131205	15	0.7963988464412906	45	0.9700812719924475	1	1.088709914187992	20	1.2870813220266908	
20	1	0.6964348050229043	45	0.779620922332797	91	1.1091180733407084	93	1.2252636223221827	19	1.2870813220266908	29	1.3151702168716086	30	1.3309848666286463	15	1.365143138158628	
21	81	0.8946831964530146	25	1.2394830011429132	56	1.3544903735470968	67	1.5561610356683406	70	1.9209535487380642	94	2.0696646412839597	54	2.2765965646412436	89	2.3218263336063054	
22	43	0.7812889329384146	74	1.0262554201530303	72	1.0474281014102207	14	1.3663022336071788	41	1.3893119290805818	16	1.4003749995296462	55	1.613477420005199	36	1.7151002563144935	
23	52	0.15978288026915682	75	0.24127910149547857	24	1.0275557692918567	38	1.0347794612201322	7	1.1888851291761127	95	1.2709303657245663	68	1.3488344207533352	4	1.3739745443416809	
24	6	0.8748490029216016	75	0.9640585274072722	7	0.9894886913772751	23	1.0275557692918567	52	1.070165807580426	38	1.125960171534222	95	1.3318277981336206	8	1.4159111616087523	
25	70	0.7446539303022065	21	1.2394830011429132	81	1.4132203797716236	97	2.0578539254636157	67	2.176968452169201	27	2.185937577920106	89	2.1942047044356237	86	2.3211433594678965	
26	80	1.280028722140043	59	1.5794371504898683	98	1.8511722544867553	85	1.9315450360961277	58	1.9532279629868152	10	1.9929030295177927	5	2.0364699449038692	13	2.0504951480166973	
27	70	1.917161045662983	97	1.9623495527229493	89	2.0780707882216825	81	2.1190002265953995	25	2.185937577920106	67	2.4668350624395625	21	2.5292098199189024	79	2.759552723270883	
28	96	1.0481179683847355	0	1.0605571594200738	84	1.3392273721180032	54	1.4673524899084238	35	1.588042982710767	62	1.6868267586332062	69	1.7042785159724492	49	1.7310602767251109	
29	15	0.37106692257826396	82	0.6449723881882778	19	0.7011950917869026	99	0.8450200701544347	45	1.1206823574901092	20	1.3151702168716086	30	1.317370577519669	1	1.4637410446352679	
30	99	0.6852661336408765	19	0.7862587842131205	1	0.8187062642601296	39	0.9205326638531034	82	1.2033987152076682	18	1.2975834418278565	29	1.317370577519669	20	1.3309848666286463	
31	95	0.7745862067575678	87	0.8863071012216669	38	0.890820212573008	61	0.9352971645396736	78	1.4424738719299823	8	1.4648926632294605	75	1.5002520849276104	4	1.5481139676796174	
32	44	0.6152295923278676	58	0.9483883917087663	48	1.3389411298747869	13	1.7196701039739697	92	1.9049139097006114	59	1.9964335448044335	51	2.0538275380196596	46	2.1178168192656592	
33	3	1.3629019076153928	40	2.0656583886032776	8	2.554633073871793	24	2.781885849819458	6	2.813448079161231	95	3.012111335083441	38	3.0604016448978393	66	3.0855344425774196	
34	82	1.5812472454246154	57	1.789460783233202	99	2.003585216059467	29	2.06698033592785	15	2.231705188280921	9	2.2424328352447853	19	2.2719567318878866	62	2.3663305753666934	
35	0	0.548510817154124	96	1.206569625643822	28	1.588042982710767	54	1.832715037759748	84	1.996406235659549	62	2.0297181754501135	49	2.466497922667779	78	2.507406944164217	
36	16	0.5255764026261628	63	0.8545772552984938	14	1.0600457989391592	47	1.3209878157954598	51	1.3391026217805548	72	1.3840758573904461	77	1.3974711941157307	73	1.491592959107156	
37	86	0.3600418572142027	69	1.2570537264148924	97	1.4509460115968487	79	1.5913489781914416	89	1.61133049340005	88	1.9225813681874333	28	1.999394412086539	71	2.1064091989252502	
38	95	0.2506683271871796	75	0.7999333534652204	8	0.835337731429677	31	0.890820212573008	23	1.0347794612201322	24	1.125960171534222	52	1.1898250865001736	4	1.2742313705873833	
39	18	0.9051313915004037	30	0.9205326638531034	99	1.2960339194998451	57	1.4082605020953076	1	1.5107510698854787	19	1.6548837177898128	82	1.8115541150917938	20	2.038616544686648	
40	8	0.8451862802738892	2	1.2219455091327178	3	1.5080500885866062	95	1.510422190072481	38	1.644120082140467	24	2.0510958219520177	33	2.0656583886032776	31	2.0936941947143626	
41	55	0.9927397798134812	22	1.3893119290805818	43	1.5092860142676003	17	1.5633267580984627	74	1.656643574602186	72	2.1520087157292678	14	2.4555996529767627	50	2.574540938537797	
42	47	1.3294185067168582	2	1.5079911658366496	64	1.5524291230407674	14	1.6922493557637255	50	1.72529547576001	36	1.9126231448243527	53	1.9860394316778507	8	2.098440091965358	
43	22	0.7812889329384146	14	1.0441792884717103	72	1.272218612240651	55	1.2793838116162275	16	1.3563121598627723	50	1.4095402883533892	41	1.5092860142676003	47	1.6319007254116955	
44	58	0.5950452372620928	32	0.6152295923278676	48	0.8471677884003129	13	1.1144569106983493	59	1.513611064236444	68	1.63022717536874	51	1.666563826341822	92	1.752704357863779	
45	20	0.779620922332797	1	0.9298084846343042	19	0.9700812719924475	15	0.9800901633197008	29	1.1206823574901092	93	1.3420046401169095	30	1.3663359412841782	79	1.3869245763154838	
46	51	0.41869532616723243	92	1.1451100890946164	36	1.5640884256415104	73	1.5766166421201184	13	1.6457591477799283	68	1.7485956336003876	63	1.7593061274073356	44	1.7998964405082372	
47	53	0.8173003255319321	2	1.1247785637098315	16	1.1745819695399489	14	1.190719753519689	63	1.3126661432435391	36	1.3209878157954598	42	1.3294185067168582	50	1.5369303453416006	
48	44	0.8471677884003129	13	1.0139078232845906	68	1.1659756134692003	58	1.244420016775289	32	1.3389411298747869	59	1.7269744915496243	73	1.8222291697494435	92	1.9134144004063993	
49	89	0.9521970881214915	69	1.1152220108734572	67	1.1534166736813634	97	1.2635502973176322	96	1.3193504518482906	79	1.3408098058753481	54	1.3554657127601426	45	1.7144412122664097	
50	65	1.12360932236864	14	1.143738971606416	43	1.4095402883533892	47	1.5369303453416006	64	1.6720137635344925	42	1.72529547576001	55	1.7967113902820155	16	2.0400414123027075	
51	46	0.41869532616723243	73	1.180826286189408	36	1.3391026217805548	13	1.3427700105656317	63	1.4416622316420782	92	1.4551027358008142	59	1.510430568405106	68	1.5450600253926057	
52	23	0.15978288026915682	75	0.3992020488778012	24	1.070165807580426	7	1.1870004751464296	38	1.1898250865001736	68	1.24414106067827	95	1.4281716247647034	4	1.48741110976531	
53	47	0.8173003255319321	4	0.8646214632297585	63	1.1655571059356125	2	1.1975949320565515	16	1.3783417057297627	77	1.5683560279058957	60	1.5846909916662801	36	1.6414840408990992	
54	96	0.8169284867142673	67	1.138936331901947	49	1.3554657127601426	28	1.4673524899084238	0	1.534236849386049	81	1.7367828751979792	35	1.832715037759748	56	1.854000099716162	
55	41	0.9927397798134812	43	1.2793838116162275	17	1.5707082409161142	22	1.613477420005199	50	1.7967113902820155	14	2.084645584580346	74	2.0851268614704086	65	2.1456251299715343	
56	66	1.1418566807444972	21	1.3544903735470968	67	1.5139952675997055	81	1.5286233622122578	54	1.854000099716162	31	2.3426682807731525	94	2.4307071464129244	83	2.564028597714361	
57	18	0.9124310090241033	99	1.283794697884835	39	1.4082605020953076	82	1.4282310491430787	30	1.6405396769008893	34	1.789460783233202	9	1.8235774580527782	19	1.866661322123667	
58	44	0.5950452372620928	32	0.9483883917087663	13	1.0100643656308097	59	1.0557653870032373	48	1.244420016775289	73	1.5000889410433824	51	1.5607088383453034	80	1.7082157082108018	
59	73	0.7175024062479894	85	0.7362077718631456	13	0.8281559253667131	80	1.0511852829484776	58	1.0557653870032373	77	1.0651554284334803	98	1.4181728759634598	68	1.5015582756768207	
60	77	0.8886786948181417	85	0.9812518466318707	4	1.244442461742108	73	1.37132147722361	63	1.3893164441887982	5	1.443186340272929	87	1.563566222897703	53	1.5846909916662801	
61	87	0.6146807345261232	78	0.6537114753717156	31	0.9352971645396736	83	1.5483159721423696	95	1.5730961039005031	4	1.6377371698900944	38	1.66733043504153	60	1.8839894737889105	
62	84	0.6012145534506316	15	1.228507465293658	29	1.5203310246622956	71	1.6028507634251576	88	1.6081970437584416	11	1.6101731611718626	28	1.6868267586332062	69	1.7134812867256435	
63	77	0.746422801391917	16	0.8309807246682889	36	0.8545772552984938	73	0.9656135661169649	85	1.03490150529079	53	1.1655571059356125	4	1.2384002853593596	47	1.3126661432435391	
64	12	1.1838510141257175	65	1.3768466406140751	14	1.3975548344616349	42	1.5524291230407674	50	1.6720137635344925	36	1.8851924485971736	47	2.1316276731840405	16	2.188685268304253	
65	50	1.12360932236864	64	1.3768466406140751	14	1.6893021397592654	12	2.0263632056256844	43	2.099021997613713	55	2.1456251299715343	42	2.2344906718757205	47	2.4865981933027204	
66	56	1.1418566807444972	7	1.9053732537465797	31	2.244718127287291	24	2.3221644430416504	67	2.3902195407588915	38	2.3924687540800824	95	2.4155678421846094	21	2.4512718954847417	
67	81	0.791449676880782	54	1.138936331901947	49	1.1534166736813634	89	1.3309743860519656	56	1.5139952675997055	21	1.5561610356683406	97	1.5622878672613976	96	1.7340428491447708	
68	13	0.7734885911986406	73	1.1328549984604201	48	1.1659756134692003	52	1.24414106067827	23	1.3488344207533352	85	1.4954316646690307	59	1.5015582756768207	51	1.5450600253926057	
69	79	0.5563586494524965	89	0.8907011946914944	97	0.9568896103202934	49	1.1152220108734572	37	1.2570537264148924	88	1.2761284805437214	86	1.5887468156762339	71	1.6478598547665764	
70	25	0.7446539303022065	81	1.8746492033836544	27	1.917161045662983	21	1.9209535487380642	97	1.9705735724699076	86	2.194085715284305	89	2.194662695259108	37	2.310892823721136	
71	88	0.4990355473566388	11	0.9606250745278778	93	1.315125751501913	79	1.463722295282293	84	1.5996194428837447	62	1.6028507634251576	69	1.6478598547665764	15	1.8680326912495369	
72	16	0.9229083704109938	22	1.0474281014102207	43	1.272218612240651	98	1.338823745083479	36	1.3840758573904461	77	1.3901736015814974	63	1.4529644519879696	14	1.6199176490866525	
73	85	0.5092288474412507	77	0.6759502849546349	59	0.7175024062479894	13	0.8179594929619102	63	0.9656135661169649	68	1.1328549984604201	51	1.180826286189408	60	1.37132147722361	
74	22	1.0262554201530303	41	1.656643574602186	43	1.7213425629696812	76	1.7627247086694162	72	1.8585254658475472	14	2.0457964208191584	55	2.0851268614704086	12	2.164194133268844	
75	23	0.24127910149547857	52	0.3992020488778012	38	0.7999333534652204	24	0.9640585274072722	95	1.0340082680598122	7	1.214837707351029	4	1.2537578526752382	8	1.3725862865872542	
76	98	1.0472544252283706	80	1.4045592005041936	74	1.7627247086694162	72	1.8917714396818393	22	2.0269539405987897	59	2.182366135880542	10	2.2002829963048733	85	2.4024412959250907	
77	85	0.36872511827884974	73	0.6759502849546349	63	0.746422801391917	60	0.8886786948181417	59	1.0651554284334803	16	1.2479985330720302	72	1.3901736015814974	36	1.3974711941157307	
78	61	0.6537114753717156	87	0.8351279286541067	83	1.1915255363392852	31	1.4424738719299823	5	1.5602380392104855	60	1.8495628256998604	4	1.9656715075145588	94	1.9737324386524286	
79	69	0.5563586494524965	88	0.9943805491939546	89	1.0635759166353285	97	1.0879624929698672	49	1.3408098058753481	45	1.3869245763154838	71	1.463722295282293	37	1.5913489781914416	
80	98	0.6248478173175724	59	1.0511852829484776	26	1.280028722140043	85	1.3380000402225816	76	1.4045592005041936	77	1.540403460398083	10	1.5809950552031247	73	1.6108456365102237	
81	67	0.791449676880782	21	0.8946831964530146	25	1.4132203797716236	89	1.4648378412110707	56	1.5286233622122578	97	1.5505790187745094	54	1.7367828751979792	49	1.746188576893315	
82	99	0.5496240930024556	29	0.6449723881882778	19	0.7320930319207845	15	0.9008335862226601	30	1.2033987152076682	57	1.4282310491430787	45	1.5803779188677103	34	1.5812472454246154	
83	94	0.8922504822903415	78	1.1915255363392852	61	1.5483159721423696	54	1.9009136031308012	87	1.9507513075598075	28	1.9698861102024623	0	2.1456677061433096	5	2.2000807568680925	
84	62	0.6012145534506316	28	1.3392273721180032	71	1.5996194428837447	69	1.6695772895989107	88	1.6773301842858765	0	1.7286170171684139	11	1.7481873859560029	96	1.7769410650438477	
85	77	0.36872511827884974	73	0.5092288474412507	59	0.7362077718631456	60	0.9812518466318707	63	1.03490150529079	13	1.1547336415058613	80	1.3380000402225816	98	1.4736003766566421	
86	37	0.3600418572142027	69	1.5887468156762339	97	1.6700682404048899	89	1.844331201951802	79	1.93935576594226	28	2.132815893341214	70	2.194085715284305	88	2.271455665037468	
87	61	0.6146807345261232	78	0.8351279286541067	31	0.8863071012216669	4	1.225380054726682	95	1.304039293479159	38	1.3165267538074563	75	1.5053751233048305	60	1.563566222897703	
88	71	0.4990355473566388	79	0.9943805491939546	93	1.1938814088899152	69	1.2761284805437214	11	1.3339049597190975	62	1.6081970437584416	45	1.636237778079794	84	1.6773301842858765	
89	97	0.31797476289763904	69	0.8907011946914944	49	0.9521970881214915	79	1.0635759166353285	67	1.3309743860519656	81	1.4648378412110707	37	1.61133049340005	86	1.844331201951802	
90	92	1.5880217640149363	46	1.9455318525607697	6	2.236271894657805	51	2.3202012427820162	52	2.5922556358745616	24	2.6125368676418983	42	2.6230147905103647	23	2.7019972238829615	
91	20	1.1091180733407084	93	1.2722510513870116	1	1.6630162805776576	9	1.7762997396831464	45	1.806218927611582	29	1.883924532700571	15	2.023238049540178	30	2.1242360570117897	
92	46	1.1451100890946164	51	1.4551027358008142	90	1.5880217640149363	44	1.752704357863779	32	1.9049139097006114	48	1.9134144004063993	68	2.015859674696523	13	2.0620076146417423	
93	88	1.1938814088899152	20	1.2252636223221827	91	1.2722510513870116	71	1.315125751501913	45	1.3420046401169095	11	1.3543577970271699	15	1.4103233667165134	29	1.5094838270715343	
94	83	0.8922504822903415	78	1.9737324386524286	21	2.0696646412839597	61	2.128277732839788	54	2.171758170160251	81	2.2405441270353963	28	2.291631773717122	25	2.3921001483460964	
95	38	0.2506683271871796	8	0.7476311244841799	31	0.7745862067575678	75	1.0340082680598122	23	1.2709303657245663	4	1.2814213355799629	87	1.304039293479159	24	1.3318277981336206	
96	54	0.8169284867142673	0	0.9194419791863605	28	1.0481179683847355	35	1.206569625643822	49	1.3193504518482906	67	1.7340428491447708	62	1.7749867713211325	84	1.7769410650438477	
97	89	0.31797476289763904	69	0.9568896103202934	79	1.0879624929698672	49	1.2635502973176322	37	1.4509460115968487	81	1.5505790187745094	67	1.5622878672613976	86	1.6700682404048899	
98	80	0.6248478173175724	76	1.0472544252283706	72	1.338823745083479	59	1.4181728759634598	10	1.4199432823759675	85	1.4736003766566421	77	1.5313260583560917	73	1.7767443155777303	
99	82	0.5496240930024556	19	0.5912931821216042	30	0.6852661336408765	29	0.8450200701544347	15	1.1318970621234232	18	1.2683785283511038	1	1.2753482610893425	57	1.283794697884835	
