4.9751295317994044	4.2051264047882082	4.2918163457036878	2
-0.9408790628484345	1.0938761305335625	-1.3616435910908251	0
6.0548029160431653	8.4133285348850801	7.4593247227627568	4
4.0305560927519419	9.7144358648538347	7.9620452220818523	4
6.2509924708577689	7.0780723317651146	6.5758580373236990	4
3.6776300861947693	1.6809245838501341	3.3900956208634034	3
4.7758430673056562	8.7569798957585672	4.6888798313924269	4
4.7166459736644564	7.4331303473515700	4.8003298240339038	4
5.1438689384751317	8.0961048448211894	6.7442609459795380	4
0.8081337904853967	-0.1004653320257276	-2.5299371970848030	0
5.5086263511672851	2.1652823590676529	4.0547950861288458	3
0.7325320807547003	-1.3018043453340087	-0.6842666583907487	0
9.2006269758344956	9.4194401977203412	5.7646924468269782	1
4.3614838894266219	3.5387856715065249	1.6312753191267921	3
8.2256355895070783	8.6271406549460217	6.9596982961560689	1
0.3809876396415928	0.4534651648520528	-0.8505180253047987	0
8.0079532827525135	7.6955391085387443	6.5846136277738943	1
8.6077214713477783	7.2433538086151312	9.5011574115839252	1
0.0224487677525502	1.5316274105942451	-2.8144494239977167	0
0.1007985846505937	1.1704934970549878	-1.0545170127889196	0
-0.8819795079801623	0.3999497869120657	-1.3659458825396351	0
1.9317294246214756	5.1177268372487799	6.1424863080989871	2
9.1862311399176733	7.7332361606456015	7.3404511519048325	1
5.7518063572418878	7.5277174879039492	5.3773429118317910	4
4.9889365802874925	8.2152088719292617	5.3419005740774708	4
1.3870824912877529	4.0211397534389404	6.3352934546310760	2
5.2656663043648058	1.7639126961693217	2.1179070422750423	3
0.1547620081967147	4.2815683594960543	4.5487083705489777	2
4.2275498220387284	3.5491462620048049	4.6600501277297059	2
0.4132516041631856	0.5608759954117029	-1.2042306361960968	0
-0.3235163105527762	1.5915487366701759	-1.5652735405528282	0
4.7505421178631924	6.7119948718806333	6.4695900342009178	4
5.3275306731811405	3.6355930045478528	0.2118926299379957	3
3.3116226230289199	9.8748598415929258	6.8153541461678078	4
2.2989855155799699	1.3017246992806220	-1.6135697650622547	0
5.2888747373781069	4.4857061889622276	3.9401019058176869	4
4.9785971146510795	4.9893532762252129	3.1498240174350931	3
2.6469270748000815	2.3798683446160696	5.0233666535053576	2
5.1060369978804125	7.4773748335336423	6.1843225181564172	4
-0.3928230473662629	2.1467039402229879	-2.2962863047512330	0
4.8534979023637055	8.6086276957408181	7.3503507388617537	1
9.7995942447718711	7.6737142091827417	8.5856139826957616	1
6.7728090952378164	9.4092005929387952	6.5836859120265405	1
8.6036456796340843	8.0566782774165553	7.7483626316365619	1
4.9119797632658893	3.6033685190869829	0.6644260265854731	3
-0.5739586870403053	0.5862957130557354	-0.6744206464012600	0
4.7751514452807697	5.1315005321504348	1.6055518197726684	3
7.1109331481209797	8.2381175044616928	7.1143365416747848	1
4.0896812351444893	3.3996078947917305	0.6644444457515100	3
2.8386802633976109	4.2120542100183584	3.8674820970874757	2
7.9493063069253074	9.3016901816210869	7.8410403970576379	1
4.8182797635538730	4.7847299356736990	1.8361941353532831	3
5.8165038929916326	7.5455939499983637	5.2323421194270416	4
6.7587228277239539	7.5008536366865943	7.1335641674702090	1
3.6679643374855821	4.9053719127282047	4.6853364765717203	2
9.2475595495446434	8.4778253917831101	8.7705333481136076	1
2.6453067729132242	6.1411071693992767	5.6150924933796542	2
0.9006670267425813	1.7167880146886787	-2.6501978288862951	0
5.2390277505868754	3.4535956825281531	1.1384371507236251	3
4.9675815982568681	3.3146504736091802	2.1492050606306385	3
3.9945606508690230	3.0872800061504306	3.4572242741508350	3
5.1342868053265320	5.8842308372100351	6.6753265252409619	4
1.1351075570108502	0.0770651898657153	0.0432698697461007	0
7.3709894384751093	7.3884269563273524	6.1481641440788479	1
8.2308537975377050	9.8525002069589700	6.2876668579609012	1
8.6370060214292081	10.1478143351563528	7.5696717754574259	1
2.8942684132900514	7.2132736618017415	5.3112606425951885	4
2.5297107156417278	4.9265788586937216	4.7185769026885058	2
6.6360916466612574	6.8058701004039550	4.6587817309397810	4
2.7166391326787287	3.1119519244786926	4.0038677902517401	2
0.9286859683726520	3.4797928738834063	6.1087417835064626	2
0.1224302506790237	-1.1653566134009679	0.0450880613446691	0
8.4859166824475345	7.0289916835934685	7.0077275356349755	1
4.4962648389321469	3.7961105565205586	2.3959162357205934	3
10.1334029030205173	7.8886293207553448	6.9772448684167401	1
5.6350264931720195	7.5433012387231084	5.5879022024762435	4
6.9724337210001659	3.4278577451181484	3.0038827955970731	3
4.5376500819551921	3.6664534364091113	3.0580227834865714	3
2.2913989662378667	2.3883512436480179	3.2793999024745659	3
2.3869079834010689	2.9841491075384567	3.5743578881554319	2
5.7576547195770234	2.8243006069582206	2.6394417079044672	3
2.0644757440741373	4.7550610054965876	5.3354485573297641	2
0.7506695342328865	1.0817804778241078	-1.3797214969137810	0
4.4840189109384418	4.5155410763809538	6.3573291137406756	4
4.2933108557920470	2.7992314289812059	3.5524251082032525	2
7.5823876077191956	6.4520957451518708	5.7613621240840605	1
2.6406562086157495	2.3182248739412015	5.3780367787015839	2
5.4484594033817597	6.2082997113136429	6.2580647981846429	4
-0.2107406475770754	-0.8003794661845862	0.1145525277325705	0
2.1411193670214352	3.7257804875076097	4.2959980912690847	2
3.7062413438836841	6.6279749385903521	0.9706583363204366	3
-0.9143268442182582	-0.3546552744032541	-2.1781452126837859	0
4.4184798262509872	5.2795813370860465	0.5275283749744695	3
-0.4174893974740158	-0.6907180727170827	-1.0561661198048242	0
3.7239062333517388	4.2930805899699607	6.7682439133100072	2
5.0296826098986358	7.4327528523598190	6.4188720789892404	4
4.1020763884846900	4.4595274924440229	4.1560524011603475	2
1.9525716386572460	3.5047475379347013	4.4252348475407182	2
8.9737780649998040	6.1403036580123356	6.1332711988163506	1
0.2954639475899838	1.2993221923169678	-1.5977813968343528	0
G8
0	35	0.548510817154124	96	0.9194419791863606	28	1.0605571594200738	36	1.3853412171154913	77	1.4155576251310802	54	1.534236849386049	60	1.7051802916687115	84	1.7286170171684132	
1	20	0.6964348050229043	30	0.8187062642601296	45	0.9298084846343042	19	1.088709914187992	99	1.2753482610893425	29	1.4637410446352679	39	1.5107510698854787	15	1.5552193183332914	
2	47	1.124778563709831	53	1.1975949320565513	8	1.2007280232813555	40	1.2219455091327185	42	1.5079911658366498	4	1.613044591345625	95	1.7592447286165265	38	1.8443960313044738	
3	33	1.3629019076153928	40	1.5080500885866057	8	2.311159736144217	2	2.458288710900059	95	2.9301389926643036	38	3.053096665223569	42	3.0843142655183495	24	3.167227922279756	
4	53	0.8646214632297585	87	1.225380054726682	63	1.2384002853593596	75	1.253757852675238	38	1.2742313705873825	95	1.2814213355799629	23	1.3739745443416804	52	1.48741110976531	
5	84	1.2868659107999267	60	1.443186340272929	78	1.5602380392104855	69	1.8297702419379813	79	1.843450647272784	10	2.0072307181490454	26	2.0364699449038692	37	2.0538854263271413	
6	24	0.8748490029216014	7	1.3298507523676333	52	1.6869446114850895	23	1.7139346031268943	75	1.7376574074126416	38	1.995686843283776	8	2.190157620127576	95	2.193372962493492	
7	24	0.9894886913772748	52	1.1870004751464294	23	1.1888851291761129	75	1.2148377073510293	6	1.3298507523676333	38	1.438408398780388	95	1.6485360503195507	31	1.8186849567258918	
8	95	0.7476311244841798	38	0.8353377314296767	40	0.8451862802738899	2	1.2007280232813555	75	1.3725862865872536	24	1.4159111616087527	31	1.4648926632294608	4	1.513430623860381	
9	29	1.5332325909772049	82	1.6504555288083536	99	1.758166635180072	91	1.7762997396831464	15	1.8192695193659947	57	1.8235774580527782	18	1.833568892276056	93	2.0056299970294718	
10	84	1.4598831361668578	80	1.5809950552031247	60	1.870712559794771	28	1.9805479142701334	26	1.9929030295177927	5	2.0072307181490454	77	2.046915861029547	0	2.1217355312638975	
11	71	0.9606250745278778	88	1.3339049597190975	93	1.3543577970271699	62	1.6101731611718626	15	1.7978303770008819	29	1.9600715835775553	9	2.2035042048550575	45	2.2960698815099323	
12	64	1.1838510141257192	14	1.7338932345515963	65	2.0263632056256853	74	2.1641941332688432	16	2.250905650269841	22	2.3079226138169213	50	2.427115426418318	43	2.4796076547602595	
13	73	0.8179594929619102	59	0.8281559253667131	58	1.0100643656308097	48	1.0139078232845906	44	1.1144569106983493	51	1.3427700105656317	77	1.443240074499837	46	1.6457591477799283	
14	16	1.0275969717733626	43	1.0441792884717098	50	1.143738971606416	47	1.1907197535196887	22	1.3663022336071777	64	1.3975548344616358	72	1.6199176490866516	65	1.689302139759266	
15	29	0.37106692257826396	19	0.7963988464412906	82	0.9008335862226601	45	0.9800901633197008	99	1.1318970621234232	62	1.228507465293658	20	1.365143138158628	93	1.4103233667165134	
16	63	0.8309807246682891	72	0.9229083704109938	14	1.0275969717733626	47	1.1745819695399489	43	1.3563121598627723	53	1.3783417057297627	22	1.4003749995296455	85	1.5508064289410837	
17	41	1.5633267580984627	55	1.5707082409161137	43	1.9323050598287885	22	2.289827438056451	72	2.5055897656076165	50	2.725114246247385	14	2.9188816510046647	47	2.9877824485989986	
18	39	0.9051313915004037	57	0.9124310090241033	99	1.2683785283511038	30	1.2975834418278565	82	1.6706621359241	1	1.7972956018789599	19	1.798309898026296	9	1.833568892276056	
19	99	0.5912931821216042	29	0.7011950917869026	82	0.7320930319207845	30	0.7862587842131205	15	0.7963988464412906	45	0.9700812719924475	1	1.088709914187992	20	1.2870813220266908	
20	1	0.6964348050229043	45	0.779620922332797	91	1.1091180733407084	93	1.2252636223221827	19	1.2870813220266908	29	1.3151702168716086	30	1.3309848666286463	15	1.365143138158628	
21	81	0.8946831964530149	25	1.2394830011429132	56	1.3544903735470972	67	1.5561610356683406	70	1.9209535487380642	94	2.069664641283959	54	2.276596564641244	89	2.3218263336063054	
22	43	0.781288932938414	74	1.0262554201530314	72	1.04742810141022	14	1.3663022336071777	41	1.3893119290805822	16	1.4003749995296455	55	1.613477420005199	98	2.0099387319334507	
23	52	0.15978288026915702	75	0.24127910149547882	24	1.0275557692918569	38	1.0347794612201322	7	1.1888851291761129	95	1.2709303657245665	68	1.3488344207533352	4	1.3739745443416804	
24	6	0.8748490029216014	75	0.9640585274072722	7	0.9894886913772748	23	1.0275557692918569	52	1.0701658075804257	38	1.1259601715342227	95	1.3318277981336213	8	1.4159111616087527	
25	70	0.7446539303022065	21	1.2394830011429132	81	1.4132203797716243	97	2.0578539254636152	67	2.1769684521692017	27	2.185937577920106	89	2.194204704435624	86	2.321143359467896	
26	80	1.280028722140043	59	1.5794371504898683	58	1.9532279629868152	10	1.9929030295177927	84	2.0187129757235796	5	2.0364699449038692	13	2.0504951480166973	73	2.1906838818657324	
27	70	1.9171610456629828	97	1.962349552722949	89	2.0780707882216825	81	2.1190002265953995	25	2.185937577920106	67	2.4668350624395625	21	2.5292098199189024	79	2.7595527232708825	
28	96	1.048117968384736	0	1.0605571594200738	60	1.3093488558123172	84	1.3392273721180035	54	1.4673524899084232	35	1.588042982710767	77	1.6359751697595204	69	1.704278515972449	
29	15	0.37106692257826396	82	0.6449723881882778	19	0.7011950917869026	99	0.8450200701544347	45	1.1206823574901092	20	1.3151702168716086	30	1.317370577519669	1	1.4637410446352679	
30	99	0.6852661336408765	19	0.7862587842131205	1	0.8187062642601296	39	0.9205326638531034	82	1.2033987152076682	18	1.2975834418278565	29	1.317370577519669	20	1.3309848666286463	
31	95	0.7745862067575677	87	0.886307101221666	38	0.8908202125730078	61	0.9352971645396737	8	1.4648926632294608	75	1.5002520849276098	4	1.5481139676796172	23	1.691430530549262	
32	44	0.6152295923278676	58	0.9483883917087663	48	1.3389411298747869	13	1.7196701039739697	92	1.9049139097006114	59	1.9964335448044335	51	2.0538275380196596	46	2.1178168192656592	
33	3	1.3629019076153928	40	2.0656583886032776	8	2.5546330738717935	24	2.781885849819458	6	2.8134480791612306	95	3.0121113350834405	38	3.0604016448978397	66	3.085534442577419	
34	82	1.5812472454246154	57	1.789460783233202	99	2.003585216059467	29	2.06698033592785	15	2.231705188280921	9	2.2424328352447853	19	2.2719567318878866	62	2.3663305753666934	
35	0	0.548510817154124	36	0.987153348036705	96	1.206569625643822	77	1.4190056848136887	28	1.588042982710767	54	1.8327150377597479	73	1.8676942927391382	60	1.9657099354873304	
36	35	0.987153348036705	51	1.3391026217805548	0	1.3853412171154913	77	1.3974711941157307	96	1.4357922916539652	73	1.491592959107156	46	1.5640884256415104	59	1.9508944398423664	
37	86	0.36004185721420223	69	1.2570537264148924	97	1.450946011596849	79	1.591348978191442	89	1.61133049340005	78	1.7798573606485177	28	1.9993944120865386	5	2.0538854263271413	
38	95	0.2506683271871797	75	0.7999333534652202	8	0.8353377314296767	31	0.8908202125730078	23	1.0347794612201322	24	1.1259601715342227	52	1.1898250865001736	4	1.2742313705873825	
39	18	0.9051313915004037	30	0.9205326638531034	99	1.2960339194998451	57	1.4082605020953076	1	1.5107510698854787	19	1.6548837177898128	82	1.8115541150917938	20	2.038616544686648	
40	8	0.8451862802738899	2	1.2219455091327185	3	1.5080500885866057	95	1.5104221900724815	38	1.6441200821404673	24	2.051095821952018	33	2.0656583886032776	31	2.0936941947143635	
41	55	0.9927397798134817	22	1.3893119290805822	43	1.5092860142676003	17	1.5633267580984627	74	1.6566435746021864	72	2.1520087157292678	14	2.4555996529767623	50	2.574540938537796	
42	47	1.329418506716859	2	1.5079911658366498	64	1.5524291230407663	14	1.6922493557637264	50	1.72529547576001	53	1.9860394316778518	8	2.098440091965358	16	2.112396200461465	
43	22	0.781288932938414	14	1.0441792884717098	72	1.272218612240651	55	1.279383811616227	16	1.3563121598627723	50	1.4095402883533885	41	1.5092860142676003	47	1.6319007254116955	
44	58	0.5950452372620928	32	0.6152295923278676	48	0.8471677884003129	13	1.1144569106983493	59	1.513611064236444	51	1.666563826341822	92	1.752704357863779	73	1.791096517678106	
45	20	0.779620922332797	1	0.9298084846343042	19	0.9700812719924475	15	0.9800901633197008	29	1.1206823574901092	93	1.3420046401169095	30	1.3663359412841782	99	1.4549562031812182	
46	51	0.41869532616723243	92	1.1451100890946164	36	1.5640884256415104	73	1.5766166421201184	13	1.6457591477799283	44	1.7998964405082372	58	1.8024267044879279	59	1.9061826631493475	
47	53	0.8173003255319321	2	1.124778563709831	16	1.1745819695399489	14	1.1907197535196887	63	1.3126661432435394	42	1.329418506716859	50	1.5369303453416001	4	1.5411560176558134	
48	44	0.8471677884003129	13	1.0139078232845906	58	1.244420016775289	32	1.3389411298747869	59	1.7269744915496243	73	1.8222291697494435	92	1.9134144004063993	51	1.9551000534037128	
49	89	0.9521970881214913	69	1.115222010873457	67	1.1534166736813636	97	1.2635502973176318	96	1.3193504518482906	79	1.340809805875348	54	1.3554657127601426	60	1.6641778634234095	
50	65	1.1236093223686408	14	1.143738971606416	43	1.4095402883533885	47	1.5369303453416001	64	1.6720137635344927	42	1.72529547576001	55	1.7967113902820147	16	2.040041412302707	
51	46	0.41869532616723243	73	1.180826286189408	36	1.3391026217805548	13	1.3427700105656317	92	1.4551027358008142	59	1.510430568405106	58	1.5607088383453034	44	1.666563826341822	
52	23	0.15978288026915702	75	0.3992020488778016	24	1.0701658075804257	7	1.1870004751464294	38	1.1898250865001736	68	1.24414106067827	95	1.428171624764704	4	1.48741110976531	
53	47	0.8173003255319321	4	0.8646214632297585	63	1.1655571059356127	2	1.1975949320565513	16	1.3783417057297627	8	1.7645492576493174	72	1.7949058951609125	14	1.8575749889007793	
54	96	0.8169284867142668	67	1.138936331901947	49	1.3554657127601426	28	1.4673524899084232	0	1.534236849386049	81	1.7367828751979792	35	1.8327150377597479	56	1.8540000997161628	
55	41	0.9927397798134817	43	1.279383811616227	17	1.5707082409161137	22	1.613477420005199	50	1.7967113902820147	14	2.0846455845803455	74	2.0851268614704095	65	2.1456251299715343	
56	66	1.1418566807444965	21	1.3544903735470972	67	1.5139952675997053	81	1.5286233622122576	54	1.8540000997161628	31	2.342668280773153	94	2.4307071464129244	83	2.564028597714361	
57	18	0.9124310090241033	99	1.283794697884835	39	1.4082605020953076	82	1.4282310491430787	30	1.6405396769008893	34	1.789460783233202	9	1.8235774580527782	19	1.866661322123667	
58	44	0.5950452372620928	32	0.9483883917087663	13	1.0100643656308097	59	1.0557653870032373	48	1.244420016775289	73	1.5000889410433824	51	1.5607088383453034	80	1.7082157082108018	
59	73	0.7175024062479894	13	0.8281559253667131	80	1.0511852829484776	58	1.0557653870032373	77	1.0651554284334803	51	1.510430568405106	44	1.513611064236444	26	1.5794371504898683	
60	84	0.4257779545197703	77	0.8886786948181417	28	1.3093488558123172	73	1.37132147722361	69	1.3901479215907002	5	1.443186340272929	96	1.5436915328438343	79	1.6152100064682362	
61	87	0.6146807345261227	31	0.9352971645396737	83	1.5483159721423696	95	1.5730961039005027	4	1.6377371698900942	38	1.6673304350415294	75	2.045909697396406	94	2.128277732839788	
62	15	1.228507465293658	29	1.5203310246622956	71	1.6028507634251576	88	1.6081970437584416	11	1.6101731611718626	82	1.7838581313555468	19	1.8629322458784396	45	1.9223170470219968	
63	16	0.8309807246682891	85	1.0349015052907902	53	1.1655571059356127	4	1.2384002853593596	47	1.3126661432435394	72	1.45296445198797	14	1.7098009681266988	68	1.760030462055751	
64	12	1.1838510141257192	65	1.3768466406140754	14	1.3975548344616358	42	1.5524291230407663	50	1.6720137635344927	47	2.13162767318404	16	2.188685268304253	43	2.34469237496443	
65	50	1.1236093223686408	64	1.3768466406140754	14	1.689302139759266	12	2.0263632056256853	43	2.099021997613713	55	2.1456251299715343	42	2.23449067187572	47	2.4865981933027204	
66	56	1.1418566807444965	7	1.90537325374658	31	2.2447181272872907	24	2.3221644430416504	67	2.390219540758891	38	2.392468754080083	95	2.4155678421846094	21	2.4512718954847417	
67	81	0.7914496768807819	54	1.138936331901947	49	1.1534166736813636	89	1.3309743860519658	56	1.5139952675997053	21	1.5561610356683406	97	1.562287867261398	96	1.7340428491447708	
68	52	1.24414106067827	23	1.3488344207533352	85	1.4954316646690309	75	1.5521600999643215	63	1.760030462055751	4	1.9742282022251445	7	2.0242932029835767	87	2.079727637064712	
69	79	0.5563586494524967	89	0.8907011946914946	97	0.9568896103202936	78	1.108729392085187	49	1.115222010873457	37	1.2570537264148924	60	1.3901479215907002	86	1.5887468156762337	
70	25	0.7446539303022065	81	1.8746492033836546	27	1.9171610456629828	21	1.9209535487380642	97	1.9705735724699076	86	2.194085715284305	89	2.1946626952591077	37	2.3108928237211357	
71	88	0.4990355473566388	11	0.9606250745278778	93	1.315125751501913	62	1.6028507634251576	15	1.8680326912495369	45	2.0176561168547162	29	2.1506402040777335	20	2.334532047529964	
72	16	0.9229083704109938	22	1.04742810141022	43	1.272218612240651	98	1.338823745083479	63	1.45296445198797	14	1.6199176490866516	85	1.6439587743554707	53	1.7949058951609125	
73	77	0.6759502849546349	59	0.7175024062479894	13	0.8179594929619102	51	1.180826286189408	60	1.37132147722361	36	1.491592959107156	58	1.5000889410433824	84	1.5402827942709627	
74	22	1.0262554201530314	41	1.6566435746021864	43	1.7213425629696812	72	1.8585254658475472	14	2.045796420819158	55	2.0851268614704095	12	2.1641941332688432	16	2.170018250955506	
75	23	0.24127910149547882	52	0.3992020488778016	38	0.7999333534652202	24	0.9640585274072722	95	1.0340082680598122	7	1.2148377073510293	4	1.253757852675238	8	1.3725862865872536	
76	80	1.4045592005041936	59	2.182366135880542	35	2.197707988751044	10	2.2002829963048733	77	2.447045240928817	0	2.50042864785109	36	2.5367206284328097	26	2.5429748673323522	
77	73	0.6759502849546349	60	0.8886786948181417	84	1.0277204514334377	59	1.0651554284334803	36	1.3974711941157307	0	1.4155576251310802	35	1.4190056848136887	96	1.4228000358757447	
78	79	0.6716377597282666	69	1.108729392085187	5	1.5602380392104855	97	1.635262170157194	89	1.6866454333177994	37	1.7798573606485177	60	1.8495628256998604	49	1.9927995371811908	
79	69	0.5563586494524967	78	0.6716377597282666	89	1.0635759166353285	97	1.0879624929698672	49	1.340809805875348	37	1.591348978191442	60	1.6152100064682362	5	1.843450647272784	
80	59	1.0511852829484776	26	1.280028722140043	76	1.4045592005041936	77	1.540403460398083	10	1.5809950552031247	73	1.6108456365102237	58	1.7082157082108018	84	1.7258244708863901	
81	67	0.7914496768807819	21	0.8946831964530149	25	1.4132203797716243	89	1.4648378412110707	56	1.5286233622122576	97	1.5505790187745094	54	1.7367828751979792	49	1.746188576893315	
82	99	0.5496240930024556	29	0.6449723881882778	19	0.7320930319207845	15	0.9008335862226601	30	1.2033987152076682	57	1.4282310491430787	45	1.5803779188677103	34	1.5812472454246154	
83	94	0.8922504822903414	61	1.5483159721423696	54	1.900913603130801	87	1.9507513075598073	28	1.9698861102024618	0	2.1456677061433096	31	2.2154111153140366	96	2.2348684027012085	
84	60	0.4257779545197703	77	1.0277204514334377	5	1.2868659107999267	28	1.3392273721180035	10	1.4598831361668578	73	1.5402827942709627	59	1.639915951388657	69	1.669577289598911	
85	63	1.0349015052907902	98	1.4736003766566417	68	1.4954316646690309	16	1.5508064289410837	72	1.6439587743554707	4	1.681625193118341	53	1.9134406791782417	52	2.14334919769734	
86	37	0.36004185721420223	69	1.5887468156762337	97	1.6700682404048899	89	1.8443312019518014	79	1.93935576594226	78	2.128655694879178	28	2.132815893341214	70	2.194085715284305	
87	61	0.6146807345261227	31	0.886307101221666	4	1.225380054726682	95	1.3040392934791585	38	1.3165267538074554	75	1.50537512330483	23	1.615101756763224	52	1.7250854010364844	
88	71	0.4990355473566388	93	1.1938814088899152	11	1.3339049597190975	62	1.6081970437584416	45	1.636237778079794	15	1.6892690422232917	29	1.9953876303664193	20	2.020699746714818	
89	97	0.3179747628976387	69	0.8907011946914946	49	0.9521970881214913	79	1.0635759166353285	67	1.3309743860519658	81	1.4648378412110707	37	1.61133049340005	78	1.6866454333177994	
90	92	1.5880217640149363	46	1.9455318525607697	51	2.3202012427820162	36	3.0087760344574157	13	3.2262746193291845	48	3.265447422095862	73	3.267254670356547	44	3.270447577381558	
91	20	1.1091180733407084	93	1.2722510513870116	1	1.6630162805776576	9	1.7762997396831464	45	1.806218927611582	29	1.883924532700571	15	2.023238049540178	30	2.1242360570117897	
92	46	1.1451100890946164	51	1.4551027358008142	90	1.5880217640149363	44	1.752704357863779	32	1.9049139097006114	48	1.9134144004063993	13	2.0620076146417423	58	2.09301983723769	
93	88	1.1938814088899152	20	1.2252636223221827	91	1.2722510513870116	71	1.315125751501913	45	1.3420046401169095	11	1.3543577970271699	15	1.4103233667165134	29	1.5094838270715343	
94	83	0.8922504822903414	21	2.069664641283959	61	2.128277732839788	54	2.171758170160251	81	2.2405441270353963	28	2.2916317737171212	25	2.3921001483460973	56	2.4307071464129244	
95	38	0.2506683271871797	8	0.7476311244841798	31	0.7745862067575677	75	1.0340082680598122	23	1.2709303657245665	4	1.2814213355799629	87	1.3040392934791585	24	1.3318277981336213	
96	54	0.8169284867142668	0	0.9194419791863606	28	1.048117968384736	35	1.206569625643822	49	1.3193504518482906	77	1.4228000358757447	36	1.4357922916539652	60	1.5436915328438343	
97	89	0.3179747628976387	69	0.9568896103202936	79	1.0879624929698672	49	1.2635502973176318	37	1.450946011596849	81	1.5505790187745094	67	1.562287867261398	78	1.635262170157194	
98	72	1.338823745083479	85	1.4736003766566417	16	1.8855462881495122	22	2.0099387319334507	63	2.0314932805530677	74	2.261341182338281	43	2.533379166442013	14	2.7252627690136393	
99	82	0.5496240930024556	19	0.5912931821216042	30	0.6852661336408765	29	0.8450200701544347	15	1.1318970621234232	18	1.2683785283511038	1	1.2753482610893425	57	1.283794697884835	
