1
2
3
5
6
7
8
9
11
12
13
14
15
16
17
18
19
20
21
22
24
25
26
28
29
30
31
33
34
37
39
40
42
43
45
47
48
50
52
53
54
55
56
58
59
60
61
62
64
67
68
69
71
72
73
74
75
76
78
79
81
82
84
85
86
87
88
89
90
92
94
97
98
99
100
101
102
104
105
108
109
111
115
116
117
118
120
122
125
126
127
130
132
133
136
137
138
140
141
143
144
146
147
150
151
152
154
156
157
158
159
162
163
164
167
168
170
172
174
175
176
179
180
181
182
183
184
185
187
189
191
192
193
195
196
198
200
201
202
203
204
206
210
211
213
215
218
220
221
222
223
224
225
226
227
228
229
230
231
232
233
235
236
237
238
239
240
242
243
244
245
246
248
249
250
251
252
254
255
256
257
258
261
263
264
265
266
267
268
269
270
271
272
273
274
275
276
280
281
284
285
288
289
290
291
292
293
294
295
297
298
299
301
302
303
305
307
308
309
310
311
314
317
318
321
322
324
325
326
327
329
330
335
336
337
338
339
340
342
343
344
346
347
348
349
351
352
353
355
357
358
359
360
361
363
364
365
366
369
370
371
372
373
374
375
376
379
380
381
382
383
384
385
388
389
390
393
395
396
399
400
401
402
403
405
406
407
408
410
411
413
415
416
417
418
420
421
424
425
427
428
430
431
432
433
435
436
437
438
439
441
443
444
445
446
447
451
458
459
460
461
462
463
466
467
468
469
471
473
475
476
477
478
479
480
481
482
483
484
485
486
488
489
490
491
493
494
495
498
499
