0
1
2
3
4
5
6
7
8
9
10
17
19
20
21
22
23
24
25
26
27
28
29
30
31
36
37
39
40
42
43
45
46
48
49
50
51
52
53
55
56
59
60
61
62
63
64
65
70
71
72
74
78
79
80
81
82
84
85
87
88
90
93
94
96
98
100
102
104
106
108
109
110
111
112
113
114
115
117
118
121
123
124
125
126
128
129
130
131
132
133
135
136
137
139
140
143
144
145
146
147
148
149
151
152
155
156
157
158
159
161
162
163
164
165
166
167
168
169
170
171
175
179
181
182
183
185
186
187
188
190
191
194
195
196
200
201
202
203
205
206
207
208
209
210
211
212
213
214
215
216
217
218
220
221
224
225
226
227
228
229
230
231
232
233
234
235
236
237
238
240
241
246
248
250
251
252
253
254
255
259
260
261
263
264
267
268
271
273
274
275
276
278
279
281
282
283
284
285
286
288
290
291
293
294
295
296
297
300
301
302
303
304
305
306
307
309
310
312
314
316
317
320
321
322
323
325
329
331
332
333
334
337
338
340
341
342
346
347
349
350
352
353
355
357
359
362
363
364
366
367
368
369
370
372
373
374
375
376
377
378
381
385
386
388
389
390
391
392
393
396
397
398
399
400
401
402
403
404
405
406
408
410
412
413
415
416
418
419
422
425
426
427
430
431
432
433
434
435
436
437
438
439
442
445
447
448
449
451
453
454
455
456
457
458
459
460
461
463
464
465
466
470
471
472
473
474
475
477
478
479
480
481
482
483
484
485
486
487
488
489
490
491
492
493
494
495
496
498
499
