1
3
4
5
7
8
10
11
12
13
14
16
18
20
21
22
23
24
25
26
27
29
33
34
35
36
37
38
39
40
41
42
43
44
45
46
49
50
51
53
54
56
57
58
59
61
63
65
66
67
70
71
72
73
74
76
77
78
80
81
83
84
85
86
88
89
91
92
93
94
95
96
99
100
101
102
103
104
105
107
108
110
111
112
113
115
119
120
121
122
123
125
126
127
128
129
130
132
133
134
135
137
138
140
142
145
146
148
150
153
154
155
156
158
160
161
163
165
166
167
168
169
170
172
173
174
177
180
185
186
187
189
190
193
194
196
197
200
201
203
204
205
206
207
208
209
212
213
214
216
217
218
219
222
224
225
226
227
228
229
230
232
234
235
236
237
239
240
242
243
244
245
246
247
248
249
251
253
255
256
258
259
260
261
262
265
267
269
270
271
272
273
274
275
276
277
278
280
281
282
284
285
286
289
290
291
292
293
295
296
297
298
299
300
301
302
303
305
306
308
309
310
311
312
313
314
315
316
317
318
319
320
322
324
325
327
328
329
331
332
334
335
336
338
339
340
341
342
344
346
347
348
351
356
358
360
361
362
363
364
365
366
369
370
371
372
373
374
375
376
378
379
381
383
385
386
387
391
393
394
396
398
399
400
402
403
405
406
408
409
410
414
416
417
418
422
423
425
427
428
432
433
435
436
437
438
439
443
444
445
446
448
450
452
453
454
455
457
458
459
460
461
463
464
466
467
468
470
471
472
473
474
476
478
479
480
481
482
483
484
486
487
488
491
492
493
495
496
497
498
