0
1
3
6
7
8
10
12
14
16
17
18
19
20
22
26
27
28
29
30
31
34
37
38
39
40
41
46
47
49
50
51
53
54
55
56
57
58
59
61
63
64
66
67
68
70
72
73
74
76
77
78
79
80
82
84
85
87
88
89
90
92
93
94
96
97
99
101
104
108
109
110
111
112
113
114
115
116
117
119
120
122
123
124
125
126
130
133
134
135
136
137
138
139
140
142
146
148
149
150
151
152
153
155
156
157
158
159
160
161
162
163
164
167
169
170
171
172
173
174
175
176
177
178
180
183
184
186
187
188
189
190
191
192
194
195
196
197
199
200
204
205
206
207
208
209
211
212
214
215
216
217
219
221
223
225
226
227
229
230
233
234
236
237
238
240
241
242
243
247
248
249
250
251
252
253
254
255
256
257
258
259
260
261
262
263
264
265
266
267
268
269
270
271
272
275
276
277
278
279
280
281
283
284
285
286
288
289
290
294
295
297
298
299
300
301
302
303
305
306
307
308
310
312
313
314
316
317
318
319
320
322
325
326
327
330
331
332
333
334
335
336
337
338
339
341
342
345
346
348
349
350
352
353
354
355
356
358
359
361
363
366
368
369
370
372
373
375
376
377
378
379
381
382
383
387
388
389
390
391
392
394
396
400
401
402
404
407
409
411
412
414
415
417
418
419
421
422
423
424
425
427
429
430
431
432
433
434
436
437
438
440
442
443
445
446
447
450
453
454
456
457
458
459
460
461
462
463
464
465
466
467
470
476
477
479
480
481
485
486
487
488
490
491
492
493
494
497
498
499
