0
1
3
5
7
8
11
12
13
14
15
16
17
18
20
21
22
24
25
27
29
30
32
33
34
35
36
38
39
40
43
44
46
47
48
52
53
54
57
58
59
60
61
62
64
65
68
69
71
72
74
75
76
77
78
79
80
82
83
84
85
86
87
88
89
90
91
92
94
95
96
98
102
103
104
105
108
110
112
113
114
115
118
119
121
122
124
125
126
127
128
130
132
134
135
136
137
139
140
141
142
143
146
147
148
149
152
154
155
161
163
164
165
166
168
169
171
172
173
175
176
177
179
180
181
182
184
186
187
189
190
191
192
193
194
198
200
202
203
205
207
208
210
211
215
216
217
218
219
220
222
223
225
226
227
229
230
231
232
233
234
235
237
238
239
242
243
244
245
246
247
248
249
250
251
253
254
255
259
260
262
263
265
266
267
269
270
272
277
278
279
280
282
283
284
285
286
287
288
289
290
291
293
294
296
297
298
299
300
301
302
304
305
306
307
308
309
310
313
317
318
321
322
323
324
325
326
327
328
329
330
332
334
335
336
337
339
341
342
343
344
345
347
349
351
352
353
356
357
358
359
361
362
365
366
367
368
372
374
375
376
377
378
379
380
381
383
384
385
386
387
388
389
390
391
392
393
394
395
396
397
398
400
402
403
404
405
406
408
410
412
415
416
417
419
422
423
424
425
427
429
431
433
434
435
436
438
439
442
444
446
447
448
449
450
451
452
454
455
456
457
458
460
461
464
466
467
468
469
470
471
473
475
476
477
479
480
481
482
483
484
485
487
488
490
491
494
495
496
499
