0
1
2
3
5
7
8
9
10
11
13
17
18
19
20
22
24
25
26
27
29
30
31
32
33
34
35
36
37
38
39
40
41
42
43
44
45
46
47
49
52
53
56
57
59
60
61
62
66
71
72
73
74
76
77
78
83
84
85
88
91
92
93
94
97
99
100
101
102
103
105
106
107
108
109
110
111
112
113
115
116
117
120
123
124
126
129
131
132
133
135
136
138
139
141
143
144
145
147
148
149
150
151
152
153
154
155
156
158
159
160
162
164
165
166
167
172
173
176
178
179
180
182
183
184
185
187
188
189
190
191
192
193
195
196
197
198
200
201
202
205
206
212
214
215
216
217
218
219
220
222
223
224
225
226
227
230
231
232
233
234
235
236
237
238
239
242
243
244
245
247
248
249
250
253
254
255
257
258
259
261
262
263
264
265
266
269
270
271
272
274
275
276
278
279
280
281
283
284
286
287
290
291
292
293
294
295
296
297
298
299
301
303
304
305
306
307
308
310
312
313
314
317
318
319
321
323
324
325
327
329
330
331
333
334
336
337
338
340
341
342
343
346
347
349
350
352
353
354
355
357
358
361
362
363
364
365
366
367
368
370
373
374
375
376
377
378
379
380
383
385
387
389
391
393
396
397
398
402
406
407
409
410
412
413
414
415
416
417
418
419
420
421
423
424
429
430
431
432
433
435
436
437
439
441
442
444
446
447
449
451
452
453
455
456
457
458
459
460
461
462
463
464
465
466
467
469
471
472
473
474
476
477
478
479
480
481
482
483
484
485
489
490
492
493
494
496
497
498
499
