-3.2195592112828813	-1.6830978262966032	2.2944675988732843	3
2.3561278985141847	0.4080411483979036	2.8088781702401704	4
0.7023769720435434	1.6402200689950241	1.7439624109859233	4
-0.7910933689791706	2.8636253958711708	1.9258021309400917	1
-1.7499153781106473	-3.5195926210661472	-4.1388916289739619	0
-0.9201438574131464	-1.0285454988942788	2.3081966911114935	2
0.0012063552946324	-0.1301641980498225	3.4302797048260727	1
-3.3350257687375402	0.3536091759985757	1.4726275693456239	3
0.3819989464107794	-1.4187978776356931	1.9607033201370085	4
1.7900112604076130	-0.4737584297964544	-1.6996908989952912	0
-1.9912308721461194	2.0826226831931085	1.5889909818981032	3
-0.1395029255095397	-0.9228212848190602	-0.4436592761499416	0
0.2323001911833260	-2.3399688071161071	1.6824341834489487	2
0.4711389241464685	0.6507202263879275	2.4796480860568377	1
-3.1725593781705612	0.4891421824989007	-1.2940865195571538	3
-1.1436776553769750	0.9037037727071606	3.2193694817383074	1
-0.8210180344754414	0.0469094435898643	2.4591257551107555	1
0.1361747286179564	-1.3817398878329250	2.2631757451378927	2
-2.4438359156624951	2.9969472152506889	2.1298389167610488	1
-0.3854134567354601	0.0827499451473245	3.2602640822486846	4
-0.6526248580088465	1.4490497369630218	1.5460246970816587	4
-0.0971842977440991	4.0170638830446626	4.6708034163520287	3
1.1047627051247848	-0.3631655744702196	3.2809266838346294	4
-0.2741053676602795	-0.7765214351017588	1.7094650383184260	4
-0.1167970734292711	0.4794122689874363	3.3655163317345211	4
0.3559859632523839	-0.7220825674070819	2.1071995234825081	1
0.5335273369014336	-2.3569271002909393	1.2149816308152039	2
-2.4819097637280287	-0.8960970535450224	1.3554498572482836	2
0.2086228675549684	2.8986430228831721	3.4535312347858711	3
-2.0276866708248296	-1.5677788401781028	-0.2043164620751141	2
-1.3205665445900105	1.0145247642639112	2.3767201422110875	1
-2.7464737091698606	0.5378139473355081	0.2921129947390108	3
0.3276300830707990	1.0505526152207230	2.5998762849631514	1
0.7290255547066060	-0.3465506103363644	-0.8052837755742907	0
-2.2900709599805467	-3.2481988495779204	-4.7797615859968756	0
-1.7494051406748323	-4.7461312432818676	-5.5366225796081405	0
2.3664096984596781	-2.2027819733193077	-2.2552889045838382	0
0.7482640614917817	1.0121193460259279	2.4109065315035112	4
0.9251684480323370	0.1355084896987238	2.5582053946532248	4
-2.3888599414541249	1.2577581871544663	2.1723708023059642	1
-2.4164425917032735	-5.1908493952596491	-5.7963918044655021	0
1.8587326624164402	-0.4387536979573413	4.2365235001670500	4
-0.4615034912146605	-0.9915989385680750	0.2522631586864641	0
1.9594668352009603	4.8012043524038797	3.7766325409581438	3
2.0281665918168290	3.5461290107086301	3.3183320461328281	3
-0.2672270854877432	3.7776411906293266	5.8062061802143008	3
-2.3214897947486342	0.0875978378806733	0.9426417385754285	3
-0.9021781980913997	-2.1498092783961509	1.6411695851954304	2
0.6506584764064228	-0.0027430139819244	0.9550935745024638	4
-0.0489356940150081	1.0808882729126132	1.0732028909059854	1
-1.6312334904217543	0.2315910293208995	0.5681543388448647	1
1.2863265399061243	-0.8196927752130674	-3.0253732692988606	0
2.1272872489209735	0.3232413393354628	2.2761610933191938	4
-2.1772254380252312	1.0780130638648191	1.3194985142123210	1
1.7609680111499260	0.0228183764360423	3.1355485160072813	4
-1.7386607117739845	1.7903657531237247	1.5754435340916286	1
0.9128346019318737	-0.5476211657185857	-3.6960357766771450	0
-1.8825721203762775	3.5176492798187944	3.9172194156787392	3
-2.8916169207640072	0.1855636943493360	0.8618214266274240	3
-3.7580903622284945	1.5291071068348980	0.8509165680162505	3
-1.3972437470082417	1.0425653784629878	1.9446935762874706	1
0.7811635430000003	-1.7245447956758133	1.9229827647919380	4
-0.8438407457749172	2.1165520853939022	2.2474170862631850	1
-2.5379563825918297	-0.4637063793438236	1.2291870596507144	3
0.7065645338058962	-1.6443505321827059	1.0992695158780468	2
-1.4704464674710842	0.6064577572569743	0.8385740419844572	3
1.5692396906307629	-0.6767317813481414	2.4209564037876401	4
-1.0241714183467092	2.7282022789926064	4.6550244770631117	3
0.8241578460224475	-0.8520171421765728	-0.6983290085840919	0
0.1919467780612250	0.0854921162792758	1.3311515214164285	4
-0.8774242789657960	1.1717146811334125	1.3359630283681199	3
-2.8504656592579014	-4.6195299573735715	-3.6549576857276236	0
1.8829121410061251	-1.1388262018348294	-0.5633191541162887	0
-2.5117685241372589	-0.1970125411255108	0.4582948710444696	3
1.9523998011236912	0.4049064483008942	-2.4033189652893170	0
-1.9279320393001638	-0.4456012608635006	0.4590640553063706	3
-0.4285145236224734	-1.9105646913199075	2.6974999328723044	4
2.5681626623363361	-1.2497104519081232	0.9297696037364183	0
2.2070880678363336	0.6136928182217221	-0.3813783806140922	0
1.0034856379674419	3.1657663690674842	2.4239157877051456	3
-1.3266557818724318	0.7101551839209923	0.3133410261763216	1
0.5109032253076752	-1.6164962755595487	-2.0968797525455778	0
0.9489629290307585	-1.5742969716154154	1.7524210015917698	4
-0.2366058974803150	0.3348675730629842	2.1548670277355693	1
2.1394040711070272	-0.0475891901652239	-0.3557181761922767	4
-0.3063716920197361	-2.7945406185257080	3.5617432998770817	2
-0.6531385365274607	2.9122369412481497	1.5203931039148779	1
1.1727307293311608	-1.6774479588360900	0.4839803235251596	2
-0.0618873609971270	-2.7717314017601575	-0.1658340473293261	2
-2.6907754009939300	-3.3312647649906135	-4.4119150870032371	0
0.2368655225773126	-0.9709583579081037	1.6714808756278352	2
-1.0492169868090515	-5.1613683329521871	-2.5303416558474661	0
0.2017005290869362	1.3309210368387792	2.8396646347948855	4
-2.0560668141136396	1.1194695255514666	3.8736067464194472	1
0.0238718656358281	1.5498846612462849	-1.5274923404067762	0
-0.4389870883427240	-1.1871468675187202	3.1405209291883298	2
-2.1499756641867087	-3.2115787603087647	-4.3597242064483819	0
1.5681013328282516	-1.9087121218081384	0.6454474347103398	0
-0.8694026949654576	2.7909314034810291	5.7551999027999461	3
-3.0525847987112287	1.6926933911690369	1.7483763006448203	1
-0.1454026237966177	-0.5779012878121236	-1.0161081840917272	0
0.6413470370160712	-2.3740335235001440	-0.4185628789262665	2
-0.1533535741060367	-0.7444639295384731	1.4345468602345366	4
0.4322626724863797	-1.0661121847303945	2.0163065505192312	2
0.4588389671815629	-1.7270234588644531	0.4580175351559945	2
-0.8353483820989362	-3.9247629119211940	-4.4083501782629897	0
-0.5643735572342926	0.5288430285011112	1.1416642622669546	1
-1.2734456180123415	1.4308894368756289	3.2670043936682527	1
-3.2327513105951899	2.5999107122073601	2.4470649415397250	1
-0.1098370997730274	-0.9501107083747852	1.4974171263588019	2
0.1786017714131513	-1.4149113939512044	1.5987837636166407	2
1.4225284473444564	-0.7597066640783023	2.7430253876290598	4
0.7476189505986253	-1.9316638402000228	2.7238724856830894	2
1.5986301024559668	-0.3519283627987425	-1.7865907769464218	0
-0.7773181978097674	1.5152420946314793	1.1633584169508620	1
-0.5181497648747486	-0.5090472199156832	-0.6284363152394472	0
-1.2368452719123308	0.6972861248287314	1.3020224408646355	3
0.7274638289667508	-1.3889874911780009	2.2852122343912145	2
-0.3313041626576312	-1.3945013348831623	0.7802300756331735	2
0.6734577255366772	-1.0044240458356837	1.5065054384998331	2
0.7274754683497823	-1.3301456126692859	2.3579686868538250	4
0.3768688471414506	-0.7899724301386252	2.0502067430711608	4
1.5902574100160387	-1.4992218087375389	-2.2409541588850144	0
-1.9578200636016594	1.7327182371409178	0.9588419206588121	1
-1.3226424387567166	2.2808960016455604	2.2314654438218260	1
-0.6303636908405199	2.7599290250707020	2.7597434327613475	3
-0.8826273560709730	1.0273719873217499	1.4252423989887033	1
-2.1679815958491933	-4.4668483535425771	-3.7801393648373711	0
-0.3122888327132962	-3.1560639486170001	1.9019505115592255	2
-0.0037688504158019	-1.1257965958027754	3.7777727851636262	2
-1.3965289445029430	1.6056665073822116	1.7592619231314146	1
-3.7296870046216828	-5.3886655534072840	-4.6342855410509740	0
-1.7352558457657872	0.5965903989283428	1.2766220776950350	1
-2.6005985212209950	0.6975041420211070	3.3991663524137712	1
-1.6444480591300266	-2.9048274342609690	-3.3559580444839763	0
0.2952293347719773	0.1226781318200147	-3.3253537060873999	0
0.3235333432826152	-1.5778731974297684	3.5639578314375600	4
-0.5579933206071235	1.0389134220237599	2.3414783532372496	1
0.1056745927561278	3.7289848618508086	4.1460702759583006	3
-2.2464780751427540	4.7273304908866915	3.1073842588997995	3
-2.1889713291033215	-3.0191760530799376	-2.9615683917705122	0
1.4805649850993858	-3.2611692635092089	3.2743129739205754	2
-1.8832647897198900	-1.7123482111149089	4.1211480854477669	2
1.0738619058669678	-0.7720974781738609	2.3727776700073133	4
-1.3134337166233205	-2.1964670272835312	-2.2990352414917554	0
0.5499974586433750	1.0827661510776287	-2.4830526865309035	0
-1.9911379343423219	0.4961441704788151	0.8320664864068942	3
-0.1096135536295225	-0.3586918208903094	2.7999801652942033	2
-2.0710975268572764	-1.0842071138261236	0.7305328851900926	3
-0.5808678057958757	1.5091185462534871	4.9500977581381562	1
1.7242139124625564	-1.4533250986491544	2.7468086533295586	4
-0.6350247172652237	-0.2588583779815004	2.1518653146153133	1
-2.8473747235964857	2.2347608875629525	2.5060802198375089	3
1.2941292350624254	-0.9208838490216740	-1.8248028238409992	0
0.1090319038432358	-2.2668947348782758	1.1154770424522551	2
-2.2296115997010810	-0.3287358562393206	3.2822025959408112	1
1.0909870165346240	-0.9862248986245581	1.3048462873661126	2
-0.8704236819745629	0.7641519149140105	2.6957398527098713	1
0.4270666084372748	0.9730099743083047	2.6551532754400595	4
1.3317508779287808	-1.3508195843478579	1.7165118030672450	2
-0.7217542445911449	-0.3060902679859362	2.4465733135711969	3
-3.7985049943491309	-0.5362669118845474	0.9431502238882321	3
-0.7566688662566726	1.2251987255892156	2.0639964379367539	1
0.1961284222840514	2.2584994253444162	-0.1614662825150046	1
-0.7271956674932154	4.8470030379256244	3.3856276497194870	3
1.0017834439040574	-0.9075642602768433	2.0649736747802230	2
0.1684852375842244	-2.6096359431538025	2.4596915961658636	2
2.1715474240961088	-1.9860131763004587	0.0278505357203074	2
0.6238233817628268	-0.1440762587297045	2.0322668903250323	4
1.2807078315539733	-1.1533292541716820	1.3405166221016289	2
0.4259914218486548	-1.5805546242523107	2.3464323341205251	4
-0.3661140747345324	-1.4767077577514218	-3.5610697558479076	0
-1.3126507298629262	0.5754885140092791	1.3353112390303694	1
1.1100477082029041	-1.1526886502298552	-0.8726784165372183	0
-1.4331292700939271	-3.8945028088249658	0.4755473055010435	2
0.4299161099162533	-1.9153326361536016	2.6527611944318559	2
0.4940898488470838	-2.4448016205808369	2.5021292287648542	2
-0.8366860562245715	1.4275975515265600	1.2140811852370590	1
0.7109690476186287	-1.7358763383404254	2.3867227892567242	2
-0.6470283854510623	-1.9984319705812505	2.2791112083126865	2
-0.7058113944095054	0.1898403705119469	2.4402324284815178	1
-0.8000110091111647	-1.7988752952096820	0.9460313028417413	2
-0.6969061173266176	-3.6336392203421162	-5.5106344644031307	0
0.1997074318491854	-2.7105898570965330	2.2896719342640681	4
-0.3112253929507198	-0.2220491211448919	-0.3948383351215556	0
0.5077924647475028	-1.8057081822725249	1.5763155412670342	2
-1.7060436180561380	2.6467102644544989	1.0591823149484998	1
-3.4912090115730292	0.5635662128090257	1.4009989138804546	3
1.4252135759080617	-1.0015465407340751	-2.7262007058729401	0
-1.6986692194290500	0.1712780981708793	1.0205709662825408	3
0.2695803190615991	1.7585870003161506	3.1857330078105797	1
1.3903593144667941	-1.0901412431308715	-1.5574314265982474	0
1.3925209457512919	-2.6666892381784191	1.3078424755345526	2
1.6753192701129143	-1.7212635649976660	2.2045650380031958	2
0.2738679615695617	-1.7885586594846397	1.2840567867107180	2
-1.0095180200621212	-2.7730207442878658	-3.5810805275134792	0
-3.7031537678316742	-0.4749277389229452	1.0123743924012942	3
-2.7184900616576875	-0.8662590368649863	-0.2015281333471919	3
-1.6384284922397629	1.7626156399853781	2.5091455277862558	3
-2.7910336985505855	2.2579516535580786	3.3919412842343082	1
-2.9888464834324289	1.2697458749505981	1.7300493575301654	3
-2.4143737306474362	0.6972176165923253	-0.0567422705244294	3
-0.4719172749232794	-0.3237187460562928	-1.5156347557950234	0
-1.5483116584807317	0.0932496822588434	-0.5593989726590753	3
-2.9721298104432616	-0.1291212445397262	0.0817433793553785	3
-0.5248438575435652	-0.1034999714610005	1.5829383830267589	4
-0.7093928262883531	1.1703195754830671	3.0794813974181952	1
0.2057681259967580	-1.1276286922112604	3.0563168560931957	4
-0.7597944980948794	-2.5258712013943816	0.9720773432346930	2
-2.8566517754610894	-5.4691663741767105	-3.0795409744638027	0
-2.7736566355660326	-3.9300618651950652	-3.8001911247084337	0
0.9160337321004688	2.9063470898477290	4.0962152945548809	3
-0.2287835662027293	1.5280462755688800	-0.5415783684977611	0
-0.2837502595486834	-1.2683843048519505	1.4136182712644758	2
1.7645363393603888	-0.0920454351427040	2.4440684548443294	4
-0.6644472949063984	0.9594898027446660	3.0029743060908269	1
-1.5346311249619724	0.0653207427911671	1.8668560037347246	3
-0.9919919220014183	1.4546737307369244	3.4007752452550557	1
1.0049190057439703	-0.5033872495455032	-0.5052987728844300	0
1.2530785978686207	-4.0525832149215244	2.0439734138667509	2
-0.4336526688816921	-0.2021187129044935	0.9224667808601736	2
1.9160755516521553	-1.1543614770034787	1.4537276703726469	2
-0.9563404387206860	-1.8751038808271245	-0.7908730929260359	0
0.7300260136612873	0.6243894467585669	-1.0671714020281606	0
-1.4668293447028606	-4.2522876790222801	-4.0781405213946815	0
0.2353074349430023	-2.6906438955476162	-0.5085653471251605	0
-0.7892194305528424	-2.9097684283581056	3.0251654325384623	2
-2.9963986419230841	1.6019615782693173	1.5966768106859008	3
1.5223093112338295	-3.7403198070008101	1.5401786247257387	4
1.2840457405590171	-2.5040943343114610	4.3200568815957539	4
-0.5451995276647961	-0.0141996264318980	2.0108431461029364	1
1.1210526584994809	-2.3851732035549764	3.7965970192741070	4
1.3946596941006768	-1.9354509954962502	-3.2766412766712971	0
1.9560103384902745	-1.5013336185300219	0.8606163011281069	0
0.7229768871263819	-0.6629591535657104	2.4679665298978741	4
-0.3991978486440748	0.5108143086831984	3.2044431689203270	1
0.4707235676192365	3.3862429084141379	3.2733479722754701	3
0.2223320327066998	4.2235658599303267	5.2656784594256889	3
-1.7763290328182026	1.4643359577025692	1.5678515649319920	1
1.1528101999876454	-0.4291407917329538	-1.1287349358562169	0
-0.2358347800411424	-3.8795028691089453	-3.4096032798020639	0
1.3107985238582838	0.0987888782917664	-2.0755565937242642	0
0.0882875573147828	-1.7399513226695740	1.4773971336878164	2
-1.5078068647046083	-1.0159764216667275	-1.6003576702373767	0
-0.1087812389989241	1.3838394799159306	3.5525644343707881	4
-0.6294623455535768	-0.7811158959013700	-0.3960071435099863	0
0.3162578263040330	5.0378594128879310	4.1209309384149622	3
0.0096580866255011	-0.9087003487686397	3.7699086198266016	2
-2.5064701123824187	-0.7951913232174819	-0.1912014263340335	3
-0.8974291194563770	-3.8382929773345906	-5.4498180203679460	0
-2.6947098877296001	1.0759097965336317	1.0770298340586049	3
-1.2668488854895146	2.9913269590886009	2.5222696450660362	1
-0.8383356389001932	1.4679856235963480	2.9453474931341459	1
-1.7841508332768297	0.8828648310002508	0.3607166655370488	3
-5.1404123633038994	2.3131077980972519	0.4457174358707597	3
-0.1894599575667707	0.1492597878628275	4.0312079243560763	4
-0.2332266657602845	-0.8150884658395081	2.2064815298734781	4
-0.1904479783426197	-1.5657625439925578	3.1288833103096629	4
2.6129354732035992	-0.6713983688195984	3.1177297691466390	4
-1.5157386372004069	1.3004604404987921	2.6226477859643547	1
0.3154581277371727	-1.8062986085003330	2.0341094779286775	2
-0.0349961907091094	-1.7308630732421058	2.5128706806466652	2
-2.0166888706000821	-3.5494556726857200	-3.0637658808529338	0
1.9714271909250263	-1.0308114789458824	2.1925239350266068	4
0.5448319361516718	-1.7330532202382252	0.5905673472238842	2
-0.2096035229226096	-1.8749288725996722	-1.7347734341411631	0
-0.0005157366350825	-0.5653933613049331	-0.5671079674603683	2
0.8441435786103777	4.3362253019661541	3.0459980547252377	3
0.3815736009053521	-3.1803273358096673	1.4654056730280001	2
0.4078176171349659	-0.7359131942222206	4.4041579310281973	4
-0.9679971380455392	-0.2268158926404129	3.6190375344404053	4
-0.2743975521414128	-0.4927333679835879	-1.9893031323193797	0
-0.0505334349594859	-0.5247932707934891	2.1290929079803238	4
-1.3952891742264000	-3.9821271839076227	-4.1395664718433380	0
1.0188536502113521	-1.1517652875235762	2.4365534831740123	4
-0.4309550732096125	1.6910397987255634	2.6196658927943997	1
-0.3402679209550241	2.0925844013334602	3.3890679410063584	3
-1.0080018112486808	2.4425652604984682	3.9468056227497788	3
0.3038374697440865	-1.2294589119772881	2.8270693865946299	4
-2.3915199802785803	1.9070264818392837	1.0961874057209748	1
0.4915001168690576	-1.8186730418464332	2.4459882501045667	2
-0.0245707511357725	0.3090192604862437	1.4487703777755465	1
0.3139304822070273	-1.4037728500230420	2.8315108832152660	2
0.9171130725463065	-1.4161108150174564	0.6939815845823889	2
0.3864500422301174	-1.7391987685471335	2.7940763120827299	4
-2.1925649257326754	0.4256107030427089	-0.5528499779204512	3
0.0450106692909416	1.6412152403859737	-0.4812072536837673	0
1.7017184871699715	-1.0236856502111236	2.9055585530053341	4
2.4088570736543264	0.5577635896882314	1.9622059145548081	4
0.3078956448089669	4.4484042168471909	3.4914337120095098	3
-2.7932772397810073	-4.1485845371576975	-3.6671176695219367	0
-0.0266115654301658	-3.4723661871275606	4.1019341562977250	2
-0.9268524018320916	-1.3421032728160429	2.0155471399383775	2
0.6273491959544055	0.4187131876119334	1.8703594857879653	4
-2.5162053045427935	-0.3746152115859146	0.1684893171787447	3
0.3457320749193388	-0.9680275355064742	1.4004090996863394	4
0.5845230190588774	-0.1702778763322952	2.6697419947854164	2
-3.5523314162514295	0.1992576023616462	-0.4903373873258798	3
2.5237113115103145	-2.5146111287439625	2.9212130507982628	2
0.7587220581481607	0.7911718886080712	2.9569476377497166	4
1.8384218477957743	0.2514979246335571	3.6557786736216471	4
-2.3108909025306077	0.0498376399012215	1.1252001669941181	3
-0.4354808430558328	0.1183618007094465	1.7050956821080108	4
0.3769964970415227	2.2277147744551069	4.8076728548059009	3
0.8357079351421862	-0.0593221970643744	-0.2289486075265397	0
0.5883333423707420	-0.2052191102285251	3.8694066125399766	4
1.4997160062408599	-0.3289906332842383	0.6567849403379888	4
0.7882614040490256	-1.1633495191302714	4.1659824984237446	2
-2.3195894950317948	0.5974505540064654	1.0815310258692583	3
-1.8393049435056699	-2.1369228093419381	-0.4431419814764039	3
1.5443921094345003	-1.9473724029677402	3.4732643225861271	2
-2.0603290805049950	-3.1535811919036649	-5.6461845154348271	0
-0.2569686182544335	-1.2106054779826381	2.7992464741896876	4
-3.2675638169514629	-4.1741822888866515	-5.3752219575995070	0
2.2660217187088119	-2.1263983160501296	-1.8232414974086424	0
1.5002141770253754	-2.0089820609701445	2.0639346438500175	4
1.1978770932537597	-2.0491455615695671	-3.2630052280027888	0
1.0218344101218080	1.8854042593003792	2.2509635050394912	1
0.7533608583692188	-1.5187855153200660	3.8454771255072751	2
-2.4041850516659755	1.1336029118711914	1.8974914538284982	3
-3.2216799343604792	0.4823472842037556	0.6011705107808900	3
-0.1064137762996927	1.9145851625982488	0.2139594039828270	1
-0.6541576183025231	2.6447095936671845	2.3512136814324229	1
-2.0544483918079330	0.0790132838998339	2.9027483147185844	1
0.5148723287148580	-1.0745665775052986	3.0733047300560017	4
-1.1129287077930223	1.2406272889056393	0.3306725386145562	3
-0.4961401198354396	-1.5008617195378491	3.3045676256126817	4
0.2704885801608379	0.0083026323138368	-2.3887528262656241	0
1.0583692839591015	-1.5069061559313210	-1.2681629172492801	0
-3.6463949442227817	2.4578305713699100	2.7114319377485323	1
-3.5860566085122407	-4.7006644586405102	-4.0815033433594259	0
-0.9973087104705771	2.1569295445930630	2.2998131492543310	1
-4.6953032309931135	0.9317468173410951	1.4887181095358435	3
1.7097603215390176	4.4077066536677094	4.5325776895515055	3
-0.9705454706165328	-0.2089792727721369	4.3163291866015037	4
-1.0058785285930343	3.0215165778081583	2.3247040474510650	3
0.1645465511385429	0.4891240604908781	2.4114388815996630	1
0.6190297464190988	-1.4483084904610020	3.5759744955903958	4
-1.5526249770770852	1.1008676746939892	2.3099285834661050	1
0.0047550517769650	-2.0027450856731632	-2.4328033285233039	0
-3.4817122354189318	-0.5987062445724131	2.8010545227458796	3
1.2512522656870315	-0.6036906395672290	2.5359758506009369	4
-0.9987862346346376	0.8405673426276398	3.6374407005169482	1
-0.5874828729342297	1.5523339086126269	0.8446122543148999	1
1.7101202687702226	-0.4151892253900084	0.2899609874109137	4
-2.7960353943378360	1.7324909669201325	-0.7787884798442528	3
-3.6581945224020052	-1.1582180505008084	1.0445113639830927	3
1.0390818683416319	-0.3337896639669837	1.2257718417737236	4
0.6344340206174683	0.4565247143494389	-0.5963845929758618	0
-2.6281137156653132	-0.2659959474658905	0.2632118237665039	3
1.7746724664500162	-3.1318909858870376	2.9780826409737537	4
-1.4996694766359735	-2.7375612003013194	-0.8138308323499355	2
0.1598646649442994	0.0346776996441888	1.0348566283965503	1
0.5316167947303652	-1.0084642809883109	3.1967142072424131	4
1.8498169523382706	0.0734075588958746	4.2379003900782255	4
0.8963890580512689	-2.0873974565856885	-1.4132156984958386	0
0.1518104680648080	5.3460010826887228	3.2293908790276822	3
-3.4250410213585099	1.5259365488198140	0.9966293974417362	3
1.1829710204006765	0.9067432157789324	3.3693151787901927	4
-2.2383214588973068	-3.5925709007064879	-4.6248933538610784	0
-0.3854231757050754	-1.4893303677083529	2.4421170309749010	4
1.5589930140222794	4.2084371092973996	4.1827641588532458	3
2.0654302870494368	-1.4255139961247718	-1.4277962443389938	0
0.0819327881145095	-1.8357668298902055	2.3530832688399359	2
-0.9627008461970528	-0.1890239637210268	1.8087772069710790	4
-1.0270936172503502	-1.9133660566515451	-6.4242706442532613	0
1.8205919477644328	-1.6405057974509392	-0.7187750178027167	0
1.3313480462809051	-0.6184197454954060	2.8225713470466771	4
-0.9731744675548163	1.3054381136383655	1.4910860321789803	1
-1.5677709861480387	-4.0086929297934422	-4.6558980361485975	0
-0.8944594003156432	1.9949243719311132	0.9267106939847998	1
0.8069629959017035	-2.4517574799945949	3.0566470558454384	2
-1.4855030513341752	-2.5650818999514762	1.7619897137436924	2
0.5530512988545203	-1.1495353043695955	0.9338207301544768	2
0.1105774928948248	-2.2277188615233845	4.0773062227860200	2
0.3328698054896045	-3.1292122083259617	1.2001873432148196	2
-1.7144650757206796	-2.6231908818780827	-4.8678140842740900	0
-3.1622918870341250	1.3106623340695462	2.7095824807302691	1
-0.0424371826156912	-0.1275081618894519	1.4641562817578726	4
0.4056855435923862	-2.6972088196378818	1.4918217544965353	2
0.1800194509872930	-4.1569922665415096	-4.5796965012186099	0
-0.0055917171223917	-2.7005342996047190	3.1730340959738235	2
2.1748659600939808	-0.3980096862470359	3.2889355103926432	4
1.1325339387962006	-1.1393179468849861	2.8654999531828667	2
-3.0526883322733749	0.1852446378381308	-0.6732158226799863	3
-3.9695675104226327	0.6392055620006726	0.7914680532648810	3
-0.2087982024446130	0.6622987652463719	2.7118330688800865	4
-3.0290628171526541	-0.1113898076684560	1.6961698555014202	3
0.8937710858539314	-1.0419539470862695	-2.5920641422446966	0
-1.5273557506920832	1.0273288304910944	3.5961482869022960	4
-1.9213385204173248	1.8438073190287514	0.7841536947218488	1
1.9208759640699828	-0.3203938914148348	2.9066791356080328	2
-3.2769258242578720	-0.2068505928250972	1.2182792561603408	3
0.6023343170859390	-0.5833446806057430	3.1464493820064563	1
-4.1011869441166215	1.4355206495949662	2.4119620096405399	3
2.2158368537998356	-0.5533026858599659	1.8994341428084174	4
1.2232027574506557	-1.1471227474933916	-0.0366700411012890	2
-0.0592212577817457	-0.9251825682633636	1.0545280472665319	1
-1.2004563225706930	-1.9337365457584801	0.9652842120855951	2
1.0932135544430766	2.3315277422982570	3.1320499197732445	3
-0.3496072933002345	0.3969843149242316	1.1156184810560059	4
-3.6477101167542161	-3.8867195874801275	-4.9253324354935382	0
-0.4118674472568260	-0.7174660365463418	2.4570989045799552	4
0.3043194812644209	-0.4995127951678022	-0.4527672785213404	0
-2.4134560343173503	1.1358862777304695	-0.0058275491597424	3
-0.3350944891166627	0.1787426491770636	3.6226423242538783	1
0.3232836989729291	-0.5700316826242491	0.8428519214423520	4
-0.1683799580737076	-2.6775006061575946	0.7301849484692844	2
-0.3520696646512468	1.2679824068741969	2.0476968277862979	1
1.8520503200790930	-0.9958305118079298	3.8103476305086659	2
0.1867936231147224	-1.3767615924234193	3.0908765267641680	2
-1.5497970833524661	1.5934577671000902	3.2508599130114120	1
-0.7353379521529373	-1.2835260453330883	3.2870029020218716	4
1.2561343670067848	-2.1546790402403078	0.8806634545193106	2
-2.4862641506470715	0.5159588662661870	0.5996811468972189	3
-1.4534354848148621	-4.2311230322222606	-3.3093846377544498	0
-1.3869615059799134	4.9019298603943682	3.2685506526300685	3
-0.0630911202358284	3.7052843670399218	4.8172141726402504	3
0.6076912573143116	-2.3270922603552293	-1.1723887100176800	0
0.0126892495806836	2.3213876595248761	2.6178060884690781	1
-0.4620400357549392	-0.5133878980111071	-0.2938842688471255	0
-0.2081864794574200	3.8697365876295562	3.4215292981701761	3
-0.3986525668765519	0.4168664920005226	2.8986293103946510	1
-1.3245613985983895	0.0478666194426060	1.9226305630866281	1
-1.7084198308248268	-3.8803491179765164	-5.6940654103306017	0
0.2917669801499878	4.0166865845288484	3.0202049353444922	3
-1.1103564927587914	3.8834892182901424	3.7405387949804463	3
-0.7843906220300010	0.7838471458707708	2.1572390459661070	4
-1.0522863200510735	1.2290999878174380	1.4693986026045880	1
-0.4792784618189103	-2.3451318015987903	-0.9120518087500381	0
1.1831241991965844	-2.4013992012670355	1.4650858643304914	2
-0.9973371517889407	1.4331362716976546	1.1663383595076056	1
0.6639982905736058	-1.2128364115304171	1.6441652366422534	2
0.7200355238523637	-0.6774778801681596	1.2749345026900865	2
0.1299979957663082	0.8743582939437451	1.2416550684938932	4
1.5709509427022592	-1.9558194766393360	3.1988581875946713	4
1.4825185168124397	-0.0141287841996460	-3.1203369393644080	0
-1.1038540491884650	1.6757865754807963	1.8717239189114241	1
2.1735203549997326	0.6607987229405112	3.6282878640203404	4
-0.4208828074682893	5.2708921793449157	3.5859653880609912	3
-4.0215790014127579	1.0058966726234426	-0.0423530352921558	3
-0.3884595858918634	1.6524398979231232	1.7101467604475875	1
-4.6198933553412944	0.7191531100656011	1.0583885203531143	3
1.4506858011786834	-1.1671346492330763	-2.7034450745764005	0
-3.9377535542434092	-2.6920899544127859	-3.0378807206729705	0
0.1862529583356554	1.7178191275592083	4.0705551477354103	1
-0.7867162755304586	0.5835427202682697	3.9166043613512764	1
-0.4220858322117358	-2.8183317928224816	1.6427808611545638	2
-2.2987476343905704	0.2419737245247927	0.4984235268162736	3
-0.2471949084673633	-0.1339257625237241	2.9963853897003552	4
3.5600504889435136	-1.0983937070653753	1.8144049074546218	2
-0.8825410639321214	-1.6833046437860488	2.6682086646872678	2
1.0845130289991534	-0.2662259376893334	1.8979747101734232	2
0.8712942303907241	-1.2154289276946986	2.7276844857639251	2
0.5732687485579955	-0.5721342314314057	2.7528172416781418	4
1.5649237601426418	-1.1996201818125134	-2.2015791548684476	0
-2.5247303879874279	2.4264206461363891	1.2211850212221211	1
2.0287164660337824	-0.5960883047036585	2.3079944187395780	2
1.4382384911459909	-0.0731228514151963	-1.3238731599861979	0
0.3325985458612717	3.5582361426943536	3.9038909805986028	3
-2.5913586620884872	0.5258204195896909	1.2482503079810812	3
0.6775114157159519	1.8589648531826217	1.2937604173099642	1
0.8032482437908616	0.2487133922351559	3.6051624681963315	4
-0.6049966308010744	-1.7393094395256530	3.1433071130366659	4
-2.7013922370760417	0.3205867358305480	3.7271024901846936	1
-1.2947069594315077	0.9761737439939489	3.5296607833366966	4
0.4131348206926866	2.5930420560803720	3.4913817845680115	3
-3.1590838028268919	1.5823006411876204	3.2474389576786722	1
-0.0447408446082175	-0.1077011868825004	1.8663621785407138	2
-2.3950016153130642	0.7073635979172574	3.0080426035980952	1
-1.1702328026808662	-0.9229529623251685	0.2693848652095838	2
0.6574258977945020	-0.6581773868498433	1.5435604575598338	2
0.3509087870070368	-2.3001711666014995	4.1652631754568112	2
-3.5843727441158220	0.0652726538063792	-0.7494858945286946	3
-2.2762396308532105	-1.3208475806502213	1.8472777580602016	3
-1.1955037299175246	0.2492829713562750	1.7383280737661186	1
-0.9716434800915195	-1.8268208366426129	1.3776719621144773	4
-0.1841831514267513	-1.9971378059698679	0.9047562250805412	4
1.0114237208294876	-0.9694576735845982	-3.7759342432137899	0
-1.0853535339675879	-0.1955685142845496	2.7585511928383024	4
1.4411412846228662	-0.1744203790730914	2.9487248290848411	2
-0.3165033689087999	0.6149136467476906	2.7169179909656780	1
1.0846480343737139	1.8695784853759516	4.4007140182141828	1
-0.7618290017303594	2.7336422148424671	1.5295615331982630	1
-2.1402854060438310	2.9040362342789203	1.4631033709535095	1
-2.0343470715651732	0.4432135065190086	2.2838394811228402	1
-0.3470999863415356	3.1297350476073857	2.4563690895568708	3
0.2567052706997873	0.0197559639426218	1.8046623009068683	4
1.4485214388241110	-1.3066718896650849	-2.1463390653562509	0
-0.8927253103289632	-0.2609585963458065	1.9432432538324858	1
-0.9368046597804573	0.8588055687308075	1.7998897802834877	1
1.4039091771659229	-0.6725238551860842	2.6625722968220220	2
1.1608458926571674	-2.1447083075282607	1.5054651516236863	2
-0.2348226998778444	0.0689844547310399	0.8179147927668191	3
1.9060403808067916	-0.2021224021250823	2.3960478000214507	4
-0.3964997811375470	-4.0823828624178722	-3.7357544374340299	0
0.7037670500192689	1.8148140757321443	3.1734525252152155	4
-1.0563304364875981	0.6274513279258473	2.2238501749870512	1
-0.9625712408376257	1.2689069465244742	2.9578790310375309	1
-3.1558696926527090	1.6157614170723031	-0.6503199263340735	3
G4
0	474	1.1050139478845071	340	1.225259002014132	346	1.424882558087114	27	1.4301228069211682	
1	52	0.5859577924786895	54	0.7805929735585769	391	0.8541819961175084	214	0.8562437108361911	
2	461	0.5011480934919015	317	0.6474708111496112	37	0.9172952649312602	434	1.0800345444893313	
3	483	0.4180414355534816	86	0.43098851183558007	335	0.4797760197424828	322	0.49764496939111236	
4	96	0.5510787586070833	273	0.5828365308705391	359	0.692866513581008	369	0.7346368603467898	
5	292	0.4289606531569292	402	0.6142370960727502	360	0.7184591569487289	256	0.7264744366971736	
6	19	0.4729826882116682	405	0.49550486936914323	449	0.49998161356620235	24	0.624261622118819	
7	187	0.2713039382916914	387	0.5998404256580809	392	0.6182101749717682	58	0.7732624614878356	
8	103	0.3605625595760493	17	0.3915257444250515	260	0.3999661997870811	110	0.4151762046942783	
9	113	0.24294217754745945	458	0.6522974174506463	153	0.6793181267391382	191	0.7482561112045926	
10	55	0.38650916215020803	238	0.6549107957684026	279	0.6587266206191614	123	0.7215519682430676	
11	266	0.4028793101725401	245	0.5122610431053087	420	0.5423084348699019	115	0.5905293895502671	
12	379	0.44047247933067346	26	0.5563607336869537	154	0.5847865340654858	185	0.6104027967419114	
13	336	0.35322046881790187	158	0.36961482941975105	32	0.441492408132776	37	0.46057905591351894	
14	384	0.7015719546390589	473	0.8036451122893574	297	0.9350254211902341	285	1.2303889573417275	
15	465	0.35262223308964363	342	0.4469488523074843	498	0.4843037759105671	206	0.5284467572056104	
16	180	0.1845502034060297	160	0.3669055193689461	479	0.46725197603117924	151	0.4716952968271061	
17	170	0.3611823288890385	8	0.3915257444250515	261	0.4620974388938508	363	0.4660107456290016	
18	484	0.738452199074635	108	0.9384337141788791	152	0.940919276964595	456	1.075963002893748	
19	449	0.36835403318153814	405	0.3782387975974139	235	0.431908651400357	6	0.4729826882116682	
20	368	0.35552019272511853	441	0.3716004578192897	177	0.38016472219859465	114	0.4078766224651253	
21	417	0.3461284745721593	138	0.6320491440817366	237	0.7061232673933926	459	0.9916606637785638	
22	480	0.5090514412413019	393	0.5647984318258477	367	0.5714763542042555	111	0.7399714231885013	
23	102	0.3019746412374253	109	0.3195021386416247	256	0.5001838432083231	272	0.537995378042007	
24	235	0.32662034492349706	405	0.4518514778129783	19	0.49048322759964375	422	0.548942605470666	
25	121	0.09106758655113291	103	0.36391763697476304	272	0.45239408480394183	90	0.5157320802242537	
26	154	0.4452003623250392	379	0.45691971583428026	12	0.5563607336869537	194	0.6286788153455719	
27	63	0.453922033701159	474	0.6816215209703604	148	0.7711506407363534	301	0.9884608312991676	
28	466	0.36966167505682906	236	0.5821652973450774	459	0.8082431275069798	211	0.9557888284584534	
29	309	0.6453294984274397	248	0.9090088335300142	197	0.9845542818980286	148	1.0534084768173675	
30	338	0.2564514117517763	259	0.4246548747393036	60	0.43967331404021	497	0.4929663201708053	
31	414	0.4034660173263493	201	0.5073459585028314	320	0.56957357329924	448	0.5749296575373092	
32	158	0.13768089705116768	92	0.3898245209349982	13	0.441492408132776	37	0.4627306211024515	
33	218	0.4366989003450315	68	0.5253435921789645	239	0.5394767990625938	403	0.5727482514172945	
34	359	0.3811224078766927	96	0.4442962109444658	89	0.5502499815293714	376	0.8542308447578579	
35	40	0.8427296398941048	424	0.8809351446432668	369	1.16296257624368	249	1.2480258368135946	
36	314	0.45008573808007407	122	1.0476711148909632	362	1.174511905952439	455	1.285145138291217	
37	158	0.4054057458009878	13	0.46057905591351894	32	0.4627306211024515	299	0.5891417811902838	
38	296	0.4711528659575542	168	0.6675236256895626	13	0.6911998212646194	480	0.7174881883809958	
39	319	0.30200670125523266	200	0.745503732869481	338	0.8618733617559375	238	0.8850491498635441	
40	35	0.8427296398941048	313	1.3911877605693448	424	1.4930431666960458	131	1.764718982714524	
41	354	0.5122407039014873	409	0.7014307536087342	300	0.902288415773567	382	0.9997616389697233	
42	118	0.6767800761719825	245	0.701974125385653	470	0.7122518233181067	420	0.7259222408716923	
43	361	0.8226148412249831	333	0.8880579088987967	44	1.3378987680118613	267	1.4120829425039503	
44	361	1.1857566112230176	43	1.3378987680118613	79	1.412312727294382	267	1.4492509955619723	
45	237	0.8548024086532855	417	1.0124288583770367	98	1.1570710043207224	21	1.1727647724471968	
46	301	0.18672372333048234	448	0.47082793023928743	308	0.5284350834348998	146	0.5369072023594377	
47	476	0.4225848509814885	179	0.7035524363664485	372	0.7261657786528889	398	0.7697261220175762	
48	352	0.49863916808080455	347	0.5776948504545932	69	0.5996844502303632	406	0.6645215324963347	
49	434	0.32101095570984095	400	0.7482827785380901	343	0.7513639134797198	106	0.758364755303173	
50	189	0.4613740694845492	65	0.48939181267052656	146	0.5188151837418558	80	0.62186900141941	
51	188	0.37664920484505154	443	0.5013657199548641	388	0.625505086004114	478	0.8132298938705119	
52	288	0.4825454448897794	214	0.5764062885654909	494	0.5825204373544929	1	0.5859577924786895	
53	308	0.5548300425509005	250	0.5714767189263138	238	0.6096249205969676	319	0.6234394402598197	
54	480	0.4196371666941579	391	0.44243237618280296	300	0.5735266772055586	382	0.6098650182854098	
55	238	0.32828641139768744	10	0.38650916215020803	130	0.4300664573094164	123	0.6569258765496051	
56	478	0.4405106340243192	51	0.8144368528177041	436	0.96983660236951	135	0.9839423823380559	
57	426	0.872566259860947	67	1.3800125510163728	277	1.3862013626650125	139	1.5005296256590088	
58	320	0.5147436178165768	46	0.5841011656173616	414	0.5849695411937864	460	0.5960343457539882	
59	357	0.36354386881260825	385	0.9166141334350077	440	1.0682256342372956	227	1.0684757322169276	
60	338	0.4011721511674151	30	0.43967331404021	490	0.5164687406388943	130	0.5928476113850116	
61	82	0.2825285076822053	185	0.448884623946116	178	0.46915933469516075	260	0.4857101667548709	
62	331	0.16711703329158387	124	0.5064725450680879	322	0.5707046307520883	437	0.6348436883798909	
63	27	0.453922033701159	301	0.5710511936614465	46	0.6579531477332787	387	0.7637967192680731	
64	194	0.4921063330894972	283	0.5105706248025919	264	0.5411132011009399	185	0.5414051505293366	
65	50	0.48939181267052656	132	0.5119643085051031	172	0.522117258634176	189	0.5240132065583074	
66	491	0.2927970715221292	341	0.3459486724360152	111	0.3635071531941874	367	0.47041183087346927	
67	277	0.7638219086494018	98	1.1127777263188596	149	1.3303200673274669	57	1.3800125510163728	
68	218	0.4375820732092301	173	0.4500378707466754	33	0.5253435921789645	403	0.6743825349204934	
69	352	0.3023276873686438	281	0.33268366358768225	378	0.34350433155353155	487	0.4824182442512829	
70	126	0.16980191779416767	368	0.2260822888398025	428	0.22732104897599106	177	0.28634040902005864	
71	290	0.4745608173358282	210	0.7087726208389825	127	0.7104692968313283	330	0.854176825935521	
72	366	0.5288976731823639	173	0.8325951910822995	396	0.8441827951696766	362	0.9288828798884361	
73	349	0.23738641342182693	294	0.3399259516813232	448	0.48958875590859074	46	0.593128106552746	
74	241	0.7828079827587625	436	0.9541979472675053	113	1.0384149408037158	9	1.1373277723833157	
75	73	0.6345565256557821	294	0.6599531288123449	148	0.7085260177749454	50	0.7473420346496347	
76	261	0.47035870424187115	179	0.4801229961318852	360	0.4944852335867684	451	0.5085717323077716	
77	233	0.6654523760815659	221	0.8419270054636472	167	1.2300013635776903	97	1.23095286648522	
78	84	0.6652318874802192	344	1.325244053008909	458	1.396832790558484	304	1.5352092739663492	
79	236	1.0266354582751838	399	1.0979340300713445	425	1.25943217703803	317	1.292120854117797	
80	253	0.4912990896171011	65	0.554345233998254	325	0.572171563156353	50	0.62186900141941	
81	339	0.7198741319010706	265	0.8467811802860767	388	0.8496436109619454	355	0.9152834469920015	
82	61	0.2825285076822053	159	0.444700154014098	432	0.4728402397351365	185	0.5283896858662928	
83	230	0.487668757287328	336	0.5005471677492095	302	0.5373269552029675	468	0.5620625888655488	
84	78	0.6652318874802192	344	0.8580885450565828	72	1.1400370572395893	458	1.1956626660659488	
85	381	0.5004004661223115	226	0.7309823489544514	374	0.8723179778558537	291	0.9107795513955642	
86	483	0.20926957165691243	3	0.43098851183558007	322	0.872831456959451	335	0.8850331264202375	
87	283	0.4215898704251412	97	0.4856672267914557	413	0.6261494855472522	264	0.6393040225063589	
88	225	0.46083041811213615	101	0.8465069894819869	407	0.9072321405814265	429	0.9555330959013388	
89	34	0.5502499815293714	96	0.5563389102521542	359	0.5642297479177318	210	0.8600194604211641	
90	295	0.2921308331054179	109	0.38850421058884227	103	0.40760157386327606	121	0.44248177319556303	
91	415	1.2789280203821909	495	1.7444968816871045	240	1.7543861276925212	127	1.8154852149318874	
92	32	0.3898245209349982	158	0.46144841546417953	190	0.5543186457316427	275	0.7604854240956072	
93	389	0.6041593275189849	133	0.8364587571467199	465	0.8476445805021687	411	0.9320877168652544	
94	212	1.01800689699625	286	1.0504763711787783	145	1.1866353345676968	223	1.2518348290102008	
95	412	0.34433958349634974	326	0.35860116563382044	312	0.3874910108541874	257	0.4530529260964448	
96	34	0.4442962109444658	359	0.47251948872767346	4	0.5510787586070833	89	0.5563389102521542	
97	413	0.46168137140417936	87	0.4856672267914557	233	0.6022692775514327	283	0.8178002972490311	
98	67	1.1127777263188596	45	1.1570710043207224	417	1.5381797448592025	149	1.5409367432055578	
99	227	0.18547744159462629	200	0.42811569832681223	357	0.8553682766705765	319	0.8690452950904427	
100	266	0.47196382576620843	115	0.5421907337341971	202	0.648650428020724	11	0.6683579602121057	
101	225	0.5226956384183704	418	0.7560354339008414	88	0.8465069894819869	355	1.0660867220013606	
102	109	0.21940134809672993	23	0.3019746412374253	397	0.4312011335429966	90	0.5096159310198678	
103	121	0.2836738673325496	8	0.3605625595760493	25	0.36391763697476304	90	0.40760157386327606	
104	264	0.1581157848342524	283	0.6019641686790729	64	0.6923921374087287	87	0.716081870073543	
105	273	0.6237539829336163	369	0.7776677058781966	224	0.7842697856508852	495	0.8184235907777837	
106	400	0.25335676661425816	493	0.6518338702889206	126	0.6559216133680511	281	0.6588047697450797	
107	217	0.3125324245049593	411	0.3210284078446684	498	0.4673753260343389	465	0.5255537888984059	
108	329	0.5110555065210574	152	0.5341650599928607	18	0.9384337141788791	199	1.0976528365410358	
109	102	0.21940134809672993	23	0.3195021386416247	213	0.3722447010674325	90	0.38850421058884227	
110	242	0.3585279995410764	8	0.4151762046942783	90	0.4536230075804953	194	0.4977358697340107	
111	491	0.1200842171508135	367	0.18601994129777932	341	0.3107185882610615	66	0.3635071531941874	
112	175	0.32597334085270263	178	0.39159402328592197	280	0.3944406493842076	284	0.41522808361140784	
113	9	0.24294217754745945	458	0.5635295690572053	241	0.6078604217419981	153	0.6464451129635561	
114	177	0.11738359242860784	431	0.23485865180438134	343	0.37284362597497106	70	0.39727152325782394	
115	420	0.3392524354128009	245	0.3747468144505413	184	0.42397360850572	266	0.524290988938769	
116	172	0.14727277256759042	126	0.4996100145121715	132	0.5091148277085292	65	0.5268811339826375	
117	120	0.0935727961367711	178	0.36181257972395314	170	0.36239685337866284	274	0.4050760118974694	
118	397	0.6078886321271388	477	0.6327100995919241	181	0.6408544722840258	213	0.6475704481597857	
119	432	0.24995082538152938	295	0.34638885828838323	471	0.3485926602743504	433	0.4033464823851011	
120	117	0.0935727961367711	274	0.35056576483839447	170	0.39208467301218053	178	0.40708313903179505	
121	25	0.09106758655113291	103	0.2836738673325496	90	0.44248177319556303	272	0.509132324951144	
122	488	0.25713143096086916	455	0.30323805765987666	443	0.5862251807950993	188	0.7144118916445092	
123	390	0.21020861873100213	279	0.48717836996561564	55	0.6569258765496051	238	0.6898266369089486	
124	331	0.35479730279780425	62	0.5064725450680879	198	0.6674141097455909	437	0.7371836553995078	
125	322	0.42513318628153446	486	0.555905399061421	335	0.6314259322284896	251	0.7176713779422155	
126	70	0.16980191779416767	428	0.2672603984142747	368	0.2997581258856735	490	0.4143796303208522	
127	71	0.7104692968313283	290	0.7106760181348075	224	0.7914893882091341	210	0.8095579416461648	
128	447	0.4396445130413296	183	0.7816106721163596	268	0.8201251031358009	166	0.9169527737474393	
129	247	0.21765318332398825	136	0.5976761783568816	337	0.7298044697658694	207	0.751270762543203	
130	437	0.32128354889772004	55	0.4300664573094164	238	0.44817447114160824	368	0.5841955238190069	
131	330	0.8941718823422778	313	1.4958322812905727	71	1.5243630759899904	401	1.5320803469380957	
132	172	0.42718238633241057	189	0.4977864060597523	116	0.5091148277085292	65	0.5119643085051031	
133	469	0.44197860070043066	464	0.5096746164970316	93	0.8364587571467199	323	0.962933940406419	
134	140	0.6820002905686056	195	0.686432291196886	262	0.7996780902249812	4	1.0010217719924492	
135	327	0.9438829736301746	56	0.9839423823380559	436	1.2126019992968307	145	1.302362011580833	
136	337	0.32287697003017046	318	0.5172003091995716	410	0.5319300231903649	129	0.5976761783568816	
137	427	0.3876321267205089	162	0.38880637865453227	408	0.4256580042697802	157	0.5464502049610742	
138	459	0.37322971034921	21	0.6320491440817366	417	0.6924432896558359	421	0.8020470369341844	
139	416	0.8917557283056602	57	1.5005296256590088	164	1.5491804082297844	426	1.5503951141097878	
140	262	0.5668527562356254	134	0.6820002905686056	4	1.3525076245538834	195	1.35480545857609	
141	350	0.43699484414481526	371	1.0752978782806535	231	1.0813874578815243	229	1.3058953182909587	
142	412	1.4823706221134094	463	1.609617768685784	326	1.6234669794320113	155	1.6547413077918203	
143	341	0.2940439579308522	165	0.3439329196370047	234	0.3795950333211964	274	0.388897040348418	
144	265	1.2807104546607742	134	1.3146979777132546	339	1.3390458247969081	140	1.3719935959079206	
145	327	1.1142214905264063	94	1.1866353345676968	135	1.302362011580833	241	1.3088478138591668	
146	308	0.4247069195480235	189	0.47603555862245606	50	0.5188151837418558	448	0.5201384120064856	
147	449	0.32866916856726597	402	0.5810713493035591	6	0.6795464930004189	272	0.693664085929309	
148	75	0.7085260177749454	27	0.7711506407363534	63	0.9228403645148245	294	1.0087291875542932	
149	445	1.1855907400587973	303	1.2058894704428644	67	1.3303200673274669	446	1.4025593760487896	
150	287	0.45858219596959754	193	0.6068029714511098	383	0.6802744352522244	435	0.6930648737605959	
151	230	0.29633380065138715	160	0.31081452184888325	489	0.3315677469656158	16	0.4716952968271061	
152	108	0.5341650599928607	329	0.8546126168343404	199	0.8879537984292277	18	0.940919276964595	
153	191	0.3307502950963894	488	0.5254092875974178	455	0.5412799845307518	113	0.6464451129635561	
154	26	0.4452003623250392	477	0.45071846224098766	194	0.5332874057428993	12	0.5847865340654858	
155	323	0.583889597630849	464	0.9176778924396484	469	1.0844443911833603	133	1.0974882005273001	
156	169	0.2553237671556831	119	0.4640348381710506	433	0.48355397443451714	432	0.5906009644566795	
157	215	0.4183015321464777	497	0.5252887204174722	427	0.5456855398391546	137	0.5464502049610742	
158	32	0.13768089705116768	13	0.36961482941975105	37	0.4054057458009878	92	0.46144841546417953	
159	169	0.4277618487028526	82	0.444700154014098	156	0.6003041051238744	165	0.6532836029412281	
160	151	0.31081452184888325	16	0.3669055193689461	479	0.49168048408319504	180	0.49622734658274603	
161	196	0.1328395123610499	346	0.6455883580776675	392	0.6754671911608667	7	1.1344772821490512	
162	137	0.38880637865453227	408	0.40718132891268444	427	0.45194457250335296	490	0.4862562864559113	
163	321	0.5922442470184861	286	0.7114145267798787	212	0.9266052017374791	343	1.4577072481415974	
164	439	0.5600399823527092	416	0.6723205639485113	356	1.0227711198221472	426	1.0959621433595228	
165	143	0.3439329196370047	274	0.4449686367124074	234	0.5476933408461929	120	0.582808666667304	
166	183	0.20018292531651158	176	0.36740940302928177	381	0.7398802736914104	175	0.7666022781692554	
167	97	0.8669190087512121	366	0.8944242910275979	233	0.9873547128703246	72	1.0726218805013066	
168	487	0.46197462460665517	452	0.4951665222837098	293	0.5856265020669491	296	0.6392226154325518	
169	156	0.2553237671556831	159	0.4277618487028526	221	0.645375818169041	119	0.6468985542547464	
170	280	0.2662764547011744	178	0.32704801303760184	17	0.3611823288890385	117	0.36239685337866284	
171	339	1.2989396869732912	195	1.4473411577471267	478	1.4836036445175083	56	1.5865457572413155	
172	116	0.14727277256759042	132	0.42718238633241057	65	0.522117258634176	475	0.5315600104731083	
173	68	0.4500378707466754	328	0.533431055696197	191	0.7425452575625865	218	0.753400395262579	
174	208	1.604080506213081	351	1.7336197584787727	407	1.7735629429961806	372	1.8506855582828117	
175	284	0.22996173776258724	280	0.23641217732969186	112	0.32597334085270263	178	0.4265814689412495	
176	166	0.36740940302928177	183	0.4499361022347972	175	0.5542072386025603	112	0.6138057176972194	
177	114	0.11738359242860784	431	0.16768669993711108	70	0.28634040902005864	368	0.33208989734999617	
178	280	0.24193862966737853	170	0.32704801303760184	117	0.36181257972395314	112	0.39159402328592197	
179	76	0.4801229961318852	451	0.5533247548913584	360	0.5951408455448011	47	0.7035524363664485	
180	16	0.1845502034060297	160	0.49622734658274603	230	0.5018004064502715	151	0.5380491733292034	
181	398	0.42298307352143255	476	0.46535182079605547	118	0.6408544722840258	477	0.6482712437840352	
182	249	0.2929014757548194	424	1.05720039638167	105	1.148455446216961	369	1.2765756015629732	
183	166	0.20018292531651158	176	0.4499361022347972	12	0.7121516247714468	128	0.7816106721163596	
184	420	0.34324198881752305	115	0.42397360850572	266	0.4940673881213039	245	0.643297584910446	
185	194	0.3747398550110568	242	0.4359967698309077	61	0.448884623946116	260	0.4965562749986132	
186	484	0.6464787735610735	10	0.8247568082796437	456	0.8631456540116763	390	0.8755831066779608	
187	7	0.2713039382916914	385	0.7785088532640742	392	0.8202717915951909	320	0.84791975577388	
188	443	0.16907416920457818	51	0.37664920484505154	388	0.5495966670432414	455	0.5779099191459597	
189	50	0.4613740694845492	146	0.47603555862245606	132	0.4977864060597523	65	0.5240132065583074	
190	496	0.43798448785581306	92	0.5543186457316427	244	0.6466517363900738	276	0.7244406357980081	
191	153	0.3307502950963894	328	0.606289240708623	488	0.6301432857579358	455	0.6763022102171738	
192	430	0.3727616993095863	492	0.604311297505848	413	0.6806156460512762	26	0.9178484289878783	
193	315	0.3649940195531142	150	0.6068029714511098	159	0.702469887638689	263	0.7513647396982536	
194	242	0.2723660210173898	185	0.3747398550110568	64	0.4921063330894972	110	0.4977358697340107	
195	134	0.686432291196886	4	1.190256711770213	140	1.35480545857609	240	1.360989674803087	
196	161	0.1328395123610499	392	0.5439967178786566	346	0.6855215303608108	7	1.0167716705298544	
197	248	0.2238520039926086	294	0.6477234653691218	349	0.7645043414840232	204	0.829426305916909	
198	259	0.49144988712338933	124	0.6674141097455909	338	0.6963906975870823	411	0.765904786413007	
199	467	0.7828448710664309	152	0.8879537984292277	108	1.0976528365410358	329	1.1111648901211817	
200	227	0.35806779369435726	99	0.42811569832681223	319	0.6232180611985022	250	0.741972546838993	
201	404	0.44161447585301133	31	0.5073459585028314	285	0.6075296854997293	414	0.6847734442843361	
202	271	0.5403163094264982	100	0.648650428020724	115	0.9075269468585545	266	1.0864295182590136	
203	285	0.7249613850636349	80	1.0915030147384983	50	1.1390306531445502	201	1.1694034969802414	
204	349	0.4123257863442328	294	0.5250326662842193	73	0.5986090276421632	31	0.7348323627060968	
205	302	0.26857177816697797	230	0.43759729340077125	378	0.49739499475212684	364	0.5000362688499175	
206	215	0.22874140177831032	498	0.2976674567901515	252	0.3510316643867226	217	0.5137599353450916	
207	410	0.2522332344569763	278	0.269335092611648	324	0.3140853132778371	282	0.37214569275503884	
208	407	0.6567149801722545	181	0.7285731340008268	398	0.7381412064003805	47	0.7806280267873249	
209	71	1.0261699178953885	127	1.4034764463177296	290	1.4467892357259977	330	1.4582713030654193	
210	290	0.2566041128795903	71	0.7087726208389825	127	0.8095579416461648	89	0.8600194604211641	
211	466	0.8466941207319993	459	0.895736900826347	28	0.9557888284584534	236	1.0515283017318713	
212	286	0.3023494162243756	321	0.857452040823127	163	0.9266052017374791	94	1.01800689699625	
213	109	0.3722447010674325	110	0.519158788746231	102	0.5403090421965204	397	0.5451114506252577	
214	494	0.18559718665788807	391	0.5390674704458237	52	0.5764062885654909	457	0.5851209250968973	
215	206	0.22874140177831032	157	0.4183015321464777	498	0.43203060057661685	15	0.5287728166118302	
216	423	0.21804755863626718	475	0.4066557762903274	364	0.6286243871600954	489	0.7241106918039709	
217	107	0.3125324245049593	252	0.4808345840618054	498	0.4811776503174188	206	0.5137599353450916	
218	33	0.4366989003450315	68	0.4375820732092301	304	0.549723176828668	239	0.6450247988515755	
219	228	0.6510013844156052	268	1.3620175876677958	350	1.411486589561743	141	1.4804801693703293	
220	493	0.3520815279027914	400	0.6350556214999715	352	0.648819577677099	378	0.6723420308146069	
221	169	0.645375818169041	159	0.6701392487082933	233	0.6883062912123168	263	0.7510980805839341	
222	429	0.6805869946444172	309	0.9844249051648547	351	1.0195911578451535	265	1.2035630046613832	
223	348	0.5088778017348796	33	1.0056394603829297	458	1.026637283517121	304	1.0868522133432263	
224	273	0.28614303503828065	369	0.6350837446228087	415	0.7691637968523626	105	0.7842697856508852	
225	88	0.46083041811213615	101	0.5226956384183704	418	0.8435051628394806	429	0.8904004355516077	
226	85	0.7309823489544514	381	0.8244491831020184	76	1.1117017665121431	166	1.151971527281983	
227	99	0.18547744159462629	200	0.35806779369435726	357	0.7413305556173134	250	0.7986110203296691	
228	219	0.6510013844156052	192	1.1061228251625173	268	1.272973103767307	375	1.3797872685623112	
229	231	0.5609984024945749	472	0.9676209608484952	310	1.0463160032321994	318	1.2156010274164866	
230	151	0.29633380065138715	302	0.350845027693709	489	0.43154826414236874	205	0.43759729340077125	
231	229	0.5609984024945749	310	0.6895142235373466	371	0.8066050646988656	472	0.8580569117477818	
232	316	0.2276747420641272	443	0.9602097784888067	188	1.0844795490459727	122	1.1407024922388531	
233	97	0.6022692775514327	77	0.6654523760815659	221	0.6883062912123168	87	0.8867907682259797	
234	454	0.3343674942874065	143	0.3795950333211964	25	0.5180065146193178	341	0.5359224757812252	
235	422	0.3199196862620521	24	0.32662034492349706	19	0.431908651400357	481	0.5053274664055629	
236	28	0.5821652973450774	459	0.6680154785774006	425	0.702542586679489	466	0.8246349490643736	
237	21	0.7061232673933926	417	0.7424299957776037	45	0.8548024086532855	138	1.229529099470321	
238	55	0.32828641139768744	130	0.44817447114160824	53	0.6096249205969676	10	0.6549107957684026	
239	458	0.4962831950996068	33	0.5394767990625938	218	0.6450247988515755	68	0.6870851764973234	
240	495	0.4163509479838006	105	1.1657445679534586	415	1.2713111309145222	380	1.272420234811082	
241	113	0.6078604217419981	458	0.7815513883484447	74	0.7828079827587625	9	0.8359008836843387	
242	194	0.2723660210173898	110	0.3585279995410764	185	0.4359967698309077	213	0.6040325593558316	
243	202	1.2487857718161663	222	1.3028739351816816	144	1.3854563649637166	271	1.3951202091645918	
244	190	0.6466517363900738	445	0.6833022477416401	276	0.7633063283509772	92	0.779375015102995	
245	420	0.3318698422605555	115	0.3747468144505413	11	0.5122610431053087	184	0.643297584910446	
246	289	0.8624349901708193	439	0.9401429275734534	356	0.9575165271637638	21	1.2309823904825283	
247	129	0.21765318332398825	136	0.7672846312581055	269	0.7685431681249038	207	0.7717525331172417	
248	197	0.2238520039926086	294	0.5534947792078108	349	0.7080510672285211	204	0.8573139279521462	
249	182	0.2929014757548194	424	0.8480161793239367	105	1.0468936592018356	369	1.0529498104755473	
250	53	0.5714767189263138	460	0.5853172209651196	308	0.6079957372425745	200	0.741972546838993	
251	335	0.3287082378311643	125	0.7176713779422155	322	0.7244268973426575	124	0.7696701561973794	
252	498	0.2349975401906742	206	0.3510316643867226	217	0.4808345840618054	215	0.5404868227552588	
253	80	0.4912990896171011	65	0.6349480071361011	146	0.6438689174945993	50	0.7004082144057792	
254	59	1.6400175411404658	442	1.7852163574506135	332	1.7872131109881357	440	1.7885194444188544	
255	405	0.43474648414668077	6	0.6895985294292437	24	0.7466095713362757	446	0.7472956251575457	
256	402	0.3228803741628795	272	0.3516206985456938	23	0.5001838432083231	25	0.6047135984284294	
257	326	0.35850353000892143	410	0.4236473783226022	463	0.44964114167789754	95	0.4530529260964448	
258	382	0.5440199223470158	391	0.804172168915028	287	0.9997196353104807	457	1.0013265160747913	
259	338	0.3728152006587849	30	0.4246548747393036	198	0.49144988712338933	498	0.6475876612892478	
260	363	0.3964173805549675	8	0.3999661997870811	170	0.4009033824141925	280	0.4480937753498321	
261	363	0.22407409760949912	360	0.43144315801469413	17	0.4620974388938508	76	0.47035870424187115	
262	140	0.5668527562356254	134	0.7996780902249812	415	0.9177436131065577	4	1.1081314328272815	
263	457	0.4534310662875111	66	0.582502026115031	395	0.6112710994995985	150	0.7395023413263181	
264	104	0.1581157848342524	283	0.49974016971907287	64	0.5411132011009399	87	0.6393040225063589	
265	339	0.7413044693800408	81	0.8467811802860767	429	0.9852341041571226	418	1.0902747658074758	
266	403	0.3321724735938216	11	0.4028793101725401	100	0.47196382576620843	184	0.4940673881213039	
267	425	0.6386628089027405	289	0.7060870202959694	236	1.0457519006330036	421	1.2107989042445026	
268	375	0.2744550571850835	379	0.4844406009082257	128	0.8201251031358009	26	0.8739508491063213	
269	307	0.6198119259490974	247	0.7685431681249038	305	0.7747135667252742	129	0.8448495949331593	
270	334	0.6975243989859938	19	0.7509681375741533	405	0.7517023934855509	479	0.8690141922901479	
271	202	0.5403163094264982	327	0.8411290202835086	100	0.985394171569135	81	1.3751774840816042	
272	256	0.3516206985456938	25	0.45239408480394183	468	0.4929774809827102	121	0.509132324951144	
273	224	0.28614303503828065	369	0.5450266035673468	4	0.5828365308705391	105	0.6237539829336163	
274	453	0.33254188025968445	120	0.35056576483839447	143	0.388897040348418	117	0.4050760118974694	
275	252	0.5672570802950021	62	0.7000746093662704	408	0.7157856353753846	137	0.7202748327249222	
276	190	0.7244406357980081	244	0.7633063283509772	275	0.872606291096012	419	0.878506995060835	
277	67	0.7638219086494018	276	0.9377774105112061	217	1.128864546469302	411	1.224281864246355	
278	282	0.17466237370947166	207	0.269335092611648	410	0.3240239943350546	324	0.35938724427633184	
279	123	0.48717836996561564	456	0.5505812515050057	390	0.5678312289260006	10	0.6587266206191614	
280	175	0.23641217732969186	178	0.24193862966737853	170	0.2662764547011744	284	0.37217868986524777	
281	69	0.33268366358768225	378	0.437163728940484	400	0.4736842733639526	302	0.5204805781692761	
282	278	0.17466237370947166	410	0.2901101963573598	284	0.3452115011403154	207	0.37214569275503884	
283	87	0.4215898704251412	264	0.49974016971907287	64	0.5105706248025919	373	0.5110051797090968	
284	175	0.22996173776258724	282	0.3452115011403154	280	0.37217868986524777	112	0.41522808361140784	
285	201	0.6075296854997293	203	0.7249613850636349	384	0.9011526265654367	404	0.9233189110037008	
286	212	0.3023494162243756	163	0.7114145267798787	321	0.7621792171294887	94	1.0504763711787783	
287	111	0.41719181835783437	150	0.45858219596959754	491	0.5206220434290864	367	0.5552491272953385	
288	52	0.4825454448897794	1	0.8614238700455398	494	1.0091928104903873	214	1.0342110447713662	
289	425	0.6392939917091716	267	0.7060870202959694	421	0.7785137193177043	246	0.8624349901708193	
290	210	0.2566041128795903	71	0.4745608173358282	127	0.7106760181348075	330	1.0511930621308874	
291	85	0.9107795513955642	381	1.2078996724437432	472	1.2331153017127208	374	1.2524273783205087	
292	5	0.4289606531569292	360	0.7048285581003655	451	0.7378000651300074	179	0.7606147893591086	
293	487	0.5485069787590466	168	0.5856265020669491	13	0.6704189089498572	336	0.7154794837310741	
294	349	0.18246640861323088	73	0.3399259516813232	204	0.5250326662842193	248	0.5534947792078108	
295	90	0.2921308331054179	119	0.34638885828838323	471	0.46222555652202446	109	0.4661274963604225	
296	454	0.4105078383957324	38	0.4711528659575542	234	0.5501069466474561	393	0.6310240567214519	
297	473	0.2934903097482409	384	0.5322443956110808	204	0.8784890290044992	14	0.9350254211902341	
298	350	0.97227967361792	435	1.1388973846750972	310	1.2592007299303953	141	1.3304821917627316	
299	158	0.48388042309639684	13	0.5746699839289153	37	0.5891417811902838	358	0.6028191292088694	
300	438	0.5296922669225657	54	0.5735266772055586	354	0.6088610018275674	382	0.8183084282223945	
301	46	0.18672372333048234	308	0.5494202063019906	460	0.5660062790360987	63	0.5710511936614465	
302	205	0.26857177816697797	230	0.350845027693709	468	0.47936322722703517	281	0.5204805781692761	
303	482	0.8914301961029178	445	0.9163619276019063	211	1.1212826674454033	149	1.2058894704428644	
304	218	0.549723176828668	33	0.6527200913215222	348	0.6645437743944249	403	0.7254214285910876	
305	462	0.5675104399614731	6	0.7370100269830787	269	0.7747135667252742	22	0.7987208515933775	
306	344	0.4315784556863178	347	0.7320880641692619	48	0.9572482641854505	156	1.0094551877501132	
307	318	0.4798713260286607	269	0.6198119259490974	337	0.6767203356582672	136	0.8661615034128911	
308	460	0.3267792455881112	146	0.4247069195480235	414	0.5163338472932016	46	0.5284350834348998	
309	29	0.6453294984274397	351	0.783280889088972	222	0.9844249051648547	429	1.4535815909193641	
310	435	0.27581778695201475	231	0.6895142235373466	150	0.8967477120928333	318	0.9736321333459788	
311	424	0.8089031576614798	34	0.9013448424352153	376	1.0033924052332817	359	1.125801442488504	
312	95	0.3874910108541874	360	0.47088170137876006	257	0.48910324145137196	207	0.5358130482819145	
313	401	0.6553980439812116	40	1.3911877605693448	359	1.4002159305127893	89	1.4039782604484325	
314	36	0.45008573808007407	362	0.829368856750546	122	1.0121717442141507	488	1.2019360050099257	
315	193	0.3649940195531142	492	0.6674433460506678	159	0.7630598659827827	82	0.7680298266577613	
316	232	0.2276747420641272	443	1.0746920757062841	188	1.198876423898713	478	1.2097879856384568	
317	2	0.6474708111496112	37	0.9290043310538387	496	0.9783331804265678	399	0.9901688818351009	
318	337	0.30926287556519805	307	0.4798713260286607	136	0.5172003091995716	353	0.8546879641626516	
319	39	0.30200670125523266	200	0.6232180611985022	53	0.6234394402598197	238	0.7824640466883932	
320	58	0.5147436178165768	31	0.56957357329924	414	0.736184984625687	385	0.787498254231071	
321	163	0.5922442470184861	286	0.7621792171294887	212	0.857452040823127	343	0.8719956791079261	
322	125	0.42513318628153446	3	0.49764496939111236	335	0.5161335706256933	62	0.5707046307520883	
323	155	0.583889597630849	485	0.7183968329093628	469	0.722417817081066	133	0.962933940406419	
324	353	0.1409957084679801	207	0.3140853132778371	278	0.35938724427633184	410	0.4463924642611889	
325	80	0.572171563156353	253	0.7612067837243962	343	0.7983660648560661	431	0.8653083152749171	
326	463	0.3077531609314076	412	0.32366482320797424	257	0.35850353000892143	95	0.35860116563382044	
327	271	0.8411290202835086	135	0.9438829736301746	241	1.0901946705726748	145	1.1142214905264063	
328	173	0.533431055696197	191	0.606289240708623	355	0.6198774500398556	153	0.8419340142495634	
329	108	0.5110555065210574	152	0.8546126168343404	199	1.1111648901211817	467	1.1363662845174347	
330	71	0.854176825935521	131	0.8941718823422778	290	1.0511930621308874	210	1.1545382788934238	
331	62	0.16711703329158387	124	0.35479730279780425	322	0.5986017566287889	437	0.6527716714627401	
332	442	0.48586653418931597	385	1.0480602860322328	394	1.2079493099779444	187	1.2621784755259022	
333	361	0.42989375267498353	43	0.8880579088987967	44	1.5225278553643569	246	1.5837912589417389	
334	270	0.6975243989859938	255	0.9053860709361823	446	0.9064569589010042	405	1.017510541293221	
335	251	0.3287082378311643	3	0.4797760197424828	322	0.5161335706256933	125	0.6314259322284896	
336	13	0.35322046881790187	83	0.5005471677492095	386	0.5095217867246561	481	0.583566218905163	
337	318	0.30926287556519805	136	0.32287697003017046	353	0.5873179028834286	324	0.6349871481731004	
338	30	0.2564514117517763	259	0.3728152006587849	60	0.4011721511674151	497	0.6912602988835035	
339	81	0.7198741319010706	265	0.7413044693800408	171	1.2989396869732912	388	1.318648219814609	
340	0	1.225259002014132	387	1.2896274397846332	155	1.3682629428881579	464	1.5203827549763795	
341	491	0.20992571159939885	143	0.2940439579308522	367	0.2979417043875625	111	0.3107185882610615	
342	465	0.3428916476136556	446	0.4347041218850458	15	0.4469488523074843	389	0.5621126667104177	
343	114	0.37284362597497106	177	0.4627836171018866	431	0.5345056532012515	370	0.544849575919681	
344	306	0.4315784556863178	84	0.8580885450565828	396	0.9378183045746354	218	1.0665485451603984	
345	499	0.3995130527184709	404	1.0487004921527612	201	1.3186384128422064	14	1.397575965683075	
346	161	0.6455883580776675	196	0.6855215303608108	392	1.0395485270349778	27	1.2446027467139134	
347	433	0.47151789692003027	48	0.5776948504545932	471	0.5931932896911855	156	0.6592561321499895	
348	223	0.5088778017348796	304	0.6645437743944249	33	0.83517447514327	403	1.0215719562063812	
349	294	0.18246640861323088	73	0.23738641342182693	204	0.4123257863442328	448	0.6494919155833857	
350	141	0.43699484414481526	298	0.97227967361792	371	1.1854178894004306	435	1.2138321531777116	
351	309	0.783280889088972	222	1.0195911578451535	429	1.0976547801063932	29	1.4208098729196765	
352	69	0.3023276873686438	493	0.45168443568628147	48	0.49863916808080455	378	0.5015261544363827	
353	324	0.1409957084679801	207	0.3742845548874451	393	0.43388269757337244	278	0.4871953830332249	
354	41	0.5122407039014873	300	0.6088610018275674	438	0.9063331089720807	54	1.1070831287667455	
355	418	0.44586730927926715	328	0.6198774500398556	81	0.9152834469920015	101	1.0660867220013606	
356	439	0.6787962254570092	289	0.9480027227202137	246	0.9575165271637638	164	1.0227711198221472	
357	59	0.36354386881260825	227	0.7413305556173134	99	0.8553682766705765	250	0.8616100467897995	
358	299	0.6028191292088694	462	0.7954976930636216	300	0.9700636641850661	158	1.0420220667089595	
359	34	0.3811224078766927	96	0.47251948872767346	89	0.5642297479177318	4	0.692866513581008	
360	261	0.43144315801469413	312	0.47088170137876006	76	0.4944852335867684	17	0.5618363364281501	
361	333	0.42989375267498353	43	0.8226148412249831	44	1.1857566112230176	267	1.3489168665965412	
362	191	0.7648535689619109	366	0.7803065978833676	314	0.829368856750546	72	0.9288828798884361	
363	261	0.22407409760949912	260	0.3964173805549675	280	0.4203200327329199	170	0.4284318478897287	
364	489	0.16778642599871527	423	0.4472390797711897	151	0.4795393002598992	230	0.49568290634436385	
365	311	1.7919618098874572	376	1.8436072866881679	182	1.9756251192852836	249	2.1614149180931115	
366	72	0.5288976731823639	362	0.7803065978833676	173	0.8755141013364769	167	0.8944242910275979	
367	491	0.18382619093460356	111	0.18601994129777932	341	0.2979417043875625	66	0.47041183087346927	
368	428	0.11205596486035688	70	0.2260822888398025	126	0.2997581258856735	177	0.33208989734999617	
369	273	0.5450266035673468	224	0.6350837446228087	4	0.7346368603467898	105	0.7776677058781966	
370	343	0.544849575919681	114	0.5475575707310671	431	0.6193634792236541	177	0.6385759780013419	
371	112	0.6202886621682167	176	0.6367322912168177	175	0.7700907455429851	231	0.8066050646988656	
372	47	0.7261657786528889	476	0.9781519262225856	398	1.055740616918816	208	1.073383405968787	
373	283	0.5110051797090968	295	0.5418773268491276	64	0.5438581834250363	119	0.6029284867314425	
374	472	0.26597912129322215	136	0.8550883885632593	85	0.8723179778558537	318	0.9846327613047925	
375	268	0.2744550571850835	379	0.5262885989617009	26	0.7980642856002004	407	0.8223119530155981	
376	34	0.8542308447578579	96	0.8910808560950735	311	1.0033924052332817	359	1.1283322260589066	
377	467	0.6025672174069894	39	0.9431819605144784	394	0.9928199594999398	200	0.9956116733463591	
378	69	0.34350433155353155	468	0.40269989635507897	281	0.437163728940484	487	0.47656823143111865	
379	12	0.44047247933067346	26	0.45691971583428026	268	0.4844406009082257	375	0.5262885989617009	
380	495	1.0247825111790674	105	1.0555860324975908	240	1.272420234811082	182	1.3818619159044088	
381	85	0.5004004661223115	166	0.7398802736914104	226	0.8244491831020184	371	0.8577184915476898	
382	391	0.46546220657662135	258	0.5440199223470158	54	0.6098650182854098	300	0.8183084282223945	
383	453	0.30501175339238346	274	0.44392929440932877	111	0.49315470212690277	367	0.5592001884572602	
384	297	0.5322443956110808	473	0.5503623484656003	14	0.7015719546390589	204	0.8217536006495719	
385	442	0.707503958124169	187	0.7785088532640742	320	0.787498254231071	440	0.9123733739688036	
386	481	0.11777779404806674	422	0.3621802262526879	336	0.5095217867246561	235	0.5494217655997767	
387	392	0.5467433188732531	7	0.5998404256580809	63	0.7637967192680731	187	0.8696382117716777	
388	188	0.5495966670432414	443	0.5815753781087166	51	0.625505086004114	488	0.75927227488623	
389	465	0.24731132420478213	15	0.5517737795125038	342	0.5621126667104177	107	0.5793679495417058	
390	123	0.21020861873100213	279	0.5678312289260006	55	0.813859197052516	10	0.8424255325073954	
391	54	0.44243237618280296	382	0.46546220657662135	480	0.5032111577753007	494	0.5243592285757082	
392	196	0.5439967178786566	387	0.5467433188732531	7	0.6182101749717682	58	0.6553732586286848	
393	454	0.3948629424800368	353	0.43388269757337244	324	0.5042803699455036	22	0.5647984318258477	
394	377	0.9928199594999398	329	1.1582899365737132	332	1.2079493099779444	99	1.2673003872566553	
395	457	0.45140463861872526	263	0.6112710994995985	494	0.6825881414832428	221	0.8060910421579638	
396	87	0.7448953333145716	218	0.8256246579590734	68	0.8271135042281449	283	0.8365986336286809	
397	102	0.4312011335429966	109	0.44646848937982175	295	0.5342813821450378	213	0.5451114506252577	
398	181	0.42298307352143255	476	0.48358033677252804	208	0.7381412064003805	47	0.7697261220175762	
399	496	0.6483639169181936	466	0.8124138166410939	317	0.9901688818351009	190	1.004746074483096	
400	106	0.25335676661425816	493	0.4575881305222875	281	0.4736842733639526	352	0.6303572293217463	
401	313	0.6553980439812116	330	1.1740336217922873	89	1.2197751775572778	210	1.4254090676889648	
402	256	0.3228803741628795	160	0.5151413768926636	272	0.5246646518597049	147	0.5810713493035591	
403	266	0.3321724735938216	33	0.5727482514172945	11	0.6133933174339753	68	0.6743825349204934	
404	201	0.44161447585301133	31	0.7465653701096221	253	0.7709731187854674	414	0.8696273904891044	
405	19	0.3782387975974139	255	0.43474648414668077	24	0.4518514778129783	6	0.49550486936914323	
406	397	0.5632485914372775	433	0.5963657040185255	373	0.6299943823002104	352	0.6551679366230415	
407	154	0.6276977938045155	208	0.6567149801722545	477	0.7025798256547949	375	0.8223119530155981	
408	162	0.40718132891268444	137	0.4256580042697802	441	0.5129052902358303	20	0.6122039929675829	
409	41	0.7014307536087342	382	0.8564287920874777	287	0.917615847449578	310	1.055324927067025	
410	207	0.2522332344569763	282	0.2901101963573598	278	0.3240239943350546	257	0.4236473783226022	
411	107	0.3210284078446684	217	0.5940388990805595	389	0.663498038747529	259	0.6940157690706953	
412	326	0.32366482320797424	95	0.34433958349634974	463	0.4953542593392381	257	0.6336910367188421	
413	97	0.46168137140417936	87	0.6261494855472522	492	0.6321047931784736	430	0.6385537374021358	
414	448	0.3471071986987358	31	0.4034660173263493	308	0.5163338472932016	146	0.5473075353587148	
415	224	0.7691637968523626	273	0.8686666815091774	127	0.8875542715669668	262	0.9177436131065577	
416	164	0.6723205639485113	139	0.8917557283056602	439	1.0817547590798766	426	1.1560728702586553	
417	21	0.3461284745721593	138	0.6924432896558359	237	0.7424299957776037	459	1.0061574157458482	
418	355	0.44586730927926715	101	0.7560354339008414	225	0.8435051628394806	328	0.9407383421341715	
419	275	0.7708191549452171	322	0.7875870299800294	125	0.7911901308686148	190	0.8398086623139541	
420	245	0.3318698422605555	115	0.3392524354128009	184	0.34324198881752305	266	0.5388510335652893	
421	425	0.6577301935897113	289	0.7785137193177043	459	0.7887672429043625	138	0.8020470369341844	
422	481	0.2810518988350939	235	0.3199196862620521	386	0.3621802262526879	19	0.49253309445391813	
423	216	0.21804755863626718	475	0.3019798606418768	364	0.4472390797711897	489	0.531300577882599	
424	311	0.8089031576614798	249	0.8480161793239367	35	0.8809351446432668	369	1.0554836466552058	
425	267	0.6386628089027405	289	0.6392939917091716	421	0.6577301935897113	236	0.702542586679489	
426	57	0.872566259860947	421	0.9570093661012022	164	1.0959621433595228	416	1.1560728702586553	
427	497	0.32069916910921176	137	0.3876321267205089	490	0.39566058907221086	162	0.45194457250335296	
428	368	0.11205596486035688	70	0.22732104897599106	126	0.2672603984142747	431	0.3694532814556538	
429	222	0.6805869946444172	225	0.8904004355516077	88	0.9555330959013388	265	0.9852341041571226	
430	492	0.2608007375621887	192	0.3727616993095863	413	0.6385537374021358	26	0.697499805656749	
431	177	0.16768669993711108	114	0.23485865180438134	70	0.33390548568101874	368	0.3497880869706793	
432	119	0.24995082538152938	103	0.4622970396989543	295	0.469725264501139	8	0.47131742375073676	
433	471	0.2765002313690157	119	0.4033464823851011	347	0.47151789692003027	156	0.48355397443451714	
434	49	0.32101095570984095	281	0.6216079726068322	400	0.6883257735393272	106	0.7820043565097787	
435	310	0.27581778695201475	150	0.6930648737605959	231	0.8625803150098262	371	0.9218763973667659	
436	51	0.8345314458138758	74	0.9541979472675053	56	0.96983660236951	188	1.0647164189221374	
437	130	0.32128354889772004	368	0.5469189492613514	162	0.6004462368019685	20	0.6009137708641422	
438	300	0.5296922669225657	1	0.8767349386775666	54	0.9055442694988831	354	0.9063331089720807	
439	164	0.5600399823527092	356	0.6787962254570092	246	0.9401429275734534	416	1.0817547590798766	
440	385	0.9123733739688036	297	1.0351569279677497	59	1.0682256342372956	320	1.1524170399365683	
441	20	0.3716004578192897	408	0.5129052902358303	162	0.6658248176083628	114	0.6848443252847065	
442	332	0.48586653418931597	385	0.707503958124169	187	1.1897552320618248	59	1.2007391418735416	
443	188	0.16907416920457818	51	0.5013657199548641	455	0.5157276630737683	488	0.5743191024517498	
444	140	1.7807437093668845	210	1.8624750307214328	290	1.9563081663499422	89	1.9625160873264966	
445	244	0.6833022477416401	190	0.8896716741561655	303	0.9163619276019063	276	0.939200755797974	
446	342	0.4347041218850458	405	0.6739725623298666	255	0.7472956251575457	465	0.7496258988914775	
447	128	0.4396445130413296	208	0.805868196109722	12	0.8115568986076711	47	0.8230514129026528	
448	414	0.3471071986987358	46	0.47082793023928743	73	0.48958875590859074	146	0.5201384120064856	
449	147	0.32866916856726597	19	0.36835403318153814	6	0.49998161356620235	422	0.5795410088819601	
450	77	1.3376538559828972	395	1.4530190945647579	263	1.6344006055972673	258	1.6667356020161563	
451	76	0.5085717323077716	463	0.553069602429816	179	0.5533247548913584	360	0.5795426139723558	
452	168	0.4951665222837098	165	0.6678680127458649	347	0.6771156058990183	471	0.679440077266047	
453	383	0.30501175339238346	274	0.33254188025968445	120	0.4129570511448876	117	0.4965797544876392	
454	234	0.3343674942874065	393	0.3948629424800368	296	0.4105078383957324	324	0.59879932735313	
455	488	0.16751428611258892	122	0.30323805765987666	443	0.5157276630737683	153	0.5412799845307518	
456	279	0.5505812515050057	484	0.659119929993857	10	0.7335529956558299	186	0.8631456540116763	
457	494	0.42191462671533797	395	0.45140463861872526	263	0.4534310662875111	66	0.47998196583420166	
458	239	0.4962831950996068	113	0.5635295690572053	9	0.6522974174506463	241	0.7815513883484447	
459	138	0.37322971034921	236	0.6680154785774006	421	0.7887672429043625	28	0.8082431275069798	
460	308	0.3267792455881112	301	0.5660062790360987	250	0.5853172209651196	58	0.5960343457539882	
461	2	0.5011480934919015	317	1.017592805512802	49	1.0870943797364505	434	1.1278013960340796	
462	305	0.5675104399614731	22	0.7552719272888222	358	0.7954976930636216	299	0.8464196759917542	
463	326	0.3077531609314076	257	0.44964114167789754	412	0.4953542593392381	76	0.5091348910725056	
464	133	0.5096746164970316	469	0.8720772182828063	155	0.9176778924396484	93	1.0373630561808045	
465	389	0.24731132420478213	342	0.3428916476136556	15	0.35262223308964363	107	0.5255537888984059	
466	28	0.36966167505682906	399	0.8124138166410939	236	0.8246349490643736	211	0.8466941207319993	
467	377	0.6025672174069894	199	0.7828448710664309	152	1.0356059585326214	133	1.0572567602152452	
468	487	0.33304948675951507	378	0.40269989635507897	302	0.47936322722703517	272	0.4929774809827102	
469	133	0.44197860070043066	323	0.722417817081066	485	0.8510682307045727	464	0.8720772182828063	
470	42	0.7122518233181067	245	0.8690782277684966	75	0.9153966218080491	420	0.993253570048342	
471	433	0.2765002313690157	119	0.3485926602743504	295	0.46222555652202446	90	0.5395058835802106	
472	374	0.26597912129322215	231	0.8580569117477818	318	0.9353044015263415	136	0.9402296995600735	
473	297	0.2934903097482409	384	0.5503623484656003	14	0.8036451122893574	204	1.0505105917162485	
474	27	0.6816215209703604	63	1.088679387412987	0	1.1050139478845071	148	1.1598280495195314	
475	423	0.3019798606418768	216	0.4066557762903274	364	0.5012716153691088	172	0.5315600104731083	
476	47	0.4225848509814885	181	0.46535182079605547	398	0.48358033677252804	292	0.8023977192499238	
477	154	0.45071846224098766	194	0.6302261487106315	118	0.6327100995919241	181	0.6482712437840352	
478	56	0.4405106340243192	51	0.8132298938705119	188	1.128801239802215	232	1.1529554959432853	
479	16	0.46725197603117924	160	0.49168048408319504	180	0.6276297315472207	151	0.7582014276130913	
480	54	0.4196371666941579	367	0.4744519929343588	391	0.5032111577753007	22	0.5090514412413019	
481	386	0.11777779404806674	422	0.2810518988350939	235	0.5053274664055629	215	0.5671207264271451	
482	303	0.8914301961029178	445	0.969097257807594	211	1.0936358602659269	496	1.2861727088554245	
483	86	0.20926957165691243	3	0.4180414355534816	322	0.8334352947986906	335	0.8801610298048109	
484	186	0.6464787735610735	456	0.659119929993857	18	0.738452199074635	10	0.8442660520074255	
485	323	0.7183968329093628	216	0.7525916479619505	338	0.8156260310319879	469	0.8510682307045727	
486	125	0.555905399061421	322	0.5836023819118688	335	0.680467551209769	3	0.7412460914898897	
487	468	0.33304948675951507	168	0.46197462460665517	378	0.47656823143111865	69	0.4824182442512829	
488	455	0.16751428611258892	122	0.25713143096086916	153	0.5254092875974178	443	0.5743191024517498	
489	364	0.16778642599871527	151	0.3315677469656158	230	0.43154826414236874	423	0.531300577882599	
490	427	0.39566058907221086	126	0.4143796303208522	162	0.4862562864559113	497	0.4975475980377014	
491	111	0.1200842171508135	367	0.18382619093460356	341	0.20992571159939885	66	0.2927970715221292	
492	430	0.2608007375621887	192	0.604311297505848	413	0.6321047931784736	82	0.6566967901904542	
493	220	0.3520815279027914	352	0.45168443568628147	400	0.4575881305222875	106	0.6518338702889206	
494	214	0.18559718665788807	457	0.42191462671533797	391	0.5243592285757082	66	0.5825025375834236	
495	240	0.4163509479838006	105	0.8184235907777837	380	1.0247825111790674	273	1.0819868815998344	
496	190	0.43798448785581306	399	0.6483639169181936	92	0.773070255747695	466	0.8894857480998996	
497	427	0.32069916910921176	30	0.4929663201708053	490	0.4975475980377014	157	0.5252887204174722	
498	252	0.2349975401906742	206	0.2976674567901515	215	0.43203060057661685	107	0.4673753260343389	
499	345	0.3995130527184709	404	1.0939966241616357	440	1.2210697582032939	14	1.2976844269172283	
