-6.2195592112828813	-4.6830978262966028	-0.7055324011267157	3
2.3561278985141847	0.4080411483979036	2.8088781702401704	4
6.7023769720435435	7.6402200689950241	7.7439624109859233	4
-0.7910933689791708	2.8636253958711708	1.9258021309400917	1
-1.7499153781106473	-3.5195926210661472	-4.1388916289739619	0
-0.9201438574131462	-1.0285454988942790	2.3081966911114935	2
-2.9987936447053674	-3.1301641980498225	0.4302797048260727	1
-6.3350257687375402	-2.6463908240014242	-1.5273724306543761	3
0.3819989464107794	-1.4187978776356935	1.9607033201370085	4
-1.2099887395923870	-3.4737584297964545	-4.6996908989952910	0
-4.9912308721461196	-0.9173773168068915	-1.4110090181018968	3
-3.1395029255095395	-3.9228212848190602	-3.4436592761499414	0
3.2323001911833260	0.6600311928838929	4.6824341834489491	2
0.4711389241464685	0.6507202263879277	2.4796480860568377	1
-6.1725593781705612	-2.5108578175010994	-4.2940865195571538	3
-4.1436776553769752	-2.0962962272928394	0.2193694817383074	1
-3.8210180344754416	-2.9530905564101353	-0.5408742448892445	1
0.1361747286179567	-1.3817398878329250	2.2631757451378927	2
-2.4438359156624951	2.9969472152506889	2.1298389167610488	1
-0.3854134567354601	0.0827499451473245	3.2602640822486846	4
2.3473751419911535	4.4490497369630218	4.5460246970816591	4
-0.0971842977440991	4.0170638830446626	4.6708034163520287	3
1.1047627051247848	-0.3631655744702196	3.2809266838346294	4
-0.2741053676602796	-0.7765214351017589	1.7094650383184260	4
-0.1167970734292711	0.4794122689874363	3.3655163317345211	4
3.3559859632523841	2.2779174325929183	5.1071995234825085	1
-2.4664726630985663	-5.3569271002909389	-1.7850183691847961	2
-2.4819097637280287	-0.8960970535450224	1.3554498572482836	2
-2.7913771324450316	-0.1013569771168279	0.4535312347858711	3
0.9723133291751704	1.4322211598218972	2.7956835379248859	2
-4.3205665445900108	-1.9854752357360888	-0.6232798577889125	1
-2.7464737091698606	0.5378139473355081	0.2921129947390108	3
0.3276300830707990	1.0505526152207230	2.5998762849631514	1
0.7290255547066060	-0.3465506103363644	-0.8052837755742907	0
-2.2900709599805467	-3.2481988495779204	-4.7797615859968756	0
-1.7494051406748323	-4.7461312432818676	-5.5366225796081405	0
-0.6335903015403219	-5.2027819733193077	-5.2552889045838382	0
0.7482640614917817	1.0121193460259279	2.4109065315035112	4
0.9251684480323370	0.1355084896987238	2.5582053946532248	4
-2.3888599414541249	1.2577581871544663	2.1723708023059642	1
-5.4164425917032730	-8.1908493952596491	-8.7963918044655021	0
4.8587326624164398	2.5612463020426586	7.2365235001670500	4
-0.4615034912146605	-0.9915989385680750	0.2522631586864641	0
-1.0405331647990397	1.8012043524038797	0.7766325409581438	3
2.0281665918168290	3.5461290107086301	3.3183320461328281	3
-3.2672270854877432	0.7776411906293266	2.8062061802143008	3
-5.3214897947486346	-2.9124021621193266	-2.0573582614245716	3
2.0978218019086006	0.8501907216038491	4.6411695851954304	2
0.6506584764064227	-0.0027430139819247	0.9550935745024640	4
-0.0489356940150083	1.0808882729126132	1.0732028909059854	1
-1.6312334904217543	0.2315910293208995	0.5681543388448647	1
1.2863265399061243	-0.8196927752130674	-3.0253732692988606	0
5.1272872489209735	3.3232413393354627	5.2761610933191943	4
-8.1772254380252321	-4.9219869361351805	-4.6805014857876790	1
4.7609680111499255	3.0228183764360423	6.1355485160072813	4
-4.7386607117739850	-1.2096342468762753	-1.4245564659083714	1
0.9128346019318737	-0.5476211657185857	-3.6960357766771450	0
-4.8825721203762775	0.5176492798187944	0.9172194156787392	3
-5.8916169207640072	-2.8144363056506640	-2.1381785733725760	3
-6.7580903622284945	-1.4708928931651020	-2.1490834319837493	3
1.6027562529917583	4.0425653784629878	4.9446935762874702	1
6.7811635429999999	4.2754552043241869	7.9229827647919375	4
-3.8438407457749171	-0.8834479146060978	-0.7525829137368150	1
-2.5379563825918297	-0.4637063793438236	1.2291870596507144	3
3.7065645338058961	1.3556494678172941	4.0992695158780466	2
-7.4704464674710840	-5.3935422427430257	-5.1614259580155428	3
4.5692396906307629	2.3232682186518585	5.4209564037876401	4
-4.0241714183467092	-0.2717977210073936	1.6550244770631117	3
-2.1758421539775528	-3.8520171421765728	-3.6983290085840919	0
0.1919467780612250	0.0854921162792759	1.3311515214164285	4
-0.8774242789657960	1.1717146811334125	1.3359630283681199	3
-2.8504656592579014	-4.6195299573735715	-3.6549576857276236	0
1.8829121410061251	-1.1388262018348294	-0.5633191541162887	0
-2.5117685241372589	-0.1970125411255108	0.4582948710444696	3
-1.0476001988763088	-2.5950935516991058	-5.4033189652893174	0
-1.9279320393001638	-0.4456012608635006	0.4590640553063706	3
-0.4285145236224734	-1.9105646913199075	2.6974999328723044	4
-0.4318373376636639	-4.2497104519081237	-2.0702303962635815	0
2.2070880678363336	0.6136928182217221	-0.3813783806140922	0
-1.9965143620325581	0.1657663690674842	-0.5760842122948544	3
-1.3266557818724318	0.7101551839209923	0.3133410261763216	1
0.5109032253076752	-1.6164962755595487	-2.0968797525455778	0
0.9489629290307585	-1.5742969716154154	1.7524210015917698	4
-0.2366058974803150	0.3348675730629842	2.1548670277355693	1
2.1394040711070268	-0.0475891901652239	-0.3557181761922767	4
5.6936283079802639	3.2054593814742920	9.5617432998770813	2
-0.6531385365274609	2.9122369412481497	1.5203931039148779	1
1.1727307293311608	-1.6774479588360904	0.4839803235251594	2
-0.0618873609971269	-2.7717314017601575	-0.1658340473293261	2
-2.6907754009939300	-3.3312647649906135	-4.4119150870032371	0
0.2368655225773129	-0.9709583579081036	1.6714808756278352	2
-4.0492169868090517	-8.1613683329521862	-5.5303416558474661	0
0.2017005290869362	1.3309210368387792	2.8396646347948855	4
-2.0560668141136396	1.1194695255514666	3.8736067464194472	1
-2.9761281343641719	-1.4501153387537151	-4.5274923404067762	0
2.5610129116572757	1.8128531324812798	6.1405209291883303	2
-2.1499756641867087	-3.2115787603087647	-4.3597242064483819	0
1.5681013328282516	-1.9087121218081384	0.6454474347103398	0
-0.8694026949654576	2.7909314034810291	5.7551999027999461	3
-3.0525847987112282	1.6926933911690369	1.7483763006448203	1
-0.1454026237966177	-0.5779012878121236	-1.0161081840917272	0
0.6413470370160712	-2.3740335235001440	-0.4185628789262665	2
-3.1533535741060366	-3.7444639295384730	-1.5654531397654634	4
-2.5677373275136204	-4.0661121847303949	-0.9836934494807688	2
3.4588389671815629	1.2729765411355469	3.4580175351559945	2
-3.8353483820989362	-6.9247629119211940	-7.4083501782629897	0
-3.5643735572342923	-2.4711569714988890	-1.8583357377330456	1
-4.2734456180123415	-1.5691105631243711	0.2670043936682527	1
-3.2327513105951899	2.5999107122073601	2.4470649415397250	1
-0.1098370997730274	-0.9501107083747851	1.4974171263588019	2
0.1786017714131513	-1.4149113939512044	1.5987837636166407	2
1.4225284473444564	-0.7597066640783021	2.7430253876290598	4
3.7476189505986253	1.0683361597999772	5.7238724856830894	2
1.5986301024559668	-0.3519283627987425	-1.7865907769464218	0
-3.7773181978097674	-1.4847579053685207	-1.8366415830491380	1
-0.5181497648747486	-0.5090472199156832	-0.6284363152394472	0
-4.2368452719123306	-2.3027138751712686	-1.6979775591353645	3
3.7274638289667505	1.6110125088219991	5.2852122343912145	2
2.6686958373423688	1.6054986651168379	3.7802300756331735	2
0.6734577255366772	-1.0044240458356837	1.5065054384998331	2
3.7274754683497822	1.6698543873307141	5.3579686868538250	4
0.3768688471414507	-0.7899724301386253	2.0502067430711608	4
1.5902574100160387	-1.4992218087375389	-2.2409541588850144	0
-4.9578200636016589	-1.2672817628590822	-2.0411580793411881	1
1.6773575612432834	5.2808960016455604	5.2314654438218255	1
-3.6303636908405199	-0.2400709749292980	-0.2402565672386525	3
-0.8826273560709730	1.0273719873217499	1.4252423989887033	1
-2.1679815958491933	-4.4668483535425771	-3.7801393648373711	0
2.6877111672867038	-0.1560639486170001	4.9019505115592255	2
-0.0037688504158018	-1.1257965958027754	3.7777727851636262	2
-1.3965289445029434	1.6056665073822116	1.7592619231314146	1
-6.7296870046216828	-8.3886655534072840	-7.6342855410509740	0
1.2647441542342128	3.5965903989283428	4.2766220776950350	1
-2.6005985212209950	0.6975041420211072	3.3991663524137712	1
-1.6444480591300266	-2.9048274342609690	-3.3559580444839763	0
-2.7047706652280228	-2.8773218681799850	-6.3253537060873999	0
3.3235333432826151	1.4221268025702316	6.5639578314375600	4
-0.5579933206071235	1.0389134220237599	2.3414783532372496	1
-5.8943254072438727	-2.2710151381491914	-1.8539297240416994	3
-5.2464780751427540	1.7273304908866915	0.1073842588997995	3
-5.1889713291033210	-6.0191760530799376	-5.9615683917705127	0
1.4805649850993858	-3.2611692635092089	3.2743129739205754	2
1.1167352102801100	1.2876517888850909	7.1211480854477669	2
7.0738619058669681	5.2279025218261390	8.3727776700073129	4
-4.3134337166233205	-5.1964670272835312	-5.2990352414917554	0
0.5499974586433750	1.0827661510776287	-2.4830526865309035	0
-1.9911379343423219	0.4961441704788151	0.8320664864068942	3
-0.1096135536295226	-0.3586918208903094	2.7999801652942033	2
-5.0710975268572760	-4.0842071138261238	-2.2694671148099075	3
-6.5808678057958758	-4.4908814537465132	-1.0499022418618438	1
4.7242139124625560	1.5466749013508456	5.7468086533295590	4
-6.6350247172652237	-6.2588583779815004	-3.8481346853846867	1
-5.8473747235964861	-0.7652391124370475	-0.4939197801624911	3
1.2941292350624254	-0.9208838490216740	-1.8248028238409992	0
0.1090319038432357	-2.2668947348782762	1.1154770424522551	2
0.7703884002989190	2.6712641437606797	6.2822025959408112	1
7.0909870165346245	5.0137751013754421	7.3048462873661126	2
-3.8704236819745628	-2.2358480850859896	-0.3042601472901287	1
0.4270666084372748	0.9730099743083047	2.6551532754400595	4
7.3317508779287808	4.6491804156521424	7.7165118030672453	2
-3.7217542445911449	-3.3060902679859363	-0.5534266864288031	3
-6.7985049943491305	-3.5362669118845473	-2.0568497761117679	3
-0.7566688662566725	1.2251987255892156	2.0639964379367539	1
0.1961284222840514	2.2584994253444162	-0.1614662825150046	1
-6.7271956674932154	-1.1529969620743756	-2.6143723502805130	3
-1.9982165560959426	-3.9075642602768434	-0.9350263252197770	2
6.1684852375842247	3.3903640568461975	8.4596915961658645	2
2.1715474240961088	-1.9860131763004587	0.0278505357203074	2
6.6238233817628274	5.8559237412702956	8.0322668903250332	4
1.2807078315539733	-1.1533292541716822	1.3405166221016289	2
3.4259914218486549	1.4194453757476893	5.3464323341205251	4
-0.3661140747345324	-1.4767077577514218	-3.5610697558479076	0
-1.3126507298629262	0.5754885140092791	1.3353112390303694	1
1.1100477082029041	-1.1526886502298552	-0.8726784165372183	0
4.5668707299060731	2.1054971911750342	6.4755473055010437	2
0.4299161099162534	-1.9153326361536021	2.6527611944318559	2
3.4940898488470840	0.5551983794191631	5.5021292287648542	2
-0.8366860562245715	1.4275975515265600	1.2140811852370590	1
0.7109690476186287	-1.7358763383404254	2.3867227892567242	2
-0.6470283854510623	-1.9984319705812510	2.2791112083126865	2
-3.7058113944095052	-2.8101596294880533	-0.5597675715184822	1
-0.8000110091111647	-1.7988752952096823	0.9460313028417415	2
-3.6969061173266176	-6.6336392203421166	-8.5106344644031307	0
3.1997074318491854	0.2894101429034670	5.2896719342640681	4
-0.3112253929507198	-0.2220491211448919	-0.3948383351215556	0
-2.4922075352524971	-4.8057081822725252	-1.4236844587329658	2
-4.7060436180561380	-0.3532897355455011	-1.9408176850515000	1
-3.4912090115730292	0.5635662128090257	1.4009989138804546	3
1.4252135759080617	-1.0015465407340751	-2.7262007058729401	0
-4.6986692194290498	-2.8287219018291205	-1.9794290337174592	3
-5.7304196809384012	-4.2414129996838490	-2.8142669921894203	1
1.3903593144667941	-1.0901412431308715	-1.5574314265982474	0
4.3925209457512917	0.3333107618215809	4.3078424755345530	2
4.6753192701129143	1.2787364350023340	5.2045650380031958	2
0.2738679615695617	-1.7885586594846397	1.2840567867107180	2
-1.0095180200621212	-2.7730207442878658	-3.5810805275134792	0
-6.7031537678316742	-3.4749277389229452	-1.9876256075987058	3
-2.7184900616576875	-0.8662590368649863	-0.2015281333471919	3
-1.6384284922397629	1.7626156399853781	2.5091455277862558	3
-5.7910336985505850	-0.7420483464419214	0.3919412842343082	1
-5.9888464834324289	-1.7302541250494019	-1.2699506424698346	3
-2.4143737306474362	0.6972176165923253	-0.0567422705244294	3
-0.4719172749232794	-0.3237187460562928	-1.5156347557950234	0
-7.5483116584807313	-5.9067503177411567	-6.5593989726590749	3
-5.9721298104432616	-3.1291212445397263	-2.9182566206446214	3
5.4751561424564343	5.8965000285389992	7.5829383830267592	4
2.2906071737116469	4.1703195754830666	6.0794813974181956	1
0.2057681259967580	-1.1276286922112604	3.0563168560931957	4
-0.7597944980948794	-2.5258712013943816	0.9720773432346927	2
-2.8566517754610894	-5.4691663741767105	-3.0795409744638027	0
-5.7736566355660326	-6.9300618651950652	-6.8001911247084337	0
0.9160337321004688	2.9063470898477290	4.0962152945548809	3
-0.2287835662027293	1.5280462755688800	-0.5415783684977611	0
-0.2837502595486834	-1.2683843048519505	1.4136182712644758	2
1.7645363393603888	-0.0920454351427040	2.4440684548443294	4
-6.6644472949063989	-5.0405101972553341	-2.9970256939091731	1
-4.5346311249619724	-2.9346792572088329	-1.1331439962652754	3
-0.9919919220014183	1.4546737307369244	3.4007752452550557	1
-1.9950809942560297	-3.5033872495455034	-3.5052987728844300	0
1.2530785978686207	-4.0525832149215244	2.0439734138667509	2
-3.4336526688816922	-3.2021187129044932	-2.0775332191398261	2
1.9160755516521553	-1.1543614770034782	1.4537276703726469	2
-3.9563404387206860	-4.8751038808271243	-3.7908730929260361	0
-2.2699739863387127	-2.3756105532414331	-4.0671714020281602	0
-1.4668293447028606	-4.2522876790222801	-4.0781405213946815	0
0.2353074349430023	-2.6906438955476162	-0.5085653471251605	0
2.2107805694471576	0.0902315716418944	6.0251654325384623	2
-2.9963986419230841	1.6019615782693173	1.5966768106859008	3
1.5223093112338295	-3.7403198070008101	1.5401786247257387	4
1.2840457405590171	-2.5040943343114610	4.3200568815957539	4
-0.5451995276647961	-0.0141996264318980	2.0108431461029364	1
4.1210526584994813	0.6148267964450236	6.7965970192741070	4
1.3946596941006768	-1.9354509954962502	-3.2766412766712971	0
1.9560103384902745	-1.5013336185300219	0.8606163011281069	0
-2.2770231128736182	-3.6629591535657102	-0.5320334701021259	4
-0.3991978486440748	0.5108143086831984	3.2044431689203270	1
0.4707235676192365	3.3862429084141379	3.2733479722754701	3
-5.7776679672933007	-1.7764341400696733	-0.7343215405743111	3
-1.7763290328182029	1.4643359577025692	1.5678515649319920	1
-1.8471898000123546	-3.4291407917329537	-4.1287349358562171	0
-0.2358347800411424	-3.8795028691089453	-3.4096032798020639	0
1.3107985238582838	0.0987888782917664	-2.0755565937242642	0
3.0882875573147830	1.2600486773304260	4.4773971336878162	2
-1.5078068647046083	-1.0159764216667275	-1.6003576702373767	0
5.8912187610010758	7.3838394799159310	9.5525644343707885	4
-3.6294623455535771	-3.7811158959013698	-3.3960071435099861	0
0.3162578263040330	5.0378594128879310	4.1209309384149622	3
3.0096580866255009	2.0912996512313602	6.7699086198266016	2
-2.5064701123824187	-0.7951913232174819	-0.1912014263340335	3
-3.8974291194563770	-6.8382929773345911	-8.4498180203679460	0
-8.6947098877295996	-4.9240902034663687	-4.9229701659413951	3
-4.2668488854895141	-0.0086730409113991	-0.4777303549339638	1
-0.8383356389001932	1.4679856235963480	2.9453474931341459	1
-7.7841508332768292	-5.1171351689997486	-5.6392833344629514	3
-8.1404123633038985	-0.6868922019027481	-2.5542825641292404	3
-0.1894599575667706	0.1492597878628272	4.0312079243560763	4
-0.2332266657602845	-0.8150884658395081	2.2064815298734781	4
5.8095520216573799	4.4342374560074420	9.1288833103096625	4
2.6129354732035992	-0.6713983688195984	3.1177297691466390	4
-1.5157386372004069	1.3004604404987921	2.6226477859643547	1
-2.6845418722628271	-4.8062986085003327	-0.9658905220713225	2
-0.0349961907091094	-1.7308630732421058	2.5128706806466652	2
-2.0166888706000821	-3.5494556726857200	-3.0637658808529338	0
4.9714271909250263	1.9691885210541176	5.1925239350266068	4
6.5448319361516720	4.2669467797617751	6.5905673472238844	2
-0.2096035229226096	-1.8749288725996722	-1.7347734341411631	0
-0.0005157366350828	-0.5653933613049329	-0.5671079674603683	2
-2.1558564213896223	1.3362253019661541	0.0459980547252377	3
0.3815736009053521	-3.1803273358096673	1.4654056730280001	2
3.4078176171349659	2.2640868057777794	7.4041579310281973	4
-3.9679971380455390	-3.2268158926404129	0.6190375344404053	4
-0.2743975521414128	-0.4927333679835879	-1.9893031323193797	0
2.9494665650405141	2.4752067292065107	5.1290929079803238	4
-4.3952891742264004	-6.9821271839076227	-7.1395664718433380	0
4.0188536502113523	1.8482347124764238	5.4365534831740128	4
-3.4309550732096126	-1.3089602012744361	-0.3803341072056003	1
-0.3402679209550241	2.0925844013334602	3.3890679410063584	3
-4.0080018112486808	-0.5574347395015318	0.9468056227497788	3
3.3038374697440864	1.7705410880227119	5.8270693865946299	4
-2.3915199802785803	1.9070264818392837	1.0961874057209748	1
0.4915001168690576	-1.8186730418464332	2.4459882501045667	2
-0.0245707511357725	0.3090192604862437	1.4487703777755465	1
3.3139304822070272	1.5962271499769580	5.8315108832152660	2
3.9171130725463064	1.5838891849825436	3.6939815845823887	2
3.3864500422301176	1.2608012314528665	5.7940763120827299	4
-2.1925649257326754	0.4256107030427089	-0.5528499779204512	3
0.0450106692909416	1.6412152403859737	-0.4812072536837673	0
4.7017184871699715	1.9763143497888764	5.9055585530053341	4
5.4088570736543264	3.5577635896882311	4.9622059145548079	4
0.3078956448089669	4.4484042168471909	3.4914337120095098	3
-2.7932772397810073	-4.1485845371576975	-3.6671176695219367	0
-0.0266115654301657	-3.4723661871275606	4.1019341562977250	2
-0.9268524018320916	-1.3421032728160429	2.0155471399383775	2
0.6273491959544055	0.4187131876119334	1.8703594857879653	4
-5.5162053045427939	-3.3746152115859145	-2.8315106828212553	3
-2.6542679250806613	-3.9680275355064740	-1.5995909003136606	4
-2.4154769809411225	-3.1702778763322952	-0.3302580052145836	2
-9.5523314162514303	-5.8007423976383539	-6.4903373873258801	3
2.5237113115103145	-2.5146111287439625	2.9212130507982628	2
0.7587220581481607	0.7911718886080712	2.9569476377497166	4
4.8384218477957743	3.2514979246335569	6.6557786736216471	4
-8.3108909025306072	-5.9501623600987781	-4.8747998330058824	3
-0.4354808430558328	0.1183618007094465	1.7050956821080110	4
-2.6230035029584773	-0.7722852255448931	1.8076728548059009	3
-2.1642920648578139	-3.0593221970643745	-3.2289486075265397	0
3.5883333423707420	2.7947808897714750	6.8694066125399766	4
1.4997160062408599	-0.3289906332842383	0.6567849403379888	4
0.7882614040490256	-1.1633495191302714	4.1659824984237446	2
-2.3195894950317948	0.5974505540064654	1.0815310258692583	3
-1.8393049435056699	-2.1369228093419381	-0.4431419814764039	3
1.5443921094345003	-1.9473724029677402	3.4732643225861271	2
-2.0603290805049950	-3.1535811919036649	-5.6461845154348271	0
-0.2569686182544335	-1.2106054779826381	2.7992464741896876	4
-3.2675638169514629	-4.1741822888866515	-5.3752219575995070	0
2.2660217187088119	-2.1263983160501296	-1.8232414974086424	0
1.5002141770253754	-2.0089820609701445	2.0639346438500175	4
-1.8021229067462403	-5.0491455615695671	-6.2630052280027888	0
1.0218344101218080	1.8854042593003792	2.2509635050394912	1
0.7533608583692188	-1.5187855153200660	3.8454771255072751	2
-5.4041850516659755	-1.8663970881288086	-1.1025085461715018	3
-3.2216799343604792	0.4823472842037556	0.6011705107808900	3
-0.1064137762996927	1.9145851625982488	0.2139594039828270	1
-0.6541576183025231	2.6447095936671845	2.3512136814324229	1
-8.0544483918079326	-5.9209867161001659	-3.0972516852814156	1
3.5148723287148580	1.9254334224947014	6.0733047300560017	4
-1.1129287077930223	1.2406272889056393	0.3306725386145562	3
-3.4961401198354398	-4.5008617195378493	0.3045676256126817	4
0.2704885801608379	0.0083026323138368	-2.3887528262656241	0
-1.9416307160408985	-4.5069061559313210	-4.2681629172492803	0
-0.6463949442227817	5.4578305713699100	5.7114319377485323	1
-3.5860566085122407	-4.7006644586405102	-4.0815033433594259	0
-0.9973087104705771	2.1569295445930630	2.2998131492543310	1
-7.6953032309931135	-2.0682531826589048	-1.5112818904641565	3
1.7097603215390176	4.4077066536677094	4.5325776895515055	3
-0.9705454706165328	-0.2089792727721369	4.3163291866015037	4
-1.0058785285930343	3.0215165778081583	2.3247040474510650	3
-5.8354534488614576	-5.5108759395091216	-3.5885611184003370	1
3.6190297464190988	1.5516915095389980	6.5759744955903958	4
-1.5526249770770857	1.1008676746939892	2.3099285834661050	1
0.0047550517769650	-2.0027450856731632	-2.4328033285233039	0
-3.4817122354189318	-0.5987062445724131	2.8010545227458796	3
1.2512522656870315	-0.6036906395672290	2.5359758506009369	4
-3.9987862346346374	-2.1594326573723603	0.6374407005169482	1
-3.5874828729342298	-1.4476660913873731	-2.1553877456851001	1
-1.2898797312297774	-3.4151892253900082	-2.7100390125890863	4
-2.7960353943378360	1.7324909669201325	-0.7787884798442528	3
-3.6581945224020052	-1.1582180505008084	1.0445113639830927	3
4.0390818683416319	2.6662103360330165	4.2257718417737236	4
-2.3655659793825317	-2.5434752856505609	-3.5963845929758618	0
-2.6281137156653132	-0.2659959474658905	0.2632118237665039	3
-1.2253275335499838	-6.1318909858870381	-0.0219173590262463	4
1.5003305233640265	0.2624387996986806	2.1861691676500645	2
0.1598646649442994	0.0346776996441888	1.0348566283965503	1
3.5316167947303652	1.9915357190116891	6.1967142072424135	4
4.8498169523382710	3.0734075588958745	7.2379003900782255	4
0.8963890580512689	-2.0873974565856885	-1.4132156984958386	0
-2.8481895319351920	2.3460010826887228	0.2293908790276822	3
-9.4250410213585099	-4.4740634511801858	-5.0033706025582640	3
4.1829710204006769	3.9067432157789321	6.3693151787901927	4
-2.2383214588973068	-3.5925709007064879	-4.6248933538610784	0
2.6145768242949243	1.5106696322916471	5.4421170309749005	4
1.5589930140222794	4.2084371092973996	4.1827641588532458	3
2.0654302870494368	-1.4255139961247718	-1.4277962443389938	0
3.0819327881145098	1.1642331701097945	5.3530832688399359	2
-0.9627008461970528	-0.1890239637210268	1.8087772069710790	4
-4.0270936172503502	-4.9133660566515456	-9.4242706442532622	0
1.8205919477644328	-1.6405057974509392	-0.7187750178027167	0
1.3313480462809051	-0.6184197454954060	2.8225713470466771	4
-0.9731744675548164	1.3054381136383655	1.4910860321789803	1
-4.5677709861480391	-7.0086929297934422	-7.6558980361485975	0
-0.8944594003156432	1.9949243719311132	0.9267106939847998	1
0.8069629959017035	-2.4517574799945949	3.0566470558454384	2
1.5144969486658248	0.4349181000485238	4.7619897137436924	2
3.5530512988545202	1.8504646956304045	3.9338207301544768	2
0.1105774928948248	-2.2277188615233845	4.0773062227860200	2
-2.6671301945103956	-6.1292122083259617	-1.7998126567851804	2
-1.7144650757206796	-2.6231908818780827	-4.8678140842740900	0
-6.1622918870341250	-1.6893376659304538	-0.2904175192697309	1
2.9575628173843089	2.8724918381105482	4.4641562817578730	4
3.4056855435923863	0.3027911803621182	4.4918217544965353	2
-2.8199805490127070	-7.1569922665415096	-7.5796965012186099	0
-3.0055917171223916	-5.7005342996047190	0.1730340959738235	2
-0.8251340399060192	-3.3980096862470361	0.2889355103926432	4
1.1325339387962006	-1.1393179468849866	2.8654999531828667	2
-3.0526883322733749	0.1852446378381308	-0.6732158226799863	3
-6.9695675104226327	-2.3607944379993273	-2.2085319467351190	3
5.7912017975553871	6.6622987652463719	8.7118330688800860	4
-6.0290628171526546	-3.1113898076684561	-1.3038301444985798	3
-2.1062289141460688	-4.0419539470862693	-5.5920641422446966	0
-4.5273557506920827	-1.9726711695089056	0.5961482869022960	4
-7.9213385204173248	-4.1561926809712482	-5.2158463052781512	1
1.9208759640699828	-0.3203938914148348	2.9066791356080328	2
-6.2769258242578720	-3.2068505928250972	-1.7817207438396592	3
0.6023343170859388	-0.5833446806057427	3.1464493820064563	1
-7.1011869441166215	-1.5644793504050338	-0.5880379903594601	3
-0.7841631462001644	-3.5533026858599657	-1.1005658571915826	4
4.2232027574506557	1.8528772525066084	2.9633299588987110	2
-0.0592212577817457	-0.9251825682633636	1.0545280472665319	1
-1.2004563225706928	-1.9337365457584799	0.9652842120855949	2
-1.9067864455569234	-0.6684722577017430	0.1320499197732445	3
2.6503927066997655	3.3969843149242314	4.1156184810560061	4
-6.6477101167542161	-6.8867195874801279	-7.9253324354935382	0
-3.4118674472568262	-3.7174660365463419	-0.5429010954200448	4
-2.6956805187355792	-3.4995127951678020	-3.4527672785213404	0
-5.4134560343173508	-1.8641137222695305	-3.0058275491597426	3
-6.3350944891166625	-5.8212573508229362	-2.3773576757461217	1
0.3232836989729293	-0.5700316826242489	0.8428519214423522	4
2.8316200419262922	0.3224993938424054	3.7301849484692844	2
2.6479303353487533	4.2679824068741965	5.0476968277862984	1
1.8520503200790930	-0.9958305118079300	3.8103476305086659	2
6.1867936231147223	4.6232384075765811	9.0908765267641680	2
1.4502029166475339	4.5934577671000900	6.2508599130114124	1
-3.7353379521529373	-4.2835260453330886	0.2870029020218716	4
4.2561343670067853	0.8453209597596922	3.8806634545193104	2
-2.4862641506470715	0.5159588662661870	0.5996811468972189	3
-4.4534354848148618	-7.2311230322222606	-6.3093846377544498	0
-1.3869615059799134	4.9019298603943682	3.2685506526300685	3
-0.0630911202358284	3.7052843670399218	4.8172141726402504	3
0.6076912573143116	-2.3270922603552293	-1.1723887100176800	0
0.0126892495806836	2.3213876595248761	2.6178060884690781	1
-0.4620400357549392	-0.5133878980111071	-0.2938842688471255	0
-3.2081864794574200	0.8697365876295562	0.4215292981701761	3
-3.3986525668765522	-2.5831335079994773	-0.1013706896053490	1
-1.3245613985983895	0.0478666194426060	1.9226305630866281	1
-1.7084198308248268	-3.8803491179765164	-5.6940654103306017	0
-2.7082330198500122	1.0166865845288484	0.0202049353444922	3
-4.1103564927587914	0.8834892182901424	0.7405387949804463	3
-0.7843906220300010	0.7838471458707708	2.1572390459661070	4
1.9477136799489265	4.2290999878174382	4.4693986026045884	1
-0.4792784618189103	-2.3451318015987903	-0.9120518087500381	0
-1.8168758008034156	-5.4013992012670355	-1.5349141356695086	2
-3.9973371517889404	-1.5668637283023454	-1.8336616404923944	1
0.6639982905736058	-1.2128364115304171	1.6441652366422534	2
3.7200355238523635	2.3225221198318406	4.2749345026900869	2
0.1299979957663082	0.8743582939437451	1.2416550684938932	4
1.5709509427022592	-1.9558194766393360	3.1988581875946713	4
1.4825185168124397	-0.0141287841996460	-3.1203369393644080	0
-1.1038540491884650	1.6757865754807963	1.8717239189114241	1
-0.8264796450002674	-2.3392012770594888	0.6282878640203404	4
-0.4208828074682893	5.2708921793449157	3.5859653880609912	3
-4.0215790014127579	1.0058966726234426	-0.0423530352921558	3
-0.3884595858918634	1.6524398979231232	1.7101467604475875	1
-7.6198933553412944	-2.2808468899343990	-1.9416114796468857	3
-1.5493141988213166	-4.1671346492330761	-5.7034450745764005	0
-3.9377535542434092	-2.6920899544127859	-3.0378807206729705	0
0.1862529583356554	1.7178191275592083	4.0705551477354103	1
-3.7867162755304586	-2.4164572797317305	0.9166043613512764	1
-0.4220858322117358	-2.8183317928224816	1.6427808611545638	2
-8.2987476343905708	-5.7580262754752072	-5.5015764731837269	3
5.7528050915326370	5.8660742374762762	8.9963853897003556	4
6.5600504889435136	1.9016062929346247	4.8144049074546214	2
2.1174589360678784	1.3166953562139512	5.6682086646872678	2
7.0845130289991536	5.7337740623106663	7.8979747101734237	2
-2.1287057696092759	-4.2154289276946990	-0.2723155142360749	2
0.5732687485579955	-0.5721342314314057	2.7528172416781418	4
1.5649237601426418	-1.1996201818125134	-2.2015791548684476	0
-5.5247303879874279	-0.5735793538636109	-1.7788149787778789	1
5.0287164660337824	2.4039116952963413	5.3079944187395780	2
-1.5617615088540091	-3.0731228514151963	-4.3238731599861975	0
-2.6674014541387283	0.5582361426943536	0.9038909805986028	3
-8.5913586620884868	-5.4741795804103095	-4.7517496920189188	3
0.6775114157159519	1.8589648531826217	1.2937604173099642	1
-2.1967517562091383	-2.7512866077648441	0.6051624681963315	4
-3.6049966308010744	-4.7393094395256528	0.1433071130366659	4
-2.7013922370760417	0.3205867358305481	3.7271024901846936	1
-1.2947069594315077	0.9761737439939489	3.5296607833366966	4
-2.5868651793073134	-0.4069579439196280	0.4913817845680115	3
-3.1590838028268919	1.5823006411876204	3.2474389576786722	1
-0.0447408446082175	-0.1077011868825004	1.8663621785407138	2
-5.3950016153130642	-2.2926364020827426	0.0080426035980952	1
1.8297671973191338	2.0770470376748316	3.2693848652095836	2
0.6574258977945020	-0.6581773868498433	1.5435604575598338	2
0.3509087870070368	-2.3001711666014995	4.1652631754568112	2
-3.5843727441158220	0.0652726538063792	-0.7494858945286946	3
-8.2762396308532100	-7.3208475806502218	-4.1527222419397987	3
-7.1955037299175242	-5.7507170286437255	-4.2616719262338814	1
2.0283565199084803	1.1731791633573871	4.3776719621144773	4
-0.1841831514267511	-1.9971378059698679	0.9047562250805412	4
1.0114237208294876	-0.9694576735845982	-3.7759342432137899	0
4.9146464660324121	5.8044314857154502	8.7585511928383024	4
1.4411412846228662	-0.1744203790730914	2.9487248290848411	2
-3.3165033689087999	-2.3850863532523094	-0.2830820090343220	1
1.0846480343737139	1.8695784853759516	4.4007140182141828	1
-0.7618290017303594	2.7336422148424671	1.5295615331982630	1
-2.1402854060438310	2.9040362342789203	1.4631033709535095	1
-2.0343470715651732	0.4432135065190086	2.2838394811228402	1
-3.3470999863415356	0.1297350476073857	-0.5436309104431292	3
0.2567052706997873	0.0197559639426218	1.8046623009068683	4
1.4485214388241110	-1.3066718896650849	-2.1463390653562509	0
-3.8927253103289630	-3.2609585963458065	-1.0567567461675142	1
-0.9368046597804573	0.8588055687308075	1.7998897802834877	1
1.4039091771659229	-0.6725238551860842	2.6625722968220220	2
1.1608458926571674	-2.1447083075282602	1.5054651516236863	2
-3.2348226998778444	-2.9310155452689601	-2.1820852072331807	3
4.9060403808067914	2.7978775978749177	5.3960478000214511	4
-3.3964997811375470	-7.0823828624178722	-6.7357544374340304	0
0.7037670500192689	1.8148140757321443	3.1734525252152155	4
-7.0563304364875981	-5.3725486720741529	-3.7761498250129488	1
2.0374287591623741	4.2689069465244742	5.9578790310375309	1
-6.1558696926527094	-1.3842385829276969	-3.6503199263340735	3
G4
0	149	0.534865984666447	387	1.6924878616168857	196	1.8268283020661038	392	1.8277795741302418	
1	391	0.8541819961175084	214	0.8562437108361911	407	1.040296279830887	351	1.068342498062955	
2	386	1.6502557030174037	168	1.8091444178077487	452	1.9504574157692693	244	1.9986870512388848	
3	483	0.4180414355534816	86	0.43098851183558007	335	0.47977601974248274	322	0.4976449693911124	
4	239	0.1332178854400585	458	0.5186090054598435	96	0.5510787586070833	218	0.6795650820147819	
5	292	0.42896065315692905	256	0.7264744366971734	312	0.845030841614678	23	0.9161667157395423	
6	422	0.8612675980181449	462	0.904103644637476	296	0.9593148835519463	270	0.9921322894708842	
7	387	0.5998404256580807	392	0.6182101749717682	138	0.6646528266803187	58	0.7732624614878357	
8	17	0.39152574442505145	110	0.4151762046942783	432	0.47131742375073693	90	0.5525156726748345	
9	458	0.6522974174506465	4	0.7798188054461309	239	0.8567418729528541	376	1.0031086345524034	
10	55	0.38650916215020786	123	0.7215519682430678	456	0.7335529956558298	186	0.8247568082796437	
11	290	0.46986692279102277	245	0.5122610431053092	403	0.6133933174339752	71	0.783321475248156	
12	379	0.4404724793306737	242	0.6502313527738031	183	0.7121516247714464	363	0.8524084616426186	
13	158	0.3696148294197509	32	0.44149240813277574	37	0.4605790559135188	299	0.5746699839289152	
14	499	1.2976844269172283	204	1.5216207108128388	404	1.6291491601984833	294	1.8209902756488483	
15	342	0.44694885230748443	107	0.5450078288115286	389	0.5517737795125033	157	0.6069023343093876	
16	180	0.1845502034060294	160	0.3669055193689468	489	0.6050284444133921	422	0.7130386953005697	
17	8	0.39152574442505145	261	0.46209743889385085	280	0.5921039812264209	110	0.6665711574079964	
18	484	0.738452199074635	108	0.9384337141788791	335	1.4513088988092606	99	1.489015435695322	
19	235	0.431908651400357	24	0.49048322759964375	147	0.6948364581415035	255	0.7982328862542569	
20	428	0.46257835524994523	408	0.612203992967583	333	0.6390952447077733	361	0.9007769063019334	
21	417	0.3461284745721593	246	1.2309823904825283	289	1.3194912439817978	132	1.4788596914171328	
22	480	0.5090514412413019	393	0.5647984318258478	367	0.5714763542042555	111	0.7399714231885013	
23	109	0.31950213864162463	256	0.5001838432083231	90	0.5480326306306071	213	0.5740622058232951	
24	235	0.32662034492349706	19	0.49048322759964375	255	0.7466095713362759	147	1.0110891276136484	
25	272	0.4523940848039419	120	0.7554007497408282	117	0.783866383582472	274	0.8558591245909081	
26	185	0.6595959172619106	430	0.697499805656749	375	0.7980642856002009	260	1.0107998545082393	
27	63	0.453922033701159	303	0.489635018685102	466	0.9984419572764076	73	1.1377599792347979	
28	73	0.29555651404770783	349	0.2999706852793225	466	0.36966167505682906	31	0.6607659466913446	
29	496	0.6010023719683193	37	0.6121576210215149	299	0.6946736709239987	317	0.7103148409949722	
30	157	0.6058784829831358	15	0.8681180108155243	107	0.9839644153694004	180	1.030563949727914	
31	414	0.4034660173263493	201	0.5073459585028314	425	0.5520102768389867	320	0.56957357329924	
32	158	0.13768089705116768	92	0.3898245209349982	13	0.44149240813277574	37	0.4627306211024515	
33	266	0.7980290477136216	173	0.8941915110583404	100	0.928759767946311	184	1.1252058098416033	
34	359	0.3811224078766927	96	0.4442962109444658	89	0.5502499815293714	239	0.8079105194753774	
35	443	0.634904076029886	316	0.7888146752157582	388	0.7913675736717919	424	0.8809351446432668	
36	35	1.2380312117144625	443	1.4532582663246296	316	1.5506659166079824	224	1.7272536069108304	
37	158	0.4054057458009878	13	0.4605790559135188	32	0.4627306211024515	299	0.5891417811902838	
38	13	0.6911998212646195	351	0.6966589342707723	480	0.7174881883809958	299	0.7852351684714937	
39	338	0.8618733617559371	238	0.885049149863544	485	0.8953142900823154	99	0.8997058715330473	
40	131	1.7647189827145242	369	1.8489087155641153	401	1.993870281151199	249	2.0632314897658803	
41	354	0.5122407039014873	300	0.9022884157735669	174	0.9337962350286445	54	1.1978115973068042	
42	420	0.7259222408716923	397	0.8999283754991924	115	1.0058312606333766	184	1.0166271546650973	
43	370	0.28528659739264806	177	0.6103253244929437	325	0.7199778346977054	70	0.8577367597463946	
44	400	1.0222891653712491	361	1.1857566112230176	132	1.226246286231742	428	1.3408490757832294	
45	133	0.8957775142694796	467	0.9240444604381131	464	1.1735066527487552	39	1.1848157900527407	
46	58	0.5841011656173611	189	0.6332304632080504	138	0.8836860999709093	294	0.9224245250457895	
47	476	0.42258485098148857	372	0.7261657786528891	242	1.0843557406946864	451	1.1281938937763025	
48	352	0.49863916808080444	69	0.5996844502303631	406	0.6645215324963342	471	0.8808707553235388	
49	434	0.32101095570984106	281	0.8587353259177621	177	0.8721265108067372	70	0.8738911040073412	
50	146	0.5188151837418558	80	0.62186900141941	75	0.7473420346496347	172	0.8990495897349102	
51	188	0.37664920484505154	478	0.8132298938705119	56	0.8144368528177041	436	0.8345314458138758	
52	288	0.4825454448897798	494	0.5825204373544929	457	0.9251467744392841	54	0.9813207848980379	
53	250	0.5714767189263126	460	0.6939015424076779	390	0.9687688225785571	65	0.976314123832719	
54	300	0.5735266772055586	494	0.7864513050666893	52	0.9813207848980379	174	0.9973720912338282	
55	10	0.38650916215020786	123	0.656925876549605	431	0.9189888828817587	319	0.9889261545968007	
56	478	0.4405106340243192	51	0.8144368528177041	436	0.96983660236951	188	1.1870806727504417	
57	426	0.872566259860947	440	1.3785767864523748	67	1.3800125510163728	277	1.3862013626650125	
58	46	0.5841011656173611	138	0.6132791448709165	392	0.6553732586286848	7	0.7732624614878357	
59	164	0.5643634313601461	385	0.9166141334350076	200	1.1966114052892336	442	1.2007391418735416	
60	333	0.5609077692847259	428	0.6161948546589291	361	0.7810026180025006	132	0.8714731140482476	
61	159	0.6967404143593379	156	1.0115332717509808	143	1.0932262716379333	166	1.2028372354337125	
62	275	0.7000746093662701	125	0.8496967840397558	473	0.9835669536649924	251	1.009807355386588	
63	27	0.453922033701159	303	0.6611351845135537	466	0.7415990016573063	73	0.816141025637223	
64	283	0.5105706248025919	373	0.5438581834250362	104	0.6923921374087285	242	0.7310173911414131	
65	253	0.6349480071361013	448	0.966764607443859	53	0.976314123832719	475	1.006342215314458	
66	457	0.47998196583420166	263	0.582502026115031	494	0.5825025375834236	287	0.610546363250062	
67	277	0.7638219086494018	187	1.0229422347843025	346	1.1368405121859402	340	1.3093952854389617	
68	218	0.43758207320923004	127	0.6203000412978917	403	0.6743825349204934	290	0.6856766385352957	
69	352	0.3023276873686438	281	0.33268366358768214	487	0.48241824425128293	48	0.5996844502303631	
70	126	0.16980191779416767	368	0.22608228883980255	177	0.28634040902005864	490	0.5627309955858336	
71	290	0.4745608173358282	127	0.7104692968313283	11	0.783321475248156	330	0.854176825935521	
72	366	0.5288976731823639	173	0.8325951910822995	362	0.9288828798884361	167	1.0726218805013066	
73	466	0.22541367220873834	349	0.23738641342182693	28	0.29555651404770783	75	0.6345565256557821	
74	376	0.8557240802519099	9	1.1373277723833166	311	1.1817410492124016	458	1.2876634306570727	
75	399	0.3963040022569842	73	0.6345565256557821	466	0.6608559786888026	50	0.7473420346496347	
76	261	0.47035870424187115	179	0.48012299613188525	312	0.7278208960000527	175	0.8596088881653562	
77	395	1.2447355423168396	344	1.3572094503761465	240	1.4033496991536962	430	1.8791705666684015	
78	84	0.6652318874802192	306	1.5706082911532318	72	1.791512040779737	113	1.8103224131839666	
79	285	0.3263353046685672	201	0.8525039195902914	384	1.0608097888427315	399	1.0979340300713445	
80	325	0.572171563156353	50	0.62186900141941	146	0.8697202699241781	172	1.0308997863167142	
81	339	0.7198741319010706	265	0.8467811802860767	355	0.9152834469920015	488	0.98871901369213	
82	432	0.4728402397351365	8	0.6237063812687847	492	0.6566967901904539	169	0.6759687251072213	
83	230	0.487668757287328	302	0.5373269552029672	468	0.5620625888655488	487	0.6821250512529256	
84	78	0.6652318874802192	72	1.1400370572395893	306	1.2302642616548634	33	1.5101836704263183	
85	166	1.2141650630042384	257	1.3079379321720108	410	1.5732211900838968	61	2.239008718088923	
86	483	0.2092695716569123	3	0.43098851183558007	322	0.872831456959451	335	0.8850331264202373	
87	97	0.4856672267914555	233	0.8867907682259799	169	1.0099573763098182	492	1.1233453328510217	
88	225	0.4608304181121361	101	0.8465069894819867	429	0.955533095901339	382	1.0870075129068415	
89	34	0.5502499815293714	96	0.5563389102521542	359	0.5642297479177318	239	0.895213595069893	
90	109	0.38850421058884244	121	0.4424817731955629	110	0.45362300758049545	119	0.4679205047964369	
91	415	1.2789280203821902	495	1.7444968816871043	273	2.0248407727326905	105	2.2587272428669265	
92	32	0.3898245209349982	158	0.46144841546417953	37	0.7643295913138599	496	0.773070255747695	
93	133	0.8364587571467198	465	0.8476445805021687	464	1.0373630561808045	217	1.2116876097786184	
94	223	1.2518348290102008	348	1.5605075315101717	376	1.7560520472842118	89	1.9061761324121091	
95	360	0.7628577623408089	278	0.8073602063252188	451	0.8160830493337193	247	0.821549646675893	
96	239	0.4385984042263841	34	0.4442962109444658	359	0.47251948872767346	4	0.5510787586070833	
97	87	0.4856672267914555	233	0.6022692775514327	167	0.8669190087512121	492	0.980398728389748	
98	417	1.5381797448592025	155	1.7265476905475405	21	1.8098723298256638	445	2.2592048968270144	
99	227	0.18547744159462615	39	0.8997058715330473	279	0.9530454986975369	108	1.1591673979680222	
100	266	0.4719638257662084	115	0.5421907337341971	202	0.648650428020724	184	0.7349178052892157	
101	225	0.5226956384183704	418	0.7560354339008414	88	0.8465069894819867	355	1.0660867220013606	
102	295	0.5479348115166089	220	0.796826156843426	103	0.8859166583720735	489	1.0194214008007756	
103	165	0.5931777494213271	295	0.6296330778089277	234	0.6715979884598692	260	0.7495573279154474	
104	283	0.6019641686790728	64	0.6923921374087285	373	0.7541599382040228	118	0.9158155107934481	
105	273	0.6237539829336166	369	0.777667705878197	495	0.8184235907777834	249	1.0468936592018356	
106	493	0.65183387028892	116	0.7115518457467613	220	0.7742354641228224	431	1.0029020664926591	
107	15	0.5450078288115286	389	0.5793679495417057	342	0.7490934582990653	157	0.9660790753740344	
108	18	0.9384337141788791	99	1.1591673979680222	467	1.2967481343930978	227	1.3322631237909337	
109	23	0.31950213864162463	213	0.3722447010674326	90	0.38850421058884244	397	0.4464684893798217	
110	8	0.4151762046942783	90	0.45362300758049545	194	0.4977358697340107	213	0.519158788746231	
111	491	0.12008421715081334	367	0.18601994129777916	341	0.3107185882610614	383	0.49315470212690327	
112	284	0.4152280836114077	170	0.6076043258443784	176	0.6138057176972194	282	0.6916217244630032	
113	241	0.6078604217419981	153	0.6464451129635561	191	0.8005304401894324	455	0.9444219879616171	
114	431	0.23485865180438112	343	0.37284362597497106	116	0.9483906430881612	106	1.009355821284115	
115	420	0.3392524354128009	184	0.42397360850572	266	0.5242909889387688	100	0.5421907337341971	
116	106	0.7115518457467613	189	0.7544406770269272	431	0.7856524347227323	216	0.8983838890557345	
117	120	0.0935727961367711	170	0.3623968533786626	274	0.4050760118974699	282	0.6853252143511565	
118	242	0.883988015963795	104	0.9158155107934481	373	0.9304208873237027	476	0.9766634019843157	
119	432	0.24995082538152938	471	0.3485926602743504	90	0.4679205047964369	169	0.6468985542547465	
120	117	0.0935727961367711	274	0.35056576483839486	170	0.3920846730121804	282	0.6329949742130464	
121	90	0.4424817731955629	471	0.5939466733041407	256	0.6302929153197496	8	0.635183929311291	
122	488	0.25713143096086916	455	0.30323805765987666	188	0.7144118916445092	153	0.7715883781580587	
123	55	0.656925876549605	10	0.7215519682430678	456	0.9335064276985288	186	0.9533315264117392	
124	333	1.1189073551307893	411	1.250334212397123	20	1.269141750896738	60	1.2732895159835877	
125	486	0.555905399061421	473	0.5955370740452469	251	0.7176713779422151	384	0.8378877652954047	
126	70	0.16980191779416767	368	0.2997581258856735	490	0.4143796303208522	177	0.4548408111281387	
127	328	0.539450031078824	68	0.6203000412978917	71	0.7104692968313283	290	0.7106760181348075	
128	183	0.7816106721163596	379	0.9456430784348628	12	1.0053735142906128	47	1.195209026188562	
129	207	0.751270762543203	318	0.8557275059793428	307	0.8828527213004235	312	1.0143058760543586	
130	437	0.3212835488977205	238	0.448174471141608	368	0.5841955238190071	338	0.7631655152540248	
131	401	1.5320803469380952	40	1.7647189827145242	210	1.9331922514837403	369	2.5648922809351946	
132	361	0.6853817165677281	211	0.7940915511691509	60	0.8714731140482476	428	0.9506200827080381	
133	464	0.5096746164970316	93	0.8364587571467198	45	0.8957775142694796	467	1.057256760215245	
134	304	0.5569899631959604	195	0.686432291196886	218	0.7095914041388255	262	0.7996780902249812	
135	311	0.9761633877565082	388	1.5007776955453618	424	1.5483228220916532	34	1.64267482556625	
136	337	0.3228769700301706	353	0.7087969500508795	324	0.7284700590287678	282	0.7529154520051582	
137	427	0.3876321267205089	162	0.3888063786545322	490	0.6850219353116969	252	0.7920560003611473	
138	58	0.6132791448709165	7	0.6646528266803187	200	0.8014912818278639	46	0.8836860999709093	
139	440	1.4294284704840676	57	1.5005296256590088	426	1.5503951141097878	251	2.077436093591796	
140	210	1.3692545265604559	144	1.3719935959079204	415	1.4597275771374936	273	1.7160669334229515	
141	371	1.0752978782806535	229	1.3058953182909587	435	1.3106491186402631	310	1.3303073824140612	
142	155	1.6547413077918205	451	1.7644615225494698	95	1.8230206114040568	226	1.9575312002764644	
143	452	0.6938712507109569	168	0.8443298622752797	159	0.9122011215714239	156	1.089321467535729	
144	140	1.3719935959079204	313	1.4644843287348899	330	1.5024252285710489	222	1.5828275166264885	
145	327	1.1142214905264063	241	1.3088478138591668	436	1.5744539503825594	271	1.8454307060014619	
146	308	0.4247069195480235	50	0.5188151837418558	414	0.5473075353587148	459	0.6828956869002282	
147	19	0.6948364581415035	454	0.7170148133912808	256	0.758827206455989	393	0.8230307382618244	
148	190	0.8696127297844825	294	1.0087291875542939	46	1.2168867237129302	189	1.3412934243486037	
149	0	0.534865984666447	196	1.3879628661544579	161	1.4044921523838065	387	1.5073039928389311	
150	287	0.4585821959695974	193	0.6068029714511102	263	0.7395023413263186	274	0.8274839514198618	
151	475	0.8621817697560515	497	0.9839843616429022	336	1.1252423642028735	215	1.486480572669645	
152	199	0.8879537984292277	377	0.9972683322880955	237	1.041713694924071	200	1.246391644970304	
153	191	0.3307502950963894	488	0.5254092875974178	455	0.5412799845307518	113	0.6464451129635561	
154	477	0.4507184622409877	194	0.5332874057428997	208	0.9178734121051693	447	0.9296333662494889	
155	142	1.6547413077918205	98	1.7265476905475405	417	1.977391466985217	95	1.9907986587439819	
156	159	0.6003041051238744	452	0.9328674837319073	61	1.0115332717509808	143	1.089321467535729	
157	481	0.5740629647104376	30	0.6058784829831358	15	0.6069023343093876	422	0.6199510319764331	
158	32	0.13768089705116768	13	0.3696148294197509	37	0.4054057458009878	92	0.46144841546417953	
159	156	0.6003041051238744	61	0.6967404143593379	143	0.9122011215714239	452	1.1271196560129761	
160	16	0.3669055193689468	180	0.4962273465827459	402	0.5151413768926635	489	0.5334876963352879	
161	196	0.13283951236104954	392	0.6754671911608664	7	1.134477282149051	387	1.1574110692968016	
162	137	0.3888063786545322	427	0.45194457250335296	490	0.48625628645591135	437	0.6004462368019686	
163	321	0.5922442470184861	286	0.7114145267798787	212	0.9266052017374791	370	1.5630043953133415	
164	59	0.5643634313601461	499	1.2054349576288108	385	1.2970062784140926	254	1.489310531478382	
165	234	0.5476933408461931	103	0.5931777494213271	453	0.7422895036859347	295	0.9357912592389028	
166	61	1.2028372354337125	85	1.2141650630042384	257	1.2908610603975754	410	1.385174638189706	
167	97	0.8669190087512121	366	0.8944242910275979	233	0.9873547128703246	72	1.0726218805013066	
168	452	0.49516652228370966	143	0.8443298622752797	156	1.2068955741650012	205	1.2340903407835173	
169	221	0.645375818169041	119	0.6468985542547465	82	0.6759687251072213	432	0.6899813336790884	
170	117	0.3623968533786626	120	0.3920846730121804	363	0.4284318478897286	284	0.47656753585090195	
171	339	1.2989396869732912	195	1.4473411577471267	478	1.4836036445175083	56	1.5865457572413155	
172	126	0.6302431189563341	490	0.6613335337674877	70	0.7381789286842234	423	0.7896016185810107	
173	191	0.7425452575625865	72	0.8325951910822995	366	0.8755141013364769	33	0.8941915110583404	
174	287	0.5997993848940826	150	0.9317184402329195	41	0.9337962350286445	54	0.9973720912338282	
175	280	0.23641217732969202	178	0.4265814689412496	261	0.519366751689604	17	0.7230366812610712	
176	183	0.44993610223479735	112	0.6138057176972194	363	0.7503409339448545	284	0.7711645818010893	
177	70	0.28634040902005864	368	0.3320898973499962	126	0.4548408111281387	43	0.6103253244929437	
178	280	0.24193862966737853	175	0.4265814689412496	8	0.624702061626684	17	0.686341756593607	
179	76	0.48012299613188525	261	0.7076863804891246	292	0.760614789359109	17	0.9969805323066605	
180	16	0.1845502034060294	160	0.4962273465827459	422	0.5966700147629735	481	0.6393769853351174	
181	398	0.42298307352143216	438	0.6273863628274341	477	0.6482712437840354	208	0.7285731340008266	
182	249	0.2929014757548194	105	1.148455446216961	369	1.2765756015629734	380	1.3818619159044085	
183	176	0.44993610223479735	12	0.7121516247714464	128	0.7816106721163596	379	0.8241182827943139	
184	420	0.34324198881752305	115	0.42397360850572	266	0.49406738812130363	100	0.7349178052892157	
185	260	0.4965562749986132	26	0.6595959172619106	103	0.8638860326004316	295	0.8711575701945249	
186	10	0.8247568082796437	456	0.8631456540116763	123	0.9533315264117392	55	1.0004576169334165	
187	320	0.84791975577388	426	0.9601572275164925	459	0.9621868834405561	67	1.0229422347843025	
188	51	0.37664920484505154	455	0.5779099191459597	488	0.6556555934152395	122	0.7144118916445092	
189	46	0.6332304632080504	116	0.7544406770269272	216	0.8685239330098489	106	1.195467655358469	
190	148	0.8696127297844825	294	0.8930417399946304	204	1.1429919413946452	215	1.2427246911024348	
191	153	0.3307502950963894	488	0.6301432857579358	455	0.6763022102171738	173	0.7425452575625865	
192	413	0.6806156460512766	379	1.0043027087954908	64	1.248685432110852	12	1.2622113083957167	
193	150	0.6068029714511102	263	0.7513647396982536	274	0.8994965463254823	287	0.9892945840012566	
194	110	0.4977358697340107	154	0.5332874057428997	477	0.6302261487106313	213	0.7735021771271133	
195	134	0.686432291196886	458	0.9730236587416827	344	1.1178981921139644	4	1.190256711770213	
196	161	0.13283951236104954	392	0.5439967178786566	7	1.0167716705298544	387	1.0267106080120405	
197	248	0.2238520039926086	349	0.7645043414840232	466	0.8416690311397969	275	0.8576492814330466	
198	259	0.49144988712338933	338	0.6963906975870823	331	0.781241367724828	130	0.8034138671633085	
199	152	0.8879537984292277	377	1.2250727464328763	237	1.5292483654975235	57	1.639529708178412	
200	237	0.5776049638493437	319	0.6232180611985022	138	0.8014912818278639	377	0.9956116733463591	
201	425	0.44083395492646055	31	0.5073459585028314	285	0.6075296854997293	414	0.6847734442843361	
202	271	0.5403163094264982	100	0.648650428020724	115	0.9075269468585545	266	1.0864295182590133	
203	253	1.2352024073581949	448	1.305473643963734	65	1.4912323983490237	301	1.849671854734676	
204	294	0.5250326662842187	58	0.8450033704097778	46	1.1006568836908341	190	1.1429919413946452	
205	168	1.2340903407835173	479	1.3056466568469456	386	1.4002627514139678	449	1.440780034689356	
206	498	0.297667456790152	411	0.9563973233459737	408	1.0962651452126668	60	1.3331179328844327	
207	312	0.5358130482819145	393	0.6794363115347019	454	0.731944546731571	129	0.751270762543203	
208	438	0.39684225516880556	181	0.7285731340008266	398	0.7381412064003806	477	0.7844868123810346	
209	71	1.0261699178953885	26	1.3566967862808397	127	1.4034764463177296	222	1.4381303087211446	
210	140	1.3692545265604559	273	1.4204869876684683	401	1.4254090676889648	415	1.4403168820848535	
211	132	0.7940915511691509	236	1.0515283017318713	482	1.0936358602659269	445	1.394932664336623	
212	286	0.3023494162243756	321	0.857452040823127	163	0.9266052017374791	325	1.2748113390813967	
213	109	0.3722447010674326	110	0.519158788746231	397	0.5451114506252577	23	0.5740622058232951	
214	351	0.5118357434692262	391	0.5390674704458237	480	0.6050190483594703	491	0.7174615496369857	
215	497	0.9331968479821238	405	1.0497751384080347	336	1.1217793395736444	190	1.2427246911024348	
216	489	0.7241106918039711	189	0.8685239330098489	116	0.8983838890557345	16	0.9275592041735358	
217	252	0.4808345840618054	465	0.5806979534370018	276	0.912036873253277	259	0.9505654651153715	
218	68	0.43758207320923004	262	0.4444552786011466	304	0.5497231768286681	239	0.6450247988515758	
219	228	0.6510013844156052	268	1.3620175876677958	141	1.4804801693703293	371	1.9460652787306565	
220	493	0.35208152790279124	106	0.7742354641228224	102	0.796826156843426	489	1.1208007984394706	
221	169	0.645375818169041	233	0.688306291212317	82	1.0958423018771384	315	1.1294554333511406	
222	330	0.5020011647333215	71	1.1431316880023994	245	1.208130008303211	11	1.3017769010890659	
223	348	0.5088778017348791	96	0.8937726690388342	376	1.0054426256817552	458	1.026637283517121	
224	328	0.5712927637685279	4	0.7878264068536956	127	0.7914893882091341	68	0.898427766515378	
225	88	0.4608304181121361	101	0.5226956384183704	418	0.8435051628394806	429	0.8904004355516077	
226	128	1.24488394525979	183	1.2484386762809083	451	1.2807577742251501	176	1.461726277175877	
227	99	0.18547744159462615	279	0.8422781222287237	39	0.904987745226374	187	1.1667870740716708	
228	219	0.6510013844156052	268	1.272973103767307	492	1.6364097547475611	141	1.7995971141203009	
229	472	0.9676209608484952	310	1.0463160032321994	318	1.2156010274164866	374	1.2297719351926448	
230	302	0.35084502769370884	83	0.487668757287328	364	0.49568290634436385	468	0.5292222456030533	
231	337	1.0855490743632423	136	1.158400340880038	112	1.2230541287348093	284	1.4007040168647318	
232	188	1.0844795490459727	122	1.1407024922388531	51	1.1488203035967597	478	1.1529554959432853	
233	97	0.6022692775514327	221	0.688306291212317	87	0.8867907682259799	169	0.8985793407136593	
234	165	0.5476933408461931	296	0.5501069466474559	453	0.6282310898374647	103	0.6715979884598692	
235	24	0.32662034492349706	19	0.431908651400357	255	0.9264187041019507	147	1.0017436271757574	
236	211	1.0515283017318713	289	1.096476615096859	132	1.2966393829201097	419	1.3317084136598698	
237	319	0.5321132317276128	200	0.5776049638493437	377	0.5937778503570649	469	0.9818364603120525	
238	130	0.448174471141608	437	0.7676407850548402	368	0.8223130350240868	338	0.8560554881225331	
239	4	0.1332178854400585	96	0.4385984042263841	458	0.49628319509960644	218	0.6450247988515758	
240	344	1.3475860205682746	195	1.360989674803087	77	1.4033496991536962	224	1.4495717216216244	
241	113	0.6078604217419981	153	1.0501846452536139	436	1.0648023878253834	327	1.0901946705726748	
242	12	0.6502313527738031	64	0.7310173911414131	363	0.8809354129635112	118	0.883988015963795	
243	202	1.2487857718161663	271	1.3951202091645918	115	1.476830901333193	100	1.545769258527049	
244	386	1.1124089287769205	449	1.6223762833523356	2	1.9986870512388848	479	2.019574234132946	
245	11	0.5122610431053092	290	0.9527537198757776	403	0.9769700708644171	330	1.1477624568053024	
246	289	0.8624349901708193	439	0.9401429275734534	21	1.2309823904825283	361	1.4953780296755395	
247	136	0.7672846312581054	269	0.7685431681249039	353	0.781630072192826	95	0.821549646675893	
248	197	0.2238520039926086	399	0.6929427498593379	349	0.7080510672285211	466	0.7893721323889229	
249	182	0.2929014757548194	105	1.0468936592018356	369	1.0529498104755475	273	1.4090110125642161	
250	53	0.5714767189263126	460	0.5853172209651196	357	0.8616100467898002	448	1.0895048127692963	
251	125	0.7176713779422151	473	0.7383039500179056	486	0.9324364426961007	62	1.009807355386588	
252	217	0.4808345840618054	259	0.7688137681424924	137	0.7920560003611473	465	0.8897054165446396	
253	65	0.6349480071361013	448	0.8333753402394438	53	1.0544444561177462	390	1.059023061357123	
254	164	1.489310531478382	59	1.6400175411404652	442	1.7852163574506132	332	1.7872131109881355	
255	24	0.7466095713362759	19	0.7982328862542569	334	0.9053860709361823	235	0.9264187041019507	
256	23	0.5001838432083231	121	0.6302929153197496	17	0.6787970670680583	312	0.7129990648051806	
257	410	0.42364737832260263	166	1.2908610603975754	85	1.3079379321720108	449	1.4390734803377496	
258	391	0.804172168915028	409	1.0788521370081317	1	1.1517504555656555	407	1.1877529414407277	
259	338	0.3728152006587849	198	0.49144988712338933	252	0.7688137681424924	130	0.9234700007229528	
260	185	0.4965562749986132	103	0.7495573279154474	26	1.0107998545082393	295	1.0512806823492697	
261	17	0.46209743889385085	76	0.47035870424187115	175	0.519366751689604	280	0.5379425731385791	
262	218	0.4444552786011466	304	0.5378688130679015	68	0.7207937107843295	403	0.7841211874707267	
263	457	0.4534310662875109	66	0.582502026115031	150	0.7395023413263186	193	0.7513647396982536	
264	156	1.1688594090493096	61	1.3532390279093698	159	1.4258663650489751	300	1.9867622615991443	
265	339	0.7413044693800408	81	0.8467811802860767	429	0.9852341041571226	418	1.0902747658074758	
266	100	0.4719638257662084	184	0.49406738812130363	115	0.5242909889387688	420	0.5388510335652892	
267	425	0.6386628089027405	201	0.6969344270339396	31	1.0231627610141072	414	1.0433461839898197	
268	447	0.8990946640613547	154	1.0154251028896226	228	1.272973103767307	492	1.2966791577934806	
269	247	0.7685431681249039	305	0.7747135667252745	337	1.1126569212445665	136	1.1924498702973594	
270	446	0.8820940137577737	6	0.9921322894708842	342	1.067985775149514	422	1.1213689233652753	
271	202	0.5403163094264982	327	0.8411290202835086	100	0.985394171569135	81	1.3751774840816042	
272	25	0.4523940848039419	378	0.7746236014678372	278	1.0532348117415364	360	1.0679265196436154	
273	369	0.5450266035673468	105	0.6237539829336166	415	0.8686666815091773	495	1.0819868815998346	
274	120	0.35056576483839486	117	0.4050760118974699	66	0.7272034752139656	170	0.7372026442018316	
275	62	0.7000746093662701	197	0.8576492814330466	157	1.028611226180077	248	1.0744310465680083	
276	419	0.878506995060835	217	0.912036873253277	252	0.9138287151702554	445	0.939200755797974	
277	346	0.7020342854700662	67	0.7638219086494018	107	1.24742859423411	125	1.2854753797521754	
278	282	0.17466237370947166	324	0.35938724427633184	353	0.48719538303322524	284	0.5174438147995917	
279	227	0.8422781222287237	238	0.892693609858316	99	0.9530454986975369	356	1.0735837174103988	
280	175	0.23641217732969202	178	0.24193862966737853	261	0.5379425731385791	17	0.5921039812264209	
281	69	0.33268366358768214	302	0.5204805781692762	352	0.5297209705447412	487	0.538004197137004	
282	278	0.17466237370947166	284	0.34521150114031546	324	0.45521276334593747	170	0.528309235850436	
283	64	0.5105706248025919	373	0.5110051797090969	104	0.6019641686790728	413	0.8338276692276629	
284	282	0.34521150114031546	112	0.4152280836114077	170	0.47656753585090195	278	0.5174438147995917	
285	79	0.3263353046685672	201	0.6075296854997293	384	0.9011526265654367	425	0.971429984395332	
286	212	0.3023494162243756	163	0.7114145267798787	321	0.7621792171294887	325	1.4698445853270263	
287	150	0.4585821959695974	174	0.5997993848940826	66	0.610546363250062	263	0.7623725655822476	
288	52	0.4825454448897798	494	1.0091928104903878	457	1.2631115411475782	54	1.4431422240643919	
289	246	0.8624349901708193	236	1.096476615096859	439	1.102969047042751	21	1.3194912439817978	
290	11	0.46986692279102277	71	0.4745608173358282	68	0.6856766385352957	403	0.6904819594534857	
291	472	1.2331153017127208	374	1.2524273783205087	229	1.6440652292382394	371	1.6819969693038066	
292	5	0.42896065315692905	179	0.760614789359109	213	0.883930548510596	256	0.8918055896738702	
293	487	0.5485069787590466	13	0.6704189089498573	69	0.7689972540451678	281	0.7840725419608976	
294	204	0.5250326662842187	190	0.8930417399946304	46	0.9224245250457895	58	0.9671833860448561	
295	102	0.5479348115166089	103	0.6296330778089277	185	0.8711575701945249	165	0.9357912592389028	
296	234	0.5501069466474559	6	0.9593148835519463	165	1.0408852938599489	462	1.0480486005649354	
297	448	1.5971678404514844	250	1.990144156185978	357	1.9968350183752017	203	2.00800955456606	
298	435	1.1388973846750972	310	1.2592007299303953	141	1.3304821917627316	315	1.427632097389388	
299	158	0.48388042309639684	13	0.5746699839289152	37	0.5891417811902838	32	0.6169429497895536	
300	54	0.5735266772055586	354	0.6088610018275673	41	0.9022884157735669	358	0.9700636641850657	
301	460	0.5660062790360981	448	0.655677276293928	65	1.0480111349626522	53	1.054875825192656	
302	230	0.35084502769370884	468	0.47936322722703506	281	0.5204805781692762	83	0.5373269552029672	
303	27	0.489635018685102	63	0.6611351845135537	340	1.3245065073598163	346	1.3427509274582068	
304	262	0.5378688130679015	218	0.5497231768286681	134	0.5569899631959604	348	0.6645437743944251	
305	269	0.7747135667252745	247	0.9163245904938625	353	1.049254327258259	324	1.1810756735630532	
306	48	0.9572482641854506	169	1.0931549547587618	406	1.2152014987268456	221	1.2205367735844768	
307	318	0.4798713260286607	129	0.8828527213004235	409	1.134101245462531	393	1.187612003075917	
308	459	0.39251358528861036	146	0.4247069195480235	414	0.5163338472932016	31	0.8994261976443964	
309	296	1.1885031355843556	462	1.2665517438810567	429	1.4535815909193641	438	1.4881846584399046	
310	435	0.27581778695201475	318	0.9736321333459788	371	0.9857869700699208	229	1.0463160032321994	
311	424	0.8089031576614798	388	0.8912025368417937	34	0.9013448424352153	135	0.9761633877565082	
312	207	0.5358130482819145	261	0.6339959141374052	17	0.686455026910688	256	0.7129990648051806	
313	388	1.1887824123408754	359	1.4002159305127893	89	1.4039782604484325	330	1.4325951927101332	
314	362	0.829368856750546	122	1.0121717442141507	488	1.2019360050099257	455	1.2221274240678757	
315	492	0.6674433460506678	82	0.7680298266577613	178	0.8953696425725381	280	1.0953020295648952	
316	35	0.7888146752157582	443	1.0746920757062843	388	1.2478290558327227	424	1.303287347105679	
317	29	0.7103148409949722	37	0.9290043310538387	496	0.9783331804265678	461	1.017592805512802	
318	307	0.4798713260286607	129	0.8557275059793428	472	0.9353044015263415	310	0.9736321333459788	
319	237	0.5321132317276128	200	0.6232180611985022	138	0.9841682382195432	55	0.9889261545968007	
320	421	0.4272277039263671	31	0.56957357329924	459	0.6361001771156778	414	0.736184984625687	
321	163	0.5922442470184861	286	0.7621792171294887	212	0.857452040823127	370	1.0655912422155105	
322	3	0.4976449693911124	335	0.5161335706256933	331	0.5986017566287889	419	0.7875870299800294	
323	497	1.3258681778362662	475	1.456932461096375	151	1.6409588988146138	215	1.6484499382665916	
324	353	0.14099570846798049	278	0.35938724427633184	282	0.45521276334593747	337	0.6349871481731004	
325	80	0.572171563156353	43	0.7199778346977054	177	0.9442874131203416	370	0.9858774824629817	
326	463	0.30775316093140714	412	0.323664823207974	402	1.1571576870081786	381	1.3027482888831132	
327	271	0.8411290202835086	241	1.0901946705726748	145	1.1142214905264063	202	1.1932056881947408	
328	127	0.539450031078824	224	0.5712927637685279	68	0.8991358637389949	4	1.0140285266687696	
329	21	1.8602012536113146	246	1.9059825706025573	417	2.0521420420683607	439	2.145555811457052	
330	222	0.5020011647333215	71	0.854176825935521	290	1.0511930621308874	11	1.1005885920443848	
331	322	0.5986017566287889	437	0.6527716714627401	198	0.781241367724828	3	0.8257287902819915	
332	442	0.4858665341893161	385	1.0480602860322328	394	1.2079493099779444	59	1.2814047304450282	
333	428	0.3041607122758479	361	0.42989375267498353	60	0.5609077692847259	20	0.6390952447077733	
334	255	0.9053860709361823	19	1.2420784656728219	129	1.4370991735804217	235	1.4425087248792594	
335	3	0.47977601974248274	322	0.5161335706256933	331	0.8649877089296544	483	0.8801610298048109	
336	215	1.1217793395736444	151	1.1252423642028735	497	1.2429258122187732	405	1.3464737535852236	
337	136	0.3228769700301706	353	0.5873179028834283	324	0.6349871481731004	282	0.8057884675537336	
338	259	0.3728152006587849	198	0.6963906975870823	130	0.7631655152540248	485	0.8156260310319877	
339	81	0.7198741319010706	265	0.7413044693800408	171	1.2989396869732912	355	1.3571058029317025	
340	67	1.3093952854389617	303	1.3245065073598163	45	1.3929690167057136	464	1.5203827549763795	
341	491	0.20992571159939885	367	0.2979417043875625	111	0.3107185882610614	480	0.6250540099036442	
342	446	0.4347041218850458	15	0.44694885230748443	389	0.5621126667104174	107	0.7490934582990653	
343	114	0.37284362597497106	431	0.5345056532012513	106	1.0659772594065562	116	1.1670485493413756	
344	262	0.8193910551582586	134	0.8963254167758781	218	1.0665485451603984	304	1.0772675799300273	
345	425	1.076325066293284	267	1.1167490417428607	356	1.181329901371475	201	1.3186384128422064	
346	277	0.7020342854700662	107	1.0732584294884366	342	1.1331989801042357	67	1.1368405121859402	
347	433	0.47151789692003043	373	0.9934294720248376	378	1.1265268114472677	25	1.1808074154976176	
348	223	0.5088778017348791	304	0.6645437743944251	134	0.8416598810887791	403	1.0215719562063814	
349	73	0.23738641342182693	466	0.27135448625011205	28	0.2999706852793225	248	0.7080510672285211	
350	430	1.781209377367174	381	1.8421224779904941	453	2.133452201013395	260	2.1857691940916872	
351	214	0.5118357434692262	38	0.6966589342707723	480	0.8808180543370661	293	0.9414105573453944	
352	69	0.3023276873686438	48	0.49863916808080444	281	0.5297209705447412	406	0.6551679366230413	
353	324	0.14099570846798049	278	0.48719538303322524	282	0.5805425594155633	337	0.5873179028834283	
354	41	0.5122407039014873	300	0.6088610018275673	54	1.1070831287667457	174	1.2641563472508004	
355	418	0.44586730927926715	81	0.9152834469920015	101	1.0660867220013606	173	1.1006866605219572	
356	279	1.0735837174103988	345	1.181329901371475	267	1.237984325949729	425	1.3529314909956505	
357	250	0.8616100467898002	460	1.326111469946975	53	1.364523229904062	390	1.5515505026057992	
358	300	0.9700636641850657	54	1.0816887239641542	305	1.3565196735405873	354	1.3760712493336644	
359	34	0.3811224078766927	96	0.47251948872767346	89	0.5642297479177318	239	0.6525845162569233	
360	451	0.579542613972356	363	0.5885293790854601	95	0.7628577623408089	282	0.8050113041629308	
361	333	0.42989375267498353	428	0.48341495116703975	132	0.6853817165677281	60	0.7810026180025006	
362	191	0.7648535689619109	366	0.7803065978833676	314	0.829368856750546	72	0.9288828798884361	
363	170	0.4284318478897286	284	0.544546612067516	360	0.5885293790854601	282	0.6850800762703483	
364	423	0.4472390797711897	230	0.49568290634436385	302	0.6190289157096504	23	0.9105931686447768	
365	182	1.975625119285284	249	2.161414918093112	369	2.794614177957955	105	2.854193208209693	
366	72	0.5288976731823639	362	0.7803065978833676	173	0.8755141013364769	167	0.8944242910275979	
367	491	0.18382619093460356	111	0.18601994129777916	341	0.2979417043875625	480	0.4744519929343588	
368	70	0.22608228883980255	126	0.2997581258856735	177	0.3320898973499962	490	0.5442087356258972	
369	273	0.5450266035673468	105	0.777667705878197	249	1.0529498104755475	182	1.2765756015629734	
370	43	0.28528659739264806	177	0.6385759780013419	368	0.8944869392824005	70	0.9194845640797059	
371	175	0.7700907455429848	435	0.9218763973667659	280	0.9344607594232125	178	0.9851391627823337	
372	47	0.7261657786528891	476	0.9781519262225855	128	1.321090613676541	451	1.4008308515990566	
373	283	0.5110051797090969	64	0.5438581834250362	433	0.6058717264861441	104	0.7541599382040228	
374	472	0.26597912129322215	318	0.9846327613047925	129	1.147618423594376	229	1.2297719351926448	
375	26	0.7980642856002009	430	1.1501371804056466	185	1.386987117846275	209	1.452337254184574	
376	458	0.7222388009934918	34	0.8542308447578579	74	0.8557240802519099	96	0.8910808560950735	
377	237	0.5937778503570649	394	0.9928199594999398	200	0.9956116733463591	152	0.9972683322880955	
378	400	0.7006599986085983	272	0.7746236014678372	433	0.9589766424714729	25	0.9621664812223425	
379	12	0.4404724793306737	183	0.8241182827943139	128	0.9456430784348628	407	0.9539550503965692	
380	495	1.0247825111790672	105	1.0555860324975908	182	1.3818619159044085	249	1.4211179110048722	
381	463	1.133191588254482	326	1.3027482888831132	260	1.4831991638746873	412	1.5979458216620512	
382	88	1.0870075129068415	208	1.1097646400313754	438	1.1118619869084436	395	1.3987525086226913	
383	111	0.49315470212690327	367	0.5592001884572606	491	0.5768196232457179	341	0.6399818651076419	
384	486	0.3264227108186094	473	0.5503623484656003	125	0.8378877652954047	285	0.9011526265654367	
385	442	0.707503958124169	59	0.9166141334350076	7	0.9737488402999827	332	1.0480602860322328	
386	449	0.8464146908816688	244	1.1124089287769205	479	1.2273826223380029	168	1.3436180903874595	
387	392	0.5467433188732529	7	0.5998404256580807	58	0.8962198712142102	138	1.013406780227988	
388	424	0.44133031422689734	443	0.5815753781087168	35	0.7913675736717919	311	0.8912025368417937	
389	15	0.5517737795125033	342	0.5621126667104174	107	0.5793679495417057	446	0.9209696191762472	
390	53	0.9687688225785571	253	1.059023061357123	250	1.1285150906502779	65	1.3180664458300533	
391	480	0.5032111577753007	214	0.5390674704458237	367	0.6659104261459354	491	0.6714449485174109	
392	196	0.5439967178786566	387	0.5467433188732529	7	0.6182101749717682	58	0.6553732586286848	
393	454	0.3948629424800368	22	0.5647984318258478	207	0.6794363115347019	367	0.7984912391887427	
394	377	0.9928199594999398	332	1.2079493099779444	200	1.315213838693814	237	1.348342015935383	
395	77	1.2447355423168396	429	1.2602258142120832	165	1.275472571964343	382	1.3987525086226913	
396	283	0.8365986336286808	104	1.0794686827446651	373	1.179390153843002	64	1.3433202154022192	
397	109	0.4464684893798217	213	0.5451114506252577	406	0.5632485914372777	90	0.6858524599678889	
398	181	0.42298307352143216	438	0.6463951905026301	208	0.7381412064003806	477	1.0200463300234157	
399	75	0.3963040022569842	248	0.6929427498593379	466	0.8124138166410939	73	0.833494659843414	
400	378	0.7006599986085983	44	1.0222891653712491	428	1.1451352243787414	20	1.176397385055372	
401	210	1.4254090676889648	131	1.5320803469380952	203	1.9071437102336721	40	1.993870281151199	
402	160	0.5151413768926635	489	0.8388509743940532	16	0.8669937634019453	180	0.9538828221394371	
403	11	0.6133933174339752	68	0.6743825349204934	290	0.6904819594534857	218	0.7025768733723842	
404	499	1.0939966241616357	123	1.2224564252290373	138	1.312887167876698	58	1.3727948102306342	
405	215	1.0497751384080347	336	1.3464737535852236	151	1.5635337581289501	497	1.6365024433269384	
406	397	0.5632485914372777	352	0.6551679366230413	48	0.6645215324963342	471	0.7812894001550549	
407	379	0.9539550503965692	1	1.040296279830887	12	1.0868536713339927	104	1.1708481919508318	
408	20	0.612203992967583	428	0.9089796720825724	60	1.0741561194481262	333	1.0793672065286817	
409	310	1.0553249270670249	258	1.0788521370081317	22	1.1130993851304836	391	1.1302956896824752	
410	257	0.42364737832260263	143	1.2915784131835446	449	1.3198164723213794	61	1.3558040409227936	
411	498	0.7321237753657253	206	0.9563973233459737	124	1.250334212397123	60	1.425771876380962	
412	326	0.323664823207974	463	0.4953542593392377	402	1.0553661668139023	270	1.131818731382944	
413	192	0.6806156460512766	64	0.7811855079067522	283	0.8338276692276629	104	0.9985984298099231	
414	459	0.3565693673593343	31	0.4034660173263493	308	0.5163338472932016	146	0.5473075353587148	
415	273	0.8686666815091773	495	1.1493597895785743	91	1.2789280203821902	105	1.2975413091997798	
416	439	1.0817547590798766	289	1.7685878912548911	246	1.9094462780349726	21	2.100672715613143	
417	21	0.3461284745721593	132	1.4377763066444054	211	1.4549314868921532	98	1.5381797448592025	
418	355	0.44586730927926715	101	0.7560354339008414	225	0.8435051628394806	265	1.0902747658074758	
419	322	0.7875870299800294	276	0.878506995060835	496	1.0212483952126066	92	1.0324585265344048	
420	115	0.3392524354128009	184	0.34324198881752305	266	0.5388510335652892	42	0.7259222408716923	
421	320	0.4272277039263671	31	0.583180847576609	425	0.6577301935897113	459	0.7887672429043625	
422	481	0.2810518988350939	180	0.5966700147629735	157	0.6199510319764331	16	0.7130386953005697	
423	364	0.4472390797711897	230	0.786790063831817	172	0.7896016185810107	485	0.8891382036212385	
424	443	0.3280983407070318	388	0.44133031422689734	311	0.8089031576614798	35	0.8809351446432668	
425	201	0.44083395492646055	31	0.5520102768389867	267	0.6386628089027405	421	0.6577301935897113	
426	440	0.7973610510638446	57	0.872566259860947	421	0.9570093661012022	187	0.9601572275164925	
427	137	0.3876321267205089	490	0.39566058907221086	162	0.45194457250335296	83	0.7082770557621669	
428	333	0.3041607122758479	20	0.46257835524994523	361	0.48341495116703975	60	0.6161948546589291	
429	225	0.8904004355516077	88	0.955533095901339	265	0.9852341041571226	418	1.117856832301199	
430	26	0.697499805656749	185	0.90735482733941	375	1.1501371804056466	260	1.1961509101720518	
431	114	0.23485865180438112	343	0.5345056532012513	116	0.7856524347227323	55	0.9189888828817587	
432	119	0.24995082538152938	8	0.47131742375073693	82	0.4728402397351365	90	0.49162337053224436	
433	347	0.47151789692003043	373	0.6058717264861441	25	0.9094980624120813	378	0.9589766424714729	
434	49	0.32101095570984106	281	0.6216079726068322	69	0.7963398225484448	352	0.8652867231142161	
435	310	0.27581778695201475	371	0.9218763973667659	383	0.9848918366274104	318	1.130295660530175	
436	51	0.8345314458138758	56	0.96983660236951	188	1.0647164189221374	241	1.0648023878253834	
437	130	0.3212835488977205	368	0.5469189492613513	162	0.6004462368019686	331	0.6527716714627401	
438	208	0.39684225516880556	181	0.6273863628274341	398	0.6463951905026301	477	0.7784516417723245	
439	246	0.9401429275734534	416	1.0817547590798766	289	1.102969047042751	21	1.6893015330092027	
440	426	0.7973610510638446	421	0.9462207896769471	251	1.130956422730638	320	1.1524170399365683	
441	162	0.6658248176083628	177	0.7053666453334625	368	0.714345388313314	437	0.733785720497246	
442	332	0.4858665341893161	385	0.707503958124169	59	1.2007391418735416	7	1.3986068327261856	
443	424	0.3280983407070318	388	0.5815753781087168	35	0.634904076029886	316	1.0746920757062843	
444	493	1.132953302130652	245	1.1871291022144859	220	1.1985467703898802	106	1.256801643810394	
445	276	0.939200755797974	482	0.969097257807594	496	1.040202850599246	92	1.2903566231442445	
446	342	0.4347041218850458	15	0.8462038782407103	270	0.8820940137577737	389	0.9209696191762472	
447	208	0.8058681961097222	268	0.8990946640613547	154	0.9296333662494889	179	1.061956299234298	
448	301	0.655677276293928	253	0.8333753402394438	460	0.8534813188240692	65	0.966764607443859	
449	386	0.8464146908816688	479	0.8734270522156334	168	1.2993461337636232	410	1.3198164723213794	
450	263	1.6344006055972675	457	1.685504438621622	494	1.9691013545146263	288	2.022362086446249	
451	360	0.579542613972356	95	0.8160830493337193	363	1.0260402256155767	47	1.1281938937763025	
452	168	0.49516652228370966	143	0.6938712507109569	156	0.9328674837319073	159	1.1271196560129761	
453	234	0.6282310898374647	165	0.7422895036859347	103	0.8491776994942741	260	1.0672989479063981	
454	393	0.3948629424800368	341	0.7125150140715562	147	0.7170148133912808	207	0.731944546731571	
455	488	0.16751428611258892	122	0.30323805765987666	153	0.5412799845307518	188	0.5779099191459597	
456	10	0.7335529956558298	186	0.8631456540116763	123	0.9335064276985288	55	1.0714338321745183	
457	494	0.42191462671533836	263	0.4534310662875109	66	0.47998196583420166	287	0.8042698941442668	
458	239	0.49628319509960644	4	0.5186090054598435	96	0.6053521526960478	9	0.6522974174506465	
459	414	0.3565693673593343	308	0.39251358528861036	31	0.6172048214016174	320	0.6361001771156778	
460	301	0.5660062790360981	250	0.5853172209651196	53	0.6939015424076779	448	0.8534813188240692	
461	317	1.017592805512802	49	1.0870943797364505	434	1.1278013960340796	441	1.162894801848056	
462	6	0.904103644637476	296	1.0480486005649354	309	1.2665517438810567	398	1.3381630563564637	
463	326	0.30775316093140714	412	0.4953542593392377	381	1.133191588254482	402	1.2459311887508775	
464	133	0.5096746164970316	93	1.0373630561808045	45	1.1735066527487552	467	1.4253001974135187	
465	217	0.5806979534370018	93	0.8476445805021687	252	0.8897054165446396	259	0.9882759946035918	
466	73	0.22541367220873834	349	0.27135448625011205	28	0.36966167505682906	75	0.6608559786888026	
467	45	0.9240444604381131	133	1.057256760215245	108	1.2967481343930978	93	1.3501648857260249	
468	487	0.33304948675951507	302	0.47936322722703506	230	0.5292222456030533	83	0.5620625888655488	
469	237	0.9818364603120525	377	1.0206773099579545	389	1.0959267271057045	319	1.1895747746643512	
470	118	1.08955126530423	496	1.1601058020307233	29	1.1727832264383462	317	1.3140260309378273	
471	119	0.3485926602743504	90	0.5395058835802102	432	0.5637474182474547	121	0.5939466733041407	
472	374	0.26597912129322215	318	0.9353044015263415	229	0.9676209608484952	371	1.208301929370647	
473	486	0.3206712276916026	384	0.5503623484656003	125	0.5955370740452469	251	0.7383039500179056	
474	301	1.5496369678046593	323	1.767150217097807	475	1.9092328489797343	460	1.9668036487928908	
475	497	0.6309613476978231	151	0.8621817697560515	65	1.006342215314458	301	1.2883294668413197	
476	47	0.42258485098148857	118	0.9766634019843157	372	0.9781519262225855	242	1.068150376286244	
477	154	0.4507184622409877	194	0.6302261487106313	181	0.6482712437840354	438	0.7784516417723245	
478	56	0.4405106340243192	51	0.8132298938705119	188	1.128801239802215	232	1.1529554959432853	
479	449	0.8734270522156334	386	1.2273826223380029	205	1.3056466568469456	257	1.6779253588186585	
480	367	0.4744519929343588	391	0.5032111577753007	22	0.5090514412413019	491	0.5756531720245759	
481	422	0.2810518988350939	157	0.5740629647104376	180	0.6393769853351174	16	0.8022597206914087	
482	445	0.969097257807594	211	1.0936358602659269	476	1.173068053323225	496	1.2861727088554245	
483	86	0.2092695716569123	3	0.4180414355534816	322	0.8334352947986906	335	0.8801610298048109	
484	18	0.738452199074635	279	1.0916842873712087	483	1.3905368991082132	3	1.42689955190708	
485	338	0.8156260310319877	423	0.8891382036212385	39	0.8953142900823154	259	1.0576474277572816	
486	473	0.3206712276916026	384	0.3264227108186094	125	0.555905399061421	251	0.9324364426961007	
487	468	0.33304948675951507	69	0.48241824425128293	281	0.538004197137004	293	0.5485069787590466	
488	455	0.16751428611258892	122	0.25713143096086916	153	0.5254092875974178	191	0.6301432857579358	
489	160	0.5334876963352879	16	0.6050284444133921	180	0.6965305163470513	216	0.7241106918039711	
490	427	0.39566058907221086	126	0.4143796303208522	162	0.48625628645591135	368	0.5442087356258972	
491	111	0.12008421715081334	367	0.18382619093460356	341	0.20992571159939885	480	0.5756531720245759	
492	82	0.6566967901904539	315	0.6674433460506678	97	0.980398728389748	194	0.9811187930579448	
493	220	0.35208152790279124	106	0.65183387028892	102	1.0239973627672168	444	1.132953302130652	
494	457	0.42191462671533836	66	0.5825025375834236	52	0.5825204373544929	54	0.7864513050666893	
495	105	0.8184235907777834	380	1.0247825111790672	273	1.0819868815998346	415	1.1493597895785743	
496	29	0.6010023719683193	92	0.773070255747695	317	0.9783331804265678	419	1.0212483952126066	
497	475	0.6309613476978231	215	0.9331968479821238	151	0.9839843616429022	336	1.2429258122187732	
498	206	0.297667456790152	411	0.7321237753657253	408	1.0959674595602218	60	1.1254845439943917	
499	404	1.0939966241616357	164	1.2054349576288108	14	1.2976844269172283	59	1.6198424973793837	
