-9.2195592112828813	-7.6830978262966028	-3.7055324011267157	3
2.3561278985141847	0.4080411483979036	2.8088781702401704	4
3.7023769720435435	4.6402200689950241	4.7439624109859233	4
2.2089066310208292	5.8636253958711713	4.9258021309400917	1
-1.7499153781106473	-3.5195926210661472	-4.1388916289739619	0
-3.9201438574131462	-4.0285454988942790	-0.6918033088885065	2
-2.9987936447053674	-3.1301641980498225	0.4302797048260727	1
-9.3350257687375411	-5.6463908240014238	-4.5273724306543759	3
0.3819989464107794	-1.4187978776356935	1.9607033201370085	4
-1.2099887395923870	-3.4737584297964545	-4.6996908989952910	0
-7.9912308721461196	-3.9173773168068915	-4.4110090181018968	3
-3.1395029255095395	-3.9228212848190602	-3.4436592761499414	0
0.2323001911833260	-2.3399688071161071	1.6824341834489491	2
3.4711389241464685	3.6507202263879277	5.4796480860568373	1
-9.1725593781705612	-5.5108578175010994	-7.2940865195571538	3
-4.1436776553769752	-2.0962962272928394	0.2193694817383074	1
-3.8210180344754416	-2.9530905564101353	-0.5408742448892445	1
0.1361747286179567	-1.3817398878329250	2.2631757451378927	2
-2.4438359156624951	2.9969472152506889	2.1298389167610488	1
-0.3854134567354601	0.0827499451473245	3.2602640822486846	4
-0.6526248580088465	1.4490497369630218	1.5460246970816591	4
-3.0971842977440991	1.0170638830446626	1.6708034163520287	3
1.1047627051247848	-0.3631655744702196	3.2809266838346294	4
-3.2741053676602796	-3.7765214351017589	-1.2905349616815740	4
-0.1167970734292711	0.4794122689874363	3.3655163317345211	4
3.3559859632523841	2.2779174325929183	5.1071995234825085	1
-2.4664726630985663	-5.3569271002909389	-1.7850183691847961	2
-2.4819097637280287	-0.8960970535450224	1.3554498572482836	2
-5.7913771324450316	-3.1013569771168279	-2.5464687652141289	3
-2.0276866708248296	-1.5677788401781028	-0.2043164620751141	2
-4.3205665445900108	-1.9854752357360888	-0.6232798577889125	1
-2.7464737091698606	0.5378139473355081	0.2921129947390108	3
3.3276300830707992	4.0505526152207230	5.5998762849631518	1
0.7290255547066060	-0.3465506103363644	-0.8052837755742907	0
-2.2900709599805467	-3.2481988495779204	-4.7797615859968756	0
-1.7494051406748323	-4.7461312432818676	-5.5366225796081405	0
-0.6335903015403219	-5.2027819733193077	-5.2552889045838382	0
0.7482640614917817	1.0121193460259279	2.4109065315035112	4
0.9251684480323370	0.1355084896987238	2.5582053946532248	4
-2.3888599414541249	1.2577581871544663	2.1723708023059642	1
-5.4164425917032730	-8.1908493952596491	-8.7963918044655021	0
1.8587326624164398	-0.4387536979573414	4.2365235001670500	4
-0.4615034912146605	-0.9915989385680750	0.2522631586864641	0
-1.0405331647990397	1.8012043524038797	0.7766325409581438	3
2.0281665918168290	3.5461290107086301	3.3183320461328281	3
-3.2672270854877432	0.7776411906293266	2.8062061802143008	3
-5.3214897947486346	-2.9124021621193266	-2.0573582614245716	3
-0.9021781980913994	-2.1498092783961509	1.6411695851954304	2
0.6506584764064227	-0.0027430139819247	0.9550935745024640	4
2.9510643059849917	4.0808882729126132	4.0732028909059856	1
1.3687665095782457	3.2315910293208994	3.5681543388448649	1
1.2863265399061243	-0.8196927752130674	-3.0253732692988606	0
5.1272872489209735	3.3232413393354627	5.2761610933191943	4
-5.1772254380252321	-1.9219869361351805	-1.6805014857876790	1
4.7609680111499255	3.0228183764360423	6.1355485160072813	4
-4.7386607117739850	-1.2096342468762753	-1.4245564659083714	1
0.9128346019318737	-0.5476211657185857	-3.6960357766771450	0
-4.8825721203762775	0.5176492798187944	0.9172194156787392	3
-5.8916169207640072	-2.8144363056506640	-2.1381785733725760	3
-9.7580903622284936	-4.4708928931651020	-5.1490834319837493	3
1.6027562529917583	4.0425653784629878	4.9446935762874702	1
3.7811635429999999	1.2754552043241869	4.9229827647919375	4
-0.8438407457749171	2.1165520853939022	2.2474170862631850	1
-5.5379563825918297	-3.4637063793438236	-1.7708129403492856	3
3.7065645338058961	1.3556494678172941	4.0992695158780466	2
-7.4704464674710840	-5.3935422427430257	-5.1614259580155428	3
4.5692396906307629	2.3232682186518585	5.4209564037876401	4
-7.0241714183467092	-3.2717977210073936	-1.3449755229368883	3
-2.1758421539775528	-3.8520171421765728	-3.6983290085840919	0
0.1919467780612250	0.0854921162792759	1.3311515214164285	4
-0.8774242789657960	1.1717146811334125	1.3359630283681199	3
-2.8504656592579014	-4.6195299573735715	-3.6549576857276236	0
1.8829121410061251	-1.1388262018348294	-0.5633191541162887	0
-2.5117685241372589	-0.1970125411255108	0.4582948710444696	3
-1.0476001988763088	-2.5950935516991058	-5.4033189652893174	0
-1.9279320393001638	-0.4456012608635006	0.4590640553063706	3
-0.4285145236224734	-1.9105646913199075	2.6974999328723044	4
-0.4318373376636639	-4.2497104519081237	-2.0702303962635815	0
2.2070880678363336	0.6136928182217221	-0.3813783806140922	0
-1.9965143620325581	0.1657663690674842	-0.5760842122948544	3
-1.3266557818724318	0.7101551839209923	0.3133410261763216	1
0.5109032253076752	-1.6164962755595487	-2.0968797525455778	0
0.9489629290307585	-1.5742969716154154	1.7524210015917698	4
2.7633941025196851	3.3348675730629842	5.1548670277355697	1
2.1394040711070268	-0.0475891901652239	-0.3557181761922767	4
2.6936283079802639	0.2054593814742920	6.5617432998770813	2
-0.6531385365274609	2.9122369412481497	1.5203931039148779	1
1.1727307293311608	-1.6774479588360904	0.4839803235251594	2
-0.0618873609971269	-2.7717314017601575	-0.1658340473293261	2
-2.6907754009939300	-3.3312647649906135	-4.4119150870032371	0
-2.7631344774226871	-3.9709583579081036	-1.3285191243721648	2
-4.0492169868090517	-8.1613683329521862	-5.5303416558474661	0
-2.7982994709130637	-1.6690789631612208	-0.1603353652051145	4
0.9439331858863604	4.1194695255514668	6.8736067464194477	1
-2.9761281343641719	-1.4501153387537151	-4.5274923404067762	0
-0.4389870883427243	-1.1871468675187202	3.1405209291883303	2
-2.1499756641867087	-3.2115787603087647	-4.3597242064483819	0
1.5681013328282516	-1.9087121218081384	0.6454474347103398	0
-0.8694026949654576	2.7909314034810291	5.7551999027999461	3
-3.0525847987112282	1.6926933911690369	1.7483763006448203	1
-0.1454026237966177	-0.5779012878121236	-1.0161081840917272	0
0.6413470370160712	-2.3740335235001440	-0.4185628789262665	2
-3.1533535741060366	-3.7444639295384730	-1.5654531397654634	4
-5.5677373275136208	-7.0661121847303949	-3.9836934494807688	2
3.4588389671815629	1.2729765411355469	3.4580175351559945	2
-3.8353483820989362	-6.9247629119211940	-7.4083501782629897	0
-3.5643735572342923	-2.4711569714988890	-1.8583357377330456	1
-1.2734456180123415	1.4308894368756289	3.2670043936682527	1
-0.2327513105951899	5.5999107122073601	5.4470649415397254	1
-0.1098370997730274	-0.9501107083747851	1.4974171263588019	2
0.1786017714131513	-1.4149113939512044	1.5987837636166407	2
1.4225284473444564	-0.7597066640783021	2.7430253876290598	4
3.7476189505986253	1.0683361597999772	5.7238724856830894	2
1.5986301024559668	-0.3519283627987425	-1.7865907769464218	0
-3.7773181978097674	-1.4847579053685207	-1.8366415830491380	1
-0.5181497648747486	-0.5090472199156832	-0.6284363152394472	0
-4.2368452719123306	-2.3027138751712686	-1.6979775591353645	3
3.7274638289667505	1.6110125088219991	5.2852122343912145	2
-0.3313041626576312	-1.3945013348831621	0.7802300756331735	2
0.6734577255366772	-1.0044240458356837	1.5065054384998331	2
0.7274754683497822	-1.3301456126692859	2.3579686868538250	4
0.3768688471414507	-0.7899724301386253	2.0502067430711608	4
1.5902574100160387	-1.4992218087375389	-2.2409541588850144	0
-4.9578200636016589	-1.2672817628590822	-2.0411580793411881	1
4.6773575612432836	8.2808960016455604	8.2314654438218255	1
-6.6303636908405199	-3.2400709749292980	-3.2402565672386525	3
-0.8826273560709730	1.0273719873217499	1.4252423989887033	1
-2.1679815958491933	-4.4668483535425771	-3.7801393648373711	0
2.6877111672867038	-0.1560639486170001	4.9019505115592255	2
-0.0037688504158018	-1.1257965958027754	3.7777727851636262	2
-1.3965289445029434	1.6056665073822116	1.7592619231314146	1
-6.7296870046216828	-8.3886655534072840	-7.6342855410509740	0
1.2647441542342128	3.5965903989283428	4.2766220776950350	1
0.3994014787790050	3.6975041420211072	6.3991663524137712	1
-1.6444480591300266	-2.9048274342609690	-3.3559580444839763	0
-2.7047706652280228	-2.8773218681799850	-6.3253537060873999	0
0.3235333432826151	-1.5778731974297684	3.5639578314375600	4
2.4420066793928763	4.0389134220237599	5.3414783532372496	1
-5.8943254072438727	-2.2710151381491914	-1.8539297240416994	3
-5.2464780751427540	1.7273304908866915	0.1073842588997995	3
-5.1889713291033210	-6.0191760530799376	-5.9615683917705127	0
1.4805649850993858	-3.2611692635092089	3.2743129739205754	2
-1.8832647897198900	-1.7123482111149091	4.1211480854477669	2
4.0738619058669681	2.2279025218261390	5.3727776700073129	4
-4.3134337166233205	-5.1964670272835312	-5.2990352414917554	0
0.5499974586433750	1.0827661510776287	-2.4830526865309035	0
-1.9911379343423219	0.4961441704788151	0.8320664864068942	3
-0.1096135536295226	-0.3586918208903094	2.7999801652942033	2
-8.0710975268572760	-7.0842071138261238	-5.2694671148099079	3
-3.5808678057958758	-1.4908814537465132	1.9500977581381562	1
1.7242139124625560	-1.4533250986491544	2.7468086533295590	4
-6.6350247172652237	-6.2588583779815004	-3.8481346853846867	1
-8.8473747235964861	-3.7652391124370475	-3.4939197801624911	3
1.2941292350624254	-0.9208838490216740	-1.8248028238409992	0
0.1090319038432357	-2.2668947348782762	1.1154770424522551	2
0.7703884002989190	2.6712641437606797	6.2822025959408112	1
7.0909870165346245	5.0137751013754421	7.3048462873661126	2
-0.8704236819745628	0.7641519149140104	2.6957398527098713	1
0.4270666084372748	0.9730099743083047	2.6551532754400595	4
7.3317508779287808	4.6491804156521424	7.7165118030672453	2
-3.7217542445911449	-3.3060902679859363	-0.5534266864288031	3
-9.7985049943491305	-6.5362669118845478	-5.0568497761117683	3
2.2433311337433275	4.2251987255892161	5.0639964379367539	1
0.1961284222840514	2.2584994253444162	-0.1614662825150046	1
-6.7271956674932154	-1.1529969620743756	-2.6143723502805130	3
-4.9982165560959428	-6.9075642602768434	-3.9350263252197770	2
3.1684852375842247	0.3903640568461975	5.4596915961658645	2
-0.8284525759038912	-4.9860131763004585	-2.9721494642796928	2
3.6238233817628274	2.8559237412702956	5.0322668903250332	4
1.2807078315539733	-1.1533292541716822	1.3405166221016289	2
3.4259914218486549	1.4194453757476893	5.3464323341205251	4
-0.3661140747345324	-1.4767077577514218	-3.5610697558479076	0
-1.3126507298629262	0.5754885140092791	1.3353112390303694	1
1.1100477082029041	-1.1526886502298552	-0.8726784165372183	0
4.5668707299060731	2.1054971911750342	6.4755473055010437	2
-2.5700838900837466	-4.9153326361536021	-0.3472388055681441	2
3.4940898488470840	0.5551983794191631	5.5021292287648542	2
2.1633139437754285	4.4275975515265600	4.2140811852370588	1
-2.2890309523813714	-4.7358763383404252	-0.6132772107432758	2
-3.6470283854510623	-4.9984319705812510	-0.7208887916873135	2
-3.7058113944095052	-2.8101596294880533	-0.5597675715184822	1
-3.8000110091111647	-4.7988752952096823	-2.0539686971582585	2
-3.6969061173266176	-6.6336392203421166	-8.5106344644031307	0
3.1997074318491854	0.2894101429034670	5.2896719342640681	4
-0.3112253929507198	-0.2220491211448919	-0.3948383351215556	0
-2.4922075352524971	-4.8057081822725252	-1.4236844587329658	2
-4.7060436180561380	-0.3532897355455011	-1.9408176850515000	1
-3.4912090115730292	0.5635662128090257	1.4009989138804546	3
1.4252135759080617	-1.0015465407340751	-2.7262007058729401	0
-4.6986692194290498	-2.8287219018291205	-1.9794290337174592	3
-5.7304196809384012	-4.2414129996838490	-2.8142669921894203	1
1.3903593144667941	-1.0901412431308715	-1.5574314265982474	0
4.3925209457512917	0.3333107618215809	4.3078424755345530	2
1.6753192701129143	-1.7212635649976660	2.2045650380031958	2
0.2738679615695617	-1.7885586594846397	1.2840567867107180	2
-1.0095180200621212	-2.7730207442878658	-3.5810805275134792	0
-6.7031537678316742	-3.4749277389229452	-1.9876256075987058	3
-2.7184900616576875	-0.8662590368649863	-0.2015281333471919	3
-4.6384284922397629	-1.2373843600146219	-0.4908544722137442	3
-5.7910336985505850	-0.7420483464419214	0.3919412842343082	1
-8.9888464834324289	-4.7302541250494023	-4.2699506424698344	3
-2.4143737306474362	0.6972176165923253	-0.0567422705244294	3
-0.4719172749232794	-0.3237187460562928	-1.5156347557950234	0
-10.5483116584807313	-8.9067503177411567	-9.5593989726590749	3
-8.9721298104432616	-6.1291212445397267	-5.9182566206446214	3
5.4751561424564343	5.8965000285389992	7.5829383830267592	4
5.2906071737116473	7.1703195754830666	9.0794813974181956	1
0.2057681259967580	-1.1276286922112604	3.0563168560931957	4
-0.7597944980948794	-2.5258712013943816	0.9720773432346927	2
-2.8566517754610894	-5.4691663741767105	-3.0795409744638027	0
-5.7736566355660326	-6.9300618651950652	-6.8001911247084337	0
-2.0839662678995312	-0.0936529101522710	1.0962152945548809	3
-0.2287835662027293	1.5280462755688800	-0.5415783684977611	0
-0.2837502595486834	-1.2683843048519505	1.4136182712644758	2
1.7645363393603888	-0.0920454351427040	2.4440684548443294	4
-6.6644472949063989	-5.0405101972553341	-2.9970256939091731	1
-7.5346311249619724	-5.9346792572088329	-4.1331439962652752	3
-0.9919919220014183	1.4546737307369244	3.4007752452550557	1
-1.9950809942560297	-3.5033872495455034	-3.5052987728844300	0
1.2530785978686207	-4.0525832149215244	2.0439734138667509	2
-3.4336526688816922	-3.2021187129044932	-2.0775332191398261	2
-1.0839244483478447	-4.1543614770034782	-1.5462723296273531	2
-3.9563404387206860	-4.8751038808271243	-3.7908730929260361	0
-2.2699739863387127	-2.3756105532414331	-4.0671714020281602	0
-1.4668293447028606	-4.2522876790222801	-4.0781405213946815	0
0.2353074349430023	-2.6906438955476162	-0.5085653471251605	0
2.2107805694471576	0.0902315716418944	6.0251654325384623	2
-5.9963986419230846	-1.3980384217306827	-1.4033231893140992	3
1.5223093112338295	-3.7403198070008101	1.5401786247257387	4
-1.7159542594409829	-5.5040943343114606	1.3200568815957539	4
2.4548004723352039	2.9858003735681020	5.0108431461029364	1
1.1210526584994813	-2.3851732035549764	3.7965970192741070	4
1.3946596941006768	-1.9354509954962502	-3.2766412766712971	0
1.9560103384902745	-1.5013336185300219	0.8606163011281069	0
-2.2770231128736182	-3.6629591535657102	-0.5320334701021259	4
-0.3991978486440748	0.5108143086831984	3.2044431689203270	1
-2.5292764323807635	0.3862429084141379	0.2733479722754701	3
-5.7776679672933007	-1.7764341400696733	-0.7343215405743111	3
-1.7763290328182029	1.4643359577025692	1.5678515649319920	1
-1.8471898000123546	-3.4291407917329537	-4.1287349358562171	0
-0.2358347800411424	-3.8795028691089453	-3.4096032798020639	0
1.3107985238582838	0.0987888782917664	-2.0755565937242642	0
3.0882875573147830	1.2600486773304260	4.4773971336878162	2
-1.5078068647046083	-1.0159764216667275	-1.6003576702373767	0
5.8912187610010758	7.3838394799159310	9.5525644343707885	4
-3.6294623455535771	-3.7811158959013698	-3.3960071435099861	0
0.3162578263040330	5.0378594128879310	4.1209309384149622	3
0.0096580866255009	-0.9087003487686398	3.7699086198266016	2
-2.5064701123824187	-0.7951913232174819	-0.1912014263340335	3
-3.8974291194563770	-6.8382929773345911	-8.4498180203679460	0
-8.6947098877295996	-4.9240902034663687	-4.9229701659413951	3
-4.2668488854895141	-0.0086730409113991	-0.4777303549339638	1
2.1616643610998070	4.4679856235963484	5.9453474931341459	1
-10.7841508332768292	-8.1171351689997486	-8.6392833344629523	3
-11.1404123633038985	-3.6868922019027481	-5.5542825641292399	3
-3.1894599575667706	-2.8507402121371728	1.0312079243560763	4
-0.2332266657602845	-0.8150884658395081	2.2064815298734781	4
5.8095520216573799	4.4342374560074420	9.1288833103096625	4
-0.3870645267964008	-3.6713983688195984	0.1177297691466390	4
-1.5157386372004069	1.3004604404987921	2.6226477859643547	1
-2.6845418722628271	-4.8062986085003327	-0.9658905220713225	2
-3.0349961907091094	-4.7308630732421060	-0.4871293193533348	2
-2.0166888706000821	-3.5494556726857200	-3.0637658808529338	0
4.9714271909250263	1.9691885210541176	5.1925239350266068	4
3.5448319361516720	1.2669467797617751	3.5905673472238844	2
-0.2096035229226096	-1.8749288725996722	-1.7347734341411631	0
-3.0005157366350828	-3.5653933613049329	-3.5671079674603683	2
-5.1558564213896219	-1.6637746980338459	-2.9540019452747623	3
0.3815736009053521	-3.1803273358096673	1.4654056730280001	2
0.4078176171349659	-0.7359131942222206	4.4041579310281973	4
-6.9679971380455390	-6.2268158926404134	-2.3809624655595947	4
-0.2743975521414128	-0.4927333679835879	-1.9893031323193797	0
2.9494665650405141	2.4752067292065107	5.1290929079803238	4
-4.3952891742264004	-6.9821271839076227	-7.1395664718433380	0
4.0188536502113523	1.8482347124764238	5.4365534831740128	4
-3.4309550732096126	-1.3089602012744361	-0.3803341072056003	1
-3.3402679209550241	-0.9074155986665398	0.3890679410063584	3
-4.0080018112486808	-0.5574347395015318	0.9468056227497788	3
0.3038374697440864	-1.2294589119772881	2.8270693865946299	4
-2.3915199802785803	1.9070264818392837	1.0961874057209748	1
-2.5084998831309422	-4.8186730418464334	-0.5540117498954333	2
2.9754292488642275	3.3090192604862438	4.4487703777755465	1
3.3139304822070272	1.5962271499769580	5.8315108832152660	2
3.9171130725463064	1.5838891849825436	3.6939815845823887	2
3.3864500422301176	1.2608012314528665	5.7940763120827299	4
-5.1925649257326754	-2.5743892969572912	-3.5528499779204514	3
0.0450106692909416	1.6412152403859737	-0.4812072536837673	0
4.7017184871699715	1.9763143497888764	5.9055585530053341	4
5.4088570736543264	3.5577635896882311	4.9622059145548079	4
0.3078956448089669	4.4484042168471909	3.4914337120095098	3
-2.7932772397810073	-4.1485845371576975	-3.6671176695219367	0
-3.0266115654301657	-6.4723661871275606	1.1019341562977250	2
-3.9268524018320914	-4.3421032728160434	-0.9844528600616225	2
-2.3726508040455947	-2.5812868123880666	-1.1296405142120347	4
-5.5162053045427939	-3.3746152115859145	-2.8315106828212553	3
-2.6542679250806613	-3.9680275355064740	-1.5995909003136606	4
-2.4154769809411225	-3.1702778763322952	-0.3302580052145836	2
-9.5523314162514303	-5.8007423976383539	-6.4903373873258801	3
2.5237113115103145	-2.5146111287439625	2.9212130507982628	2
0.7587220581481607	0.7911718886080712	2.9569476377497166	4
4.8384218477957743	3.2514979246335569	6.6557786736216471	4
-11.3108909025306072	-8.9501623600987781	-7.8747998330058824	3
-0.4354808430558328	0.1183618007094465	1.7050956821080110	4
-2.6230035029584773	-0.7722852255448931	1.8076728548059009	3
-2.1642920648578139	-3.0593221970643745	-3.2289486075265397	0
3.5883333423707420	2.7947808897714750	6.8694066125399766	4
1.4997160062408599	-0.3289906332842383	0.6567849403379888	4
0.7882614040490256	-1.1633495191302714	4.1659824984237446	2
-5.3195894950317948	-2.4025494459935346	-1.9184689741307417	3
-1.8393049435056699	-2.1369228093419381	-0.4431419814764039	3
1.5443921094345003	-1.9473724029677402	3.4732643225861271	2
-2.0603290805049950	-3.1535811919036649	-5.6461845154348271	0
-0.2569686182544335	-1.2106054779826381	2.7992464741896876	4
-3.2675638169514629	-4.1741822888866515	-5.3752219575995070	0
2.2660217187088119	-2.1263983160501296	-1.8232414974086424	0
-1.4997858229746246	-5.0089820609701441	-0.9360653561499825	4
-1.8021229067462403	-5.0491455615695671	-6.2630052280027888	0
1.0218344101218080	1.8854042593003792	2.2509635050394912	1
0.7533608583692188	-1.5187855153200660	3.8454771255072751	2
-5.4041850516659755	-1.8663970881288086	-1.1025085461715018	3
-3.2216799343604792	0.4823472842037556	0.6011705107808900	3
-0.1064137762996927	1.9145851625982488	0.2139594039828270	1
-0.6541576183025231	2.6447095936671845	2.3512136814324229	1
-8.0544483918079326	-5.9209867161001659	-3.0972516852814156	1
0.5148723287148580	-1.0745665775052986	3.0733047300560017	4
-1.1129287077930223	1.2406272889056393	0.3306725386145562	3
-3.4961401198354398	-4.5008617195378493	0.3045676256126817	4
0.2704885801608379	0.0083026323138368	-2.3887528262656241	0
-1.9416307160408985	-4.5069061559313210	-4.2681629172492803	0
-0.6463949442227817	5.4578305713699100	5.7114319377485323	1
-3.5860566085122407	-4.7006644586405102	-4.0815033433594259	0
2.0026912895294231	5.1569295445930630	5.2998131492543310	1
-10.6953032309931135	-5.0682531826589052	-4.5112818904641561	3
1.7097603215390176	4.4077066536677094	4.5325776895515055	3
-0.9705454706165328	-0.2089792727721369	4.3163291866015037	4
-1.0058785285930343	3.0215165778081583	2.3247040474510650	3
-5.8354534488614576	-5.5108759395091216	-3.5885611184003370	1
3.6190297464190988	1.5516915095389980	6.5759744955903958	4
-1.5526249770770857	1.1008676746939892	2.3099285834661050	1
0.0047550517769650	-2.0027450856731632	-2.4328033285233039	0
-3.4817122354189318	-0.5987062445724131	2.8010545227458796	3
-1.7487477343129685	-3.6036906395672288	-0.4640241493990631	4
-3.9987862346346374	-2.1594326573723603	0.6374407005169482	1
-0.5874828729342298	1.5523339086126269	0.8446122543148999	1
-1.2898797312297774	-3.4151892253900082	-2.7100390125890863	4
-2.7960353943378360	1.7324909669201325	-0.7787884798442528	3
-6.6581945224020052	-4.1582180505008086	-1.9554886360169073	3
4.0390818683416319	2.6662103360330165	4.2257718417737236	4
-2.3655659793825317	-2.5434752856505609	-3.5963845929758618	0
-2.6281137156653132	-0.2659959474658905	0.2632118237665039	3
-1.2253275335499838	-6.1318909858870381	-0.0219173590262463	4
1.5003305233640265	0.2624387996986806	2.1861691676500645	2
0.1598646649442994	0.0346776996441888	1.0348566283965503	1
0.5316167947303652	-1.0084642809883109	3.1967142072424135	4
4.8498169523382710	3.0734075588958745	7.2379003900782255	4
0.8963890580512689	-2.0873974565856885	-1.4132156984958386	0
-2.8481895319351920	2.3460010826887228	0.2293908790276822	3
-9.4250410213585099	-4.4740634511801858	-5.0033706025582640	3
4.1829710204006769	3.9067432157789321	6.3693151787901927	4
-2.2383214588973068	-3.5925709007064879	-4.6248933538610784	0
2.6145768242949243	1.5106696322916471	5.4421170309749005	4
-1.4410069859777206	1.2084371092973996	1.1827641588532458	3
2.0654302870494368	-1.4255139961247718	-1.4277962443389938	0
0.0819327881145098	-1.8357668298902055	2.3530832688399359	2
-3.9627008461970528	-3.1890239637210267	-1.1912227930289210	4
-4.0270936172503502	-4.9133660566515456	-9.4242706442532622	0
1.8205919477644328	-1.6405057974509392	-0.7187750178027167	0
-1.6686519537190949	-3.6184197454954061	-0.1774286529533229	4
-0.9731744675548164	1.3054381136383655	1.4910860321789803	1
-4.5677709861480391	-7.0086929297934422	-7.6558980361485975	0
2.1055405996843568	4.9949243719311127	3.9267106939847998	1
0.8069629959017035	-2.4517574799945949	3.0566470558454384	2
1.5144969486658248	0.4349181000485238	4.7619897137436924	2
0.5530512988545202	-1.1495353043695955	0.9338207301544768	2
0.1105774928948248	-2.2277188615233845	4.0773062227860200	2
-2.6671301945103956	-6.1292122083259617	-1.7998126567851804	2
-1.7144650757206796	-2.6231908818780827	-4.8678140842740900	0
-6.1622918870341250	-1.6893376659304538	-0.2904175192697309	1
2.9575628173843089	2.8724918381105482	4.4641562817578730	4
0.4056855435923863	-2.6972088196378818	1.4918217544965353	2
-2.8199805490127070	-7.1569922665415096	-7.5796965012186099	0
-3.0055917171223916	-5.7005342996047190	0.1730340959738235	2
-3.8251340399060192	-6.3980096862470361	-2.7110644896073568	4
-1.8674660612037994	-4.1393179468849866	-0.1345000468171333	2
-3.0526883322733749	0.1852446378381308	-0.6732158226799863	3
-9.9695675104226318	-5.3607944379993278	-5.2085319467351194	3
2.7912017975553871	3.6622987652463719	5.7118330688800860	4
-6.0290628171526546	-3.1113898076684561	-1.3038301444985798	3
-2.1062289141460688	-4.0419539470862693	-5.5920641422446966	0
-4.5273557506920827	-1.9726711695089056	0.5961482869022960	4
-4.9213385204173248	-1.1561926809712482	-2.2158463052781512	1
1.9208759640699828	-0.3203938914148348	2.9066791356080328	2
-9.2769258242578729	-6.2068505928250968	-4.7817207438396592	3
0.6023343170859388	-0.5833446806057427	3.1464493820064563	1
-7.1011869441166215	-1.5644793504050338	-0.5880379903594601	3
-0.7841631462001644	-3.5533026858599657	-1.1005658571915826	4
1.2232027574506557	-1.1471227474933916	-0.0366700411012890	2
-0.0592212577817457	-0.9251825682633636	1.0545280472665319	1
-1.2004563225706928	-1.9337365457584799	0.9652842120855949	2
-1.9067864455569234	-0.6684722577017430	0.1320499197732445	3
-0.3496072933002345	0.3969843149242314	1.1156184810560061	4
-6.6477101167542161	-6.8867195874801279	-7.9253324354935382	0
-6.4118674472568262	-6.7174660365463419	-3.5429010954200448	4
-2.6956805187355792	-3.4995127951678020	-3.4527672785213404	0
-5.4134560343173508	-1.8641137222695305	-3.0058275491597426	3
-3.3350944891166625	-2.8212573508229362	0.6226423242538783	1
-2.6767163010270707	-3.5700316826242489	-2.1571480785576478	4
-0.1683799580737078	-2.6775006061575946	0.7301849484692844	2
5.6479303353487538	7.2679824068741965	8.0476968277862984	1
1.8520503200790930	-0.9958305118079300	3.8103476305086659	2
6.1867936231147223	4.6232384075765811	9.0908765267641680	2
1.4502029166475339	4.5934577671000900	6.2508599130114124	1
-6.7353379521529373	-7.2835260453330886	-2.7129970979781284	4
4.2561343670067853	0.8453209597596922	3.8806634545193104	2
-2.4862641506470715	0.5159588662661870	0.5996811468972189	3
-4.4534354848148618	-7.2311230322222606	-6.3093846377544498	0
-1.3869615059799134	4.9019298603943682	3.2685506526300685	3
-0.0630911202358284	3.7052843670399218	4.8172141726402504	3
0.6076912573143116	-2.3270922603552293	-1.1723887100176800	0
3.0126892495806836	5.3213876595248761	5.6178060884690781	1
-0.4620400357549392	-0.5133878980111071	-0.2938842688471255	0
-6.2081864794574200	-2.1302634123704438	-2.5784707018298239	3
-0.3986525668765522	0.4168664920005227	2.8986293103946510	1
1.6754386014016105	3.0478666194426061	4.9226305630866278	1
-1.7084198308248268	-3.8803491179765164	-5.6940654103306017	0
-2.7082330198500122	1.0166865845288484	0.0202049353444922	3
-4.1103564927587914	0.8834892182901424	0.7405387949804463	3
-3.7843906220300010	-2.2161528541292292	-0.8427609540338930	4
4.9477136799489267	7.2290999878174382	7.4693986026045884	1
-0.4792784618189103	-2.3451318015987903	-0.9120518087500381	0
-1.8168758008034156	-5.4013992012670355	-1.5349141356695086	2
-0.9973371517889404	1.4331362716976546	1.1663383595076056	1
-2.3360017094263941	-4.2128364115304171	-1.3558347633577466	2
3.7200355238523635	2.3225221198318406	4.2749345026900869	2
0.1299979957663082	0.8743582939437451	1.2416550684938932	4
-1.4290490572977408	-4.9558194766393360	0.1988581875946713	4
1.4825185168124397	-0.0141287841996460	-3.1203369393644080	0
-1.1038540491884650	1.6757865754807963	1.8717239189114241	1
-3.8264796450002674	-5.3392012770594892	-2.3717121359796596	4
-0.4208828074682893	5.2708921793449157	3.5859653880609912	3
-7.0215790014127579	-1.9941033273765574	-3.0423530352921557	3
-0.3884595858918634	1.6524398979231232	1.7101467604475875	1
-7.6198933553412944	-2.2808468899343990	-1.9416114796468857	3
-1.5493141988213166	-4.1671346492330761	-5.7034450745764005	0
-3.9377535542434092	-2.6920899544127859	-3.0378807206729705	0
0.1862529583356554	1.7178191275592083	4.0705551477354103	1
-3.7867162755304586	-2.4164572797317305	0.9166043613512764	1
-0.4220858322117358	-2.8183317928224816	1.6427808611545638	2
-8.2987476343905708	-5.7580262754752072	-5.5015764731837269	3
5.7528050915326370	5.8660742374762762	8.9963853897003556	4
6.5600504889435136	1.9016062929346247	4.8144049074546214	2
-0.8825410639321216	-1.6833046437860488	2.6682086646872678	2
7.0845130289991536	5.7337740623106663	7.8979747101734237	2
-2.1287057696092759	-4.2154289276946990	-0.2723155142360749	2
-2.4267312514420043	-3.5721342314314057	-0.2471827583218582	4
1.5649237601426418	-1.1996201818125134	-2.2015791548684476	0
-5.5247303879874279	-0.5735793538636109	-1.7788149787778789	1
2.0287164660337824	-0.5960883047036587	2.3079944187395780	2
-1.5617615088540091	-3.0731228514151963	-4.3238731599861975	0
-2.6674014541387283	0.5582361426943536	0.9038909805986028	3
-8.5913586620884868	-5.4741795804103095	-4.7517496920189188	3
0.6775114157159519	1.8589648531826217	1.2937604173099642	1
-2.1967517562091383	-2.7512866077648441	0.6051624681963315	4
-3.6049966308010744	-4.7393094395256528	0.1433071130366659	4
0.2986077629239583	3.3205867358305481	6.7271024901846932	1
-1.2947069594315077	0.9761737439939489	3.5296607833366966	4
-2.5868651793073134	-0.4069579439196280	0.4913817845680115	3
-3.1590838028268919	1.5823006411876204	3.2474389576786722	1
-3.0447408446082176	-3.1077011868825002	-1.1336378214592862	2
-2.3950016153130642	0.7073635979172574	3.0080426035980952	1
1.8297671973191338	2.0770470376748316	3.2693848652095836	2
0.6574258977945020	-0.6581773868498433	1.5435604575598338	2
0.3509087870070368	-2.3001711666014995	4.1652631754568112	2
-6.5843727441158215	-2.9347273461936210	-3.7494858945286946	3
-8.2762396308532100	-7.3208475806502218	-4.1527222419397987	3
-7.1955037299175242	-5.7507170286437255	-4.2616719262338814	1
-0.9716434800915197	-1.8268208366426129	1.3776719621144773	4
-0.1841831514267511	-1.9971378059698679	0.9047562250805412	4
1.0114237208294876	-0.9694576735845982	-3.7759342432137899	0
4.9146464660324121	5.8044314857154502	8.7585511928383024	4
1.4411412846228662	-0.1744203790730914	2.9487248290848411	2
-3.3165033689087999	-2.3850863532523094	-0.2830820090343220	1
1.0846480343737139	1.8695784853759516	4.4007140182141828	1
-0.7618290017303594	2.7336422148424671	1.5295615331982630	1
0.8597145939561690	5.9040362342789203	4.4631033709535100	1
-2.0343470715651732	0.4432135065190086	2.2838394811228402	1
-6.3470999863415356	-2.8702649523926143	-3.5436309104431292	3
0.2567052706997873	0.0197559639426218	1.8046623009068683	4
1.4485214388241110	-1.3066718896650849	-2.1463390653562509	0
-3.8927253103289630	-3.2609585963458065	-1.0567567461675142	1
2.0631953402195427	3.8588055687308076	4.7998897802834879	1
-1.5960908228340771	-3.6725238551860842	-0.3374277031779780	2
1.1608458926571674	-2.1447083075282602	1.5054651516236863	2
-3.2348226998778444	-2.9310155452689601	-2.1820852072331807	3
4.9060403808067914	2.7978775978749177	5.3960478000214511	4
-3.3964997811375470	-7.0823828624178722	-6.7357544374340304	0
-2.2962329499807312	-1.1851859242678557	0.1734525252152155	4
-7.0563304364875981	-5.3725486720741529	-3.7761498250129488	1
2.0374287591623741	4.2689069465244742	5.9578790310375309	1
-6.1558696926527094	-1.3842385829276969	-3.6503199263340735	3
G4
0	474	1.1050139478845074	392	1.8277795741302423	161	1.8645262170100683	148	2.0306467232732595	
1	391	0.8541819961175084	214	0.8562437108361911	351	1.068342498062955	480	1.0936265462095198	
2	32	1.1048671850055667	49	1.1520595097765796	13	1.254517590876774	419	1.3050905001499074	
3	331	0.8257287902819919	419	1.1912001250221014	370	1.3279720271248747	484	1.4268995519070797	
4	239	0.1332178854400585	458	0.5186090054598435	96	0.5510787586070833	218	0.6795650820147819	
5	292	0.42896065315692933	160	0.7618714384893593	489	0.8503719427814681	23	0.9161667157395423	
6	405	0.49550486936914334	255	0.6895985294292437	462	0.904103644637476	296	0.9593148835519463	
7	392	0.6182101749717683	460	0.7956397635541015	385	0.9737488402999818	200	1.0126265480290313	
8	17	0.39152574442505145	110	0.4151762046942783	120	0.5338848404734781	82	0.6237063812687847	
9	458	0.6522974174506465	4	0.7798188054461309	239	0.8567418729528541	376	1.0031086345524034	
10	152	1.263796264415047	200	1.2945667532408842	250	1.3305855021116442	357	1.6482121352931474	
11	266	0.4028793101725402	290	0.46986692279102277	245	0.5122610431053092	403	0.6133933174339752	
12	379	0.4404724793306737	154	0.5847865340654862	194	0.6815317899245563	447	0.8115568986076711	
13	32	0.44149240813277596	386	0.7185808409132999	83	0.8403263455326252	168	0.9247507397387487	
14	297	0.9350254211902342	204	1.521620710812839	448	2.009410728680125	385	2.2376949874731196	
15	342	0.44694885230748443	389	0.5517737795125033	446	0.8462038782407103	30	0.8681180108155243	
16	180	0.1845502034060294	160	0.3669055193689468	489	0.6050284444133921	364	0.7061811565668215	
17	8	0.39152574442505145	363	0.4660107456290016	120	0.6010692437949438	278	0.6076811081848867	
18	335	1.4513088988092606	99	1.489015435695322	279	1.503030142242855	39	1.7405774313366378	
19	235	0.431908651400357	24	0.49048322759964375	422	0.4925330944539182	147	0.6948364581415035	
20	368	0.3555201927251187	441	0.3716004578192895	70	0.4142166311452366	126	0.4952793526788304	
21	187	0.6585666872618552	99	0.6815290895771581	39	0.9006814000506356	459	0.9916606637785638	
22	480	0.5090514412413019	393	0.5647984318258478	111	0.7399714231885013	353	0.8671784109683337	
23	102	0.3019746412374254	90	0.5480326306306071	295	0.7186018472837531	468	0.7242550113550495	
24	235	0.32662034492349706	19	0.49048322759964375	422	0.5489426054706661	147	1.0110891276136484	
25	272	0.4523940848039419	168	0.6414382863043792	143	0.7670587410331342	117	0.783866383582472	
26	185	0.6595959172619106	430	0.697499805656749	375	0.7980642856002009	260	1.0107998545082393	
27	303	0.489635018685102	211	0.9324581425631779	466	0.9984419572764076	73	1.1377599792347979	
28	294	0.48128836716605655	58	0.5089915201954148	46	0.7040789140113645	63	0.8928388009025934	
29	496	0.6010023719683193	309	0.6453294984274397	92	0.7784857991370888	248	0.9090088335300142	
30	427	0.6235934053287505	198	0.8235366772926005	15	0.8681180108155243	180	1.030563949727914	
31	236	0.265519421045543	414	0.4034660173263493	201	0.5073459585028314	425	0.5520102768389867	
32	13	0.44149240813277596	386	0.6715881766275621	137	0.9226233115852697	83	1.0141994677256767	
33	173	0.8941915110583404	100	0.928759767946311	184	1.1252058098416033	396	1.2148637484609695	
34	359	0.3811224078766927	96	0.4442962109444658	89	0.5502499815293714	239	0.8079105194753774	
35	443	0.634904076029886	316	0.7888146752157582	388	0.7913675736717919	424	0.8809351446432668	
36	35	1.2380312117144625	443	1.4532582663246296	316	1.5506659166079824	224	1.7272536069108304	
37	158	0.4054057458009878	299	0.5891417811902838	38	0.9063325606493471	317	0.9290043310538387	
38	351	0.6966589342707723	480	0.7174881883809958	299	0.7852351684714937	214	0.8771239859519164	
39	338	0.8618733617559371	238	0.885049149863544	485	0.8953142900823154	99	0.8997058715330473	
40	131	1.7647189827145242	369	1.8489087155641153	401	1.993870281151199	249	2.0632314897658803	
41	409	0.7014307536087343	372	1.0760647651804096	128	1.0999599826399895	22	1.2195694061000966	
42	118	0.6767800761719824	420	0.7259222408716923	397	0.8999283754991924	115	1.0058312606333766	
43	343	0.5213562181270223	431	0.5377830720523274	325	0.7199778346977054	361	0.8226148412249831	
44	50	0.7721099585730113	132	1.226246286231742	177	1.2639691908425152	49	1.3067278414491323	
45	469	0.8980279242112718	467	0.9240444604381131	21	1.1727647724471968	39	1.1848157900527407	
46	308	0.5284350834348995	58	0.5841011656173611	189	0.6332304632080504	63	0.6579531477332788	
47	476	0.42258485098148857	398	0.7697261220175764	208	0.7806280267873249	447	0.8230514129026527	
48	352	0.49863916808080444	69	0.5996844502303631	471	0.8808707553235388	487	0.9367349428619525	
49	281	0.858735325917762	177	0.8721265108067372	2	1.1520595097765796	490	1.1686341870145942	
50	44	0.7721099585730113	132	0.803723663466881	470	1.2785760286818733	423	1.400859833361164	
51	188	0.37664920484505154	478	0.8132298938705119	56	0.8144368528177041	436	0.8345314458138758	
52	288	0.4825454448897798	494	0.5825204373544929	54	0.9813207848980379	66	1.1542655679422418	
53	308	0.5548300425509006	319	0.6234394402598193	123	0.7790062648747154	138	0.8161681232922552	
54	300	0.5735266772055586	494	0.7864513050666893	52	0.9813207848980379	174	0.9973720912338282	
55	123	0.656925876549605	390	0.813859197052516	53	0.8748103944325563	198	0.9394764391091822	
56	478	0.4405106340243192	51	0.8144368528177041	436	0.96983660236951	188	1.1870806727504417	
57	426	0.872566259860947	277	1.3862013626650125	187	1.4737850142249964	139	1.5005296256590088	
58	28	0.5089915201954148	46	0.5841011656173611	138	0.6132791448709165	308	0.7383349300602275	
59	357	0.36354386881260725	385	0.9166141334350082	250	1.1778340480263492	200	1.1966114052892334	
60	490	0.516468740638894	333	0.5609077692847259	162	0.6767010345271571	132	0.8714731140482476	
61	117	0.49668154036088724	170	0.5711304079404997	274	0.8051880741818916	242	0.8239302441710271	
62	322	0.5707046307520882	437	0.634843688379891	441	0.8434640041740639	130	0.897086273513186	
63	46	0.6579531477332788	387	0.7637967192680735	58	0.8255815605864498	28	0.8928388009025934	
64	283	0.5105706248025919	264	0.5411132011009393	104	0.6923921374087285	242	0.7310173911414131	
65	448	0.966764607443859	475	1.006342215314458	216	1.16374942816019	460	1.1961526537984215	
66	143	0.5067691349689869	263	0.582502026115031	494	0.5825025375834236	287	0.610546363250062	
67	196	0.7465341703072985	387	1.0087937197460004	346	1.1368405121859404	442	1.3010928639647876	
68	218	0.43758207320923004	127	0.6203000412978917	403	0.6743825349204934	290	0.6856766385352957	
69	352	0.3023276873686438	487	0.48241824425128293	48	0.5996844502303631	400	0.6608802414294503	
70	126	0.16980191779416767	368	0.22608228883980255	431	0.33390548568101863	20	0.4142166311452366	
71	290	0.4745608173358282	127	0.7104692968313283	11	0.783321475248156	330	0.854176825935521	
72	366	0.5288976731823639	173	0.8325951910822995	396	0.8441827951696766	362	0.9288828798884361	
73	466	0.22541367220873834	349	0.23738641342182693	236	0.6121264588571803	75	0.6345565256557821	
74	376	0.8557240802519099	9	1.1373277723833166	311	1.1817410492124016	458	1.2876634306570727	
75	399	0.3963040022569842	73	0.6345565256557821	466	0.6608559786888026	211	0.7444299992201193	
76	451	0.5085717323077719	363	0.620301552954009	312	0.7278208960000527	95	0.8483576047763759	
77	221	0.8419270054636472	167	1.2300013635776903	395	1.2447355423168396	344	1.3572094503761465	
78	84	0.6652318874802192	306	1.5706082911532318	72	1.791512040779737	113	1.8103224131839666	
79	201	0.8525039195902914	236	1.0266354582751838	384	1.0608097888427315	399	1.0979340300713445	
80	325	0.572171563156353	146	0.8697202699241781	361	1.00859191880111	172	1.0308997863167142	
81	339	0.7198741319010706	265	0.8467811802860767	355	0.9152834469920015	488	0.98871901369213	
82	8	0.6237063812687847	492	0.6566967901904539	169	0.6759687251072213	119	0.6790675466107117	
83	230	0.48766875728732817	386	0.6466804655361319	281	0.7376987987201714	137	0.7961119393580803	
84	78	0.6652318874802192	72	1.1400370572395893	306	1.2302642616548634	396	1.4663528236210521	
85	226	0.730982348954451	166	1.2141650630042384	183	1.3716156054715292	176	1.3732581784898985	
86	483	0.2092695716569123	322	0.872831456959451	335	0.8850331264202373	62	1.0945526909917342	
87	97	0.4856672267914555	396	0.7448953333145717	233	0.8867907682259799	373	0.9300810495532872	
88	225	0.4608304181121361	101	0.8465069894819867	407	0.9072321405814265	429	0.955533095901339	
89	34	0.5502499815293714	96	0.5563389102521542	359	0.5642297479177318	239	0.895213595069893	
90	295	0.2921308331054177	432	0.4916233705322445	102	0.5096159310198679	23	0.5480326306306071	
91	415	1.2789280203821902	495	1.7444968816871043	273	2.0248407727326905	165	2.240012464094723	
92	275	0.7604854240956075	496	0.7730702557476948	29	0.7784857991370888	197	0.8078280881543984	
93	133	0.8364587571467201	411	0.9320877168652542	464	1.0373630561808047	498	1.4340925215201026	
94	223	1.2518348290102008	348	1.5605075315101717	376	1.7560520472842118	89	1.9061761324121091	
95	312	0.3874910108541879	207	0.6529487158542332	129	0.7741244721669732	278	0.8073602063252188	
96	239	0.4385984042263841	34	0.4442962109444658	359	0.47251948872767346	4	0.5510787586070833	
97	87	0.4856672267914555	233	0.6022692775514327	492	0.980398728389748	169	1.0659828687901844	
98	417	1.5381797448592025	464	1.6091543866859042	133	1.6871369090277353	155	1.7265476905475405	
99	21	0.6815290895771581	39	0.8997058715330473	279	0.9530454986975369	187	1.2601549245450399	
100	115	0.5421907337341971	202	0.648650428020724	184	0.7349178052892157	420	0.7912196988615257	
101	225	0.5226956384183704	418	0.7560354339008414	88	0.8465069894819867	355	1.0660867220013606	
102	23	0.3019746412374254	90	0.5096159310198679	295	0.5479348115166089	468	0.7769993465683148	
103	165	0.5931777494213272	402	1.014104380771353	151	1.3450417314554328	336	1.62682551588809	
104	264	0.1581157848342527	283	0.6019641686790728	64	0.6923921374087285	413	0.9985984298099231	
105	273	0.6237539829336166	369	0.777667705878197	495	0.8184235907777834	249	1.0468936592018356	
106	493	0.65183387028892	116	0.7115518457467613	220	0.7742354641228224	114	1.009355821284115	
107	217	0.3125324245049593	465	0.5255537888984059	259	0.7006518879834781	157	0.9660790753740344	
108	329	0.5110555065210572	484	1.5013841807388972	246	1.541409773457142	439	1.8992993979468884	
109	213	0.3722447010674326	397	0.4464684893798217	110	0.5563378963116108	256	0.7322761223100221	
110	8	0.4151762046942783	194	0.4977358697340107	213	0.519158788746231	109	0.5563378963116108	
111	480	0.6206599176215375	391	0.6841991733986	22	0.7399714231885013	150	0.7563960376280433	
112	284	0.4152280836114077	170	0.6076043258443784	176	0.6138057176972194	282	0.6916217244630032	
113	241	0.6078604217419981	153	0.6464451129635561	191	0.8005304401894324	455	0.9444219879616171	
114	116	0.9483906430881612	106	1.009355821284115	55	1.0815205039138736	123	1.2176647834911292	
115	420	0.3392524354128009	184	0.42397360850572	100	0.5421907337341971	202	0.9075269468585545	
116	106	0.7115518457467613	189	0.7544406770269272	114	0.9483906430881612	427	0.9713925376516274	
117	170	0.3623968533786626	274	0.4050760118974699	61	0.49668154036088724	282	0.6853252143511565	
118	397	0.6078886321271386	477	0.6327100995919245	213	0.6475704481597856	42	0.6767800761719824	
119	471	0.3485926602743504	373	0.6029284867314425	169	0.6468985542547465	110	0.6495364251377909	
120	8	0.5338848404734781	17	0.6010692437949438	278	0.6400487731854443	82	0.6894596293042703	
121	471	0.5939466733041407	256	0.6302929153197496	8	0.635183929311291	119	0.6554125165537967	
122	488	0.25713143096086916	455	0.30323805765987666	188	0.7144118916445092	153	0.7715883781580587	
123	390	0.21020861873100208	55	0.656925876549605	53	0.7790062648747154	456	0.9335064276985288	
124	428	1.3266925627699602	408	1.4148414626900951	206	1.5259705577416676	244	2.005859406410274	
125	486	0.555905399061421	473	0.5955370740452469	28	1.0974887391656662	294	1.1943719100025858	
126	70	0.16980191779416767	368	0.2997581258856735	431	0.4948073295418911	20	0.4952793526788304	
127	328	0.539450031078824	68	0.6203000412978917	71	0.7104692968313283	290	0.7106760181348075	
128	183	0.7816106721163596	166	0.9169527737474401	41	1.0999599826399895	176	1.2314037396179507	
129	247	0.21765318332398811	136	0.5976761783568815	207	0.751270762543203	95	0.7741244721669732	
130	437	0.3212835488977205	238	0.448174471141608	368	0.5841955238190071	361	0.7015120548458031	
131	401	1.5320803469380952	40	1.7647189827145242	210	1.9331922514837403	369	2.5648922809351946	
132	50	0.803723663466881	60	0.8714731140482476	423	0.9418570370842836	333	0.9599282489362918	
133	464	0.5096746164970314	93	0.8364587571467201	155	1.0974882005273001	411	1.3888525335999296	
134	304	0.5569899631959604	195	0.686432291196886	218	0.7095914041388255	262	0.7996780902249812	
135	311	0.9761633877565082	388	1.5007776955453618	424	1.5483228220916532	34	1.64267482556625	
136	318	0.5172003091995717	129	0.5976761783568815	207	0.6886857924557626	353	0.7087969500508795	
137	162	0.3888063786545323	386	0.6331970038202691	490	0.6850219353116965	498	0.7723536174855048	
138	308	0.5931171534599178	58	0.6132791448709165	421	0.8020470369341843	53	0.8161681232922552	
139	57	1.5005296256590088	426	1.5503951141097878	251	2.077436093591796	320	2.4276769880658873	
140	210	1.3692545265604559	144	1.3719935959079204	415	1.4597275771374936	273	1.7160669334229515	
141	371	1.0752978782806535	231	1.0813874578815243	310	1.3303073824140612	298	1.3304821917627316	
142	451	1.7644615225494698	334	1.7695395961904767	95	1.8230206114040568	129	1.9986131141696868	
143	274	0.38889704034841804	66	0.5067691349689869	117	0.7128903291103436	25	0.7670587410331342	
144	140	1.3719935959079204	313	1.4644843287348899	330	1.5024252285710489	222	1.5828275166264885	
145	327	1.1142214905264063	241	1.3088478138591668	436	1.5744539503825594	271	1.8454307060014619	
146	414	0.5473075353587148	211	0.6528799956178489	459	0.6828956869002282	236	0.783477956618886	
147	19	0.6948364581415035	256	0.758827206455989	393	0.8230307382618244	422	0.833526185372685	
148	474	1.1598280495195321	448	1.3654504537747851	204	1.4645736637861477	392	1.568971915028977	
149	303	1.2058894704428647	340	1.236905754790263	27	1.3838653789228832	446	1.4025593760487896	
150	193	0.6068029714511102	111	0.7563960376280433	310	0.8967477120928329	457	1.010017157529584	
151	402	0.5943800939589332	475	0.8621817697560515	497	0.9839843616429022	216	0.9978046393972201	
152	200	1.2463916449703043	10	1.263796264415047	357	1.7648150271334404	250	1.8461926791060965	
153	191	0.3307502950963894	488	0.5254092875974178	455	0.5412799845307518	113	0.6464451129635561	
154	477	0.4507184622409877	194	0.5332874057428997	12	0.5847865340654862	407	0.6276977938045153	
155	464	0.917677892439648	133	1.0974882005273001	93	1.5739045363857835	423	1.6761209394685799	
156	159	0.6003041051238744	452	0.9328674837319073	205	1.8621084620207078	410	2.039605015181081	
157	422	0.6199510319764331	235	0.7382498172382338	259	0.842259269034296	338	0.8530102258468264	
158	37	0.4054057458009878	299	0.48388042309639684	38	0.9792410688488793	24	1.0217837691505336	
159	156	0.6003041051238744	452	1.1271196560129761	410	1.7889881209434724	257	2.087602239030463	
160	16	0.3669055193689468	180	0.4962273465827459	489	0.5334876963352879	364	0.6917685003047981	
161	392	0.6754671911608663	7	1.1344772821490516	385	1.1974996459925353	204	1.261223727504825	
162	137	0.3888063786545323	490	0.48625628645591146	60	0.6767010345271571	333	0.7748631115127468	
163	321	0.5922442470184861	286	0.7114145267798787	212	0.9266052017374791	343	1.4577072481415976	
164	440	0.9885792491168662	421	1.1071175097980024	499	1.2054349576288108	227	1.4355311490211904	
165	103	0.5931777494213272	402	1.4792932003463493	336	1.6648549544969526	151	1.7628132162166736	
166	183	0.20018292531651227	176	0.3674094030292815	128	0.9169527737474401	112	0.9299642855075289	
167	77	1.2300013635776903	240	1.3292579706773853	224	1.4727845133340631	127	1.6482468831664905	
168	25	0.6414382863043792	272	0.7804343900864508	143	0.8443298622752797	378	0.8757438581260156	
169	119	0.6468985542547465	82	0.6759687251072213	471	0.8215123491347093	373	0.8336066051573612	
170	117	0.3623968533786626	284	0.47656753585090195	282	0.528309235850436	61	0.5711304079404997	
171	339	1.2989396869732912	195	1.4473411577471267	478	1.4836036445175083	56	1.5865457572413155	
172	126	0.6302431189563341	361	0.6636036953118761	70	0.7381789286842234	368	0.8199611800871066	
173	191	0.7425452575625865	72	0.8325951910822995	396	0.8436498374577895	366	0.8755141013364769	
174	287	0.5997993848940826	54	0.9973720912338282	66	1.0768434437558305	337	1.1023560602179099	
175	280	0.236412177329692	178	0.4265814689412496	261	0.519366751689604	260	0.6385287739821359	
176	166	0.3674094030292815	183	0.44993610223479735	112	0.6138057176972194	284	0.7711645818010893	
177	333	0.5545688048582633	370	0.6385759780013414	490	0.8226297858094948	49	0.8721265108067372	
178	280	0.24193862966737836	175	0.4265814689412496	260	0.5345318804390252	453	0.64251424105915	
179	261	0.7076863804891244	292	0.7606147893591086	463	0.9031864238579504	5	1.0080266833254539	
180	16	0.1845502034060294	160	0.4962273465827459	481	0.6393769853351174	427	0.6626492275202136	
181	438	0.6273863628274344	292	1.169869029058158	102	1.3298859410185633	179	1.3565871089604626	
182	249	0.2929014757548194	105	1.148455446216961	369	1.2765756015629734	380	1.3818619159044085	
183	166	0.20018292531651227	176	0.44993610223479735	128	0.7816106721163596	112	1.0466436313421883	
184	420	0.34324198881752305	115	0.42397360850572	100	0.7349178052892157	42	1.0166271546650973	
185	260	0.4965562749986132	432	0.6168474509369457	26	0.6595959172619106	178	0.8384015254329917	
186	456	0.8631456540116763	390	0.8755831066779605	123	0.9533315264117392	55	1.0004576169334165	
187	21	0.6585666872618552	320	0.84791975577388	426	0.9601572275164925	459	0.9621868834405561	
188	51	0.37664920484505154	455	0.5779099191459597	488	0.6556555934152395	122	0.7144118916445092	
189	46	0.6332304632080504	116	0.7544406770269272	308	0.7555667274518771	53	1.0679616244418049	
190	294	0.8930417399946304	28	1.17267192166293	215	1.2427246911024348	346	1.2669600708202087	
191	153	0.3307502950963894	488	0.6301432857579358	455	0.6763022102171738	173	0.7425452575625865	
192	413	0.6806156460512766	64	1.248685432110852	61	1.2805434783344962	264	1.4507709952588288	
193	150	0.6068029714511102	82	0.86811689504528	492	0.9657789380719418	120	1.0367804997467014	
194	110	0.4977358697340107	154	0.5332874057428997	477	0.6302261487106313	12	0.6815317899245563	
195	134	0.686432291196886	458	0.9730236587416827	344	1.1178981921139644	4	1.190256711770213	
196	346	0.685521530360811	67	0.7465341703072985	387	1.0267106080120405	58	1.0571221230671082	
197	248	0.2238520039926086	496	0.6485567994911046	349	0.7645043414840232	92	0.8078280881543984	
198	30	0.8235366772926005	55	0.9394764391091822	319	1.1645431836660434	275	1.2146315942696142	
199	377	1.2250727464328763	237	1.5292483654975235	198	1.5340094118223644	57	1.639529708178412	
200	250	0.7419725468389934	357	0.8909568868077874	460	0.971366035744038	7	1.0126265480290313	
201	425	0.44083395492646055	236	0.467832735476926	31	0.5073459585028314	414	0.6847734442843361	
202	271	0.5403163094264982	100	0.648650428020724	115	0.9075269468585545	184	1.1368127419042966	
203	253	1.2352024073581942	301	1.849671854734676	131	4.307710272830909	14	4.307716415938257	
204	448	0.8745155095128311	297	0.8784890290045002	392	1.1792608960221522	161	1.261223727504825	
205	479	1.3056466568469456	428	1.437675027418643	449	1.440780034689356	408	1.4583604656561653	
206	244	0.793808911657985	408	1.0962651452126668	449	1.3862134624397313	479	1.4525814688682324	
207	278	0.269335092611648	324	0.3140853132778371	353	0.3742845548874453	312	0.5358130482819145	
208	407	0.6567149801722544	398	0.7381412064003806	47	0.7806280267873249	477	0.7844868123810346	
209	71	1.0261699178953885	438	1.2076749097308435	26	1.3566967862808397	382	1.3915756231029321	
210	140	1.3692545265604559	273	1.4204869876684683	401	1.4254090676889648	415	1.4403168820848535	
211	146	0.6528799956178489	75	0.7444299992201193	73	0.775009967993133	466	0.8466941207319993	
212	286	0.3023494162243756	321	0.857452040823127	163	0.9266052017374791	325	1.2748113390813967	
213	109	0.3722447010674326	110	0.519158788746231	397	0.5451114506252577	118	0.6475704481597856	
214	351	0.5118357434692262	391	0.5390674704458237	457	0.5851209250968975	480	0.6050190483594703	
215	497	0.9331968479821238	336	1.1217793395736444	190	1.2427246911024348	346	1.365019403653874	
216	475	0.4066557762903277	497	0.8198824194035713	151	0.9978046393972201	323	1.1590816867454588	
217	107	0.3125324245049593	465	0.5806979534370018	259	0.9505654651153715	157	0.9943209340308309	
218	68	0.43758207320923004	262	0.4444552786011466	304	0.5497231768286681	239	0.6450247988515758	
219	228	0.6510013844156052	268	1.3620175876677958	141	1.4804801693703293	379	1.6911493709224468	
220	493	0.35208152790279124	106	0.7742354641228224	102	0.796826156843426	406	0.8453704182836517	
221	395	0.8060910421579636	77	0.8419270054636472	315	1.1294554333511404	432	1.267826191685825	
222	330	0.5020011647333215	71	1.1431316880023994	245	1.208130008303211	11	1.3017769010890659	
223	348	0.5088778017348791	96	0.8937726690388342	376	1.0054426256817552	458	1.026637283517121	
224	328	0.5712927637685279	4	0.7878264068536956	127	0.7914893882091341	68	0.898427766515378	
225	88	0.4608304181121361	101	0.5226956384183704	418	0.8435051628394806	429	0.8904004355516077	
226	85	0.730982348954451	166	1.151971527281983	128	1.24488394525979	183	1.2484386762809083	
227	237	0.7991180348971207	319	0.8127522540137642	138	0.9877011399132507	53	1.0111352984477144	
228	219	0.6510013844156052	268	1.272973103767307	379	1.5288124663664275	492	1.6364097547475611	
229	435	1.2806273564163684	350	1.5606851323636752	291	1.6440652292382396	381	1.7370707247994472	
230	83	0.48766875728732817	272	0.720682606366248	378	0.7513157308710158	423	0.786790063831817	
231	310	0.6895142235373464	371	0.8066050646988658	472	0.8580569117477822	318	0.9424511398440935	
232	188	1.0844795490459727	122	1.1407024922388531	51	1.1488203035967597	478	1.1529554959432853	
233	97	0.6022692775514327	87	0.8867907682259799	169	0.8985793407136593	492	1.209151572941177	
234	454	0.3343674942874063	341	0.5359224757812253	296	0.5501069466474559	453	0.6282310898374647	
235	422	0.319919686262052	24	0.32662034492349706	19	0.431908651400357	157	0.7382498172382338	
236	31	0.265519421045543	414	0.35379319801279646	201	0.467832735476926	73	0.6121264588571803	
237	319	0.5321132317276128	377	0.5937778503570649	227	0.7991180348971207	53	1.130032449144844	
238	130	0.448174471141608	361	0.5711544502433993	437	0.7676407850548402	368	0.8223130350240868	
239	4	0.1332178854400585	96	0.4385984042263841	458	0.49628319509960644	218	0.6450247988515758	
240	167	1.3292579706773853	344	1.3475860205682746	195	1.360989674803087	77	1.4033496991536962	
241	113	0.6078604217419981	153	1.0501846452536139	436	1.0648023878253834	327	1.0901946705726748	
242	64	0.7310173911414131	61	0.8239302441710271	170	0.9458717604297922	264	0.9974705127593383	
243	202	1.2487857718161663	271	1.3951202091645918	115	1.476830901333193	100	1.545769258527049	
244	206	0.793808911657985	408	1.528803006530768	449	1.6223762833523356	124	2.005859406410274	
245	11	0.5122610431053092	266	0.6865752258560485	290	0.9527537198757776	403	0.9769700708644171	
246	289	0.8624349901708193	439	0.9401429275734534	484	1.0782808158412411	108	1.541409773457142	
247	129	0.21765318332398811	136	0.7672846312581054	269	0.7685431681249039	207	0.7717525331172417	
248	197	0.2238520039926086	496	0.5738187498536762	399	0.6929427498593379	349	0.7080510672285211	
249	182	0.2929014757548194	105	1.0468936592018356	369	1.0529498104755475	273	1.4090110125642161	
250	460	0.5853172209651196	200	0.7419725468389934	357	0.8616100467898002	7	1.0431779244503407	
251	384	1.2449917603010907	198	1.2837348450125614	426	1.518098510426568	277	1.5483681608060609	
252	498	0.23499754019067481	411	0.7843841434123981	137	0.7920560003611474	162	0.9178205827368933	
253	203	1.2352024073581942	301	1.247326912107598	14	3.3465598936727634	297	3.3913158554008156	
254	59	1.6400175411404658	332	1.787213110988136	357	1.9661234462409796	385	2.071803527112573	
255	405	0.43474648414668077	6	0.6895985294292437	446	0.7472956251575458	462	1.0848388466402363	
256	121	0.6302929153197496	17	0.6787970670680583	312	0.7129990648051806	109	0.7322761223100221	
257	410	0.42364737832260263	449	1.4390734803377496	479	1.6779253588186585	159	2.087602239030463	
258	88	0.9977721577542622	407	1.1877529414407277	395	1.2868092854113684	491	1.291864612040704	
259	338	0.3728152006587849	107	0.7006518879834781	157	0.842259269034296	130	0.9234700007229528	
260	280	0.44809377534983214	185	0.4965562749986132	178	0.5345318804390252	261	0.5980978502931753	
261	175	0.519366751689604	280	0.5379425731385793	260	0.5980978502931753	179	0.7076863804891244	
262	218	0.4444552786011466	304	0.5378688130679015	68	0.7207937107843295	403	0.7841211874707267	
263	66	0.582502026115031	287	0.7623725655822476	494	0.8558171443725511	143	0.9513399939618399	
264	104	0.1581157848342527	283	0.49974016971907237	64	0.5411132011009393	413	0.8762849032710658	
265	339	0.7413044693800408	81	0.8467811802860767	429	0.9852341041571226	418	1.0902747658074758	
266	403	0.33217247359382174	11	0.4028793101725402	290	0.6269463156262348	245	0.6865752258560485	
267	404	0.33042272686706176	390	0.926019383587943	123	1.0147457662991133	285	1.090497789207857	
268	379	0.48444060090822577	12	0.8806738226685185	447	0.8990946640613547	154	1.0154251028896226	
269	307	0.6198119259490974	247	0.7685431681249039	129	0.8448495949331593	318	1.021965481394214	
270	412	1.1318187313829438	323	1.3367789863380026	215	1.3707653378669078	402	1.3784481043019494	
271	202	0.5403163094264982	327	0.8411290202835086	100	0.985394171569135	81	1.3751774840816042	
272	25	0.4523940848039419	230	0.720682606366248	378	0.7746236014678372	168	0.7804343900864508	
273	369	0.5450266035673468	105	0.6237539829336166	415	0.8686666815091773	495	1.0819868815998346	
274	143	0.38889704034841804	117	0.4050760118974699	66	0.7272034752139656	170	0.7372026442018316	
275	92	0.7604854240956075	197	0.8576492814330466	276	0.8726062910960117	248	1.0744310465680083	
276	197	0.8585483631884274	275	0.8726062910960117	466	0.9102426478150892	277	0.9377774105112061	
277	276	0.9377774105112061	187	1.315298247009358	320	1.3486705978553077	57	1.3862013626650125	
278	207	0.269335092611648	324	0.35938724427633184	353	0.48719538303322524	312	0.5618122771569587	
279	238	0.892693609858316	99	0.9530454986975369	356	1.0735837174103988	361	1.1827922885892417	
280	175	0.236412177329692	178	0.24193862966737836	260	0.44809377534983214	261	0.5379425731385793	
281	378	0.437163728940484	83	0.7376987987201714	230	0.8315350676345082	49	0.858735325917762	
282	284	0.34521150114031546	170	0.528309235850436	117	0.6853252143511565	112	0.6916217244630032	
283	264	0.49974016971907237	64	0.5105706248025919	104	0.6019641686790728	413	0.8338276692276629	
284	282	0.34521150114031546	112	0.4152280836114077	170	0.47656753585090195	117	0.705606824730185	
285	404	0.923318911003701	267	1.090497789207857	294	1.124915547005098	486	1.1918802795832886	
286	212	0.3023494162243756	163	0.7114145267798787	321	0.7621792171294887	325	1.4698445853270263	
287	174	0.5997993848940826	66	0.610546363250062	263	0.7623725655822476	274	0.8382568428447772	
288	52	0.4825454448897798	494	1.0091928104903878	54	1.4431422240643919	66	1.5618540848481755	
289	246	0.8624349901708193	439	1.102969047042751	132	1.5025533667709463	417	1.564465442509434	
290	11	0.46986692279102277	71	0.4745608173358282	266	0.6269463156262348	68	0.6856766385352957	
291	381	1.2078996724437432	229	1.6440652292382396	463	2.063245206543336	350	2.1502534163819584	
292	5	0.42896065315692933	179	0.7606147893591086	23	0.916322955460819	489	1.0840970075507126	
293	468	0.8537172217795906	309	0.9763182931843624	296	0.9938596231484109	234	1.2394732301092228	
294	28	0.48128836716605655	190	0.8930417399946304	46	0.9224245250457895	58	0.9671833860448561	
295	90	0.2921308331054177	432	0.4697252645011392	102	0.5479348115166089	406	0.6854010763819083	
296	454	0.4105078383957324	234	0.5501069466474559	341	0.8063918978848122	367	0.8842712067543451	
297	204	0.8784890290045002	14	0.9350254211902342	385	1.4179793203703133	448	1.5971678404514844	
298	310	1.2592007299303953	141	1.3304821917627316	150	1.3401272412032188	193	1.364827383610012	
299	158	0.48388042309639684	37	0.5891417811902838	38	0.7852351684714937	24	1.015212385606358	
300	54	0.5735266772055586	354	0.6088610018275673	358	0.9700636641850657	174	1.191444936524237	
301	253	1.247326912107598	203	1.849671854734676	297	3.8636917359210936	161	4.006874703971267	
302	400	0.6576383067728803	487	0.7062281775032987	69	0.7311498281545864	352	0.9003664208460186	
303	27	0.489635018685102	211	1.1212826674454033	149	1.2058894704428647	340	1.3245065073598163	
304	262	0.5378688130679015	218	0.5497231768286681	134	0.5569899631959604	348	0.6645437743944251	
305	174	1.260068486113532	337	1.2776211816206617	354	1.34341407728536	300	1.3479423643522361	
306	48	0.9572482641854506	169	1.0931549547587618	396	1.1075556619600666	84	1.2302642616548634	
307	318	0.4798713260286607	269	0.6198119259490974	136	0.8661615034128911	129	0.8828527213004235	
308	46	0.5284350834348995	53	0.5548300425509006	138	0.5931171534599178	58	0.7383349300602275	
309	29	0.6453294984274397	293	0.9763182931843624	92	1.1038695349602297	296	1.1885031355843556	
310	231	0.6895142235373464	150	0.8967477120928329	318	0.9736321333459788	371	0.9857869700699208	
311	424	0.8089031576614798	388	0.8912025368417937	34	0.9013448424352153	135	0.9761633877565082	
312	95	0.3874910108541879	207	0.5358130482819145	278	0.5618122771569587	17	0.686455026910688	
313	388	1.1887824123408754	359	1.4002159305127893	89	1.4039782604484325	330	1.4325951927101332	
314	362	0.829368856750546	122	1.0121717442141507	488	1.2019360050099257	455	1.2221274240678757	
315	430	0.7830435024762541	178	0.8953696425725381	280	1.095302029564895	185	1.124274661266166	
316	35	0.7888146752157582	443	1.0746920757062843	388	1.2478290558327227	424	1.303287347105679	
317	37	0.9290043310538387	461	1.017592805512802	158	1.161714870225614	470	1.3140260309378273	
318	307	0.4798713260286607	136	0.5172003091995717	353	0.8546879641626514	129	0.8557275059793428	
319	237	0.5321132317276128	53	0.6234394402598193	227	0.8127522540137642	308	0.9800036627694705	
320	31	0.56957357329924	459	0.6361001771156778	414	0.736184984625687	236	0.7720921430450018	
321	163	0.5922442470184861	286	0.7621792171294887	212	0.857452040823127	343	0.8719956791079261	
322	335	0.5161335706256933	62	0.5707046307520882	483	0.8334352947986906	86	0.872831456959451	
323	216	1.1590816867454588	497	1.3258681778362662	270	1.3367789863380026	475	1.456932461096375	
324	353	0.14099570846798049	207	0.3140853132778371	278	0.35938724427633184	393	0.5042803699455037	
325	80	0.572171563156353	43	0.7199778346977054	343	0.798366064856066	431	0.8653083152749171	
326	463	0.30775316093140714	261	0.9446366490584538	179	1.149740965263753	5	1.18136227334449	
327	271	0.8411290202835086	241	1.0901946705726748	145	1.1142214905264063	202	1.1932056881947408	
328	127	0.539450031078824	224	0.5712927637685279	68	0.8991358637389949	4	1.0140285266687696	
329	108	0.5110555065210572	246	1.9059825706025573	484	2.006437052409618	417	2.0521420420683607	
330	222	0.5020011647333215	71	0.854176825935521	290	1.0511930621308874	11	1.1005885920443848	
331	3	0.8257287902819919	252	0.957408352215079	162	0.9907771571052236	419	1.07156981119527	
332	385	1.0480602860322341	59	1.2814047304450293	7	1.4781261151001845	357	1.4861960902892244	
333	177	0.5545688048582633	60	0.5609077692847259	490	0.7054533771455875	162	0.7748631115127468	
334	19	1.2420784656728219	247	1.3224916005851401	129	1.4370991735804217	235	1.4425087248792594	
335	322	0.5161335706256933	483	0.8801610298048109	86	0.8850331264202373	62	0.9225997235859441	
336	215	1.1217793395736444	151	1.1252423642028735	497	1.2429258122187732	402	1.337982659645851	
337	282	0.8057884675537336	284	0.8660688437175469	112	0.988051320955003	174	1.1023560602179099	
338	259	0.3728152006587849	130	0.7631655152540248	485	0.8156260310319877	437	0.8508527582592682	
339	81	0.7198741319010706	265	0.7413044693800408	171	1.2989396869732912	355	1.3571058029317025	
340	149	1.236905754790263	303	1.3245065073598163	45	1.3929690167057136	469	1.7116081534413052	
341	491	0.2099257115993989	367	0.29794170438756257	234	0.5359224757812253	383	0.639981865107642	
342	446	0.4347041218850458	15	0.44694885230748443	389	0.5621126667104174	405	0.9373994078671419	
343	43	0.5213562181270223	431	0.5345056532012513	70	0.6858298611325799	20	0.7119624380547326	
344	262	0.8193910551582586	134	0.8963254167758781	218	1.0665485451603984	304	1.0772675799300273	
345	425	1.076325066293284	356	1.181329901371475	201	1.3186384128422064	384	1.571937504912138	
346	196	0.685521530360811	67	1.1368405121859404	190	1.2669600708202087	63	1.3309339066343415	
347	433	0.47151789692003043	168	0.9267497235717	378	1.1265268114472677	25	1.1808074154976176	
348	223	0.5088778017348791	304	0.6645437743944251	134	0.8416598810887791	403	1.0215719562063814	
349	73	0.23738641342182693	466	0.27135448625011205	236	0.6597628931618954	248	0.7080510672285211	
350	435	1.213832153177712	315	1.47374297858794	229	1.5606851323636752	430	1.781209377367174	
351	214	0.5118357434692262	38	0.6966589342707723	480	0.8808180543370661	457	1.0154318712781745	
352	69	0.3023276873686438	48	0.49863916808080444	400	0.6303572293217462	487	0.7760164524985924	
353	324	0.14099570846798049	207	0.3742845548874453	393	0.4338826975733727	278	0.48719538303322524	
354	300	0.6088610018275673	54	1.1070831287667457	174	1.2641563472508004	305	1.34341407728536	
355	418	0.44586730927926715	81	0.9152834469920015	101	1.0660867220013606	173	1.1006866605219572	
356	279	1.0735837174103988	345	1.181329901371475	425	1.3529314909956505	99	1.6661047614014621	
357	59	0.36354386881260725	250	0.8616100467898002	200	0.8909568868077874	385	1.0606093142256496	
358	300	0.9700636641850657	54	1.0816887239641542	32	1.1594505050988346	13	1.1678014558335623	
359	34	0.3811224078766927	96	0.47251948872767346	89	0.5642297479177318	239	0.6525845162569233	
360	282	0.8050113041629308	170	0.8221137848968317	284	0.8843629446450705	272	1.0679265196436154	
361	431	0.4975966662233772	368	0.5686289103696394	238	0.5711544502433993	70	0.5851870623943967	
362	191	0.7648535689619109	366	0.7803065978833676	314	0.829368856750546	72	0.9288828798884361	
363	17	0.4660107456290016	76	0.620301552954009	8	0.6464246519456226	278	0.8009455779746758	
364	489	0.16778642599871538	160	0.6917685003047981	16	0.7061811565668215	180	0.7799141433300836	
365	182	1.975625119285284	249	2.161414918093112	369	2.794614177957955	105	2.854193208209693	
366	72	0.5288976731823639	362	0.7803065978833676	173	0.8755141013364769	396	1.0322634731162472	
367	491	0.18382619093460353	341	0.29794170438756257	383	0.5592001884572605	234	0.7055804720281078	
368	70	0.22608228883980255	126	0.2997581258856735	431	0.3497880869706793	20	0.3555201927251187	
369	273	0.5450266035673468	105	0.777667705878197	249	1.0529498104755475	182	1.2765756015629734	
370	177	0.6385759780013414	333	0.931955735820273	49	1.2537273595100786	3	1.3279720271248747	
371	231	0.8066050646988658	310	0.9857869700699208	141	1.0752978782806535	136	1.1201527535908369	
372	41	1.0760647651804096	128	1.321090613676541	226	1.4829809776211091	482	1.5406299486009873	
373	119	0.6029284867314425	397	0.663160682046706	194	0.7803585583000429	471	0.7900058197188099	
374	472	0.26597912129322215	136	0.8550883885632592	318	0.9846327613047925	231	1.060494972672974	
375	26	0.7980642856002009	430	1.1501371804056466	185	1.386987117846275	209	1.452337254184574	
376	458	0.7222388009934918	34	0.8542308447578579	74	0.8557240802519099	96	0.8910808560950735	
377	237	0.5937778503570649	394	0.9928199594999398	319	1.1249745991779097	227	1.1622972291379403	
378	281	0.437163728940484	230	0.7513157308710158	272	0.7746236014678372	83	0.8535655479891694	
379	12	0.4404724793306737	268	0.48444060090822577	154	0.6440566246865318	447	0.8500969810067064	
380	495	1.0247825111790672	105	1.0555860324975908	182	1.3818619159044085	249	1.4211179110048722	
381	175	1.0377343647471742	463	1.133191588254482	261	1.1734319942966034	291	1.2078996724437432	
382	438	1.1118619869084432	209	1.3915756231029321	375	1.4978667807617463	181	1.7290566351999683	
383	453	0.30501175339238346	367	0.5592001884572605	491	0.5768196232457179	341	0.639981865107642	
384	201	1.0245006110933335	79	1.0608097888427315	31	1.072348935347746	236	1.1001560524053913	
385	59	0.9166141334350082	7	0.9737488402999818	332	1.0480602860322341	357	1.0606093142256496	
386	137	0.6331970038202691	83	0.6466804655361319	32	0.6715881766275621	13	0.7185808409132999	
387	63	0.7637967192680735	58	0.8962198712142102	67	1.0087937197460004	138	1.013406780227988	
388	424	0.44133031422689734	443	0.5815753781087168	35	0.7913675736717919	311	0.8912025368417937	
389	15	0.5517737795125033	342	0.5621126667104174	446	0.9209696191762472	30	1.2369036825627606	
390	123	0.21020861873100208	55	0.813859197052516	186	0.8755831066779605	267	0.926019383587943	
391	480	0.5032111577753007	214	0.5390674704458237	457	0.6678775139157891	111	0.6841991733986	
392	7	0.6182101749717683	161	0.6754671911608663	460	1.0038463080696847	385	1.1737680032479993	
393	353	0.4338826975733727	324	0.5042803699455037	22	0.5647984318258478	207	0.6794363115347019	
394	377	0.9928199594999398	237	1.348342015935383	227	1.3830942596353164	442	1.616910629453178	
395	221	0.8060910421579636	491	1.1206337855922972	341	1.1567833501840223	77	1.2447355423168396	
396	87	0.7448953333145717	173	0.8436498374577895	72	0.8441827951696766	366	1.0322634731162472	
397	109	0.4464684893798217	213	0.5451114506252577	118	0.6078886321271386	373	0.663160682046706	
398	476	0.483580336772528	208	0.7381412064003806	47	0.7697261220175764	477	1.0200463300234157	
399	75	0.3963040022569842	496	0.6483639169181937	248	0.6929427498593379	466	0.8124138166410939	
400	352	0.6303572293217462	302	0.6576383067728803	69	0.6608802414294503	434	0.6883257735393273	
401	210	1.4254090676889648	131	1.5320803469380952	40	1.993870281151199	369	2.100861532517607	
402	151	0.5943800939589332	103	1.014104380771353	412	1.0553661668139023	336	1.337982659645851	
403	266	0.33217247359382174	11	0.6133933174339752	68	0.6743825349204934	290	0.6904819594534857	
404	267	0.33042272686706176	285	0.923318911003701	421	0.9407794709351985	499	1.0939966241616357	
405	255	0.43474648414668077	6	0.49550486936914334	446	0.6739725623298664	342	0.9373994078671419	
406	295	0.6854010763819083	102	0.7795592340829428	220	0.8453704182836517	493	0.8487910441476348	
407	154	0.6276977938045153	208	0.6567149801722544	477	0.7025798256547949	88	0.9072321405814265	
408	428	0.9089796720825726	206	1.0962651452126668	124	1.4148414626900951	205	1.4583604656561653	
409	41	0.7014307536087343	310	1.0553249270670249	22	1.1130993851304836	391	1.1302956896824752	
410	257	0.42364737832260263	449	1.3198164723213794	479	1.7674885019950535	159	1.7889881209434724	
411	498	0.7321237753657253	252	0.7843841434123981	93	0.9320877168652542	331	1.2358130089352457	
412	402	1.0553661668139023	270	1.1318187313829438	151	1.5324959758356838	103	1.7393186088702701	
413	192	0.6806156460512766	64	0.7811855079067522	283	0.8338276692276629	264	0.8762849032710658	
414	236	0.35379319801279646	459	0.3565693673593343	31	0.4034660173263493	146	0.5473075353587148	
415	273	0.8686666815091773	495	1.1493597895785743	91	1.2789280203821902	105	1.2975413091997798	
416	439	1.0817547590798766	289	1.7685878912548911	246	1.9094462780349726	335	2.1382293523120066	
417	132	1.4377763066444054	98	1.5381797448592025	246	1.5506360689474994	289	1.564465442509434	
418	355	0.44586730927926715	101	0.7560354339008414	225	0.8435051628394806	265	1.0902747658074758	
419	331	1.07156981119527	3	1.1912001250221014	252	1.2489282475429926	2	1.3050905001499074	
420	115	0.3392524354128009	184	0.34324198881752305	42	0.7259222408716923	100	0.7912196988615257	
421	138	0.8020470369341843	58	0.8730211863249273	404	0.9407794709351985	440	0.9462207896769471	
422	235	0.319919686262052	19	0.4925330944539182	24	0.5489426054706661	157	0.6199510319764331	
423	230	0.786790063831817	490	0.9072169353217002	132	0.9418570370842836	60	0.9975946679481398	
424	443	0.3280983407070318	388	0.44133031422689734	311	0.8089031576614798	35	0.8809351446432668	
425	201	0.44083395492646055	31	0.5520102768389867	236	0.702542586679489	414	0.7973651023761096	
426	57	0.872566259860947	187	0.9601572275164925	320	0.9849286245053316	21	1.3819378978777541	
427	30	0.6235934053287505	180	0.6626492275202136	481	0.7487973893084185	16	0.797216613941089	
428	408	0.9089796720825726	124	1.3266925627699602	205	1.437675027418643	206	1.6472394152319814	
429	225	0.8904004355516077	88	0.955533095901339	265	0.9852341041571226	418	1.117856832301199	
430	26	0.697499805656749	315	0.7830435024762541	185	0.90735482733941	375	1.1501371804056466	
431	70	0.33390548568101863	368	0.3497880869706793	126	0.4948073295418911	361	0.4975966662233772	
432	295	0.4697252645011392	90	0.4916233705322445	185	0.6168474509369457	260	0.7910335869322181	
433	347	0.47151789692003043	25	0.9094980624120813	168	0.9313036086043468	378	0.9589766424714729	
434	400	0.6883257735393273	69	0.7963398225484448	352	0.8652867231142161	20	1.017550812852803	
435	383	0.9848918366274104	453	1.1223646187162246	315	1.1383678669644008	178	1.2031241620007231	
436	51	0.8345314458138758	56	0.96983660236951	188	1.0647164189221374	241	1.0648023878253834	
437	130	0.3212835488977205	368	0.5469189492613513	20	0.600913770864142	62	0.634843688379891	
438	181	0.6273863628274344	382	1.1118619869084432	209	1.2076749097308435	26	1.4812639101883742	
439	246	0.9401429275734534	416	1.0817547590798766	289	1.102969047042751	484	1.6763568056550806	
440	421	0.9462207896769471	164	0.9885792491168662	486	1.214026623694101	499	1.2210697582032937	
441	20	0.3716004578192895	368	0.714345388313314	437	0.733785720497246	70	0.7811508628192881	
442	440	1.2852369077760153	67	1.3010928639647876	196	1.5061068505254473	421	1.5560145744858946	
443	424	0.3280983407070318	388	0.5815753781087168	35	0.634904076029886	316	1.0746920757062843	
444	493	1.132953302130652	245	1.1871291022144859	220	1.1985467703898802	106	1.256801643810394	
445	482	0.969097257807594	217	1.3806200113267502	24	1.4569044584935085	299	1.5577283659202084	
446	342	0.4347041218850458	405	0.6739725623298664	255	0.7472956251575458	15	0.8462038782407103	
447	208	0.8058681961097222	12	0.8115568986076711	47	0.8230514129026527	379	0.8500969810067064	
448	460	0.8534813188240692	204	0.8745155095128311	65	0.966764607443859	250	1.0895048127692963	
449	479	0.8734270522156334	410	1.3198164723213794	206	1.3862134624397313	257	1.4390734803377496	
450	263	1.6344006055972675	494	1.9691013545146263	288	2.022362086446249	52	2.0705254121355763	
451	76	0.5085717323077719	312	0.7949567872919866	95	0.8160830493337193	363	1.0260402256155767	
452	156	0.9328674837319073	159	1.1271196560129761	205	1.6479554653477382	449	1.7313160855138472	
453	383	0.30501175339238346	234	0.6282310898374647	178	0.64251424105915	454	0.709421531588911	
454	234	0.3343674942874063	296	0.4105078383957324	453	0.709421531588911	341	0.7125150140715559	
455	488	0.16751428611258892	122	0.30323805765987666	153	0.5412799845307518	188	0.5779099191459597	
456	186	0.8631456540116763	123	0.9335064276985288	390	0.9457887793348763	227	1.0213705401633941	
457	214	0.5851209250968975	391	0.6678775139157891	111	0.7638630933746321	480	0.9662214508366425	
458	239	0.49628319509960644	4	0.5186090054598435	96	0.6053521526960478	9	0.6522974174506465	
459	414	0.3565693673593343	31	0.6172048214016174	320	0.6361001771156778	236	0.6680154785774006	
460	250	0.5853172209651196	7	0.7956397635541015	448	0.8534813188240692	200	0.971366035744038	
461	317	1.017592805512802	434	1.1278013960340796	441	1.162894801848056	321	1.3355158381234449	
462	6	0.904103644637476	296	1.0480486005649354	255	1.0848388466402363	405	1.14062510397381	
463	326	0.30775316093140714	261	0.8499540799908318	179	0.9031864238579504	381	1.133191588254482	
464	133	0.5096746164970314	155	0.917677892439648	93	1.0373630561808047	98	1.6091543866859042	
465	107	0.5255537888984059	217	0.5806979534370018	157	0.9593714995107578	259	0.9882759946035918	
466	73	0.22541367220873834	349	0.27135448625011205	75	0.6608559786888026	248	0.7893721323889229	
467	45	0.9240444604381131	469	1.1860215146908906	39	1.3617430520455442	99	1.5068899916183265	
468	23	0.7242550113550495	102	0.7769993465683148	293	0.8537172217795906	489	0.8651451828433887	
469	485	0.8510682307045727	45	0.8980279242112718	39	1.0006594243268887	259	1.1284486762005035	
470	50	1.2785760286818733	317	1.3140260309378273	482	1.3704566463845473	44	1.483226209905375	
471	119	0.3485926602743504	121	0.5939466733041407	373	0.7900058197188099	169	0.8215123491347093	
472	374	0.26597912129322215	231	0.8580569117477822	318	0.9353044015263415	136	0.9402296995600735	
473	486	0.3206712276916023	125	0.5955370740452469	440	1.255372349865649	28	1.4504680925325428	
474	0	1.1050139478845074	148	1.1598280495195321	216	1.5722051725605781	392	1.6241924953485147	
475	216	0.4066557762903277	497	0.6309613476978231	151	0.8621817697560515	65	1.006342215314458	
476	47	0.42258485098148857	398	0.483580336772528	208	0.8354988919782188	213	0.8867584677062215	
477	154	0.4507184622409877	194	0.6302261487106313	118	0.6327100995919245	407	0.7025798256547949	
478	56	0.4405106340243192	51	0.8132298938705119	188	1.128801239802215	232	1.1529554959432853	
479	449	0.8734270522156334	205	1.3056466568469456	206	1.4525814688682324	257	1.6779253588186585	
480	391	0.5032111577753007	22	0.5090514412413019	214	0.6050190483594703	111	0.6206599176215375	
481	180	0.6393769853351174	427	0.7487973893084185	16	0.8022597206914087	92	0.8923388376252387	
482	445	0.969097257807594	470	1.3704566463845473	423	1.4176717888083308	372	1.5406299486009873	
483	86	0.2092695716569123	322	0.8334352947986906	335	0.8801610298048109	62	0.950180377133848	
484	246	1.0782808158412411	3	1.4268995519070797	108	1.5013841807388972	331	1.6014516494421942	
485	338	0.8156260310319877	469	0.8510682307045727	39	0.8953142900823154	259	1.0576474277572816	
486	473	0.3206712276916023	125	0.555905399061421	28	1.1647161706234328	285	1.1918802795832886	
487	69	0.48241824425128293	302	0.7062281775032987	352	0.7760164524985924	471	0.8296654878293421	
488	455	0.16751428611258892	122	0.25713143096086916	153	0.5254092875974178	191	0.6301432857579358	
489	364	0.16778642599871538	160	0.5334876963352879	16	0.6050284444133921	180	0.6965305163470513	
490	162	0.48625628645591146	60	0.516468740638894	137	0.6850219353116965	333	0.7054533771455875	
491	367	0.18382619093460353	341	0.2099257115993989	383	0.5768196232457179	234	0.7082596075279998	
492	82	0.6566967901904539	379	0.9357938399915899	12	0.9652159450869089	193	0.9657789380719418	
493	220	0.35208152790279124	106	0.65183387028892	406	0.8487910441476348	102	1.0239973627672168	
494	66	0.5825025375834236	52	0.5825204373544929	54	0.7864513050666893	263	0.8558171443725511	
495	105	0.8184235907777834	380	1.0247825111790672	273	1.0819868815998346	415	1.1493597895785743	
496	248	0.5738187498536762	29	0.6010023719683193	399	0.6483639169181937	197	0.6485567994911046	
497	475	0.6309613476978231	216	0.8198824194035713	215	0.9331968479821238	151	0.9839843616429022	
498	252	0.23499754019067481	411	0.7321237753657253	137	0.7723536174855048	162	0.9183312510657414	
499	404	1.0939966241616357	164	1.2054349576288108	440	1.2210697582032937	267	1.2502102675540043	
