1
2
4
7
8
10
11
12
13
14
16
17
18
19
22
24
27
28
29
31
32
33
34
35
36
37
38
39
40
41
43
44
45
46
47
50
53
55
56
57
58
59
61
62
64
67
68
70
71
74
75
77
78
80
81
82
83
84
85
86
87
88
89
90
92
95
96
97
99
100
101
105
106
107
112
113
114
115
116
117
118
119
120
121
123
125
126
127
128
129
130
132
133
134
137
138
140
141
142
143
144
145
147
148
149
151
154
157
159
160
161
163
164
166
173
174
175
176
177
178
180
181
183
186
188
190
191
192
194
195
196
197
198
199
200
201
203
204
205
206
208
210
211
213
215
217
218
221
222
223
225
227
230
231
233
234
235
236
237
238
240
241
246
247
248
249
250
254
255
257
258
260
261
262
264
265
266
267
268
269
270
271
273
274
275
276
278
279
280
282
283
285
288
289
291
292
293
296
299
300
302
303
304
305
306
307
309
310
312
313
314
315
316
317
318
319
320
321
322
323
324
325
327
329
330
331
332
333
334
335
336
337
338
340
341
342
343
344
345
346
347
348
349
350
351
352
356
357
358
359
361
362
363
364
365
366
368
369
370
371
372
373
374
375
376
377
378
380
381
382
383
386
388
389
390
391
392
393
394
396
397
398
399
400
401
402
405
406
407
410
412
413
414
416
417
418
421
424
425
426
428
430
431
432
433
434
436
438
441
442
444
445
447
448
450
451
453
454
456
459
460
461
462
465
466
469
470
471
472
473
474
475
478
480
481
482
483
484
485
487
488
489
490
493
494
495
496
497
498
499
