2
3
4
5
6
7
8
9
10
11
12
15
16
20
23
25
27
28
30
32
33
34
35
37
39
41
42
43
44
47
48
49
50
51
53
54
55
56
58
59
60
62
64
65
66
67
68
69
72
74
75
76
78
79
80
81
83
84
85
86
87
89
90
92
93
94
95
96
97
98
99
100
102
103
104
106
107
108
110
111
112
113
114
116
117
118
121
122
123
124
125
126
127
128
129
132
133
134
135
138
139
140
142
143
146
148
149
150
151
152
154
155
156
158
159
160
162
163
164
169
170
171
172
173
174
175
176
177
178
179
180
181
182
183
184
186
187
189
190
191
192
193
195
196
197
199
201
203
204
205
206
207
208
209
210
212
213
214
215
216
217
218
219
222
223
224
225
227
228
229
230
231
232
233
236
237
238
239
241
242
243
245
246
248
249
250
251
252
254
256
257
260
261
262
263
266
269
270
273
274
275
276
277
278
281
282
283
284
285
290
292
293
295
298
299
301
302
303
304
306
309
310
312
313
316
318
320
322
324
325
327
330
332
333
334
335
337
338
340
343
344
345
346
347
349
351
352
353
354
355
356
357
358
359
360
361
362
363
365
366
367
369
370
374
375
377
380
381
382
384
385
387
388
389
390
394
395
396
397
398
399
401
402
403
404
405
406
407
408
409
410
411
418
419
420
422
423
424
425
426
427
428
429
431
434
435
436
438
444
446
449
450
452
453
454
455
457
458
459
460
461
463
464
465
466
468
469
470
471
472
473
474
475
477
478
479
480
481
482
483
484
486
487
488
489
490
492
493
494
495
