0	451	0	451	1.0
0	316	0	316	1.0
0	101	0	101	1.0
1	112	1	112	1.0
1	403	1	403	1.0
1	92	1	92	1.0
2	310	2	310	1.0
2	155	2	155	1.0
3	363	3	363	1.0
3	293	3	293	1.0
3	360	3	360	1.0
4	277	4	277	1.0
4	366	4	366	1.0
4	490	4	490	1.0
5	493	5	493	1.0
5	426	5	426	1.0
6	355	6	355	1.0
6	256	6	256	1.0
6	138	6	138	1.0
7	174	7	174	1.0
7	301	7	301	1.0
7	436	7	436	1.0
8	275	8	275	1.0
8	283	8	283	1.0
9	95	9	95	1.0
9	420	9	420	1.0
9	435	9	435	1.0
10	227	10	227	1.0
10	306	10	306	1.0
11	78	11	78	1.0
11	462	11	462	1.0
11	322	11	322	1.0
12	122	12	122	1.0
12	211	12	211	1.0
14	85	14	85	1.0
14	371	14	371	1.0
14	252	14	252	1.0
15	486	15	486	1.0
15	165	15	165	1.0
15	473	15	473	1.0
16	131	16	131	1.0
16	132	16	132	1.0
16	303	16	303	1.0
17	135	17	135	1.0
17	251	17	251	1.0
18	221	18	221	1.0
18	296	18	296	1.0
18	469	18	469	1.0
19	481	19	481	1.0
19	6	19	6	1.0
19	79	19	79	1.0
20	80	20	80	1.0
20	444	20	444	1.0
20	181	20	181	1.0
21	120	21	120	1.0
21	466	21	466	1.0
22	349	22	349	1.0
22	87	22	87	1.0
23	46	23	46	1.0
23	409	23	409	1.0
24	50	24	50	1.0
24	80	24	80	1.0
24	256	24	256	1.0
25	240	25	240	1.0
25	49	25	49	1.0
25	405	25	405	1.0
26	292	26	292	1.0
26	460	26	460	1.0
27	39	27	39	1.0
27	58	27	58	1.0
28	88	28	88	1.0
28	351	28	351	1.0
28	168	28	168	1.0
29	399	29	399	1.0
29	176	29	176	1.0
29	384	29	384	1.0
30	185	30	185	1.0
30	360	30	360	1.0
30	299	30	299	1.0
31	405	31	405	1.0
31	49	31	49	1.0
31	240	31	240	1.0
32	464	32	464	1.0
32	115	32	115	1.0
32	241	32	241	1.0
33	352	33	352	1.0
33	114	33	114	1.0
34	281	34	281	1.0
34	499	34	499	1.0
34	417	34	417	1.0
35	330	35	330	1.0
35	205	35	205	1.0
36	211	36	211	1.0
36	54	36	54	1.0
39	27	39	27	1.0
39	58	39	58	1.0
40	262	40	262	1.0
40	368	40	368	1.0
41	227	41	227	1.0
41	290	41	290	1.0
41	73	41	73	1.0
42	283	42	283	1.0
42	86	42	86	1.0
43	432	43	432	1.0
44	285	44	285	1.0
44	291	44	291	1.0
45	298	45	298	1.0
45	378	45	378	1.0
45	336	45	336	1.0
46	23	46	23	1.0
46	395	46	395	1.0
46	409	46	409	1.0
47	198	47	198	1.0
47	347	47	347	1.0
47	451	47	451	1.0
48	77	48	77	1.0
48	474	48	474	1.0
49	405	49	405	1.0
49	31	49	31	1.0
49	25	49	25	1.0
50	24	50	24	1.0
50	256	50	256	1.0
50	343	50	343	1.0
51	93	51	93	1.0
51	151	51	151	1.0
53	229	53	229	1.0
53	206	53	206	1.0
54	36	54	36	1.0
54	110	54	110	1.0
55	436	55	436	1.0
55	180	55	180	1.0
55	212	55	212	1.0
56	244	56	244	1.0
56	67	56	67	1.0
56	373	56	373	1.0
57	159	57	159	1.0
57	91	57	91	1.0
57	483	57	483	1.0
58	39	58	39	1.0
58	488	58	488	1.0
59	126	59	126	1.0
59	226	59	226	1.0
59	179	59	179	1.0
60	312	60	312	1.0
60	297	60	297	1.0
61	206	61	206	1.0
61	229	61	229	1.0
62	473	62	473	1.0
62	174	62	174	1.0
62	7	62	7	1.0
63	462	63	462	1.0
63	322	63	322	1.0
63	474	63	474	1.0
64	433	64	433	1.0
65	106	65	106	1.0
65	84	65	84	1.0
65	193	65	193	1.0
66	262	66	262	1.0
66	329	66	329	1.0
66	40	66	40	1.0
67	244	67	244	1.0
67	56	67	56	1.0
68	406	68	406	1.0
68	483	68	483	1.0
68	440	68	440	1.0
69	109	69	109	1.0
69	376	69	376	1.0
70	72	70	72	1.0
70	332	70	332	1.0
70	414	70	414	1.0
71	284	71	284	1.0
71	266	71	266	1.0
72	332	72	332	1.0
72	70	72	70	1.0
72	233	72	233	1.0
73	479	73	479	1.0
73	164	73	164	1.0
73	372	73	372	1.0
74	15	74	15	1.0
74	486	74	486	1.0
75	191	75	191	1.0
75	211	75	211	1.0
76	190	76	190	1.0
76	64	76	64	1.0
77	474	77	474	1.0
77	48	77	48	1.0
78	11	78	11	1.0
78	492	78	492	1.0
79	481	79	481	1.0
79	271	79	271	1.0
79	387	79	387	1.0
80	20	80	20	1.0
80	24	80	24	1.0
80	50	80	50	1.0
81	468	81	468	1.0
81	295	81	295	1.0
81	433	81	433	1.0
82	125	82	125	1.0
82	294	82	294	1.0
82	45	82	45	1.0
83	364	83	364	1.0
83	146	83	146	1.0
83	169	83	169	1.0
84	65	84	65	1.0
84	193	84	193	1.0
84	127	84	127	1.0
85	14	85	14	1.0
85	371	85	371	1.0
85	447	85	447	1.0
86	220	86	220	1.0
86	42	86	42	1.0
86	283	86	283	1.0
87	349	87	349	1.0
87	177	87	177	1.0
88	178	88	178	1.0
88	28	88	28	1.0
88	491	88	491	1.0
89	381	89	381	1.0
89	216	89	216	1.0
89	217	89	217	1.0
90	467	90	467	1.0
90	263	90	263	1.0
91	365	91	365	1.0
91	159	91	159	1.0
91	236	91	236	1.0
92	403	92	403	1.0
92	310	92	310	1.0
93	51	93	51	1.0
93	453	93	453	1.0
93	447	93	447	1.0
94	222	94	222	1.0
94	130	94	130	1.0
94	204	94	204	1.0
95	9	95	9	1.0
95	420	95	420	1.0
95	435	95	435	1.0
96	261	96	261	1.0
96	108	96	108	1.0
96	92	96	92	1.0
97	377	97	377	1.0
98	498	98	498	1.0
98	274	98	274	1.0
99	482	99	482	1.0
99	133	99	133	1.0
99	362	99	362	1.0
100	123	100	123	1.0
100	419	100	419	1.0
101	184	101	184	1.0
101	0	101	0	1.0
101	451	101	451	1.0
102	187	102	187	1.0
102	457	102	457	1.0
103	217	103	217	1.0
103	375	103	375	1.0
103	381	103	381	1.0
105	468	105	468	1.0
105	193	105	193	1.0
105	84	105	84	1.0
106	65	106	65	1.0
106	193	106	193	1.0
106	382	106	382	1.0
107	487	107	487	1.0
107	473	107	473	1.0
107	165	107	165	1.0
108	261	108	261	1.0
108	96	108	96	1.0
108	365	108	365	1.0
109	69	109	69	1.0
109	202	109	202	1.0
110	231	110	231	1.0
110	54	110	54	1.0
111	118	111	118	1.0
112	1	112	1	1.0
112	169	112	169	1.0
112	403	112	403	1.0
114	33	114	33	1.0
114	354	114	354	1.0
114	400	114	400	1.0
115	156	115	156	1.0
115	157	115	157	1.0
115	389	115	389	1.0
116	426	116	426	1.0
116	493	116	493	1.0
117	463	117	463	1.0
117	386	117	386	1.0
117	301	117	301	1.0
118	111	118	111	1.0
118	66	118	66	1.0
119	58	119	58	1.0
120	21	120	21	1.0
120	11	120	11	1.0
121	253	121	253	1.0
121	428	121	428	1.0
121	280	121	280	1.0
122	315	122	315	1.0
122	307	122	307	1.0
123	100	123	100	1.0
123	419	123	419	1.0
123	226	123	226	1.0
124	430	124	430	1.0
124	231	124	231	1.0
124	40	124	40	1.0
125	82	125	82	1.0
125	350	125	350	1.0
126	59	126	59	1.0
126	179	126	179	1.0
127	233	127	233	1.0
127	374	127	374	1.0
127	342	127	342	1.0
128	152	128	152	1.0
128	160	128	160	1.0
128	194	128	194	1.0
129	258	129	258	1.0
129	439	129	439	1.0
129	272	129	272	1.0
130	94	130	94	1.0
130	222	130	222	1.0
130	204	130	204	1.0
131	204	131	204	1.0
131	167	131	167	1.0
131	132	131	132	1.0
132	131	132	131	1.0
132	16	132	16	1.0
132	204	132	204	1.0
133	397	133	397	1.0
133	388	133	388	1.0
133	308	133	308	1.0
134	398	134	398	1.0
134	150	134	150	1.0
134	196	134	196	1.0
135	17	135	17	1.0
136	360	136	360	1.0
136	3	136	3	1.0
137	200	137	200	1.0
137	326	137	326	1.0
137	488	137	488	1.0
138	149	138	149	1.0
138	465	138	465	1.0
138	271	138	271	1.0
139	404	139	404	1.0
139	499	139	499	1.0
139	255	139	255	1.0
140	268	140	268	1.0
140	148	140	148	1.0
141	203	141	203	1.0
141	78	141	78	1.0
142	411	142	411	1.0
142	459	142	459	1.0
143	469	143	469	1.0
143	215	143	215	1.0
143	171	143	171	1.0
144	362	144	362	1.0
144	455	144	455	1.0
144	56	144	56	1.0
145	163	145	163	1.0
145	450	145	450	1.0
145	442	145	442	1.0
146	169	146	169	1.0
146	83	146	83	1.0
146	273	146	273	1.0
147	310	147	310	1.0
147	403	147	403	1.0
147	95	147	95	1.0
148	391	148	391	1.0
148	268	148	268	1.0
149	138	149	138	1.0
149	465	149	465	1.0
149	402	149	402	1.0
150	134	150	134	1.0
150	494	150	494	1.0
151	51	151	51	1.0
151	168	151	168	1.0
152	128	152	128	1.0
152	160	152	160	1.0
152	194	152	194	1.0
153	251	153	251	1.0
153	274	153	274	1.0
153	380	153	380	1.0
154	234	154	234	1.0
154	364	154	364	1.0
155	353	155	353	1.0
155	2	155	2	1.0
156	115	156	115	1.0
156	135	156	135	1.0
157	115	157	115	1.0
157	389	157	389	1.0
157	215	157	215	1.0
158	285	158	285	1.0
158	291	158	291	1.0
159	483	159	483	1.0
159	91	159	91	1.0
159	365	159	365	1.0
160	128	160	128	1.0
160	152	160	152	1.0
160	445	160	445	1.0
161	385	161	385	1.0
161	448	161	448	1.0
161	147	161	147	1.0
163	145	163	145	1.0
163	450	163	450	1.0
163	170	163	170	1.0
164	479	164	479	1.0
164	73	164	73	1.0
164	372	164	372	1.0
165	486	165	486	1.0
165	431	165	431	1.0
165	410	165	410	1.0
166	254	166	254	1.0
166	205	166	205	1.0
167	131	167	131	1.0
167	204	167	204	1.0
167	16	167	16	1.0
168	351	168	351	1.0
168	151	168	151	1.0
168	494	168	494	1.0
169	146	169	146	1.0
169	112	169	112	1.0
169	83	169	83	1.0
170	450	170	450	1.0
170	442	170	442	1.0
170	407	170	407	1.0
171	267	171	267	1.0
171	241	171	241	1.0
171	215	171	215	1.0
172	467	172	467	1.0
172	429	172	429	1.0
173	216	173	216	1.0
173	460	173	460	1.0
173	292	173	292	1.0
174	7	174	7	1.0
174	301	174	301	1.0
174	436	174	436	1.0
175	412	175	412	1.0
175	249	175	249	1.0
176	29	176	29	1.0
176	163	176	163	1.0
176	384	176	384	1.0
177	87	177	87	1.0
177	230	177	230	1.0
177	424	177	424	1.0
178	379	178	379	1.0
178	491	178	491	1.0
179	59	179	59	1.0
179	126	179	126	1.0
180	212	180	212	1.0
180	402	180	402	1.0
180	335	180	335	1.0
181	197	181	197	1.0
181	24	181	24	1.0
181	444	181	444	1.0
182	439	182	439	1.0
182	129	182	129	1.0
182	258	182	258	1.0
183	64	183	64	1.0
183	492	183	492	1.0
184	101	184	101	1.0
184	451	184	451	1.0
184	465	184	465	1.0
185	30	185	30	1.0
185	391	185	391	1.0
185	299	185	299	1.0
186	30	186	30	1.0
186	304	186	304	1.0
187	290	187	290	1.0
187	102	187	102	1.0
188	317	188	317	1.0
188	67	188	67	1.0
189	390	189	390	1.0
189	294	189	294	1.0
190	76	190	76	1.0
190	328	190	328	1.0
191	437	191	437	1.0
191	248	191	248	1.0
191	75	191	75	1.0
192	166	192	166	1.0
192	205	192	205	1.0
192	35	192	35	1.0
193	84	193	84	1.0
193	468	193	468	1.0
193	65	193	65	1.0
194	401	194	401	1.0
194	160	194	160	1.0
194	152	194	152	1.0
195	279	195	279	1.0
195	232	195	232	1.0
196	134	196	134	1.0
196	371	196	371	1.0
196	150	196	150	1.0
197	318	197	318	1.0
197	289	197	289	1.0
197	181	197	181	1.0
198	47	198	47	1.0
198	347	198	347	1.0
198	451	198	451	1.0
199	288	199	288	1.0
199	51	199	51	1.0
200	137	200	137	1.0
200	488	200	488	1.0
200	326	200	326	1.0
201	299	201	299	1.0
201	247	201	247	1.0
202	69	202	69	1.0
202	376	202	376	1.0
203	141	203	141	1.0
203	172	203	172	1.0
204	131	204	131	1.0
204	94	204	94	1.0
204	167	204	167	1.0
205	192	205	192	1.0
205	166	205	166	1.0
205	35	205	35	1.0
206	61	206	61	1.0
206	345	206	345	1.0
206	229	206	229	1.0
207	374	207	374	1.0
207	127	207	127	1.0
208	338	208	338	1.0
208	304	208	304	1.0
209	317	209	317	1.0
209	188	209	188	1.0
209	321	209	321	1.0
210	17	210	17	1.0
211	248	211	248	1.0
211	315	211	315	1.0
211	36	211	36	1.0
212	180	212	180	1.0
212	402	212	402	1.0
212	463	212	463	1.0
213	337	213	337	1.0
214	6	214	6	1.0
214	355	214	355	1.0
215	241	215	241	1.0
215	171	215	171	1.0
215	378	215	378	1.0
216	460	216	460	1.0
216	173	216	173	1.0
216	292	216	292	1.0
217	103	217	103	1.0
217	381	217	381	1.0
217	216	217	216	1.0
218	459	218	459	1.0
218	203	218	203	1.0
218	172	218	172	1.0
219	249	219	249	1.0
219	102	219	102	1.0
220	283	220	283	1.0
220	42	220	42	1.0
221	18	221	18	1.0
221	296	221	296	1.0
221	469	221	469	1.0
222	94	222	94	1.0
222	130	222	130	1.0
222	90	222	90	1.0
223	268	223	268	1.0
223	148	223	148	1.0
225	338	225	338	1.0
225	208	225	208	1.0
226	59	226	59	1.0
226	123	226	123	1.0
226	179	226	179	1.0
227	10	227	10	1.0
227	41	227	41	1.0
227	496	227	496	1.0
228	302	228	302	1.0
228	449	228	449	1.0
229	61	229	61	1.0
229	206	229	206	1.0
229	8	229	8	1.0
230	177	230	177	1.0
230	346	230	346	1.0
230	87	230	87	1.0
231	110	231	110	1.0
231	430	231	430	1.0
232	279	232	279	1.0
232	372	232	372	1.0
233	342	233	342	1.0
233	127	233	127	1.0
233	359	233	359	1.0
234	154	234	154	1.0
234	458	234	458	1.0
235	298	235	298	1.0
235	336	235	336	1.0
236	398	236	398	1.0
236	365	236	365	1.0
236	91	236	91	1.0
237	482	237	482	1.0
237	254	237	254	1.0
238	107	238	107	1.0
238	282	238	282	1.0
239	245	239	245	1.0
240	25	240	25	1.0
240	405	240	405	1.0
240	49	240	49	1.0
241	267	241	267	1.0
241	171	241	171	1.0
241	215	241	215	1.0
242	270	242	270	1.0
242	101	242	101	1.0
242	0	242	0	1.0
243	21	243	21	1.0
243	466	243	466	1.0
243	485	243	485	1.0
244	373	244	373	1.0
244	67	244	67	1.0
244	56	244	56	1.0
245	239	245	239	1.0
245	419	245	419	1.0
246	493	246	493	1.0
246	475	246	475	1.0
246	276	246	276	1.0
247	291	247	291	1.0
247	285	247	285	1.0
248	307	248	307	1.0
248	315	248	315	1.0
248	211	248	211	1.0
249	175	249	175	1.0
249	272	249	272	1.0
249	412	249	412	1.0
250	348	250	348	1.0
251	153	251	153	1.0
251	274	251	274	1.0
251	17	251	17	1.0
252	85	252	85	1.0
252	14	252	14	1.0
252	371	252	371	1.0
253	121	253	121	1.0
253	293	253	293	1.0
254	237	254	237	1.0
254	166	254	166	1.0
255	404	255	404	1.0
255	309	255	309	1.0
255	27	255	27	1.0
256	50	256	50	1.0
256	24	256	24	1.0
256	149	256	149	1.0
257	334	257	334	1.0
257	344	257	344	1.0
257	461	257	461	1.0
258	272	258	272	1.0
258	129	258	129	1.0
258	439	258	439	1.0
259	337	259	337	1.0
259	213	259	213	1.0
259	237	259	237	1.0
260	372	260	372	1.0
260	73	260	73	1.0
260	479	260	479	1.0
261	108	261	108	1.0
261	96	261	96	1.0
261	310	261	310	1.0
262	40	262	40	1.0
262	66	262	66	1.0
263	269	263	269	1.0
263	90	263	90	1.0
264	446	264	446	1.0
264	443	264	443	1.0
264	445	264	445	1.0
266	284	266	284	1.0
266	71	266	71	1.0
266	380	266	380	1.0
267	378	267	378	1.0
267	241	267	241	1.0
267	171	267	171	1.0
268	223	268	223	1.0
268	140	268	140	1.0
268	148	268	148	1.0
269	263	269	263	1.0
269	314	269	314	1.0
269	477	269	477	1.0
270	242	270	242	1.0
270	313	270	313	1.0
270	101	270	101	1.0
271	387	271	387	1.0
271	79	271	79	1.0
271	138	271	138	1.0
272	258	272	258	1.0
272	249	272	249	1.0
272	439	272	439	1.0
273	401	273	401	1.0
273	487	273	487	1.0
273	146	273	146	1.0
274	251	274	251	1.0
274	153	274	153	1.0
274	266	274	266	1.0
275	9	275	9	1.0
275	8	275	8	1.0
275	95	275	95	1.0
276	475	276	475	1.0
277	217	277	217	1.0
277	460	277	460	1.0
277	216	277	216	1.0
278	182	278	182	1.0
278	155	278	155	1.0
279	232	279	232	1.0
279	372	279	372	1.0
280	291	280	291	1.0
280	285	280	285	1.0
281	34	281	34	1.0
281	499	281	499	1.0
281	366	281	366	1.0
282	440	282	440	1.0
282	161	282	161	1.0
282	385	282	385	1.0
283	220	283	220	1.0
283	42	283	42	1.0
283	8	283	8	1.0
284	71	284	71	1.0
284	266	284	266	1.0
285	291	285	291	1.0
285	158	285	158	1.0
285	280	285	280	1.0
286	485	286	485	1.0
288	199	288	199	1.0
288	151	288	151	1.0
289	197	289	197	1.0
289	423	289	423	1.0
290	187	290	187	1.0
290	102	290	102	1.0
291	285	291	285	1.0
291	280	291	280	1.0
292	460	292	460	1.0
292	26	292	26	1.0
292	216	292	216	1.0
293	3	293	3	1.0
293	363	293	363	1.0
293	253	293	253	1.0
294	189	294	189	1.0
294	82	294	82	1.0
294	389	294	389	1.0
295	81	295	81	1.0
295	207	295	207	1.0
296	18	296	18	1.0
296	143	296	143	1.0
296	221	296	221	1.0
297	312	297	312	1.0
297	60	297	60	1.0
298	336	298	336	1.0
298	235	298	235	1.0
298	45	298	45	1.0
299	201	299	201	1.0
299	253	299	253	1.0
300	430	300	430	1.0
300	309	300	309	1.0
300	255	300	255	1.0
301	386	301	386	1.0
301	117	301	117	1.0
301	7	301	7	1.0
302	228	302	228	1.0
302	449	302	449	1.0
302	48	302	48	1.0
303	16	303	16	1.0
303	493	303	493	1.0
303	54	303	54	1.0
304	208	304	208	1.0
304	245	304	245	1.0
306	455	306	455	1.0
306	350	306	350	1.0
307	248	307	248	1.0
307	315	307	315	1.0
307	211	307	211	1.0
308	397	308	397	1.0
308	388	308	388	1.0
308	133	308	133	1.0
309	255	309	255	1.0
309	404	309	404	1.0
309	300	309	300	1.0
310	403	310	403	1.0
310	92	310	92	1.0
310	147	310	147	1.0
311	335	311	335	1.0
311	429	311	429	1.0
311	184	311	184	1.0
312	297	312	297	1.0
312	60	312	60	1.0
313	369	313	369	1.0
313	434	313	434	1.0
313	270	313	270	1.0
314	269	314	269	1.0
315	307	315	307	1.0
315	248	315	248	1.0
315	122	315	122	1.0
316	382	316	382	1.0
316	0	316	0	1.0
317	188	317	188	1.0
317	209	317	209	1.0
318	197	318	197	1.0
318	423	318	423	1.0
318	289	318	289	1.0
319	373	319	373	1.0
319	363	319	363	1.0
319	3	319	3	1.0
320	342	320	342	1.0
320	359	320	359	1.0
320	198	320	198	1.0
321	416	321	416	1.0
321	337	321	337	1.0
321	484	321	484	1.0
322	462	322	462	1.0
322	63	322	63	1.0
324	456	324	456	1.0
324	49	324	49	1.0
325	495	325	495	1.0
325	471	325	471	1.0
326	375	326	375	1.0
326	488	326	488	1.0
327	438	327	438	1.0
327	339	327	339	1.0
327	80	327	80	1.0
328	414	328	414	1.0
328	477	328	477	1.0
328	207	328	207	1.0
329	66	329	66	1.0
330	35	330	35	1.0
330	189	330	189	1.0
331	305	331	305	1.0
331	350	331	350	1.0
332	72	332	72	1.0
332	70	332	70	1.0
333	423	333	423	1.0
333	77	333	77	1.0
333	439	333	439	1.0
334	368	334	368	1.0
334	461	334	461	1.0
334	257	334	257	1.0
335	429	335	429	1.0
335	311	335	311	1.0
336	298	336	298	1.0
336	235	336	235	1.0
337	259	337	259	1.0
337	213	337	213	1.0
337	321	337	321	1.0
338	475	338	475	1.0
338	225	338	225	1.0
338	208	338	208	1.0
339	327	339	327	1.0
339	438	339	438	1.0
342	233	342	233	1.0
342	359	342	359	1.0
342	320	342	320	1.0
343	50	343	50	1.0
343	429	343	429	1.0
343	149	343	149	1.0
344	257	344	257	1.0
346	372	346	372	1.0
346	399	346	399	1.0
346	260	346	260	1.0
347	198	347	198	1.0
347	47	347	47	1.0
347	451	347	451	1.0
348	466	348	466	1.0
348	130	348	130	1.0
349	87	349	87	1.0
349	22	349	22	1.0
349	177	349	177	1.0
350	306	350	306	1.0
350	125	350	125	1.0
351	168	351	168	1.0
351	494	351	494	1.0
351	151	351	151	1.0
352	33	352	33	1.0
352	31	352	31	1.0
353	155	353	155	1.0
353	2	353	2	1.0
353	463	353	463	1.0
354	288	354	288	1.0
355	6	355	6	1.0
355	256	355	256	1.0
355	258	355	258	1.0
358	449	358	449	1.0
358	333	358	333	1.0
358	302	358	302	1.0
359	342	359	342	1.0
359	233	359	233	1.0
360	136	360	136	1.0
360	3	360	3	1.0
361	22	361	22	1.0
361	87	361	87	1.0
362	144	362	144	1.0
362	455	362	455	1.0
363	3	363	3	1.0
363	293	363	293	1.0
364	83	364	83	1.0
364	194	364	194	1.0
364	152	364	152	1.0
365	108	365	108	1.0
365	236	365	236	1.0
365	261	365	261	1.0
366	499	366	499	1.0
366	109	366	109	1.0
368	334	368	334	1.0
368	40	368	40	1.0
369	313	369	313	1.0
369	376	369	376	1.0
369	434	369	434	1.0
370	384	370	384	1.0
370	377	370	377	1.0
371	85	371	85	1.0
371	14	371	14	1.0
371	252	371	252	1.0
372	260	372	260	1.0
372	479	372	479	1.0
372	73	372	73	1.0
373	244	373	244	1.0
373	319	373	319	1.0
373	308	373	308	1.0
374	127	374	127	1.0
374	207	374	207	1.0
375	326	375	326	1.0
375	488	375	488	1.0
376	369	376	369	1.0
376	69	376	69	1.0
377	312	377	312	1.0
377	297	377	297	1.0
377	356	377	356	1.0
378	267	378	267	1.0
378	45	378	45	1.0
379	178	379	178	1.0
379	491	379	491	1.0
380	319	380	319	1.0
380	153	380	153	1.0
381	89	381	89	1.0
381	217	381	217	1.0
381	103	381	103	1.0
382	316	382	316	1.0
382	65	382	65	1.0
384	176	384	176	1.0
384	29	384	29	1.0
384	399	384	399	1.0
385	161	385	161	1.0
385	448	385	448	1.0
385	440	385	440	1.0
386	301	386	301	1.0
386	117	386	117	1.0
386	273	386	273	1.0
387	271	387	271	1.0
387	138	387	138	1.0
387	465	387	465	1.0
388	308	388	308	1.0
388	397	388	397	1.0
388	133	388	133	1.0
389	157	389	157	1.0
389	294	389	294	1.0
389	215	389	215	1.0
390	189	390	189	1.0
390	237	390	237	1.0
391	148	391	148	1.0
392	490	392	490	1.0
392	413	392	413	1.0
392	497	392	497	1.0
393	251	393	251	1.0
393	274	393	274	1.0
393	189	393	189	1.0
395	46	395	46	1.0
395	23	395	23	1.0
395	409	395	409	1.0
396	472	396	472	1.0
396	496	396	496	1.0
397	308	397	308	1.0
397	133	397	133	1.0
397	388	397	388	1.0
398	236	398	236	1.0
398	134	398	134	1.0
398	365	398	365	1.0
399	29	399	29	1.0
399	346	399	346	1.0
399	230	399	230	1.0
401	273	401	273	1.0
401	194	401	194	1.0
401	487	401	487	1.0
402	212	402	212	1.0
402	149	402	149	1.0
402	180	402	180	1.0
403	92	403	92	1.0
403	310	403	310	1.0
403	1	403	1	1.0
404	139	404	139	1.0
404	255	404	255	1.0
404	109	404	109	1.0
405	31	405	31	1.0
405	49	405	49	1.0
405	240	405	240	1.0
406	68	406	68	1.0
406	440	406	440	1.0
406	483	406	483	1.0
407	170	407	170	1.0
407	450	407	450	1.0
408	347	408	347	1.0
408	495	408	495	1.0
408	198	408	198	1.0
409	23	409	23	1.0
409	124	409	124	1.0
409	334	409	334	1.0
410	431	410	431	1.0
410	218	410	218	1.0
410	142	410	142	1.0
411	142	411	142	1.0
411	78	411	78	1.0
412	175	412	175	1.0
412	442	412	442	1.0
413	480	413	480	1.0
413	392	413	392	1.0
414	328	414	328	1.0
414	233	414	233	1.0
414	477	414	477	1.0
415	110	415	110	1.0
415	226	415	226	1.0
416	321	416	321	1.0
416	344	416	344	1.0
416	259	416	259	1.0
417	34	417	34	1.0
417	281	417	281	1.0
417	395	417	395	1.0
419	123	419	123	1.0
419	100	419	100	1.0
420	435	420	435	1.0
420	95	420	95	1.0
420	9	420	9	1.0
422	344	422	344	1.0
423	289	423	289	1.0
423	318	423	318	1.0
423	197	423	197	1.0
424	177	424	177	1.0
424	230	424	230	1.0
424	87	424	87	1.0
425	103	425	103	1.0
425	326	425	326	1.0
425	488	425	488	1.0
426	116	426	116	1.0
426	493	426	493	1.0
427	446	427	446	1.0
428	121	428	121	1.0
428	126	428	126	1.0
429	172	429	172	1.0
429	335	429	335	1.0
429	343	429	343	1.0
430	124	430	124	1.0
430	231	430	231	1.0
430	300	430	300	1.0
431	165	431	165	1.0
431	410	431	410	1.0
431	301	431	301	1.0
432	253	432	253	1.0
432	293	432	293	1.0
433	64	433	64	1.0
433	81	433	81	1.0
433	295	433	295	1.0
434	313	434	313	1.0
434	359	434	359	1.0
434	369	434	369	1.0
435	420	435	420	1.0
435	95	435	95	1.0
435	9	435	9	1.0
436	55	436	55	1.0
436	301	436	301	1.0
436	7	436	7	1.0
437	191	437	191	1.0
437	248	437	248	1.0
437	307	437	307	1.0
438	327	438	327	1.0
438	444	438	444	1.0
438	339	438	339	1.0
439	129	439	129	1.0
439	258	439	258	1.0
439	182	439	182	1.0
440	282	440	282	1.0
440	406	440	406	1.0
440	385	440	385	1.0
442	170	442	170	1.0
442	145	442	145	1.0
442	412	442	412	1.0
443	446	443	446	1.0
443	445	443	445	1.0
443	264	443	264	1.0
444	20	444	20	1.0
444	181	444	181	1.0
444	80	444	80	1.0
445	160	445	160	1.0
445	128	445	128	1.0
445	471	445	471	1.0
446	264	446	264	1.0
446	443	446	443	1.0
446	445	446	445	1.0
447	51	447	51	1.0
447	93	447	93	1.0
448	161	448	161	1.0
448	385	448	385	1.0
448	117	448	117	1.0
449	302	449	302	1.0
449	77	449	77	1.0
449	48	449	48	1.0
450	163	450	163	1.0
450	145	450	145	1.0
450	170	450	170	1.0
451	47	451	47	1.0
451	198	451	198	1.0
451	0	451	0	1.0
453	93	453	93	1.0
453	51	453	51	1.0
453	447	453	447	1.0
454	158	454	158	1.0
455	362	455	362	1.0
455	388	455	388	1.0
456	480	456	480	1.0
456	49	456	49	1.0
457	102	457	102	1.0
457	175	457	175	1.0
458	497	458	497	1.0
458	234	458	234	1.0
459	218	459	218	1.0
459	142	459	142	1.0
460	216	460	216	1.0
460	292	460	292	1.0
461	334	461	334	1.0
461	121	461	121	1.0
461	144	461	144	1.0
462	322	462	322	1.0
462	63	462	63	1.0
463	117	463	117	1.0
463	386	463	386	1.0
463	212	463	212	1.0
464	32	464	32	1.0
464	143	464	143	1.0
465	149	465	149	1.0
465	184	465	184	1.0
465	101	465	101	1.0
466	348	466	348	1.0
466	21	466	21	1.0
467	172	467	172	1.0
467	90	467	90	1.0
468	81	468	81	1.0
468	193	468	193	1.0
468	84	468	84	1.0
469	171	469	171	1.0
469	143	469	143	1.0
470	105	470	105	1.0
470	468	470	468	1.0
471	495	471	495	1.0
471	325	471	325	1.0
471	347	471	347	1.0
472	260	472	260	1.0
472	126	472	126	1.0
472	59	472	59	1.0
473	62	473	62	1.0
473	15	473	15	1.0
473	174	473	174	1.0
474	63	474	63	1.0
474	77	474	77	1.0
474	322	474	322	1.0
475	276	475	276	1.0
476	434	476	434	1.0
476	50	476	50	1.0
476	256	476	256	1.0
477	314	477	314	1.0
477	269	477	269	1.0
477	414	477	414	1.0
478	191	478	191	1.0
478	437	478	437	1.0
478	307	478	307	1.0
479	73	479	73	1.0
479	164	479	164	1.0
479	372	479	372	1.0
480	456	480	456	1.0
480	497	480	497	1.0
481	79	481	79	1.0
482	237	482	237	1.0
482	99	482	99	1.0
483	159	483	159	1.0
483	68	483	68	1.0
483	108	483	108	1.0
484	56	484	56	1.0
484	144	484	144	1.0
484	461	484	461	1.0
485	21	485	21	1.0
485	243	485	243	1.0
485	286	485	286	1.0
486	165	486	165	1.0
486	431	486	431	1.0
486	410	486	410	1.0
487	273	487	273	1.0
487	401	487	401	1.0
487	194	487	194	1.0
488	326	488	326	1.0
488	375	488	375	1.0
489	183	489	183	1.0
489	411	489	411	1.0
489	243	489	243	1.0
490	392	490	392	1.0
490	4	490	4	1.0
491	178	491	178	1.0
491	379	491	379	1.0
492	78	492	78	1.0
492	459	492	459	1.0
493	426	493	426	1.0
493	246	493	246	1.0
493	276	493	276	1.0
494	168	494	168	1.0
494	351	494	351	1.0
495	471	495	471	1.0
495	325	495	325	1.0
495	408	495	408	1.0
496	396	496	396	1.0
497	480	497	480	1.0
497	456	497	456	1.0
498	98	498	98	1.0
498	274	498	274	1.0
499	139	499	139	1.0
499	366	499	366	1.0
499	281	499	281	1.0
