0
1
4
5
7
8
9
10
11
12
13
14
15
17
18
19
20
21
22
23
24
25
26
27
28
29
31
32
33
34
35
38
39
41
42
44
45
46
48
50
52
53
54
55
56
57
58
63
64
65
66
67
68
70
71
72
73
74
75
78
79
80
82
83
86
87
89
90
91
92
93
95
96
97
100
101
104
105
108
109
110
112
113
115
120
122
124
126
127
129
131
132
134
135
137
138
139
141
142
143
144
146
147
149
150
151
152
153
154
155
156
159
160
161
164
165
167
168
169
171
172
173
174
176
177
178
179
181
183
184
185
186
187
188
189
190
193
194
195
196
197
200
201
202
203
204
205
206
207
209
212
214
215
216
217
220
221
225
226
227
228
229
230
232
233
234
236
238
241
242
244
245
247
248
250
251
252
253
254
256
258
259
260
261
262
264
265
266
267
270
271
272
277
278
279
280
281
282
283
284
285
287
288
289
290
291
292
293
294
295
298
299
301
302
303
304
307
308
309
310
312
313
315
317
318
320
321
322
323
324
325
326
327
328
331
332
335
336
337
338
339
341
343
344
345
348
349
351
353
354
355
356
357
360
361
362
364
365
366
367
368
370
371
372
376
377
378
382
384
385
389
390
391
392
394
395
397
398
399
400
401
402
404
405
407
408
410
411
412
413
414
415
416
419
421
422
423
424
425
426
428
429
430
433
436
440
442
444
445
446
447
448
449
450
452
453
454
455
456
458
459
460
461
462
463
465
466
467
469
471
474
476
477
478
480
481
482
483
484
485
486
487
488
490
491
493
494
496
498
499
