0
1
5
6
8
9
10
11
12
13
14
15
16
17
18
19
21
22
23
25
26
27
28
29
31
32
33
34
35
36
37
39
40
42
44
45
46
48
49
52
53
54
55
56
57
59
64
65
66
68
69
72
73
74
75
77
78
81
82
83
85
86
88
89
90
91
93
94
95
97
99
100
101
102
104
105
106
107
108
110
112
115
116
117
118
119
120
122
123
125
127
128
129
130
132
134
135
136
138
139
140
142
146
148
149
150
152
153
156
157
160
162
163
164
165
166
168
169
171
172
173
174
175
176
177
178
180
181
182
184
186
187
188
189
191
192
195
197
198
199
200
203
204
205
208
209
210
211
212
213
214
215
217
218
220
221
222
223
225
226
228
229
230
231
234
235
236
237
238
239
240
241
242
245
246
247
248
249
251
252
253
256
259
260
261
262
263
264
265
266
267
270
271
273
274
276
277
278
279
280
281
282
284
285
286
287
289
290
291
292
293
294
295
296
297
298
301
302
304
305
306
308
310
312
313
315
316
317
318
319
320
321
322
324
325
326
327
328
330
332
333
336
337
338
339
340
341
342
343
344
348
349
350
351
352
353
356
357
360
362
363
364
365
366
367
369
373
378
379
381
382
383
387
388
389
390
391
393
394
396
399
400
401
403
406
407
409
410
411
412
413
414
415
416
419
420
421
422
423
424
425
426
427
428
431
432
433
435
436
437
438
439
440
441
443
445
446
448
449
450
451
452
453
454
457
459
462
463
464
465
468
470
472
474
475
477
482
483
484
485
486
487
489
491
492
494
495
496
497
499
