0
1
3
4
5
6
7
8
10
11
12
13
14
17
18
19
20
22
23
27
29
30
31
32
33
34
36
37
38
39
40
41
42
43
44
45
46
48
49
50
52
53
54
55
56
57
58
60
62
63
65
66
67
69
70
71
72
73
74
75
76
78
79
81
82
83
84
85
90
91
92
93
94
95
96
97
98
99
101
102
103
104
105
106
107
108
110
112
114
115
116
118
119
120
122
123
124
125
129
130
133
134
135
136
138
140
142
144
145
146
147
148
149
150
152
153
156
157
158
159
160
161
163
164
165
166
167
168
169
170
172
174
175
176
178
181
182
184
185
188
189
190
192
194
196
197
202
205
206
207
208
210
211
213
214
215
216
217
218
219
222
223
225
226
227
228
229
231
232
233
235
236
238
239
241
243
245
248
250
252
253
254
256
257
258
259
263
266
267
270
272
274
275
276
278
280
282
283
284
286
287
288
289
290
291
292
293
294
296
297
299
300
303
304
305
306
307
308
311
312
315
317
318
319
320
321
322
323
325
326
327
332
334
336
337
338
339
340
342
343
344
345
346
347
348
349
351
353
354
356
358
361
362
363
365
368
369
370
373
375
377
378
380
382
383
384
386
387
389
390
391
392
393
395
396
399
400
402
404
405
406
407
408
411
412
416
417
418
419
420
421
422
424
425
427
428
430
431
433
434
435
436
437
438
439
441
442
444
445
446
448
449
450
451
452
453
454
455
456
457
458
462
463
464
466
467
468
471
472
473
474
475
477
478
479
480
482
483
485
486
487
488
489
490
494
495
496
497
498
499
