0
1
2
3
4
7
8
9
11
12
15
16
17
18
19
20
21
23
24
25
26
27
29
32
33
34
35
36
38
40
42
43
44
45
46
47
48
49
50
51
52
53
56
58
59
61
63
65
68
69
71
72
73
74
75
76
77
78
79
80
81
82
84
85
86
87
89
90
91
94
95
96
97
98
100
104
105
108
112
113
114
115
116
117
118
119
121
123
125
126
127
129
130
131
132
133
134
135
136
137
139
143
144
145
146
148
149
151
153
155
156
157
158
159
160
161
165
166
167
168
170
171
173
174
175
176
177
179
180
181
184
185
187
189
190
191
192
194
197
198
200
201
202
203
204
205
206
208
209
210
212
213
214
216
217
218
222
224
225
227
228
230
231
232
233
234
237
238
239
241
242
245
246
247
248
249
251
252
253
255
256
258
259
260
261
262
263
266
267
269
270
274
277
278
280
281
282
284
285
287
288
289
290
291
293
295
296
298
300
303
304
306
307
308
309
310
311
312
316
317
318
321
323
324
329
331
332
333
334
335
338
339
340
342
343
344
347
348
349
350
351
352
353
354
355
356
357
358
359
360
362
363
364
365
367
369
371
372
373
374
375
377
378
380
381
383
385
387
389
390
391
392
395
396
397
398
399
400
401
402
403
406
407
408
409
411
412
413
414
415
416
417
418
421
423
424
425
427
428
430
431
432
434
435
436
438
439
441
447
449
450
451
452
453
455
456
457
458
459
460
462
464
465
466
467
470
471
472
473
474
475
476
477
478
479
480
481
482
483
484
487
489
490
491
492
493
494
496
497
498
