0
1
2
4
5
6
10
11
12
13
14
15
16
17
18
19
20
23
25
26
27
28
29
30
31
32
33
35
37
39
40
41
42
43
44
46
48
50
51
53
56
58
60
64
65
66
68
69
72
74
75
76
77
78
80
81
83
85
86
88
90
93
96
97
98
99
100
101
103
106
107
109
110
111
113
114
115
116
118
120
121
124
128
129
130
131
132
136
138
139
140
141
143
145
147
148
149
150
152
153
154
155
156
157
158
159
160
161
162
163
165
166
167
168
169
171
174
175
176
177
178
179
180
182
184
185
186
188
191
192
193
194
196
197
198
199
200
201
202
203
204
205
206
209
210
211
212
214
215
217
218
219
220
221
222
223
225
226
227
228
229
230
231
233
234
235
236
238
239
242
243
244
245
246
249
250
251
253
254
258
260
261
262
263
264
265
266
267
270
271
272
275
277
278
281
283
284
285
286
289
290
291
292
294
295
296
297
299
300
301
302
303
304
306
307
308
311
312
315
317
318
319
320
322
323
325
326
327
328
333
334
336
337
338
340
341
342
344
345
346
347
350
351
352
353
354
355
356
357
358
361
362
363
364
366
367
368
372
373
374
376
377
378
380
381
382
383
384
385
386
387
388
389
390
392
393
395
396
397
398
399
400
402
403
404
405
406
408
410
413
416
420
421
422
423
424
425
426
427
428
429
430
432
433
434
435
436
437
438
439
440
442
444
445
446
448
449
451
453
454
455
456
459
461
462
463
464
465
466
467
468
469
470
471
472
473
476
477
478
479
480
481
483
484
490
494
495
497
498
499
