-0.3784861597215821	1.9231804769568452	-0.0522930991040131	-0.4066572905276294	-2.7208157528223103	4.6174196140253434	1.1527486360188464	1.1571023414650852	1.2330985231445284	-0.0300806914930420	3
0.1255977977240103	4.2166515668901265	2.6926683859115776	-0.4676638766344829	-0.9301146425870961	3.6400866284734557	2.5232493960919249	-1.3483125254740775	1.3621761737228193	-0.0426964100388966	3
1.8073305583656127	-1.5831080419345076	-1.7090266703894683	-3.2564016601329158	4.7801531153276899	1.5980175318075529	-2.9244876386086949	3.1623938452410347	-0.5016709435163115	1.0403138079053749	2
2.6232882748577460	-1.8977980987874219	-0.1037105283130332	-2.0874749984724241	0.7959623443447685	1.6214334001203223	-1.9468359984875165	4.7839686287679655	-1.4231919769949133	-0.0743721432461033	2
-0.2395363404447219	4.1767231681067161	2.2707619128622221	-2.8023648115247992	-1.1039744674471121	4.6165332636704051	0.7543731758764594	0.4604299337944697	-0.2754769617774369	0.9367588134000271	4
-2.1975085006657871	2.5771869403679739	2.4055765601567964	0.6022529810288786	-0.5302421039534324	3.4386078610434323	2.0426359228405504	1.8968054730165553	-0.9292244318814576	3.1044450396225218	4
-0.3787222462798226	2.2631355130612478	1.4064532008857573	0.5209237739396768	-2.6413605378629175	2.4050093096104943	1.3934706268619683	-0.0035162382028218	1.8993396130681557	1.1574310215029362	3
1.4922136708972027	-3.0694604780593364	-0.2152328605644521	-1.3703408766948602	2.9899468163040241	2.4182721659417430	1.0233225541362172	2.1782747120051416	-0.1811083586978015	1.7175149583362668	2
-1.2596371027077813	-0.3435260599429475	0.0254551189296853	-0.1212805264357075	-0.6968639982103098	1.9571126981165685	1.8171483951346508	-2.5162560484802086	0.2282835146437529	-2.1640261604931976	1
-0.8208090610297374	3.9853661860699354	1.5386199897790287	-1.7925371967856125	-1.8937959160010311	3.8283634349641487	-0.3134962151758471	0.0774290949194500	-2.6827821110903525	2.3776084969909639	4
0.1110081284998337	4.9088255060365569	1.4501867756406663	-0.8352422383607938	-2.0021618706876296	3.0284157966786709	0.5944473602852924	2.5083430151671391	-2.8196734004376776	0.5082273421927885	4
0.2368331094279861	-1.9125195682777927	0.0744854111463427	0.3302625005826740	-0.9264734564856878	2.5576533996688990	3.0514613678417501	-1.7941793534499710	1.7236994622087232	-1.3043179347766913	1
-0.4252729897866177	-0.6693598911830612	0.9727634992344678	-0.3913767318110479	0.4254851979771888	1.6984164462959654	1.9390607013093324	-2.3128510481858546	-0.9631953920075713	-0.3471085214518512	1
0.6028780884068018	-1.4887021243313381	0.9365372329581750	0.1055357244239061	1.0014232532111711	0.2849145755055873	-2.6903748191964389	1.9628211321144262	-0.8527339017364219	1.9669845915339772	2
-1.0440303144847762	-1.2282954294527730	-0.4145844359570798	1.0777997513030348	1.0102917020205033	3.9994989606303282	1.7228247929561238	-0.4654627671023455	1.0132803549010521	-0.5943897302756133	1
-2.2775214272373168	-2.8279513774048057	-0.3659377169322320	-2.0163433435514424	2.8181669633826050	1.1327929221497945	-1.0274267004557487	2.0383703084838345	-1.0657166533740674	0.9912390567934166	2
0.8157851358306902	1.5051903859653315	2.4276202633855095	-1.4570838126421390	-0.4532108330969618	4.8218481415403494	0.0306746169485390	-0.4073304794056367	1.5354953651237073	0.8093822625195092	3
-0.7456454275544071	-1.9663950569308537	0.4076421689235775	-1.1563845150057812	0.6754902349978442	0.9086136496373582	1.1048396187302156	-2.2181902660816322	1.9360540852044006	-1.0330279261260440	1
-1.7075441656082271	1.7550776197697378	3.3246268363681395	0.1031880115060329	-0.3287041556168679	2.5773895397047308	0.1064282959177096	2.7542434443874733	-2.7738562938430529	2.9028058173788689	4
-0.1869054896059444	-2.2880970956987063	0.3822520710500646	-0.3338490628288537	4.2029874653138375	3.0182037196611984	-2.4893963379449309	2.7021960520257560	0.2157338311673487	0.8940707579040058	2
-1.0165516110779780	0.4145142776209387	1.1732614438371003	-1.1985913796868324	2.1657825903329213	0.9461755747936611	-1.6400588210421481	2.7319225738338444	-1.1622666440152569	-0.3290896172376168	2
1.6379214420749619	3.6435576141180923	2.4779495731110486	-2.1438891791337666	-1.4921475233094448	-1.6497650383210303	-0.9482702269358929	2.2507753569903368	2.1245215809849136	-3.7786327274931075	0
3.0704964328519284	-1.2712567111974911	2.2707129376441801	-1.2595657736785519	3.6219253700677005	2.3233750465050891	-0.1646161730585978	2.2766997439123204	-1.3738262245618036	1.1208619192509390	2
-1.3954092021048745	-0.8021517947410381	-1.0121943912726166	1.8580862361535038	-0.5082506038143133	2.1929918275685925	0.1640867419610235	-1.8080069803241232	0.9844495987015086	0.3385877736467615	1
-0.0623428256824992	3.2911134007830718	4.1208418723200850	1.0597479449680174	-1.5585570929955554	5.1591758994361268	3.1292087349604256	1.4086533032262116	1.5888046665108317	1.8524528979111954	3
-0.9577927510904678	2.5775392354967028	3.1649679099227197	-2.3573749544562936	-2.1216583519213343	0.1810798120105027	0.4813793509217502	1.6067524201549228	2.1799298118340635	-2.6078296302425343	0
-0.1819827424279762	2.7832749250898825	3.0256241607711631	-1.7607925554167938	-2.1416442017789961	-0.0296259271587772	1.0419559222463621	2.0611314831117040	3.9488096076897108	-1.9742416400775251	0
-0.8471951082650981	4.4154292301777192	0.1851949265933595	0.2905864592399836	-1.6051955831850897	4.3010239887266311	0.3446382173070734	1.4727393243960769	-1.5985316386927899	3.8962444494393798	4
1.2687061059281026	3.5320828914128617	0.9982876541744941	-0.4318175262116060	-1.8880296229133422	3.0288680053572894	0.7172959412728434	3.0024855631637681	0.3772589272662326	1.4270073272702100	3
0.5745675192804802	2.5770238540809762	2.9839268188627961	-0.1130037348258918	-2.6720458063234287	1.0022596055707709	2.5646677312635058	0.8428180466836499	-0.8905565869679781	1.4062307963502638	3
-1.9692812712178762	-2.7254204844008942	1.6142207711362782	-1.1123893832381124	2.0563879517584618	1.5470892394812181	2.1419902247497005	-1.7489436042177029	0.4333837518118052	-0.9660089593751231	1
2.1979028079413840	4.1463559353262625	1.7655888585468287	-1.5171752653698221	-2.1205106347776286	-2.1122541845830609	-0.6964716018852848	4.2141318203098654	3.4128664029756326	-2.6997400964028695	0
1.3329785890071015	3.0442154014956149	2.5244668547937703	0.8105940202037691	-0.8323082079274380	3.1763084497181171	-0.2772248870353204	0.2728280635073390	-0.2191370038502873	2.1482466181742059	3
0.9439235040250836	-2.4962170042464451	-0.1613080242022206	-1.3226048039327973	1.6228133409358625	0.7753318509997184	-2.0262080151814521	2.3926884160208024	-2.0702143642128235	1.4309438399971499	2
0.7360624841000765	-2.1463715061092445	0.3840642577214730	-2.6647259648677020	1.8282607029942586	0.5071319680098223	-1.4863182910773967	2.2618632456130063	0.3899103334397276	0.5128339172566394	2
1.3217916793174473	1.5085969273641104	2.3610125270044318	-4.0314196259671125	-1.6504260593057527	-0.2399368952439280	-0.6257781986209962	1.7974183987118477	2.1047462141382769	-2.2518409209738337	0
0.0487937836856833	2.3134680155896494	3.0284069280675983	-3.2090390523731491	-2.7130104681697080	2.3322223013439842	0.1758959251636640	2.3751286301773513	-2.5689851674945521	3.0176597395453402	4
-2.6404151285720463	-2.3451138859009903	1.4443956305210566	0.5185623474305868	-1.6931147803721214	1.7730661416005833	1.1478978794740520	-3.6698230539175785	0.6255382874963712	-1.0267829901300574	1
-0.1553165954204918	2.7470790306122299	3.0058683694836215	-0.7646573125366671	-2.3697284232858173	2.7013021612595325	1.2793723918904307	0.9864786499935104	-0.7290615246519219	1.0576557641570914	3
0.7749767862064920	-1.3764298731127809	-0.6774450643090179	-1.2304227221846504	2.1285389104289179	2.4763233678661809	0.4658764110209739	2.5092581801128651	-0.7134077150338881	2.2818355229455332	2
-1.7955774473313191	-2.1138830244645743	0.8239417243244943	-1.4019632897935046	-1.2902811548037367	1.1605971305437710	3.5815623942871522	-1.4368409887548033	-0.4772499241073084	-0.5348921602799062	1
-1.4184268617986318	3.9623988132387886	0.6679532655964149	-1.9181601633328746	-2.0226821190786057	-2.4388444828644280	-0.1082108463855809	2.4226553655663636	3.5639061386886022	-0.6149474245496922	0
0.6175913698535876	3.4996621167896080	2.3416392202906158	-2.5068698734888271	-3.0436940929697709	-0.6388366642310540	-1.9645175799220556	0.2649790869894049	0.8754296207029364	-1.9264894664451009	0
-2.0089926816804895	3.3507845962706950	2.4954495174220517	-0.0087133230932395	-1.9918507118523818	4.3506890810291905	-0.7985715331645793	0.3415734834595670	-2.3209025816517426	2.1778118173017567	4
1.8095788719868207	1.5982785383237754	3.9943607330049264	-1.4016780763716010	-2.6560549534530260	1.7064390641618330	2.0557878214810286	0.8473747005783163	1.9846160693805850	0.2586893383607335	3
0.3786061515765486	-2.1147836238557134	-1.5884279173359934	-3.6989963487034925	4.2506734574165170	1.6307487466934902	-1.6981072464735367	2.8370921361763783	-2.5190550067512065	0.8748289027682425	2
1.1909949571047829	-1.8912534340784541	-0.3189123098848508	1.0736040702745449	-0.7087894663284763	2.0279599196772247	1.9447743754493045	-3.5129963000749238	0.8372664626873143	-0.5904362484565233	1
-0.0854119141105742	3.5550252617712106	0.8961923922377085	-2.8830045561600053	-0.4663767263262368	2.8021171495538133	-1.0090913884905741	2.4353069629443755	-1.4664959341066102	2.3959512452373493	4
0.9574429320851237	2.5842067241016569	1.5384021775075065	-2.6571003405001328	-2.2155951616440119	-2.8273037483424908	0.8706025311461215	1.8828240129656844	3.0798201679592832	-2.8462343353235839	0
-0.6294931808672888	-1.7728703995317703	-1.2787595228368689	-1.0281602864534505	3.3138781870253835	2.6974417499993630	-3.0842951552244418	2.4245361449671474	-0.8580980829752969	1.0822086984440082	2
-1.2776434704555102	0.4976217476815563	0.5298375442656666	0.1109856332713865	-2.0196073770769063	0.5981285217192054	1.5009175591745212	-1.4915500950377654	-0.9528888726217519	0.0634684731524749	1
1.7148186826089733	1.8491009475392031	0.4529190829507530	-1.7168098283273800	-2.3272520711209466	-0.3874618833905319	-0.9749798883589211	2.1918859521726817	2.6373906746994429	-4.6532521747887996	0
-0.1841076381306513	2.4402514983892942	0.8948495067974855	-1.1536810967032518	-0.1358504122439124	4.0791551999975724	0.8277363165688848	0.1365693862149464	0.8123629205641926	2.0042556307898911	3
-0.0123529584783241	2.8243988411221488	3.9301830771506077	-1.4266178269221919	-5.4575653553430215	1.8648222843934592	-0.0358966361539007	2.7595708885645021	2.7902869144288678	0.0770328048963764	3
1.4171633540059978	4.5065763612431446	1.4845074980708834	0.2888837615343807	-3.6321356261962539	2.2815505481475720	0.2989581618621551	0.5106600486128672	1.1135723686682764	0.7765519934120390	3
-1.5032698079818472	-2.7962715724013525	0.2988102734700904	-1.0947110328709977	0.1347922301917833	0.7105424456070817	1.7064739152802495	-2.2557792852325869	-0.8694202565795512	-0.4293034524092501	1
3.1020676027990817	-1.4841140019152670	0.3663860004777639	-3.1107689597014838	4.1894301423175202	2.1471013053269692	-0.8171829801658081	3.8861924056939694	-2.4065715964972414	0.9286643643622725	2
0.7944291447916161	4.0378162941858635	2.6207108406187745	-3.1575829443474666	-1.2710453822370269	-0.9533565758112603	1.9549187291275651	2.2816196847603321	3.6429565720300072	-3.5071279269794524	0
0.8892644834387534	-2.5337021576299916	-0.6113906623043455	-0.5535731280643779	3.4556272187072246	0.9746346158544341	-0.6215297009748522	2.8577363878509194	-1.8716629656028954	1.7197992163082643	2
1.7913541594681210	2.8524250754354825	2.1865719677618358	-0.5584065842571018	-1.6921833797179520	-0.0447195110501384	-0.4172515195180322	2.1930874408885193	3.2160187681062427	-0.9867619221446982	0
0.0822990673191417	2.3237475634735834	1.4259639485223619	-0.9344382869333958	-4.1075660072621014	-0.9731912520198416	-0.5400677602786775	0.9959581625391289	1.7954022130308731	-1.0963424407325084	0
0.7043914396228546	1.6787390441083681	2.8857782880379519	-3.1795265647942941	-1.9360151775432382	0.7275987668200883	0.7169356543171337	0.6893113090448325	4.5978883094464962	-3.6171078767364113	0
0.7121264927309936	1.7062002722158902	1.8980083480304397	-0.8083945293068402	-2.6274258473609793	2.7521297334520289	0.8794244420123061	-0.6732328344610681	1.2245624707388543	2.3359361872464630	3
-0.4544579637441255	-2.2619569090167344	0.6966613233057979	-0.0731366904944683	-1.2489218686508552	3.0612027617896489	1.0996851019784581	-3.4926995556065874	0.4540504888607115	-1.6691534365927703	1
1.2096121858573157	2.2777719070828102	1.3012406491975981	-0.0484920379339794	-1.0409144661230385	2.7792501683681898	3.3090121334086677	2.1304210096671037	2.6938573972755435	0.4430180691370810	3
1.6921070145209913	2.9980456053037225	2.2463402886208899	-1.0717798997163563	-3.0454354704091395	3.4003183543475317	-0.5245744101996632	0.2241351324686727	1.7050127995396167	-1.7383290090359540	3
2.5173634872223234	3.0087931287030414	1.8912570779437490	-0.8231232913689539	-2.4170804501032288	0.4689919678712462	1.2078512313869256	0.8372103435912028	2.3577714070271085	-2.0227351447560431	0
-0.2743587636323874	-2.3664619011393917	1.2144173335337443	-3.1077740933744771	0.4482503267094984	2.3464694498414254	-1.7973888560630578	1.8911901060291916	-0.8537790747748861	0.6856038331912625	2
0.6251034868859974	2.8957005365993052	1.0594646337090208	-1.1565891363538632	-1.6009984628753517	1.3715502080810369	0.4752531013794662	1.8603755708743237	0.8347159247571247	-0.2004923700967951	3
1.7608859926379283	-2.6001754236439547	-0.5676805469595422	-2.3237987519515162	1.3468214545935582	-0.1346137312085525	-3.1119799112515816	2.5305386455658581	-2.7273756764983883	0.3729126641624642	2
-2.2122575493306877	2.9295007479635129	-0.2513992218289658	-0.9724193577568583	-1.2811637981550523	3.2578731989952829	0.7353795622725046	3.3503620314169842	-3.5144935969304050	3.7458377816709851	4
0.7023395776314794	2.1656205904355823	2.3723698215401905	-0.7542856494080445	-1.7026734179482628	3.0014922439568248	1.1710937017057010	2.4905539510807984	0.7448531877963938	-0.9765529573802703	3
-1.2103785032845489	3.9415754057654917	1.7099189015068570	-0.3928185304007890	-0.8124599893405182	1.7581707672361209	-0.4121759575528587	3.0554587661216246	-2.7402838760167159	3.9269285453954876	4
-0.2288912549762467	-1.8114590454956436	-0.0533814105027625	1.2103869519478501	-0.0373585895949929	2.0523725500475338	3.7962518009495447	-1.7105062582194441	1.2110445452362499	-0.9451112634969546	1
0.3738990751484343	1.2605899351517551	3.2391365828192402	-2.4351479413081902	-2.2263481945258254	-1.7155746791781388	0.4520337744751584	2.4805249001662926	2.6227188963973807	-1.3888170256031702	0
0.2408450828487479	0.5511300504193639	1.8822516287848354	-2.2579213812686740	-1.7316715815147445	2.1628450302857622	1.1670511750403054	2.4832298265732131	1.7984997068506323	0.7114297382674911	3
3.7196948519727377	-1.6394004777592637	-0.7615355108932154	0.0972628345130704	2.1317140623390944	0.4979716909202874	-2.4932709570886682	0.6962396326753895	-2.5144541331888028	-0.7533945729536071	2
-1.5704773189737211	3.7038933752577221	1.4172157902911442	-0.8729361503990645	-1.9827739933056552	2.4379160443416570	0.3640951383208315	1.5508318091368190	-1.4355071583159895	3.8819901460267321	4
-0.0696221998296682	0.8921365010020712	1.7699820874565484	-2.2870212429356624	-1.2563333960496592	3.2524238892923836	-0.0380595687659881	2.7158441894842831	-1.9505593831779022	2.7743289416442849	4
0.7024436852786928	3.5198093689109711	2.6464970937237937	-2.2714319685381459	0.8571279435627148	1.4730038376227479	-0.1684252474681955	3.0131107223831881	-1.5237611002701981	2.2860886411563253	4
0.9051699016892187	2.6768540471630846	0.8739297175018181	-1.2709411056253490	-1.7000905395624388	-1.5970064444737604	0.2440613814548951	1.0800269612241884	2.1399245735202550	-1.1213275530459978	0
-0.0240143374135111	-3.2413823619685811	-0.7903945935394113	0.3186568305380220	1.3374832466299174	1.1917502211062612	3.9090020432632420	-2.4239869332488935	-0.2090372896117656	-0.1155411089559313	1
-1.7548422462455573	-2.3835510122152290	-0.2636514031418156	0.2403175814580835	-0.7123518691206121	3.3640119911144799	0.7179286731710610	-1.1467236449923548	0.3304113011953973	-2.6376036226701411	1
-0.7062799883952385	-1.7147488390446424	-0.2348897579866804	0.8040352634399199	-1.1300520083504406	2.5605331491619205	2.9301871242118023	-1.6536514494563663	-1.6915854110346378	-2.3743197539694876	1
0.6036984459211722	3.2721164091498327	0.3024004794421358	-3.1475403581752106	-2.1612501009762650	-1.8356513746641181	-0.3215149826756984	1.0582503846827911	3.6544229758735263	-2.9397002046606531	0
-1.7643877464070132	3.1017683787544206	1.5688216056744855	-3.3566856557550366	-1.5586779767240675	3.0571931582217595	0.0546975751990391	2.5586283354090011	-2.7408622561886551	2.4916103084871817	4
-2.7016959960296756	-1.5068118764336476	-1.4051688479786963	0.2460555603615152	0.2641668206560494	2.7510076899665261	1.6357920967362505	-2.3113209710499025	-0.0510773980892158	-0.0678642531873960	1
1.7626901985696015	2.2557607811708373	2.1981481467747335	-2.8765708122524587	-2.1276164301583780	-0.9430889866474292	1.4004722037867985	0.5751266715069905	3.1738698453279457	-2.0280074821912737	0
1.7369315677042272	2.0496138751038777	3.3683215592844031	-3.3248443510508086	-2.6978120741267966	-1.2437611103164259	0.8409970261879101	1.1951520682131682	3.5429312361886751	-3.3036050816264160	0
0.0058450372595880	3.1226825357593109	2.4166706698690188	-1.8418675066563732	-0.8646176545111226	2.1883195124836181	-0.2099258163815902	1.7161134672794904	-1.9761303367166965	4.9441761999400509	4
-2.9679810836320613	1.6088571897433344	0.6377573758729083	-1.2109004658993490	-0.2398265756869988	4.6764294946263982	-0.2767398867210131	3.7216743738471427	-1.0562401734780573	3.9111165145775719	4
-0.0613675224011480	1.6319715942409798	3.4813875436534514	0.9349618158065560	-1.1758379137223476	4.5756107819015881	0.0922990138964679	-0.4471287036722054	-1.4009599175566416	0.2228639746420034	3
-1.0457010742129711	-2.0699490993625989	-0.5672707873083445	-2.7169520372869314	1.3472298117439274	2.4069492279680964	-2.1720248606203025	3.0712088311189727	-1.4258860887701177	0.9873145137098407	2
-1.1239945586033395	-1.9954431119087765	0.0698648821017372	0.2283386277157143	-0.3970337344755255	2.0915746837036284	2.1856567724478344	-1.4523509079112422	2.1711129637775439	-1.0650754966553964	1
-0.0522970628872705	-1.8155629341343205	-0.2603015443581056	-1.0884485373878023	-1.0224308839346432	1.9910135341234008	2.7377666506085161	-3.5657950282977282	0.7497003591260790	-1.9081288474269760	1
0.6653572865855503	2.2931897351383386	1.7956725333185848	-0.2167229600265872	-3.2074556874554490	-1.2440378661584641	0.2166963178657351	-0.9388251024094281	2.4950032407300609	-4.9103732210779487	0
0.5474886307240794	2.0409290751975262	1.3662623234454339	-0.6814766391500842	-1.1615103787898153	2.6370048699672184	-1.6438077489251737	2.4487996103302865	-0.9300725236890106	2.9633255728554935	4
-0.5157837955535236	2.2993641751952740	1.3909709825981960	0.4117127799759057	-1.9230340801350250	1.7594348612462500	-0.8067860538377873	1.1737824018548313	-0.9020712201272851	3.7512427645310882	4
1.0385325166750048	-2.1749628272324419	-0.1938790948825996	-3.4810600780920344	2.9605778404506187	2.6413604619005904	-0.9095887655591612	1.7874220712631161	-2.5936023839806275	1.0404912938051492	2
-3.0124764824415333	1.8835065024400259	1.5776227391128255	-2.4607970381249302	-1.0454058833748432	2.9446353470651729	-0.3128023355803908	1.7627224719935368	-0.3666025079375725	3.7211711361665527	4
G4
0	6	3.3561932587707304	71	3.713119350545736	52	3.7675863314796696	28	4.009216437164896	
1	6	3.9962138026196508	4	4.097455150052565	52	4.165317521161797	38	4.238064373364382	
2	45	2.9193903976140203	49	3.896379450056298	56	3.907795602226739	98	4.244225109226338	
3	69	3.6375543751178223	33	3.6844837711434315	34	4.08743238418323	56	4.1851728395549435	
4	52	3.359903477850698	9	3.5119096298613606	38	3.575829748281771	16	3.8888837900768793	
5	18	3.274047573218022	77	3.4241793195890406	38	3.999526520865523	27	4.033230082934825	
6	62	2.487265693312921	0	3.3561932587707304	54	3.3970396078188223	38	3.545149984513376	
7	39	2.3198035853664214	58	3.1306181625523264	22	3.940123084078681	98	3.9597443746996173	
8	94	2.6523961675304215	12	2.806477445401994	63	2.8406643529978735	93	3.0379901647685696	
9	43	2.582713518860861	77	3.1451232254180415	85	3.3367427295795515	4	3.5119096298613606	
10	9	3.680215077430523	38	3.8560388597322754	28	3.8651619789059435	47	4.093006826545249	
11	73	1.7370877476560147	93	1.8683024217732311	94	2.6642817177277642	46	2.7240843155685104	
12	55	2.787117427365785	8	2.806477445401994	50	3.2804311466993337	40	3.460856746961586	
13	33	2.7199971177453794	34	3.7895621435296083	58	4.0845671507010035	20	4.1057298826652735	
14	93	3.1499536829203834	86	3.382124967338706	23	3.4559884902903835	82	3.471359465763231	
15	92	2.9861454359521082	49	3.572675578061329	34	3.8090366391376893	58	3.8422508502834307	
16	52	2.8017230414906895	62	3.60298603255275	4	3.8888837900768793	32	4.008497853360455	
17	93	2.5565999629634555	30	3.066608034516581	55	3.1950697254676785	94	3.415332793989733	
18	72	3.1931215265547204	5	3.274047573218022	78	3.686504991605656	77	3.9278082253163604	
19	49	2.4930471404261976	58	3.9422026416360545	15	4.213641081887648	92	4.339974783876715	
20	34	4.008932005825582	92	4.06358042782436	13	4.1057298826652735	15	4.267415459601425	
21	31	2.969404426641538	48	3.1411833229122186	51	3.2912182068964455	84	3.505639929298053	
22	56	3.4018621889083334	7	3.940123084078681	58	4.261007484551417	39	4.296762701374512	
23	86	3.085575190799719	14	3.4559884902903835	93	3.5970642741199232	8	3.922204496515218	
24	1	4.424723692579902	38	4.602142143748004	64	4.63853465917995	5	4.643784464770245	
25	26	2.2617267350715053	74	3.0941816114644127	35	3.403198419748695	61	3.5242127317816694	
26	25	2.2617267350715053	74	2.933027856648374	57	3.094972634027572	61	3.1243456419570403	
27	77	2.747375937768252	9	3.539123899384994	43	3.7581062286570246	70	3.7976328750951622	
28	68	2.89799148562665	71	3.255060380038442	54	3.560524794258139	38	3.586801752754876	
29	38	2.4052302371397514	44	3.937439121105025	6	3.974874740352258	62	3.9975762443965692	
30	55	2.9626090640374065	17	3.066608034516581	12	3.5941703049491376	93	3.85552806493434	
31	21	2.969404426641538	48	3.7247185880639413	59	3.811796735713259	84	4.289413971354357	
32	38	3.4622929291638207	91	3.5643438753634156	97	3.5695949451105697	52	3.57837523960225	
33	69	2.3450223344260657	58	2.551383157488312	13	2.7199971177453794	34	3.0955118326608955	
34	67	3.008909441314067	33	3.0955118326608955	92	3.546331384926253	13	3.7895621435296083	
35	74	3.0707987993852566	87	3.1028686627081052	88	3.1260805154961746	25	3.403198419748695	
36	78	2.8355174075383336	85	2.8764441103537255	89	3.3141240093633475	47	3.8065860754280907	
37	63	2.8331760466247182	8	3.54849659548472	93	3.81589216098236	55	3.8451618959360725	
38	29	2.4052302371397514	71	3.2549299477568177	62	3.3910754055697128	32	3.4622929291638207	
39	7	2.3198035853664214	58	2.96519662254398	33	3.6736229966558445	98	3.770260785188443	
40	55	2.73974661801732	12	3.460856746961586	94	3.7146808836924095	8	3.757107219753189	
41	80	3.5407193858678956	84	3.7300531450242094	48	3.9368102152872106	26	4.215495748099942	
42	60	3.212913471676637	21	3.8220673326936225	35	3.8265975758540023	80	3.8670560805532688	
43	9	2.582713518860861	77	3.5195854861542326	27	3.7581062286570246	91	3.925613602857004	
44	75	3.6769392348152214	71	3.7053317918574904	66	3.8600398413668486	29	3.937439121105025	
45	98	2.6217627083945128	2	2.9193903976140203	56	3.760964741155505	92	3.815414281608278	
46	11	2.7240843155685104	63	2.928437712034475	94	2.950381811761815	73	3.0831021785076116	
47	85	2.7819788966761627	79	2.938311900710725	96	3.046953354373398	78	3.2304533958210935	
48	84	2.406841168728676	87	2.732565129465317	88	2.885385336906083	80	3.0082216667892614	
49	19	2.4930471404261976	92	3.025495179214414	15	3.572675578061329	33	3.6878011510919606	
50	12	3.2804311466993337	8	3.481323869666379	40	3.9023526287946684	23	4.204464754572894	
51	21	3.2912182068964455	84	3.624469254791284	35	4.009556333835998	48	4.013036879419129	
52	16	2.8017230414906895	4	3.359903477850698	62	3.372674575421509	32	3.57837523960225	
53	44	4.627616651061889	60	4.7308463651004615	26	4.769079320528027	65	5.021283811142152	
54	6	3.3970396078188223	28	3.560524794258139	68	3.651183422816645	65	3.7166709565724814	
55	40	2.73974661801732	12	2.787117427365785	30	2.9626090640374065	17	3.1950697254676785	
56	98	3.376639343738414	22	3.4018621889083334	45	3.760964741155505	2	3.907795602226739	
57	26	3.094972634027572	88	3.1655672298182806	48	3.170798637793297	87	3.2759680634846684	
58	33	2.551383157488312	39	2.96519662254398	7	3.1306181625523264	98	3.758952789752633	
59	66	2.79058995235976	80	2.882510208462894	26	3.1479550609173415	68	3.4929108259910184	
60	80	2.854138407040073	42	3.212913471676637	59	3.7543026324350963	74	3.847514901686411	
61	88	2.7215310630975615	26	3.1243456419570403	87	3.143056689434239	25	3.5242127317816694	
62	6	2.487265693312921	52	3.372674575421509	38	3.3910754055697128	32	3.5977847849519415	
63	94	2.5174217758553867	37	2.8331760466247182	8	2.8406643529978735	46	2.928437712034475	
64	71	3.594005071950674	6	3.863216303312296	75	3.9474340141098243	68	4.034694757229184	
65	71	3.6421810859018233	66	3.7068480996358515	54	3.7166709565724814	68	3.945431780104453	
66	59	2.79058995235976	87	2.880454048906896	80	3.2519402069654317	68	3.619523588049909	
67	92	2.6024982722248438	34	3.008909441314067	33	3.5731883035849745	98	3.772748861755794	
68	71	2.565787088735481	28	2.89799148562665	75	3.2870674631334134	59	3.4929108259910184	
69	33	2.3450223344260657	3	3.6375543751178223	34	3.9209545072599634	76	4.091053352520058	
70	72	3.2734690228742664	85	3.550667818100679	77	3.5619108069323593	90	3.6731404717562213	
71	68	2.565787088735481	75	3.159808494948066	38	3.2549299477568177	28	3.255060380038442	
72	77	2.627736914423779	89	2.8965926478020005	18	3.1931215265547204	70	3.2734690228742664	
73	11	1.7370877476560147	93	2.3542206680765547	81	3.046715198570709	46	3.0831021785076116	
74	26	2.933027856648374	48	3.0225412014686537	35	3.0707987993852566	25	3.0941816114644127	
75	71	3.159808494948066	68	3.2870674631334134	44	3.6769392348152214	64	3.9474340141098243	
76	69	4.091053352520058	33	4.383607695281041	13	5.074306101970321	58	5.093382730360554	
77	72	2.627736914423779	97	2.64854219129295	27	2.747375937768252	89	2.801827793418412	
78	36	2.8355174075383336	96	2.925046740583764	85	3.131566260116171	47	3.2304533958210935	
79	47	2.938311900710725	89	3.648339513044768	96	3.8876950282560148	72	3.9173304097510715	
80	60	2.854138407040073	59	2.882510208462894	48	3.0082216667892614	87	3.0558091959097258	
81	73	3.046715198570709	55	3.5584124781550934	46	3.916915103713224	11	3.9817027220615113	
82	63	3.1158245571293057	8	3.1495205835848443	93	3.2383879473361894	83	3.463277063900872	
83	8	3.061907062373352	82	3.463277063900872	73	3.620597189625322	12	3.6440627768302014	
84	48	2.406841168728676	80	3.2378461421873417	87	3.3319793700765237	21	3.505639929298053	
85	47	2.7819788966761627	36	2.8764441103537255	78	3.131566260116171	9	3.3367427295795515	
86	23	3.085575190799719	14	3.382124967338706	8	3.422727527139984	93	3.570534941406964	
87	88	2.1189009759890287	48	2.732565129465317	66	2.880454048906896	80	3.0558091959097258	
88	87	2.1189009759890287	61	2.7215310630975615	48	2.885385336906083	35	3.1260805154961746	
89	77	2.801827793418412	72	2.8965926478020005	36	3.3141240093633475	97	3.4076207810953316	
90	99	3.2436926224238487	70	3.6731404717562213	78	4.192371054416658	5	4.3516717122755395	
91	32	3.5643438753634156	38	3.730713078635236	43	3.925613602857004	16	4.144002359946711	
92	67	2.6024982722248438	15	2.9861454359521082	49	3.025495179214414	33	3.1750685377542633	
93	11	1.8683024217732311	73	2.3542206680765547	17	2.5565999629634555	8	3.0379901647685696	
94	63	2.5174217758553867	8	2.6523961675304215	11	2.6642817177277642	46	2.950381811761815	
95	51	4.262410308260211	66	4.513536682386724	60	4.607450207648848	87	4.707569240467279	
96	97	2.5866831694528996	78	2.925046740583764	47	3.046953354373398	89	3.4371135225458853	
97	96	2.5866831694528996	77	2.64854219129295	89	3.4076207810953316	72	3.5025717233269504	
98	45	2.6217627083945128	56	3.376639343738414	33	3.4761179347606856	92	3.5134630980962203	
99	90	3.2436926224238487	77	3.278282128821331	85	3.4696037783990024	78	3.7734578673777053	
