-2.8756113938928758	-1.6228336579253688	-1.4501137744151431	-0.6164248039171540	-0.3296385765251195	-0.3334190648717639	0
0.6646328740556262	2.8977235488323605	2.4277493310966491	-0.2732303850099187	2.6040444646528234	1.8054050376640760	1
0.7372849977647655	-1.8315048219279888	-1.1185470265256225	0.1967260633236968	2.1649072073946698	-0.1516351231706651	4
-1.5019466700120945	2.2382161806503587	-2.2460839697817354	1.8474772931725101	-2.5635570585641476	-0.4855453008484041	3
-2.6901814294262252	2.1537508536324417	-3.4345122760221125	2.3894730831479256	-0.1566992906972656	0.3351698283841841	3
-2.9479101269424737	-1.5676766385890037	2.2310586623284241	-0.5366451637779234	0.6597492989616934	3.0073300984474427	2
0.4457163314229069	1.7606566569585342	2.7742556418328514	1.8584419761325883	0.9517382683132368	2.8728753786829868	1
0.3109904135545946	1.0477540612213416	2.1046459559103350	1.5181217000641154	-0.5847842147656688	2.1681156183345460	1
-1.9785717378902992	-2.9955627573915611	-0.6932437921196525	-2.8278862974932508	-0.9151438399157182	-0.0367974787544512	0
-0.4931403545328593	-4.8404340978578801	-0.6079477793813270	0.2060308131416004	1.9263005953587986	-0.0090512060312146	4
1.2085616259637821	2.6636974801948727	3.0305540690033483	2.0292647196745803	2.2463695080606794	3.7496764137719474	1
-0.4581324849768222	2.8800757116402176	-3.3972502106370048	2.1467379375424969	0.3956225841543930	2.2762073529915190	3
-2.5764831218975290	-2.5950625221439463	-1.7600935685800527	-1.2705071130916430	0.9404502444296756	-0.9882833745441642	4
-1.2902702844395026	1.4033157167118446	-2.5375323226285875	2.1160513221186004	-3.2564909272493279	0.2466478503133080	3
0.2506091883090054	-1.4122691252841042	-1.7611517547896498	-0.7869006891130909	0.5366430644963436	-0.7114598250710180	4
1.4444271698002309	2.1089646202779702	2.8408119683840414	1.1491251664617153	4.1553630382793081	2.6608305490197912	1
-3.4778418117525769	1.0309692504236465	-1.9101138903118673	1.5623667837685060	0.0343412233802458	1.9003786911437883	3
-1.2023803416747780	-3.0736121620695966	2.6109886687078911	-0.4203361895512484	0.7542944607734288	3.4010648267058565	2
0.9220592530502324	1.7228881234912363	2.7160815059652799	1.7933793040843797	1.3369590077588769	3.1424190629420647	1
-4.3961147250701362	-3.4278911722680676	-1.0620070882589099	-0.5568110491017677	0.4634744085575038	-1.8008189684615901	0
-1.8927224913255130	1.2758263514391086	-1.9695218254663653	3.2671115861052220	-1.1133551535030253	1.6683475867545363	3
-2.7424992964424040	-0.4275117375804207	3.3999508962836367	-1.2358066564456642	1.0974055386187198	1.5112884761038283	2
-3.5066766126607622	-2.9720720050629086	-2.5991854827742684	-0.4802271085152549	-0.4159297563345125	-1.4876379051520985	0
2.1728360481602396	0.7805425377049140	3.1067060472871812	1.2892007354765265	0.1471524034494240	3.2273704266940517	1
-3.8607722608999344	-2.2658430964840210	1.0509092806796345	-1.5908479576605492	0.9578661536902263	2.8785557073284282	2
-2.6773785575680251	-3.0781090973865832	1.9434797821971581	-0.4001789835887016	1.5964183775770751	1.2692433737623934	2
-0.0464041986809010	-5.0246382635246452	-2.4171537230402436	-0.3380776997877101	1.8682190059134665	0.8649813289774263	4
-3.9538101768102010	-1.3687101818092371	1.6992267679619046	-2.8012085834340255	0.9002358919156432	1.8555445903386092	2
0.9572638047282938	3.0141099428979237	-3.0247258437972149	1.7220767722416368	-1.3549404228448285	-0.1640697409259004	3
-2.4028647070597420	-4.5815401568981757	-0.6421212989382725	-0.4718596142492592	-1.8609588809436768	-3.0358273643080649	0
-3.5421215772366201	-3.7171870728144754	2.4469690013989265	-0.2008742975947015	0.7967815643169417	1.8104396262724840	2
-2.1575400030117864	2.6340813733867883	-2.8711897151814703	2.6278736793239412	0.5757441968289179	3.1383374090054397	3
-3.7330005903945693	3.4666339009774556	-1.9467811245140991	2.2147998369742576	-0.9910868037470661	0.5243604035478676	3
1.5760476751121573	3.3080612059089800	1.0580775982628414	0.0083479719139186	0.7146537554745911	0.6673311069501704	1
-0.5980885709670184	3.1198275199210546	-3.3335114990415446	3.4213523008745939	-0.7280346090250023	0.3944836916737168	3
1.6348225510012191	4.1485146468654417	1.9617875677974650	2.2113346721479852	0.8348884805379952	2.9150028449990582	1
1.0583502122000450	1.5394854968538110	3.5849626401431078	1.5093717018000887	3.1879448778854265	2.1295966587694970	1
-3.5020390494336975	-5.2232575224824735	-1.6962112586519040	-0.2906126466983202	-0.9651675957586805	-2.9281430899004977	0
-2.2483002416244591	-2.1024607112709646	1.8060000425281733	-0.8542195480829143	0.6712428681661432	1.2555103909952332	2
0.1527135981427150	-2.8932496315935738	-2.4123042879513399	0.9739895604810851	-0.3655696206396870	-0.5952817191875186	4
-3.1675980017193575	-0.8839881624975283	-1.5294346551687559	-0.7743835475657658	1.8591699077843504	0.8583027778599358	4
0.1919822086551226	-1.0007750471633385	-1.0933222206136926	-1.5242482411606935	2.5643766791467533	0.3961668605620760	4
2.6122874071475830	2.6287333052462385	1.7887886055162543	0.3778246644522094	0.3453737240893562	1.2790948629824632	1
-1.6104161472377192	-4.8958571540722531	-0.9688823069202430	-0.6779546375765880	-2.5901669026905010	-1.4308270663528200	0
2.3709651391231104	0.9365216971438932	1.7376778907495343	1.4622142272430689	3.1943675749484726	3.4257212038089069	1
-2.3272584443777955	-0.9317790530459145	3.8691970644531404	-1.3548612612930653	1.0439240873314652	2.2035982812921615	2
-2.1206980053185145	-2.8714090495859677	-2.3897024815235985	1.2176565946595197	-2.3882913457947694	-2.6773801715797951	0
-3.3057008650908637	-2.3463001478429582	1.3860919306664974	-1.1319132922608151	1.5231427082367928	1.2884402075289385	2
-1.2436089395129475	-2.8831108754044545	3.7485198171007195	-2.6867509225672990	0.7502271923951548	1.1394474322866122	2
-1.2217398886227757	2.4306889780327157	-2.7772834697423536	0.5524397887921715	1.0195776321992185	0.6012735763340887	3
1.8216865142372201	2.0315996005512580	2.0639605292410792	2.1543052555213036	2.3944353472647548	1.5350733514341888	1
-1.5219977147069261	-3.6886977472434586	-0.5090469684716524	-0.6974713390520384	-0.9178120176522813	-5.6644085151265706	0
-0.5227078629017410	0.8813461242943388	1.8216290810155065	0.2248768025686424	2.4822264679130406	2.4035364205551275	1
-1.4411968866192217	0.4459199684567787	-1.5750627213337680	2.6708693524874474	-1.2241961145145837	1.4919314827770835	3
-0.9737007073461426	-2.0567324709718569	-3.6480761052077457	-0.7059775910648678	2.7042880634234923	0.0244556482973192	4
-2.4050347687527607	-0.7150157322884938	3.1056911392207631	-2.2030900922590275	1.8277770602705765	2.5809575411869190	2
-3.4883237445791284	-2.7053626719989459	3.8928064260306909	-3.4703926945157990	0.1286898828703122	1.6629884776598405	2
-1.5342884546212134	-2.8234419157172095	-1.0849760944240230	0.3047726101061486	3.0400238207387922	-0.4779413075673647	4
-2.7843629048546195	1.6190171489277065	-2.5920258730766070	1.6470663783459316	0.5963617146886062	-0.1420446443619128	3
-3.4465881072795144	2.5283017888069619	-3.4885530728173268	3.4968519717287032	0.0652054463292675	2.1339530149238581	3
-0.9088252825576915	-2.1990270529525970	-1.0082115868415653	-2.1963521977693836	0.7596606102728802	-1.1170149691159095	4
-3.3886092169912834	2.7732327433520010	-2.4167612995193588	0.4594681051472806	0.6815811766749054	-0.1291630120367557	3
0.0802965310490980	-2.9430012579694234	-2.6712036018049106	-0.3116851364196650	1.6648744423075650	0.7334862253661004	4
-1.2031427352237500	-3.1853487498873814	-1.1084780840408717	-0.9953297341853097	2.2915704388112315	1.6005310582292609	4
0.0969394310836567	4.0279995986167814	3.0673720197111520	1.9632312682494446	2.2066409704792007	2.2008219490799719	1
-1.7598520522418593	-3.0798827414924386	-1.6003735294836232	-0.3976747626628758	1.7885600915308322	0.5169497213410232	4
-3.2593112403229885	-3.0433449797554477	2.4557241292025638	-1.8118791856078569	0.5749549411145853	3.1254492488087031	2
0.2174540077879037	1.1029778633127216	-1.2863883422363624	2.9099364168543342	-0.0733750776555948	2.0873100879892750	3
-1.0213002239216686	-3.5116729343064552	-4.5516524072018507	-2.7006896436537833	1.3710537801063534	0.7748519336242983	4
-2.8329523851609113	-2.4712081065022842	2.9246899003668654	0.4346882749004810	0.4829990113192592	2.6901408568959964	2
-1.1412253726712149	-2.3343033453759885	-1.3363063305896152	-1.1795128472380747	2.1643819907723354	-0.4593968456247820	4
-0.2719603425671646	-2.4187096936866306	-2.7699284607090773	-2.2788179125651400	2.6306545795630125	1.6733171187300191	4
-5.5562386766246821	-2.8733308276718059	2.1665011493193491	-2.2026892090590406	1.2967498260025179	4.2314567285312314	2
-2.1748151589119007	2.0768877602364531	-1.4802137940127760	1.8958646400678019	-1.4996030347991414	-0.0753181540078862	3
1.2020308989509836	1.6925042874726506	2.7887101903142799	0.5940544596484001	1.6334948636271183	1.7657622646714939	1
-3.9032270919822185	-3.0970927008429427	4.1612076215181260	-1.8751536083564611	2.5066637806394265	0.0316523731029228	2
0.1569348462702049	-0.8193102356039861	-2.1767329964020306	1.7556672846049588	0.4679362086305372	0.2806194642060499	4
-3.3816871965402631	-2.8095922819918644	-1.4870951711199205	-0.8650919916833046	0.1334224796144627	-0.6509151243732989	0
-0.4869067363397104	3.6520803625687015	3.6189601549485779	1.0325487628183283	0.1267590059266819	1.8121267209697016	1
0.2875196186952919	3.8548602372729608	2.8302604387414707	2.3711479962646087	0.8642108711513223	1.5388985352971476	1
-0.1301392694155341	1.8329055347839238	-2.2023068778205457	3.8844369723559371	-0.6360666190998163	1.1407168030088772	3
-1.4538370709414756	3.5204665425891455	-2.2359950267429118	4.3113947491497306	-0.7033348402625950	-1.2640009043695968	3
-5.0750585772490169	-1.9429421598553653	-0.2442206870212242	-0.0238886934285306	-0.9526543576328268	-1.0095402549977570	0
-2.2177970517006234	-5.1603492259465416	-1.8257430777759107	0.5387932961442263	-3.0104657658070115	-1.2969940223314733	0
1.6483833986497631	3.1352783670783899	2.8715634224111737	-0.6983287344324278	2.0088894252993619	3.0915325788018655	1
-1.7403155570652147	-2.6019073626117528	0.6979142545908574	-1.9462804310427115	-0.3988703393846051	-3.5691233209958311	0
-3.9044032416620640	-1.8542262405093337	3.1741213962114183	-1.3814311614963541	0.2890225952733166	3.6198898126757189	2
-1.6449164444515167	-1.7717867160301832	3.0484914180619551	-1.7633605758751965	0.3762714634609984	0.7775147725480299	2
-2.2931449290178709	-1.9587577341461149	-1.1708744447834403	-0.6101856736003015	-2.6263635622187191	-2.1789031291533387	0
-4.0426192523883993	-2.2960592260869035	-1.1217385471583388	0.7386597394143599	-3.2781798325139473	-2.0961519680991691	0
-0.6949580938184874	-2.9829876588321840	-1.0913340814266053	-1.7945705575681801	-1.2546129839350058	-2.5518498852181479	0
-0.1709495570582464	-3.5528276803278294	-2.1773586099950957	0.7894573886882480	2.8512852429154902	1.2306859623512527	4
-1.8930853963705767	-2.8150861218476146	-2.1416083354780677	-1.0729844819847094	-0.5088565079447884	-2.1149581944345388	0
-2.7359078004471842	-1.9154351947021400	4.1322569054467007	-2.5959679983324362	1.9611451398289872	1.1232047031427779	2
-2.0991172018034217	-1.9890152403414216	-0.4852579598995401	-0.5681843491887822	-0.0263538424573366	-4.4000795445648757	0
-2.0832818000965259	-1.5685499445621904	-0.6271739740859421	-1.4396057338493997	-0.8360369925873277	-2.0478442736186691	0
-2.1754390518962277	-3.1825563163168358	-1.9453930998863089	1.3434437806797239	0.2902606180337421	-1.8811224101245649	0
-2.3864618289550963	1.6532508105306301	-2.0745281235021920	1.8666868709805171	-0.0270342918323166	1.0051440349886989	3
-1.6461244087906737	-2.3896303148970159	-2.5541205981162616	-1.9356446282657209	1.5907632617837280	0.1437199622676333	4
0.2835380431185568	3.2344029370592975	-0.3709521231373185	0.2665314554282413	3.9799290214212384	1.4656121505464355	1
G3
0	77	1.4293148824899533	12	1.897522254069572	22	2.2129777065935676	
1	84	1.8466755301306126	74	1.8887466548684362	52	2.5423707926322936	
2	41	2.0998854278897032	14	2.1812203358791535	62	2.317273209897552	
3	13	1.383908951222742	73	1.5388183131059223	28	2.972513491265022	
4	58	1.5331653109091814	97	1.7121000721450037	59	2.2861562808404976	
5	69	1.5446834687146307	86	1.7642811984402462	24	1.9825000063203795	
6	18	0.6760142293663066	74	1.9662229524661687	10	1.9842215267905132	
7	6	1.9869987082412046	18	2.4333506785037513	23	2.50043043540004	
8	60	2.499741268776254	77	2.8218276552612083	95	2.833652239386584	
9	26	2.1377771004698776	65	2.519745685030092	57	2.617210372710576	
10	18	1.5223434979446	6	1.9842215267905132	36	2.3184685151474085	
11	31	2.057290062810794	34	2.5513256278834806	49	2.627910407212949	
12	77	1.303218061097219	0	1.897522254069572	98	1.9196341160875965	
13	3	1.383908951222742	73	2.364918762506815	53	2.802589832532062	
14	60	2.175077143765667	2	2.1812203358791535	70	2.4155865223692876	
15	36	1.5411057786274374	44	2.24868729799183	10	2.4502755792201154	
16	97	1.5821502475761358	58	2.4054628271656724	20	2.617878494253946	
17	69	2.1047910215654584	5	2.374143307222492	66	2.5100809591190525	
18	6	0.6760142293663066	10	1.5223434979446	74	1.8724528731883543	
19	77	1.7658728358954596	22	2.058904526480919	12	2.4267405252483383	
20	53	1.2029676315609448	97	1.9945865302810355	80	2.087705662398951	
21	45	1.0692191486963512	55	1.701881715244418	87	2.1147241994622967	
22	77	1.5584546015650098	92	1.8950528902534896	19	2.058904526480919	
23	18	2.069323040374497	6	2.2696145527063756	7	2.50043043540004	
24	66	1.7877923586544642	47	1.8669630187390442	27	1.936146926678221	
25	47	1.3349859244309346	38	1.4890231044540958	30	1.5432878271100094	
26	62	2.114980751669937	9	2.1377771004698776	91	2.147262004575296	
27	24	1.936146926678221	47	2.2293380856006313	55	2.558997073717639	
28	34	2.4734946853062154	3	2.972513491265022	80	3.185766997284322	
29	37	1.8915547700791635	43	1.9959429112754088	83	2.6714335600227916	
30	25	1.5432878271100094	69	1.8867631844180672	47	2.174305265492688	
31	59	2.0195378061548115	11	2.057290062810794	97	2.6725202939586077	
32	73	2.301509078396561	4	2.4056151014343614	97	2.529738513683069	
33	42	1.6481363463295897	1	2.7963101549920317	74	2.8528711773030344	
34	80	1.9835669941568337	81	2.3750192256656115	28	2.4734946853062154	
35	79	2.1391041123740657	64	2.4607397043321684	10	2.5001500662583207	
36	15	1.5411057786274374	74	2.01607857506164	50	2.130108130893919	
37	29	1.8915547700791635	19	2.794220072883941	22	2.880258881755968	
38	47	1.4689479560648189	25	1.4890231044540958	87	1.7774215778365092	
39	76	2.5356835736078738	14	2.560294119961304	62	2.7597164854617153	
40	0	2.621731325576967	65	2.6593516405672584	98	2.750094451512757	
41	2	2.0998854278897032	70	2.1507228907127165	14	2.5497024698991515	
42	33	1.6481363463295897	74	2.409989195556395	50	2.911597471032915	
43	83	1.6876362025166503	29	1.9959429112754088	90	2.9663707006320834	
44	15	2.24868729799183	50	2.51013821222418	36	2.6797738990783757	
45	21	1.0692191486963512	55	1.4533734673578218	87	2.1192232366698	
46	88	2.448341734298499	89	2.6441836110303516	96	2.849861311039465	
47	25	1.3349859244309346	38	1.4689479560648189	24	1.8669630187390442	
48	87	1.7348246971789418	93	2.1875634636143926	56	2.5230251456293806	
49	58	2.250502896410858	97	2.3325105871547667	61	2.3662328922029636	
50	74	2.0225852576553307	36	2.130108130893919	18	2.2719986225262696	
51	94	2.3732875917712875	85	2.9840536310230408	29	3.0725670906698035	
52	74	2.4148168847356444	1	2.5423707926322936	6	2.80173841755329	
53	20	1.2029676315609448	97	2.2175453037018578	67	2.2365595381174113	
54	98	2.1274293744052186	62	2.1422497529525835	70	2.4898267081560057	
55	45	1.4533734673578218	21	1.701881715244418	93	2.213934179640995	
56	93	2.379354754076776	48	2.5230251456293806	66	2.705641396029435	
57	70	1.851247645599538	65	1.8524786871101797	91	2.6026803177508566	
58	97	1.4765496057921041	4	1.5331653109091814	61	1.7736580466776009	
59	31	2.0195378061548115	4	2.2861562808404976	97	2.798071592371741	
60	70	1.902530329854668	12	2.0999283589002955	14	2.175077143765667	
61	58	1.7736580466776009	49	2.3662328922029636	97	2.478877866699644	
62	91	1.8831326997823616	26	2.114980751669937	54	2.1422497529525835	
63	65	1.5321125480649207	70	2.252425590286116	62	2.3999883856392668	
64	79	1.5903387005529785	10	2.3459046575205655	35	2.4607397043321684	
65	63	1.5321125480649207	70	1.6474479049090804	57	1.8524786871101797	
66	86	1.6904898634776349	24	1.7877923586544642	5	1.9930896381695034	
67	80	1.9117620684642895	53	2.2365595381174113	20	2.516754864959634	
68	98	2.5829076497727845	71	2.7390561777683557	54	3.0422116973248325	
69	5	1.5446834687146307	30	1.8867631844180672	17	2.1047910215654584	
70	65	1.6474479049090804	98	1.7336606648681523	57	1.851247645599538	
71	98	2.3397766649052216	63	2.4459908450708294	62	2.4686712798138646	
72	24	2.6091619269822215	86	2.6165676124513224	66	2.699148618938793	
73	3	1.5388183131059223	97	1.9784288430863464	32	2.301509078396561	
74	18	1.8724528731883543	1	1.8887466548684362	6	1.9662229524661687	
75	93	2.183675203791385	25	3.3101525792994964	56	3.355360113525245	
76	39	2.5356835736078738	2	2.824527227011862	14	2.8260709022986905	
77	12	1.303218061097219	0	1.4293148824899533	22	1.5584546015650098	
78	79	1.9165698270752443	64	2.475803704440784	6	2.7656234800044786	
79	64	1.5903387005529785	78	1.9165698270752443	35	2.1391041123740657	
80	67	1.9117620684642895	34	1.9835669941568337	20	2.087705662398951	
81	34	2.3750192256656115	80	3.2512548539186663	73	3.3251661315577574	
82	19	2.5000723677356387	77	2.67938872135819	0	2.755104911448054	
83	43	1.6876362025166503	29	2.6714335600227916	46	2.8844666531035825	
84	1	1.8466755301306126	74	2.4200278056136963	10	2.8931688333747703	
85	94	2.1523655497480503	95	2.388186777141197	90	2.4959087781056915	
86	66	1.6904898634776349	5	1.7642811984402462	24	2.391682491897334	
87	48	1.7348246971789418	38	1.7774215778365092	21	2.1147241994622967	
88	95	2.0981654223761983	89	2.329794667802672	46	2.448341734298499	
89	88	2.329794667802672	46	2.6441836110303516	82	3.0217435494501568	
90	92	1.9581852576809338	95	2.1676597771199173	85	2.4959087781056915	
91	62	1.8831326997823616	26	2.147262004575296	63	2.4450971823195475	
92	22	1.8950528902534896	90	1.9581852576809338	12	2.0173987595653586	
93	45	2.180060746115369	75	2.183675203791385	48	2.1875634636143926	
94	85	2.1523655497480503	51	2.3732875917712875	95	2.673042233694806	
95	92	2.032117378119152	88	2.0981654223761983	90	2.1676597771199173	
96	22	2.4946446602668026	92	2.604928262534263	39	2.8181545703704236	
97	58	1.4765496057921041	16	1.5821502475761358	4	1.7121000721450037	
98	70	1.7336606648681523	12	1.9196341160875965	65	1.9856462944466216	
99	1	3.2235347794987246	52	3.757508635657342	33	3.8838211251470973	
