5.7558216377215716	7.4840981069036960	8.3809972213585908	8.0631703775097883	8.0546701659447866	9.9179827997114298	0
10.6513134984383839	10.5656211869997403	11.9016078607827112	9.9900386455960035	10.8639026397944960	9.9190442349085277	1
1.0170505119957827	-1.4504148467096314	-1.1886123588872917	0.4022649251714819	2.5148153182318578	-0.5592160706037763	4
8.4774776355761059	10.0947519662004979	7.2840768850925999	11.4336846152267686	6.5020218599438984	9.5619188044159120	3
7.2688062668140185	9.8565490397867954	6.3008209078047077	10.2577609826220648	9.2737558769185444	9.6865717948080032	3
4.9994700788919193	7.2322288143910693	11.0060226026648493	9.1933352329424505	8.3450564218337249	12.0425319329546685	2
9.0372783221337158	9.5609047471065178	10.8409037461245976	10.1304619545073678	10.4155166300625801	11.6168917885043932	1
9.2740261192981883	8.6432846586896126	10.4104543183023370	9.7950516422369560	10.0409877562576710	9.9117492796587534	1
6.2049627867696859	5.0669497031335142	6.8207095312448223	6.5896520381175314	8.2311598728438469	9.9687337959364388	0
-0.2380015208152584	-5.0898441051952776	-0.9702063774392810	-0.0469248493033393	2.2348482971852963	-0.3167472304474407	4
9.9351830353182180	10.1656918248588894	11.9096189992774324	12.0182416077676031	12.2155165027514769	12.1978184501614013	1
7.5641331211023974	11.1563754968324567	7.1863482619203047	10.8287481574510274	7.9179618364448681	11.6797751163771739	3
-2.1987934134843750	-2.6748048307518211	-2.0557176127188965	-0.9266674374622307	0.8105203688116493	-0.8457959134769174	4
8.3734208422933705	9.2378449882703322	5.6233954326353608	10.5090740057979186	6.9028663273887947	9.6005082068092875	3
0.4501173981412394	-1.6299521493677100	-1.4937621016216687	-0.9754814438632293	0.8504723037387230	-0.6448138731287847	4
11.0428026308169791	10.8894796880161806	12.0942026700001719	9.6449053288758613	13.2450378550274284	10.4784301041058665	1
4.9055590653256189	9.3945807738345035	7.4048739617797423	9.2205728941692335	9.8786507376763666	10.9428959176300662	3
9.2007625018183248	5.3853386477764165	11.6095242772590570	8.1646717861291762	9.1610776892893817	12.7108509591250343	2
10.2224948977355794	12.2652076158122867	12.9530329778061351	11.8569618309634368	9.9781341902722840	11.8118989551292870	1
4.8810224833038287	4.1665955997414894	7.0118471748964257	8.2450956791984922	9.1622160650250741	5.7297961190755817	0
6.7585297116808736	9.4065136311546560	5.9689080956105549	13.6427074282956742	8.0225890401446485	11.2028210614174988	3
5.4944079006941555	9.5727297720947249	13.1574136668724293	8.2639973968124867	11.6016708465951606	9.1987269042536184	2
4.1389194525084996	5.1928116765509849	7.4224293518270237	9.3184749527010844	9.4280164649814466	7.1232608361564598	0
12.1776377653278161	8.8005351483134699	10.8003639453837792	10.4811214040160294	10.4751442718672418	12.3772902622600220	1
6.0464906010438968	5.5818501697643663	9.2233002948708727	5.7739981828984925	9.8479814386346938	11.3178966618913890	2
7.5831345197976443	6.0511073457345912	12.2559504655973672	9.8077040176428341	12.0278857467102398	11.7501256040411501	2
0.5022080014920077	-5.3495950873670175	-2.3094530658917094	0.0134937740786261	2.1383067906073983	1.2935327022218961	4
5.9783030289692816	7.5968036375057935	10.3122809664980171	6.9414107589444782	10.2418594003095276	10.9492631298501166	2
9.0019305803612077	11.4196165582874460	4.6901115974997660	9.7674853708101264	7.6621856961831547	8.9554091811903689	3
5.7883393493997852	2.8976994112755534	8.9856653428049533	9.0780150410975189	7.4377997872306221	4.3383845971483348	0
6.5176403233545201	4.8606902994305958	12.1357840714831653	8.5365473495289397	8.5312234818994277	12.2708924173886338	2
6.7625000157708959	11.2537264289211709	7.2327383412375719	12.6857125141091291	9.8338691183228963	11.4412981624286267	3
5.7703941441419513	12.4275688094501753	6.7751433809954529	11.9706931121892381	6.5680163691080997	9.8613614356213510	3
11.3421664330020846	13.4929469687585204	10.9010628210252580	9.7741438002850689	8.6581955371193935	10.1236563890011233	1
7.9419428588656116	13.1100890255928455	5.2673667798729404	13.1745570831131378	7.7395089435813356	8.6473760143096197	3
9.1752327054274403	12.3971294928714162	10.2751016755538913	9.8327806190767788	9.9439867940919449	10.6253801459869219	1
9.1114370358774224	10.3237353750334933	13.8738358058935773	9.2181583139310455	12.7394862850778150	9.7587518829171440	1
4.3663925345181198	2.5800772967771231	7.3357178111325032	8.0326667441260895	9.1748932910875425	5.8986316580914782	0
6.6077711162941704	5.8446804737634199	12.1180920441150555	7.6395609355383867	9.0042777078491021	10.5094355702761533	2
0.1804689846219381	-2.9641171544070586	-2.6670709997317923	0.8791437576534404	-0.0098524112760185	-0.4945819159516510	4
-3.3027429131164707	-0.6197164028340839	-1.0883942932058290	-0.7989064261515247	1.6116161199921135	0.9526508248103368	4
-0.0135554237885196	-0.8455307027001990	-0.9046787582276477	-1.2010579750248018	2.5585429357521692	0.3948760599669083	4
10.9356775119103151	13.2352901504830065	10.6197097742951616	7.9162947227715286	7.7397408528592528	10.3631251709145271	1
6.5974496421850768	4.2049377427501353	8.4395076005271221	8.2865351680586983	6.5249442142008718	6.6473219006166584	0
11.0156570464214205	10.9136227029615132	9.5536892618978051	11.5713724348421376	12.6703874863284067	11.2530632474905889	1
6.1395162361746065	9.1224458258135641	12.2972989322735042	8.0352608142296074	10.1362773216534521	10.0363914153485947	2
6.6728209734384967	7.2422295370502106	6.0443024834157946	10.0883724710371787	6.0279190831622769	6.0789428014036631	0
4.3047322277497475	7.6909006725163627	11.1102752282503250	9.1141777369682941	9.1064517089086472	8.7045725477633180	2
8.8403055274829470	6.6068520213051496	13.8783121366942730	5.6489177853572308	9.0408643919481708	8.4455786830031840	2
9.2996826664242338	10.6110425334167431	6.9812439801059742	9.1693528476006154	9.3017459217756358	8.8852437582265118	3
11.7043238353398031	10.9402366074102915	11.4209978570068991	10.0844295489432341	11.7820052861740070	10.3590323426656372	1
7.5068378945093128	5.8229252589782945	7.4026856842206135	9.1131602118979167	7.8335033652664645	1.7949879890769220	0
9.8848596227296479	10.1952094319039031	11.4598143707031674	8.0208397205843731	12.0662670471080986	10.4232445781934135	1
5.9599313976526700	9.4575381736737061	6.3450823382522730	10.0235730574041959	7.0133474807701317	10.1337784932704782	3
-1.0708298069052959	-1.8414591136598559	-3.6804798616867216	-1.0818284712709627	2.3549519405191188	-0.3391619803098569	4
5.7177855072264894	7.3690554300628799	12.3297327895023443	6.3184699251488503	10.2769934760485029	12.7217668604853280	2
4.9385342564391923	5.3568807098512154	13.3457968174694912	5.1631590467208381	9.0778265194409435	10.4003221981124661	2
-1.6059390389887942	-2.5244372569929254	-0.9216984534212674	0.6299138828124892	2.5811220719792796	-0.8490664577412549	4
7.5997348272876621	9.2270252488470454	5.6795094992195736	11.1122192932184891	10.1004782816325882	8.4112006901176777	3
7.1316752269489303	12.9367791189692429	6.7250973645353538	10.8476983245097909	9.0637302583065775	11.5831146400845970	3
-0.9942365691927809	-2.4474382950372058	-0.8762225861412477	-1.8483005766485658	0.5931634789084639	-0.8606861584634053	4
4.7144394845744850	12.2980474403298174	7.0706051840050721	9.7187572079574505	8.7498909568540277	9.0151429468164253	3
0.1885463925316492	-2.6195526440377046	-2.2456620935142118	-0.4482638224842219	1.7306630301326584	0.6095582628128278	4
-1.1542726346377257	-2.9248842129608095	-0.6970772931812103	-1.0511485145358554	2.0245987333738213	1.8026051648798147	4
8.0687470333937092	14.0298194130182416	13.2320356742162133	10.4878915768706165	10.5959970868484117	9.9583520491086688	1
-1.7353968430714937	-3.1317957077114138	-1.6442166210414342	-0.4134167035457870	1.7361059170694628	0.2423238640924816	4
6.1320946485225951	6.8554024896151091	10.7749801110327041	8.3130258546185374	11.1574033467386204	13.3993817910100610	2
7.9558322170515110	11.0382781766556661	8.3169881927452352	10.8387332685684257	7.5958912639261333	12.1911839506756152	3
-1.1333354072298241	-3.0619381156071768	-4.1183778028309108	-3.0944909886028151	1.4894031473387490	0.8152262702768533	4
6.3797715934691830	7.8689013532943104	10.4487333827430628	8.9635114605525388	8.4976874365212538	12.1955388531239386	2
-1.0015120270670799	-2.0651926713505722	-1.8034666434248312	-0.8612477144813886	2.0053779321257537	-0.1534579605382288	4
-0.3289915079373945	-1.9586553802635638	-2.5359582504040414	-2.3249807315414972	2.4271753121609998	1.6479963604683920	4
3.8729968984263516	6.6361208860818852	10.1593237856580458	6.5556138748738579	10.4483088933806645	12.7421526909995571	2
8.1823700644743234	9.9055593623492726	7.9048867075367539	11.3779232076872177	6.4525140327561212	10.0844081837542436	3
11.0815771352240375	9.6389007858604714	11.6964367327888503	8.3249917326180487	8.9660951802911377	10.7246661317236640	1
6.0277890969377443	4.2841323471382040	12.6627860117025399	5.7083016087015555	12.4006282697274006	8.7145673132258654	2
0.0902376746713606	-0.7989944733438554	-2.5632728245539891	1.5958278295638806	0.1963887989176241	0.3951010543975623	4
6.8511305460928522	6.3110253784006298	6.9886608324160848	9.1367024554506813	7.5664407026481992	8.4713811167659436	0
8.1950732668335213	13.1006360956863865	14.0560015093806214	11.5784975839857971	10.5130794681253903	10.6451863003948990	1
9.9820366082446341	11.9952385124713636	12.6754956261031513	12.5216566156686788	8.9213019956370090	10.8454972856411551	1
8.3659764628099857	9.3520539401356366	7.2335329567297721	12.3398944674752382	7.4570369343268661	9.8975415305431920	3
7.5302204178882386	12.7265200093969586	5.8481676342931763	14.3251366364104360	9.1344898302417885	6.3412189555548490	3
4.1156668783129788	6.8611358375776028	7.9665176758395653	10.1239645360547499	9.2456740793149219	7.5091086517806280	0
7.9461512702041235	4.5833378101106721	7.1349401267308128	8.8205816235454115	6.7912044493618566	7.1656383810281756	0
9.6289711913066967	10.8197743837342077	13.5550958191644995	7.9800232160971687	10.6605254181121083	10.8455306662936621	1
7.0663637567300173	6.6848127815748759	10.2898182185800362	6.2990352795462874	8.5505257244936210	6.2605223951132851	0
5.2261953872492652	7.8864099135942496	11.5851235605483449	8.2887599345755181	8.7190009760194300	12.0349004661801970	2
6.4487886956609248	7.3905919325582037	10.5641025270201538	6.7618033712279928	7.8616551315210330	9.8897014273560586	2
6.0230303661463607	8.1125203598803530	8.3751333456864590	9.7707409995790666	5.1654803908258291	7.3335792704326712	0
6.1220609871174814	7.1424112550703569	8.5548864101635367	9.0307579662915778	4.7677581548144898	7.2589138057051983	0
8.4685493505659153	5.9923877821694918	7.8242535474726429	6.3039485142362528	6.7654203019951655	6.7361538591910293	0
0.2040965453412965	-3.5067950224569144	-1.9442691905878924	1.2471750055189854	3.1622040999350118	1.4557795501553690	4
8.7000931703933038	6.4450900639510182	5.9800384703828726	7.3819254727336485	8.1013555065541212	7.0972296075743069	0
7.3132506127303634	8.0694827167683449	13.8504538985511410	6.6996860024978862	9.5262214664942597	10.0817096655799858	2
6.9772768535040592	6.3853174035281377	8.2704519776840950	7.9426676094209148	10.5192377875111696	5.0706347706436974	0
6.3844161025296708	7.8305154048323296	7.0762353587111502	6.1171100414514568	9.5062521744868391	8.1436501632887506	0
7.0510220959841581	7.4242756142114104	7.5108680044981391	9.5118454300499771	7.7273276870882812	6.9258354494668826	0
5.1738862618968371	10.6047982942177477	8.2466674852532496	11.6248674945525625	9.3418598362014791	9.8146838992141969	3
-1.9814129832660086	-2.3934423977884407	-2.8214692334993074	-1.9508312406650372	1.4121417079770382	0.5948837889294623	4
9.7464418222942868	11.6658739249011010	9.2328265257717632	8.5783106272293423	12.0287794207183367	11.9387395321592287	1
G3
0	87	2.643200001553471	77	2.8280554116544905	8	3.268610167995263	
1	50	1.5892026634295104	15	2.529244017523608	52	2.549015586493918	
2	41	2.234166496162751	14	2.2632527201351023	62	2.423836589079065	
3	73	0.8870415247110724	80	1.553222540734976	13	2.1260410343443117	
4	58	1.9829226348036988	49	2.6427707567905108	53	2.6904657777919265	
5	86	1.331489554871497	69	1.6494489316734182	30	3.1182645501051223	
6	7	2.0600111131749514	1	2.800555824912904	10	3.07495364564477	
7	6	2.0600111131749514	1	2.920804545577046	74	3.1447650014482282	
8	0	3.268610167995263	24	3.341006125055506	77	3.3413840168449354	
9	26	2.239404951384541	65	2.688132589026136	62	3.0305755114941135	
10	44	2.928547707814122	6	3.07495364564477	18	3.280251823958655	
11	67	1.3457674256353356	59	2.21180851596968	73	2.7308206768491794	
12	65	1.702072173144669	70	1.9442315789288354	60	1.9469809014586144	
13	3	2.1260410343443117	80	2.5204918904586497	73	2.6228649669969655	
14	70	1.9952108138154927	60	2.0026030430322814	62	2.0589380074164114	
15	50	1.8003591175445044	52	2.501085139033399	1	2.529244017523608	
16	97	3.0962689842875317	4	3.1681686168929852	0	3.323046748310479	
17	30	2.912030418912325	38	3.5128048288848857	25	3.9139457870739314	
18	79	1.6432821177616848	78	2.783854522409067	10	3.280251823958655	
19	37	1.7206303213053924	22	2.221925044591326	29	3.4543699539093953	
20	80	2.8119481510188473	31	3.043505197695511	11	3.653761453767656	
21	45	2.064000531434001	93	3.685439472809611	47	4.042338238891273	
22	82	1.9775790866922178	19	2.221925044591326	37	3.1784799114907036	
23	50	3.3355884085480083	6	3.3386204005184474	74	3.516311010833862	
24	27	2.6276317431624263	72	3.1163316532781065	8	3.341006125055506	
25	66	3.264587105215045	17	3.9139457870739314	38	4.049112560026719	
26	9	2.239404951384541	91	2.492950240743639	62	2.898758213903738	
27	24	2.6276317431624263	87	2.6734988880560424	86	2.7536742684368223	
28	13	2.7511529858825097	49	3.0070881743511997	4	3.3783741394979416	
29	43	3.07453361643716	37	3.3748720277289443	19	3.4543699539093953	
30	38	2.260037252494698	17	2.912030418912325	5	3.1182645501051223	
31	59	2.686666706806796	11	2.7982375651858975	97	2.8259853047381696	
32	11	3.3816476410771448	34	3.4278698721576326	61	3.430304865368929	
33	42	2.1594645899497675	35	2.862982577164759	1	3.8731414803688504	
34	81	3.040088083155383	32	3.4278698721576326	28	4.002935878486923	
35	33	2.862982577164759	1	3.09008822235202	99	3.097147103781337	
36	84	2.7661591440459428	15	2.8588399630015093	52	2.9615110001300025	
37	19	1.7206303213053924	22	3.1784799114907036	29	3.3748720277289443	
38	30	2.260037252494698	87	2.7000215127446454	27	2.9899146641132677	
39	76	2.4605648249866574	62	2.5113553775830155	14	2.72611870473256	
40	70	3.0461131209707917	98	3.06435694863905	65	3.1216532517774405	
41	70	1.9983958473640708	2	2.234166496162751	14	2.286192006282666	
42	33	2.1594645899497675	35	3.538478483541542	74	3.9895280615395388	
43	83	2.0709493208186087	29	3.07453361643716	90	3.3272960519771866	
44	50	2.7859154642049204	10	2.928547707814122	15	3.331228483325157	
45	21	2.064000531434001	93	2.6564367135209643	27	2.887015828721929	
46	96	2.5029165947675582	88	3.0051970613019843	89	3.2734106803407452	
47	45	3.2898515425937487	5	3.525885805683876	86	3.610445376883316	
48	93	2.9135152777231546	38	4.109378800658848	56	4.596538899770297	
49	4	2.6427707567905108	28	3.0070881743511997	58	3.3372532713466456	
50	1	1.5892026634295104	15	1.8003591175445044	44	2.7859154642049204	
51	29	4.543422819830188	94	4.545637723944303	46	5.207557600529165	
52	15	2.501085139033399	1	2.549015586493918	84	2.646103866327052	
53	13	2.6317908046441967	4	2.6904657777919265	73	3.1183621016761167	
54	70	1.9450923169705623	98	2.094813827814294	62	2.437492746475812	
55	27	2.7786524871015654	86	2.800879898630395	66	2.839944398973683	
56	38	3.2682473567799613	55	3.721601222798363	93	3.9894427243053254	
57	65	1.975196183248617	70	2.0958693061079328	12	2.6866471045894493	
58	4	1.9829226348036988	49	3.3372532713466456	13	3.5503260022094927	
59	11	2.21180851596968	31	2.686666706806796	67	3.056474595571455	
60	12	1.9469809014586144	14	2.0026030430322814	70	2.1153583453900437	
61	97	3.0140099306005976	32	3.430304865368929	16	3.7171089253852143	
62	70	1.6575006989375194	14	2.0589380074164114	65	2.112295489931021	
63	65	2.0498776363631377	70	2.418494872427103	62	2.4834923496184276	
64	78	1.7961897825595803	18	3.6772368994974363	35	3.732647835132199	
65	70	1.4598947959086657	12	1.702072173144669	57	1.975196183248617	
66	55	2.839944398973683	27	3.0838365982943556	72	3.0909386401780266	
67	11	1.3457674256353356	73	2.746040851480863	59	3.056474595571455	
68	98	2.0519677617045584	71	2.5560364305492005	54	2.796037894282874	
69	5	1.6494489316734182	86	1.7755284411651229	27	2.989659462589108	
70	65	1.4598947959086657	62	1.6575006989375194	12	1.9442315789288354	
71	98	2.297907777018593	62	2.423726867617592	68	2.5560364305492005	
72	55	2.955861144925519	27	2.96387158270768	66	3.0909386401780266	
73	3	0.8870415247110724	80	1.6613757946872982	13	2.6228649669969655	
74	1	2.847650559177169	7	3.1447650014482282	84	3.1565559437107216	
75	56	4.121132166596465	38	4.642724728373247	48	5.11338183137936	
76	39	2.4605648249866574	62	3.162795160319995	14	3.175647481783576	
77	96	2.026650273896553	83	2.5712370704600405	0	2.8280554116544905	
78	64	1.7961897825595803	18	2.783854522409067	79	3.127997325137173	
79	18	1.6432821177616848	78	3.127997325137173	1	3.7592208754789187	
80	3	1.553222540734976	73	1.6613757946872982	13	2.5204918904586497	
81	34	3.040088083155383	58	5.274517733649654	32	5.344832811614506	
82	22	1.9775790866922178	96	3.4873093467874643	47	3.616027255238435	
83	43	2.0709493208186087	77	2.5712370704600405	92	3.0264260692426777	
84	52	2.646103866327052	36	2.7661591440459428	1	2.9637310096462293	
85	90	3.4550595893131324	94	3.4883607832925967	87	3.8489469334462694	
86	5	1.331489554871497	69	1.7755284411651229	27	2.7536742684368223	
87	0	2.643200001553471	27	2.6734988880560424	38	2.7000215127446454	
88	89	1.3017537023217027	46	3.0051970613019843	96	3.012265910466735	
89	88	1.3017537023217027	46	3.2734106803407452	96	3.33673925347069	
90	92	2.5955373310544974	83	3.0417163828607756	43	3.3272960519771866	
91	26	2.492950240743639	62	2.553074939838852	9	3.053985571268473	
92	90	2.5955373310544974	83	3.0264260692426777	77	3.1157059668540694	
93	45	2.6564367135209643	48	2.9135152777231546	38	3.128460254114077	
94	85	3.4883607832925967	19	3.6426033619839933	96	3.9192717355344375	
95	0	3.3555978494879084	8	3.5937277180007023	92	3.6265548359243027	
96	77	2.026650273896553	46	2.5029165947675582	88	3.012265910466735	
97	31	2.8259853047381696	61	3.0140099306005976	16	3.0962689842875317	
98	12	2.049197977577703	70	2.0502243517317407	68	2.0519677617045584	
99	35	3.097147103781337	52	3.1225618471530776	44	3.4813752947510905	
