13.6203040857091295	16.7006155187180170	17.0307608589557233	18.3817745950295190	16.3618135674736571	19.0727981453136479	0
10.5612413338800213	10.4874620726579213	11.9590988753867293	10.0964853198150486	10.6861057021598178	10.0222052090918030	1
0.9117347347773418	-1.4781382617600090	-0.9442432544172203	0.2726724540315795	2.5013127641470212	-0.3384208363795623	4
8.4935150088244544	10.2421804277282718	7.1743154347461990	11.4512931167263421	6.6661307683491291	9.4259099467854419	3
7.0718671025776434	9.6190036617610097	6.2511295240980376	9.9977941151028542	9.4571330301555996	9.7356747909090817	3
14.8739287787940189	16.3303421798581248	20.2141290425919635	17.9078308816196845	15.8520503397357224	21.9938966077030003	2
8.7557616375170753	9.8488472821437743	11.1042277388186772	10.4232454812903512	10.2290891466513045	11.6167327857334453	1
9.0258088561461722	8.3712919897651830	10.6600798066745508	9.6282549869136478	9.8768632058117092	9.8436053407666950	1
15.9218686055870808	13.4613884009671434	14.8821595140990421	15.3639543344022105	18.4366699804087233	19.4258738884648388	0
-0.0821835954116013	-5.2489154399517712	-1.0710916825518972	0.0902132599536666	2.2667458235898748	-0.1727975496268894	4
10.1190902860268039	10.0671020517058736	11.6293484516639900	12.2996309321810351	12.1818915914476378	12.3440191108479489	1
7.4551188060967419	11.2532151518376455	7.4094460981727179	10.9582754206724360	7.9477307519419611	11.7305645458473116	3
-2.1569587154866108	-2.4271988620362661	-2.2894720748467701	-0.6990870139467915	0.9056068110977877	-1.1138811164141238	4
8.1345964189933646	8.9383304501185137	5.8408900199958795	10.6777125791319900	6.7812344987877031	9.5915164503121346	3
0.4357170854770611	-1.4347745238896874	-1.4758825216319478	-0.8314960294003664	0.9287162060384885	-0.4286585076573291	4
10.9347105757466103	10.5905617747521017	12.0896722393729998	9.8385979287842300	13.3011690134503411	10.3902409517318475	1
5.1546640813369020	9.1859723654213603	7.5342216348349842	8.9860410967985711	9.7991114814572366	10.8798890863376290	3
19.0250502910154253	13.6032856830243514	21.2685006827881899	17.0180428105296961	17.7050098056254370	22.3375683280319244	2
10.2372100096818937	12.1012900783401349	13.1027016494846702	12.0129156127521135	9.8070974749076960	11.5429136355960882	1
14.0104230745228442	12.0124184223926243	16.0960892825419144	16.4898521640954918	17.7425844881191992	15.4123986742775898	0
6.4934570854430813	9.6807556125952612	5.7335778812857674	13.3846999358585350	7.8809371291769592	10.9944871613360942	3
14.9001507151607573	17.5224501207012651	20.9321151698621293	16.6415381048889977	20.2317161455776287	18.6736161285495328	2
13.0036537489097430	13.7681910823843356	17.2173951849500781	16.9671776882080785	19.0917365191238524	17.0486505650382689	0
11.9875505396489448	8.5594257687348758	10.5126673650459832	10.4616479020257565	10.6680856020458794	12.1647706383610128	1
14.8135143860007723	15.7481443559057013	17.6902022046834908	14.2185851757404826	17.7884805146002201	20.3472683533147745	2
17.3151443394595113	14.9432410004555418	21.4146515785814131	18.0773436047660176	21.3742338893814612	19.5545839745882120	2
0.5633328387065951	-5.4271774669138750	-2.3558255203272731	-0.1818657508299953	2.4024079913528125	1.2284674895456058	4
15.8664913405646111	17.7408297612648767	18.9439914111142684	15.4799937683914006	18.0444810983051056	19.8425040230031726	2
8.8515048701466039	11.5075553930692553	4.8123652333179434	9.8618468061862092	7.8648375709325595	9.0370113307654059	3
14.4419607393270155	12.2531702775331652	19.1734520926630125	16.8828691501391503	17.1265380873412383	13.4565045129511738	0
14.9007996887318619	12.4536141228928816	22.1370393363289075	16.1304325686241832	17.0734163205327896	20.6428880703269400	2
6.5248064268484205	11.4811015590759276	7.2476894180270568	12.5322776730509275	9.6282286880583108	11.4099576239380784	3
5.8896886685470005	12.3682811539196376	6.8792184531983267	12.0607076297024811	6.6046075372874604	9.7803508049211825	3
11.2394419025850070	13.2058922318571064	10.9267718916126704	9.8611270958894011	8.6481599825581590	10.3979958210091858	1
8.2276906148799558	13.2960949773226531	5.3940032594229725	12.8767412377911938	7.9699693950990929	8.6594103377487261	3
8.9170564208333261	12.1437216111664821	10.2864915918816475	10.0404745456899018	9.8354900245170818	10.3513938515837456	1
9.0786170583991463	10.3698298343470015	13.9143286400268398	9.0108170401356578	12.5737435765107364	9.6077586112406141	1
13.7791976386739297	12.1921198179291892	15.9543562358892359	16.7753149388669840	18.3968574560313236	14.7290394232767774	0
14.5753030216826271	15.9813467408316896	19.7936078427830466	16.7232960698257571	19.0223077906760842	19.1905999023641769	2
0.2954872399863869	-3.2408973138004611	-2.9501420112396390	0.7930505720961809	0.1346673748811845	-0.2871842765852486	4
-3.5895086366173827	-0.5977002286667431	-1.1060478873543773	-1.0976457688269232	1.5348578535922497	0.7213756282433976	4
-0.0617143946633371	-0.9574263931398228	-0.9935724790265931	-1.3571240029501181	2.8405181202998468	0.1058626375828403	4
11.0420529063423754	13.1495596156945123	10.7181392295423645	8.1851713160792983	7.4883848286404611	10.2811701843162506	1
15.8127959258970865	14.0427342923504472	16.6082415283487705	16.6336655364855410	16.8784590297825332	14.4360881150871556	0
10.9964251708868428	11.0413470594586176	9.3269348114321300	11.7997826883886425	12.8950820093883216	11.5354499009398328	1
13.8877613125613451	18.5356809225345387	20.7372929261318184	18.4807545598956438	18.6805525789770854	20.0368984942019566	2
15.0046313388842325	17.6618011781964448	13.6162994037199354	19.0152417761897325	16.5143354143521499	14.3635394551910824	0
12.3266283996917352	18.0036096009183062	20.3777169425746436	17.1706978006157449	18.9539131555741314	17.5984790212221007	2
17.6662918121686445	16.7213424006245859	23.4759536749826516	13.8609193119308554	18.1650287833881947	17.1790627855503999	2
9.5421680700917459	10.7186770439156120	6.7659889241279387	9.2802366655096762	9.0066165215772269	9.1600211525568955	3
11.6181299686902637	11.1147218288388299	11.5169950414319349	10.1514280167297866	11.8409908473426402	10.2850256700731126	1
16.6584229983866834	15.2707390536551877	15.8113267612886599	18.0787383141415070	16.1061928005956965	12.2946371537058514	0
9.9421233331319918	9.9857540646062919	11.3078898858589163	8.2990316201143894	11.9215971818010953	10.6617595458722771	1
6.1286832869247654	9.2530162427311105	6.1271167926671728	9.7332329321659490	6.7438972192233813	10.2845007315719421	3
-0.7984047713896203	-1.7443219098761567	-3.8474393105302029	-1.0908448980665113	2.5400740657222980	-0.0749917142224029	4
15.2833074734493870	16.1002981798718814	21.5089408243069151	14.3487640023056908	18.3617331929977290	20.5460706258913888	2
12.6469309464145709	15.6325789084052644	23.2624543745861345	14.0472203287018296	17.4364262520514792	18.7491724297437372	2
-1.4530449701004291	-2.7781697923740487	-1.0168724472767114	0.3583705085708116	2.7175439327199400	-0.8279350108908238	4
7.7428944566366837	9.5111835530407287	5.9577094255270993	11.1957998310059779	10.0529033271900250	8.1196365806324913	3
6.8333186217806290	13.1817538283154132	6.5947700696330918	10.6919749553217738	9.3211564199055950	11.3892140802292285	3
-1.0516531053352212	-2.5600149906954286	-1.0149465238076685	-1.8465887726442132	0.6420245626826597	-0.6725481432460283	4
4.4787713411228571	12.2785607674441355	7.2612798040612310	9.5404066369738736	8.6845372536154688	9.0975226775435853	3
0.1012212310184876	-2.4384402630224091	-2.4039652046871307	-0.5435444027095290	1.6521888269703535	0.5486814976577649	4
-1.2000053074801800	-2.8557920794352505	-0.4013713066674797	-1.1572047221882755	1.8189998539229093	1.5385821189415154	4
7.9453735217718879	14.1741501723780257	13.2804465895364956	10.3797884531659328	10.6861575603368451	10.0618365357368980	1
-1.5391970198799867	-3.3164621365046689	-1.4612868384155757	-0.4457087858813500	1.8064327381201377	0.0224287616537583	4
14.0001280537644348	16.4556679628057871	20.7947219025119772	17.9760796779633267	20.3661305616336215	21.2617040787230813	2
7.6821466158387812	11.2558359881822643	8.3666276237440798	11.0006714210241654	7.4656365390999717	12.2680495936646707	3
-0.9137701145658261	-2.8251968008469417	-4.2886078063561115	-3.1988100843089686	1.4050624454922818	0.8039631254918254	4
14.2185423186280158	16.8554945900252555	19.7747332408317895	19.0286266052986051	16.9164800547170451	19.7047197047168368	2
-1.2875046635149601	-1.9613980890130949	-2.0253155798941131	-0.9880492194373874	2.1125021777054496	-0.0979785718470667	4
-0.5343432171725104	-1.9258107677639280	-2.8206694771012448	-2.0650337435643720	2.5959170423071756	1.5002113370293890	4
13.8608952934410805	16.8021330107060685	20.2735747429791147	16.1324319523808732	20.5644219155318275	22.2436589995755298	2
7.9399130730282952	9.9477701218356636	7.9197081055668415	11.1509983075203500	6.6043549953554939	9.8148761743684929	3
11.2979957169435536	9.7000502417529262	11.5081540619852412	8.4496780363330846	9.1699084088138925	10.7108266918130575	1
15.7012248070897176	14.0257848066287796	22.5689992333754006	14.9675491726068408	20.2391993827613312	18.2917665016852240	2
0.1809916866817379	-1.0233531680726080	-2.6400275770005832	1.7707066623778493	0.4066769224435020	0.3987249193142344	4
14.4508747042270311	14.0102518144684716	16.4399791395209505	18.3989288752175568	15.2246168397259307	17.6149791023157576	0
8.2157736193031798	12.8736830521434626	14.3172946279770095	11.8102746869057356	10.3492531627152999	10.5639691905836894	1
10.1978239246301836	11.9235755926917637	12.4782509132796342	12.5096304552916617	8.9774615063447225	10.5824955902658804	1
8.4103455620003142	9.3370444080785369	7.1480706946813379	12.4790744819603407	7.1706252205885379	9.8573107580478148	3
7.3418952699628619	12.6244335578486062	5.8138531553518815	14.3336474931012230	9.2265411885561566	6.3699236445956302	3
14.1221699249134840	14.8346502712016992	17.4188194893794446	20.4552728288614070	17.2672047698446640	17.7656694732391358	0
15.4755397939643444	12.7540281036898371	17.4340858107554766	18.0556589086949550	16.4148782518351091	16.7376733731889473	0
9.7178672274396352	10.7407430879009382	13.4487629657961616	8.1386061437072463	10.8443537140203698	10.6819416548741692	1
14.9500772050839785	14.2653767406393310	19.6819887518573822	14.2968541939947063	18.2205544992376964	16.0084984061306734	0
12.9405320190339310	16.4694875199083697	21.0396633353770959	18.6861864429435656	18.6760896274291781	21.5660197711641430	2
15.4745838646483396	16.8942743715652064	19.2570076579995657	14.7571941846366457	18.3005094691275758	17.4633989697131788	2
15.2269364659751112	16.0773952006376000	18.6324790433247358	18.6234650099142520	13.7019073906261522	15.3487018687228787	0
15.7341365413778469	15.8805571284921481	16.1430660655700251	19.1201813725252201	13.0148340161043574	16.7673314185785323	0
16.5967812352759694	15.1752715320790639	17.3805343018030740	14.1368058446901479	14.3776154105516483	15.0682971788366711	0
0.0384185642041252	-3.3801897781925221	-1.7677700665635880	0.9832482295187212	3.1384166064801322	1.7327944747159147	4
18.1695469092226389	14.3862547662315823	14.4573304216511573	16.6244299128321309	17.5181583076634944	16.7663536366136583	0
15.1111238042073737	15.8301694422028643	23.6147091699653728	16.8313285471841532	17.0772488618786120	18.8678480822428867	2
14.9133718998332228	14.3056575877630792	16.0424660669711407	15.8364572661505054	20.4826420821868993	14.7392302182800456	0
15.0553533039516427	15.9836765284466544	15.3165431622216985	13.7543321376410681	17.1312710268900084	18.0478509504770663	0
16.2388432118800701	15.1683824911280620	15.8714155515108111	18.9127122246839292	16.5010825129509691	15.6276751011728692	0
5.4671369555204778	10.5286863059058664	8.0001659111764916	11.8517849666548400	9.3110161675221388	10.0079017197143951	3
-2.0441953899701204	-2.1055507998517915	-2.9747575242052187	-1.7563571605530415	1.2778346506865772	0.6620042993317362	4
9.7122952002025116	11.8890674912937993	9.5214121599558190	8.5110893760544819	11.8258010297876996	11.6641578995622925	1
G3
0	69	3.006103497062626	82	3.2729189795256635	77	3.41989392855437	
1	50	1.764023010431372	52	2.4950751332903183	74	2.617480400096658	
2	41	2.046915240111389	14	2.0521950049517477	62	2.425710661738747	
3	73	1.0927262740555748	80	1.5244123472190545	13	2.060575620028866	
4	58	2.224800593137353	16	2.8212282215313875	49	2.937001795817637	
5	69	2.920258499207773	86	3.6335939770975005	45	4.274137780326597	
6	7	2.520598433625866	1	2.693797500293279	35	2.804224148583749	
7	6	2.520598433625866	1	3.0706986549966837	74	3.207579016996346	
8	95	3.6736048483095147	92	3.948851181649622	24	4.113853847515875	
9	26	2.0383779759349356	65	2.5586578585709927	57	2.9480700513122717	
10	44	2.9038339161056417	6	3.169425351504349	15	3.503977599020496	
11	67	1.2210026189993708	31	2.519508635293473	59	2.6159755486258436	
12	70	1.9012766565293522	65	2.006289482095626	60	2.1082615296054494	
13	3	2.060575620028866	80	2.326135890188487	53	2.3618432413949138	
14	62	1.8820446641052226	2	2.0521950049517477	60	2.205217838864996	
15	50	1.8195653871706572	52	2.511854027039481	1	2.6847105175318347	
16	4	2.8212282215313875	97	3.365815060632728	53	3.6304640820669554	
17	30	4.8108471776920805	25	5.202974549353194	5	5.488500555419384	
18	79	1.5101313588494165	78	2.7297180167192385	1	3.282556790920034	
19	37	1.0403787908756745	43	3.0583668439003526	22	3.1747472567271315	
20	80	2.9002171272583137	31	3.08010215172675	97	3.504004275015855	
21	38	2.3480523293445015	45	3.1203988613871796	47	3.198530789665026	
22	19	3.1747472567271315	37	3.252844972993587	94	3.7232944268327826	
23	74	3.3427555172680976	1	3.545151775025646	50	3.560908287511265	
24	27	2.926263476066714	95	3.418039540876013	87	3.615865336727731	
25	21	4.106134904169587	75	4.163269549772139	66	4.195457882802346	
26	9	2.0383779759349356	91	2.639137697576823	62	3.2100099497812122	
27	87	2.6863278444476615	38	2.900296621130811	24	2.926263476066714	
28	49	2.5637962428683947	13	3.212482883480594	3	3.3797365287755574	
29	43	3.5700508966354922	37	3.748357577143914	19	3.751512437211925	
30	93	4.155828078203243	55	4.322337494832031	75	4.4945793131183525	
31	97	2.2630588288871913	11	2.519508635293473	59	2.625859736572741	
32	11	3.2859938284468826	3	3.4479120660560665	73	3.460299928855132	
33	42	2.062333091446762	35	2.8940852605573655	79	3.5062003412441594	
34	81	3.2179705122323123	32	3.5099269432592886	28	3.6289867052703655	
35	6	2.804224148583749	33	2.8940852605573655	1	3.0131717860488147	
36	84	2.3808358139243615	15	2.941058362936809	52	3.119219716070897	
37	19	1.0403787908756745	43	3.2247915755020746	22	3.252844972993587	
38	21	2.3480523293445015	27	2.900296621130811	66	3.0369121066990252	
39	62	2.4016691656798175	76	2.5548100285835718	14	2.9571718159845637	
40	98	2.9423066905515083	70	3.003493451143861	12	3.2745580782691355	
41	2	2.046915240111389	70	2.069490135920473	14	2.219213030158058	
42	33	2.062333091446762	35	3.8300945256789527	74	3.9586405682837755	
43	96	2.9576779853967823	19	3.0583668439003526	83	3.160821270904695	
44	10	2.9038339161056417	50	3.2526922052418685	15	3.6280008287520182	
45	69	2.7168772020202496	86	2.7637402975184027	66	2.989715183163815	
46	96	3.799301437930687	51	4.312113854899231	89	5.303328777944345	
47	21	3.198530789665026	45	3.253674076250122	38	3.4967074665067654	
48	75	4.32608464086099	93	4.494543117933234	55	4.64186134013496	
49	28	2.5637962428683947	4	2.937001795817637	58	3.3459288983095927	
50	1	1.764023010431372	15	1.8195653871706572	52	2.776164553069934	
51	43	3.182545626843173	96	3.485789301362357	46	4.312113854899231	
52	1	2.4950751332903183	15	2.511854027039481	84	2.5278911983145473	
53	13	2.3618432413949138	4	2.9617178726106057	73	3.0375479950458657	
54	70	1.9494585731334388	71	2.1425102095887345	62	2.2026327499724587	
55	38	3.3719207000155373	27	3.3890630599936356	56	3.797369738330303	
56	93	3.758952351472343	55	3.797369738330303	75	4.615532568611005	
57	65	1.641484279799902	70	2.103148870722397	12	2.592543671162089	
58	4	2.224800593137353	49	3.3459288983095927	13	3.6924110757623234	
59	11	2.6159755486258436	31	2.625859736572741	67	3.446700897695867	
60	12	2.1082615296054494	70	2.1597079791151987	65	2.1932704037895805	
61	97	3.3389542541142543	32	3.6454063283465805	59	3.713102323933484	
62	70	1.7683739827136065	14	1.8820446641052226	65	2.158898303447652	
63	65	2.062957647717885	70	2.4975747922267324	60	2.6899043200024706	
64	78	2.2915753183112617	35	3.866935084787332	18	3.90055086486313	
65	70	1.6186369605162503	57	1.641484279799902	12	2.006289482095626	
66	86	2.153143994286575	72	2.193994078505102	45	2.989715183163815	
67	11	1.2210026189993708	73	2.9596757944782905	31	3.2250810751341583	
68	98	2.374650267150315	71	2.509192694697343	54	2.807233433252567	
69	45	2.7168772020202496	5	2.920258499207773	0	3.006103497062626	
70	65	1.6186369605162503	62	1.7683739827136065	98	1.8328507311532458	
71	54	2.1425102095887345	98	2.2070153264403554	62	2.225159637381953	
72	66	2.193994078505102	86	3.4772502157696237	38	3.6691746972170574	
73	3	1.0927262740555748	80	1.8099629568019684	13	2.3840155189701595	
74	1	2.617480400096658	52	3.091442279378601	84	3.201121320535134	
75	55	3.8199012983664025	25	4.163269549772139	38	4.262170047345553	
76	39	2.5548100285835718	62	2.999017360316061	14	3.0525290283131477	
77	83	2.433209089427601	82	3.1889232624448915	96	3.271708688171865	
78	64	2.2915753183112617	18	2.7297180167192385	79	3.253392605983535	
79	18	1.5101313588494165	78	3.253392605983535	1	3.3942116666792397	
80	3	1.5244123472190545	73	1.8099629568019684	13	2.326135890188487	
81	34	3.2179705122323123	58	4.843994040029045	32	5.194355243459802	
82	77	3.1889232624448915	0	3.2729189795256635	83	3.701650322199837	
83	77	2.433209089427601	43	3.160821270904695	19	3.233835844530106	
84	36	2.3808358139243615	52	2.5278911983145473	1	2.699651039993863	
85	87	3.114780935163601	75	4.323716994846653	29	4.3546279772686844	
86	66	2.153143994286575	45	2.7637402975184027	69	3.1717958601817124	
87	27	2.6863278444476615	38	3.0495663877798105	85	3.114780935163601	
88	89	3.037183050712279	77	4.145778878193287	96	4.179784965210926	
89	88	3.037183050712279	77	3.3696902190003217	96	3.7856973056514476	
90	43	3.9219797451378065	95	4.888376437833063	85	4.951162483850221	
91	26	2.639137697576823	62	2.690292340044985	9	3.02995769350335	
92	96	3.729107831301169	8	3.948851181649622	43	4.017230136048656	
93	56	3.758952351472343	55	3.894397860880888	30	4.155828078203243	
94	37	3.315601241125398	22	3.7232944268327826	19	3.803305691314498	
95	24	3.418039540876013	8	3.6736048483095147	87	4.38709905009327	
96	43	2.9576779853967823	77	3.271708688171865	83	3.2905539472910537	
97	31	2.2630588288871913	4	3.1614157204024935	11	3.2327136325258725	
98	70	1.8328507311532458	71	2.2070153264403554	12	2.235158143827761	
99	52	2.81529278941251	35	3.0506239221844096	50	3.578703075088203	
