13.6998183873664612	16.9748888933833015	17.0408446484288838	18.2345227640488616	16.5890000953981733	19.1149807851043718	0
10.7782235615899111	10.2647466925485791	11.9104140083504557	9.8368052412892766	10.8790470024848940	10.1772920859885208	1
10.6371740846653680	7.7742597327405853	8.0893710354558745	8.1109236784378798	11.1405184314094807	9.6004823015990119	4
8.5962369710384028	10.5289863925781084	7.0095916981991806	11.5097659467810498	6.5927313207129901	9.5667266181617556	3
7.3275981017647016	9.3645360103501929	6.4335586221882073	9.8124122910989708	9.4903414763856748	9.4449889559493307	3
24.3659544933232866	24.9950686696504043	28.5573035031594280	25.4604996133850321	25.3240215086275953	29.9648238273364633	2
8.9737590729874750	10.0635380875004312	10.9545775347039669	10.4919192305878610	9.9969099989035914	11.6085045901214130	1
9.2513437903066507	8.5404399126171562	10.8602480157328607	9.8679472900924470	10.0041835771938832	10.1215713518461214	1
16.1308881557276642	13.1898025197954887	14.9617463773660475	15.5405336947374852	18.1636573653146094	19.2155282053313812	0
7.6713266691965991	2.8377478708061648	7.7043323506077686	9.3229511924616144	12.5405074806138543	8.3703160076630923	4
10.0287265765159539	10.2124197035610287	11.5248739235216906	12.5283591557273173	11.9904466948980435	12.3456096904708854	1
7.5841620046669727	11.0751070471230566	7.1487272360573968	11.1482946017600764	8.0497904815930461	11.5309044575279209	3
7.2029939957286881	6.8184667607974472	6.5780523571664862	9.0591824959616805	11.1979913894693777	7.5653808396664814	4
7.9626673217411676	8.8068451931600826	5.9727809222109638	10.4132300105513895	6.9104043938108655	9.7558198657658544	3
8.8787706401819673	9.0464502187798281	8.2317753996169980	6.8813486869408464	8.4673032674167281	8.2377296096287989	4
11.0657579847190153	10.8180924732667751	12.3010313657942572	9.6237847031570087	13.1455571119442958	10.4305084512999553	1
5.4122449609324494	8.9248459893716099	7.4617415727192054	9.2756080346214045	9.9875567970430890	10.6658632121366566	3
29.1382833504021903	23.4166759125204287	29.2835413091712162	26.1634655371099143	26.6097893519043893	30.0205545524877238	2
10.4058408943530960	12.2125978619153681	13.0955839889486221	12.0620171255817219	9.9940270700544556	11.7993586250299245	1
14.2460638596778004	11.7545154532395433	15.8775099811225129	16.2010337828479223	17.7015698131699679	15.5132066721498063	0
6.6759293788417464	9.8469228453537863	5.9286871409662503	13.0889588658465765	8.1532499929744127	10.9975042535741103	3
24.7709437751562227	26.5864117314804993	28.5853260829391616	24.3885035290288847	29.9274570397020838	27.4714302573877127	2
12.9105631399068734	14.0182446431684422	17.4689855263695080	17.0454551518766877	19.0684262651848471	16.8140860072652991	0
12.1628815823581995	8.7087377218869246	10.5492770715827930	10.2507692396457237	10.5912742720551343	12.1251282751581826	1
24.8665234495123748	24.1094235492997271	27.4930654082479791	22.3646513146827672	26.0760380182640112	29.8881221988839627	2
25.7409517160718480	25.3811624176743464	29.5040704856475919	27.0017412808570079	30.3889725933267059	29.3323394202378438	2
10.4175512567534838	3.7794822465528264	7.6289866399565405	7.3504498012604689	11.9539149853973115	11.1011920846683125	4
24.9371132280623407	26.0925009758721167	26.6913800277708937	25.9117890094623036	27.9822423704212291	30.2512888124095838	2
8.9731641554902986	11.5215298768479286	5.0375520783419887	9.8994662017544410	7.8683290140974762	8.8637493297410472	3
14.4567588599197627	12.4122981677555568	19.3838013071713249	16.7800397670713295	17.0107434920660836	13.6936564297567873	0
25.2229996154391856	21.3964096517562403	30.3068356072119052	25.4742601322836641	26.9271801729274820	29.6407393273727493	2
6.6207719253357551	11.4184609259513685	7.4962473998309225	12.2522856386116299	9.6153040456797978	11.4986205084158701	3
5.9318352815265394	12.4751610716893335	6.5900973371329830	12.3051853621320042	6.3733850870558921	9.8068233437047834	3
11.2167902488700726	12.9388319226522164	10.8934482719529750	9.9714962338854498	8.6539266524693783	10.6724521520432631	1
8.3233966454725685	13.1297727728200488	5.5200192939658486	12.5870242662481981	7.7895681235336625	8.5808055321147396	3
8.7048128704255774	12.1546161956426779	10.2247377089532741	10.1352838484484735	9.6929575883558936	10.0942797620299007	1
8.8185605064404466	10.1834578469029804	14.1803033842078676	8.8383966338609454	12.4713068207723214	9.7045601416891181	1
13.5732531380216894	12.0865115232680544	16.1946993624291977	16.9511875142570787	18.4719753819800800	14.6733016915707477	0
22.3570188752504642	24.6970722170211161	28.6189232214999407	24.9305850179407962	28.5764218933839764	28.8621255090621105	2
9.1653794359063951	6.6279103846542480	7.1724717348177851	9.7030164910337593	9.9582493522609212	8.7390849617226039	4
4.2618752806672600	8.1305966282499522	7.8290956330390307	8.3193788587989541	11.4523769728541804	9.0916402583096723	4
8.5007371907424769	8.7520740651317332	7.0756198953616831	7.8495035790494372	11.6417664386406212	9.8599260043673098	4
11.0431385455241049	13.2052580901064278	10.8630769108594034	8.2796946964429932	7.6172347365399276	10.4473881865922156	1
16.0374142829504009	14.2252050015919682	16.5150567186586770	16.7980124839872644	16.9336017736494284	14.2799424885181061	0
11.2813291471865469	11.1647573942412812	9.2329401639066297	11.5650196306275959	12.9349161261469270	11.4559694989845742	1
21.9967722666571781	28.8675811589893101	29.5100727602979376	26.1026402040714309	26.7100833251707286	29.9660422182067059	2
15.0066999009160380	17.6378868115944556	13.8095523115324124	18.7401125449938881	16.5198235909643678	14.3752833526095358	0
20.2572464216898567	25.5573568256127004	30.1560021920816901	24.7245404219217484	26.7634920390690176	26.3047346768291455	2
26.3744355300374629	25.1519031787313310	33.9398265993506953	23.5933072802497570	27.3955751056150163	25.5132065298270057	2
9.5778728547037950	10.4944968068875344	6.8258742523533709	9.3217327755366721	8.7336111490730701	9.4427070105996176	3
11.3345003825049169	11.3206572843265274	11.6175197509284516	10.2093937159834471	11.7087440338658784	10.5721829657752391	1
16.3858201885952823	15.0644773930496676	15.5251118343656902	18.1068397817520363	16.3675152386815306	12.5132387964804561	0
9.7160115335358892	9.8581953682858838	11.0098335125544189	8.5114781449709138	12.1868603432998981	10.4191744490661620	1
6.0942501656910393	9.3009342664235071	6.1862777770069313	9.5690844040134238	6.4813004696694589	10.0283927663048527	3
8.8278381575146216	6.8081246445886885	4.3157013922821132	7.0992999373610433	10.2526103540029272	9.9197048281267293	4
23.2387807409691796	25.9195300543442926	29.1365097536684843	22.7095552526039661	27.2115871658702666	30.6488208231953614	2
22.3599470202052117	23.7197167774407376	31.7768145916017595	22.9801638721991246	27.5604972258489518	26.8701981009673538	2
7.0276517807972798	7.6927216440593362	9.1860674367672530	9.8889423052985901	10.3747778387886598	8.5792083678330204	4
7.4592024894347375	9.7054927447850723	5.7357056102697683	11.2460774443197860	10.1581534364439392	8.2409791541667659	3
7.0182815678622941	13.3622332789142089	6.2959609166511612	10.5028189160366701	9.0766658489643248	11.3459538733859766	3
8.2373271382351216	7.1841967925929566	8.5235163724542815	7.6913278404594108	9.7049874365033943	9.0577251463153541	4
4.4998232936161333	12.2074264678097855	7.3002567942159979	9.2492271614164583	8.8244989221810446	8.9867569827768961	3
9.6947041910579372	6.5090665244646431	7.1777642218686690	7.5741663263256944	9.5541995711560315	10.2671715809932316	4
8.2944150913446428	6.6229809472292587	8.0904091771813089	8.2338909550880768	10.9787389815161713	11.2453548380801998	4
7.8291325490862080	14.1515014973269260	13.0277965268431402	10.4758709997976744	10.7508845436496667	10.0201205872079733	1
8.5469011154564249	5.1778430353908842	6.5379752041956776	7.4605387949325177	9.7474292621533394	8.5059194894935413	4
22.1963218818969850	25.0576055958969732	30.4950512037427188	26.8823395980296596	30.7807381073896167	30.6177250626569482	2
7.6323548308966744	11.2946097918791963	8.3274665788297142	11.0885639725628646	7.6260146763569825	12.5451411003537405	3
7.1356368856164440	5.4318871485037263	4.5735540014287945	7.2786415792374139	9.3648654868566865	10.2242952700436724	4
23.6028638210972375	25.3507750407067967	29.6282413349568223	28.4771864253284299	25.8671324354444252	27.2371495523840217	2
6.3599162628628125	7.7174273845334236	6.4240507028021128	6.9067671469636132	11.0574139516914265	8.9510735250195665	4
9.3274056295916878	5.9931368587960430	4.7602251832211824	8.0057719226512045	10.7876717390565862	9.4293323598944365	4
23.5911212567187611	27.2652295205516708	29.9806298850626192	25.6280133541258870	30.2415594164728070	29.8671731197369716	2
8.2201457188103078	9.7067046483693726	8.1353571286434985	11.0553687795146391	6.8665586760786752	9.7319064423786177	3
11.2813528418149502	9.8222843421804740	11.5029947790012717	8.4606011074428356	9.4189186773639157	10.4330485144635823	1
24.8629407511996128	22.3558134512392215	30.8150170100878356	23.2211246488861143	28.0043073068658686	27.8181943233663205	2
7.9231846943944380	9.0825170419608430	5.9565678906246653	10.4277674761802572	9.7432438883616754	10.3773736274341530	4
14.4885196055403327	13.8947562112794838	16.5312493297548251	18.2105536324879651	15.4841624026948033	17.7639387487607081	0
8.4260756781220056	12.9162537210123496	14.4466637972745549	11.9919032418898031	10.1038481084757716	10.7747366947704020	1
10.0015330151046520	12.1128449467742367	12.6255691617861547	12.5091688262863467	9.0068218829334423	10.8441951794039557	1
8.4635879768270215	9.1662244383222795	7.4083397614241377	12.5668389838337848	6.9167004106937791	9.7544839915044790	3
7.4882245596785371	12.4236416853106686	5.5999549150516543	14.1036041743613456	9.2490391461979762	6.2580784356682511	3
14.2115048556388874	14.8661420555162866	17.5314035100206524	20.5871191770271089	17.5607591634401103	17.5557224208066174	0
15.5787673141999843	12.7063707827074932	17.2878219914015894	17.9387383432806580	16.1179712768202137	16.9814821602935204	0
9.4660560243530618	11.0292975525291990	13.4138443487795858	8.1920497820820604	10.6850817942371563	10.4478658367869084	1
14.9750857416310517	14.2674156840193280	19.5398589720824702	14.0798600644548682	18.4037799035098928	16.0647832617938846	0
21.2319941739484186	25.1983715415527421	30.8591436920207514	29.0078036865889857	26.8781416231407206	31.0699737687845214	2
25.4981417192425006	25.2410268064121546	28.5225441046295884	24.5885255710019663	27.6888689959858389	27.7456342611493625	2
15.0708660366879101	15.8037681132922572	18.7610295690392874	18.6584564476932790	13.7788327177527705	15.1602700703798003	0
15.9590430748840948	15.7041093709237423	16.1642326232245424	18.8520110975347954	13.2807000201703467	16.7536762383063653	0
16.5610456146805944	15.3622509273068921	17.1494604637446351	14.1418339729827984	14.4525640025530553	14.9006623629283244	0
8.2008543446164044	4.2812565482317666	6.1642217385969058	10.4734864106394667	11.7647082855346579	11.9537786403149937	4
18.2491386451587836	14.1267641551789236	14.5985007328147667	16.7713682567672997	17.7278977417237371	16.7990721287776488	0
24.4006692206758586	25.4600655095181310	31.7695126602156712	24.9653506919848382	27.3979177982133990	26.7288913840433260	2
14.7809306941900154	14.4612484245092823	16.1070553509236518	16.0281091645726370	20.7087309789279814	14.8781267791152665	0
15.1652976672709610	15.9327202829854109	15.0987264817724327	14.0052603944049618	17.1325095965184175	18.0508718736270772	0
16.1964568108492202	15.1832663029875157	15.6777048729099189	18.7925091839481091	16.4056434604554653	15.5832930903561717	0
5.3054167862311425	10.6659037802219157	7.7289127503353923	11.8082207220002964	9.5627933172558279	10.0362763086528730	3
5.5558879197089333	6.9556300801971815	6.7448595624699870	6.5598319496927067	9.7423086862179300	9.3149771829690611	4
9.6873409869392741	12.0781664151578880	9.3793904141507802	8.5664138013302615	11.8417389265343527	11.4450103226009361	1
G3
0	77	3.6627189040630794	82	3.7228478991258576	22	4.73323635325364	
1	50	1.57903016679322	74	2.1693838588639545	52	2.372761750666934	
2	62	2.563002324209649	41	2.633453229584738	60	2.9710801146149226	
3	73	1.5471529600332201	80	1.8142017874893475	13	2.4044169550127608	
4	76	1.4048989484154293	58	2.1381249318501374	16	2.635333182483117	
5	24	3.5104455473504586	27	3.516264045798249	87	3.552632296634183	
6	7	2.237441334722735	1	2.732381675713347	35	2.736797138838803	
7	6	2.237441334722735	1	2.6789746097436122	74	2.932125781088491	
8	92	3.61122275399811	95	3.6402583142972498	19	4.561601097823938	
9	65	4.346414517787705	91	4.41620398951776	12	4.455761326946268	
10	6	3.1819742607601555	44	3.2156532544872976	18	3.3334088284435377	
11	67	1.6284225773653342	31	2.1994212369275417	3	2.7301244881880993	
12	39	2.7513027174415794	70	2.8487584743331142	57	3.1608285775651863	
13	53	2.179838424564462	3	2.4044169550127608	73	2.442870137789189	
14	60	2.6124454820139102	49	3.4699431966692527	62	3.7409861943210343	
15	50	1.794275173609734	1	2.405829144197185	52	2.5625892499663205	
16	4	2.635333182483117	40	2.7617714871187538	76	3.172634983066315	
17	30	4.601962009685773	87	5.09687307388792	5	5.286240035904361	
18	79	1.5751778870450912	78	2.703117689824314	10	3.3334088284435377	
19	37	1.5890879456171494	43	3.4909609066570257	83	3.514874308567916	
20	11	2.8077069298084965	31	2.8317417063863877	80	3.032360281045265	
21	87	2.733000568186595	72	3.34279467483335	38	3.6675533508375278	
22	37	3.2775224846876534	94	3.6087271282348623	19	3.703303590361136	
23	1	3.199903227918619	74	3.2200791853501656	50	3.508784885306424	
24	55	3.2579186901098254	5	3.5104455473504586	87	3.8569922206849974	
25	72	3.2547649470873834	21	3.707104484307714	66	3.933330102023688	
26	63	3.8155369485522743	62	3.831581035901237	91	4.222217372426769	
27	5	3.516264045798249	87	3.5367106045301075	38	3.945265050156275	
28	49	2.45687745255231	3	3.119382750652398	34	3.2481758671898144	
29	37	3.7658047664176655	43	3.790092805541709	19	4.110279962004667	
30	75	3.296488895059264	5	4.406934702198436	17	4.601962009685773	
31	97	2.1654182391002137	11	2.1994212369275417	20	2.8317417063863877	
32	34	3.2986779912961945	3	3.4352669500065027	11	3.4818944844709714	
33	42	2.0222849936506617	35	2.9686517906889267	79	3.428288246762473	
34	28	3.2481758671898144	32	3.2986779912961945	81	3.3207912727859217	
35	6	2.736797138838803	33	2.9686517906889267	99	3.25405986865873	
36	84	2.425494209622085	15	3.2531169295490687	52	3.414901512243892	
37	19	1.5890879456171494	22	3.2775224846876534	94	3.605917977320589	
38	87	3.5104324189653036	55	3.539467497751064	21	3.6675533508375278	
39	60	2.684887640072994	62	2.706408050409729	12	2.7513027174415794	
40	16	2.7617714871187538	70	2.952602696929959	98	3.2094861283368004	
41	2	2.633453229584738	63	2.8481881463375003	70	2.8520839837241008	
42	33	2.0222849936506617	35	3.854298160236935	74	3.8974029925633054	
43	51	2.638272255093259	96	2.756776007300555	19	3.4909609066570257	
44	50	3.136183990052382	10	3.2156532544872976	99	3.6855603892885336	
45	72	4.247031034939659	55	4.754351469898411	5	4.883713755181286	
46	96	3.522179350211501	51	3.9190554264486326	43	4.896996863632624	
47	56	3.797778204041769	38	4.169072154247331	93	4.518985357846483	
48	93	3.472949515491965	56	5.0090385402796915	75	5.068452696048747	
49	28	2.45687745255231	4	2.7033075669705	76	2.9331972362711087	
50	1	1.57903016679322	15	1.794275173609734	52	2.874457804914637	
51	43	2.638272255093259	96	3.1575439168942783	46	3.9190554264486326	
52	1	2.372761750666934	15	2.5625892499663205	50	2.874457804914637	
53	13	2.179838424564462	73	3.3058071775820155	4	3.322685115431771	
54	71	1.5683817948290422	68	2.3952228433384515	62	3.1410674894272783	
55	24	3.2579186901098254	38	3.539467497751064	5	3.7495440092461965	
56	75	3.1943686089779018	93	3.3437674104112243	47	3.797778204041769	
57	60	2.769114070262633	12	3.1608285775651863	39	3.160995904814873	
58	4	2.1381249318501374	76	2.461325017580156	97	3.66437000377809	
59	11	2.78992760909088	31	2.958213065273989	67	3.558750372410322	
60	62	2.426936769454135	14	2.6124454820139102	63	2.6848362151430942	
61	97	3.37698630034295	16	3.9757669109650204	59	3.98568833135012	
62	60	2.426936769454135	63	2.4956158508186754	2	2.563002324209649	
63	62	2.4956158508186754	60	2.6848362151430942	41	2.8481881463375003	
64	78	2.6798913926860446	35	3.721856298062209	18	4.08139058494872	
65	62	2.5789912222693645	71	2.581929773576475	39	2.831132999875154	
66	72	3.0840029487224982	38	3.9276137477505673	25	3.933330102023688	
67	11	1.6284225773653342	31	2.85241828315055	73	3.37579790443426	
68	54	2.3952228433384515	71	2.8876910829600377	65	3.007891747078233	
69	5	4.323345693608342	93	4.490890909506408	86	4.811819411857804	
70	98	1.8198919738766586	12	2.8487584743331142	41	2.8520839837241008	
71	54	1.5683817948290422	65	2.581929773576475	68	2.8876910829600377	
72	66	3.0840029487224982	25	3.2547649470873834	21	3.34279467483335	
73	3	1.5471529600332201	80	1.7797481171499239	13	2.442870137789189	
74	1	2.1693838588639545	7	2.932125781088491	84	3.1747500546798304	
75	56	3.1943686089779018	30	3.296488895059264	93	3.9188967037445517	
76	4	1.4048989484154293	58	2.461325017580156	13	2.9136466372768095	
77	83	2.0642523437394487	96	3.353932167580016	89	3.4435800969008956	
78	64	2.6798913926860446	18	2.703117689824314	79	2.8142089218812814	
79	18	1.5751778870450912	78	2.8142089218812814	33	3.428288246762473	
80	73	1.7797481171499239	3	1.8142017874893475	13	2.660634728702749	
81	34	3.3207912727859217	58	4.509040614115958	32	5.244298881898358	
82	77	3.4676083902028267	0	3.7228478991258576	96	3.990262581361735	
83	77	2.0642523437394487	96	3.446105262004876	19	3.514874308567916	
84	36	2.425494209622085	1	2.7171083211793032	52	3.0937715927926104	
85	22	4.2907831711456765	29	4.311408247181793	94	4.730331451308424	
86	66	4.586359353846515	69	4.811819411857804	45	5.055181544378693	
87	21	2.733000568186595	38	3.5104324189653036	27	3.5367106045301075	
88	89	3.2197340723675683	96	4.27269488247586	77	4.340879009647164	
89	88	3.2197340723675683	96	3.4209590367286804	77	3.4435800969008956	
90	43	3.9453335964085636	95	4.85835755925383	88	5.092535337754052	
91	63	3.916379023754902	26	4.222217372426769	9	4.41620398951776	
92	8	3.61122275399811	96	3.7156246822505885	43	3.9436318598064073	
93	56	3.3437674104112243	48	3.472949515491965	87	3.61325953800278	
94	37	3.605917977320589	22	3.6087271282348623	43	4.123482594326101	
95	8	3.6402583142972498	92	4.753379940974742	90	4.85835755925383	
96	43	2.756776007300555	51	3.1575439168942783	77	3.353932167580016	
97	31	2.1654182391002137	16	3.1788371514142075	20	3.215728303360972	
98	70	1.8198919738766586	40	3.2094861283368004	68	3.3193338476765644	
99	52	2.960051368541589	35	3.25405986865873	50	3.4314829625237735	
