22.4711085887987245	25.1137959892551983	25.1767089668909847	26.8697418296563022	25.4072391307452996	27.3160651642362637	0
10.6696325984517646	10.1956733524212364	12.0393329219145411	10.0096290557653109	10.6160981225342219	10.1643346668559680	1
10.3869008992308363	7.8824689650118014	8.1442881615064557	8.3780242660522717	11.3564927414700954	9.8977918488621679	4
16.1416809367723211	20.1919730671733966	16.5879502724675341	20.1231000438440191	16.9469365024662970	19.0487293811268046	3
15.7857614356067888	16.9693982968430355	16.3503719844305522	20.1325705098073264	19.5080902562725669	19.8338629476340280	3
24.5217299490655911	24.8389306552464504	28.5936935959420708	25.4770599999382235	25.5437994162465252	29.7503430434178782	2
9.2049497088616530	10.2450494953270219	10.9918302302686950	10.4459170294303654	9.7553709457490569	11.7950295572188431	1
9.3520319080999350	8.5935784905252905	11.1540693227387298	10.0245583148583606	9.7738763637010120	9.9298541473460595	1
26.0726377016272899	20.7525895208373150	24.2602016245800485	25.1521926056754772	27.3838790456976326	28.7175710938313387	0
7.9443337553486568	2.5575139098775450	7.7335930172380083	9.4022808479501396	12.5886326609510277	8.0878236959092273	4
9.9526832448049642	10.3474480010008403	11.3709151775800343	12.3845533431261945	12.1833137055266700	12.1102578558733995	1
16.5796699684795747	18.6147716911258883	17.3590405122255902	19.6053712202938257	17.7051533278956157	19.1004953048722861	3
7.2714638279597876	6.7141767226312856	6.6919583156775948	9.0377183795372069	11.1611609995740295	7.7508669291309245	4
16.4393381912145351	16.9923804901960445	15.7328486256044240	19.5979036128611703	17.0133962496075029	18.3428922842304623	3
8.8770125026717022	9.0098726620453089	8.1110997293295686	7.0219013777009849	8.3244723317663478	7.9459147714329941	4
11.2132133717980178	11.0226585060138955	12.0336068243061796	9.8500090089703036	13.4131883190604100	10.6365039431745476	1
13.9111304727492193	17.5124829418854979	16.4828969233405829	18.3747407877925717	18.0594315934103946	18.5021504607122118	3
29.1999031055994038	23.5141286406027277	29.2238111504485261	25.9724939703000537	26.8552963414859072	30.1320427488877804	2
10.6322804573044571	12.1675724405536254	13.1662830463061891	12.3579238569542849	10.1547450697456583	12.0012554782674883	1
24.2231896207766724	22.2349168224983949	24.9642498885729154	24.8716590507437125	25.8312469461799417	23.6187481139514226	0
14.6838599392648614	17.5032580832381228	14.4315776072981610	21.0223325944519530	17.0589603643846566	21.0292629164302411	3
24.9582250508430903	26.4257983055502379	28.3742189083112315	24.2556481264242798	29.9865605908870982	27.3668657993991467	2
22.4279411303987217	22.8231925473101604	26.9091035255260316	26.7791735183900883	28.5204204121885461	25.6954558121047043	0
11.9528119126707661	8.6302858537223575	10.5117685103154042	10.4735096799799905	10.4189461837513857	11.9748989800837418	1
25.0325814739187322	23.8588604871977878	27.2149399585673066	22.6064793851882726	25.8593790151093437	29.6378323689216572	2
25.5258619739708479	25.5798019173923983	29.4877229412134696	27.0587160263941406	30.2528654045631349	29.5523295313939336	2
10.6519003743222349	3.8146900194756550	7.3466237042943296	7.2134005994314503	11.6810298698754629	11.0128791428217774	4
24.7791428695111833	26.1692441188398632	26.5636857935751358	26.1333229587983276	27.6829132757174037	30.4204461983767054	2
17.3701856171789650	20.1926498934822547	14.5776981892520805	17.8634306198821697	18.0580897566277478	16.9116239132037087	3
24.5878769841239020	20.3381660393214325	27.6632850036429616	26.1213256514818717	25.1137179767826844	23.2089225227040714	0
25.0706237162640058	21.3977503020053312	30.2030066507567909	25.3903685459758677	26.7213119035910722	29.8875916804454675	2
15.8061214994081212	18.9855024743287260	16.1544947425993293	21.6936040880559666	19.0628864985482807	21.6849882006316186	3
15.6665728398662072	22.9456928497001265	16.6135707657294027	19.8903095842123854	16.6299234094626947	17.7081667280063897	3
11.4826393621644378	13.0565288583125145	10.8602854056307567	9.7529268389481558	8.9286823302003118	10.4367780379543689	1
16.2847122018726402	20.6611113600608185	15.5356353483483662	20.1184488853933203	15.5640715703671333	19.0036172603397304	3
8.6723726882843444	12.1688236245853343	10.1149876858548442	9.8850562075887431	9.4569207733941294	10.3275386178667805	1
8.5885445479145428	9.9234735197559445	14.0001994967391123	8.7758045399933575	12.3759936205212853	9.9346742787660194	1
21.8078015249145700	20.1529408393050318	25.0163644457083301	25.1859705089359522	27.0615520735823019	23.2544673736262446	0
22.5393558763739605	24.6766537906040604	28.7384224247374291	25.0417761577996316	28.7964530444683433	28.7862596036635239	2
9.3864025033607650	6.5005384729130933	7.2829079517515192	9.9558462310615532	9.9115656661251599	8.9811967083494118	4
4.4568650684323456	8.1150877840468620	7.7097724680070039	8.2880642046781841	11.4792948746484527	9.1359021520057162	4
8.5372599229779542	8.4668409567222618	6.7903196448921150	7.9505403780944830	11.8250073103149358	10.0171479296375416	4
11.2823805702753219	13.3411575314469033	11.1240992948811073	8.3908321768685035	7.6973313608065110	10.5593996791124205	1
24.0294118983157503	22.6346374972034141	26.3651873243539256	24.9675938579835552	27.2174623941981402	24.6002786971566181	0
11.2475370537168526	11.4336538113807507	9.0953863921695497	11.5507417057767903	13.1086265294481858	11.6545483280326270	1
21.7991366889938796	28.6212119712444597	29.2980359995948589	25.8837173580728681	26.5619291319501087	30.1717830490708181	2
23.3392392680811760	25.7959175754647134	21.3485245114466409	28.8630550897981912	26.4330224220535186	24.3726533037255564	0
20.4411820585472448	25.3307856734664583	29.9464998621113558	24.8011870973156903	26.7678320481802388	26.4145801057742098	2
26.2107777973963678	25.2449120396993827	33.7745782505169529	23.8038972317521171	27.4449006894817984	25.4939011397849313	2
18.3738387048904528	18.3676048262942651	16.6850327424953591	18.8338247091487894	18.0703338740849198	17.6431926889403954	3
11.3435241398008451	11.2345776663628545	11.7873803524226872	10.2751170644134451	11.9027774931342361	10.6712461779398602	1
24.9979804886289578	24.3675993506472715	23.5939528068130251	27.2111997552372173	23.8737577910524621	20.1803534449834459	0
9.6902481345557465	9.9079761693930095	11.1581727438251619	8.7669033654648612	11.9935915155935220	10.1584500438429348	1
16.0339752792694412	18.1957333965297998	14.8170353451206616	19.9176653753416382	16.6892608496491199	19.6050103933825497	3
8.7096235244686824	6.8326099837800491	4.0508587270913790	6.8702999659036763	10.0030001331042104	9.6817220155213466	4
23.5106514781438989	26.0704124014719198	28.9496340509706940	22.8788361688388058	27.2738537482777765	30.4507718055656689	2
22.2541126516077163	23.6858577376641541	31.5894258633121794	22.9231090985797579	27.3895544830773368	26.8918633327535552	2
6.8913001355321990	7.9327355811099309	9.4354682320023056	9.9586773069955807	10.6232032139452972	8.7210258623353099	4
16.6555387737280611	17.9683697206003608	14.2058680491067513	19.0231167190572634	19.7621795193900383	17.5515916924734761	3
14.5934782478065674	22.6135561751848471	15.2045807031622342	19.0000277892067153	17.6905608051608745	21.0811759995894263	3
8.0205112790249071	7.4550426479588365	8.3895577755110438	7.4308474262694633	9.9955384703747150	9.0234369413551843	4
14.6262563513946606	20.0222674767674036	15.8356193811540624	18.2272431792791068	17.3431516218619990	19.3566206252228774	3
9.6855989163726175	6.6368703413490016	7.1578079446505729	7.3307866333848191	9.7925022835689344	10.5159667624278335	4
8.2623770773062972	6.3810742184541125	8.3095885753255274	8.0222187883042704	10.7728725154702865	11.3742282716666612	4
7.8697171546912159	14.1549057850964441	12.8883454580423429	10.4496519898080749	10.6698948290716977	10.2841559881732891	1
8.5750327500291945	5.1954187256161859	6.5278940054919721	7.7582748851856724	9.6833783846989494	8.3680246299204875	4
22.3890740069354166	24.9066244750440866	30.4537157625581258	26.7771650459154564	30.7757794436699328	30.6615182553519929	2
17.3148931571730529	18.9490344585229629	15.9041416771614337	19.8679368093343989	16.8533530533969156	21.0444803983760984	3
7.3516675105113078	5.1728671197647937	4.7480432632856511	7.5302716542346921	9.1873392701738243	10.4247120965311453	4
23.8715567809066691	25.1519841428127471	29.7510191353530971	28.6400684197221977	26.0502331269369485	27.1383416823498891	2
6.3703771141633725	7.4917625053987189	6.5591639443504119	6.6352360738985592	11.0109619928089995	9.2055638538786688	4
9.5015946675158958	5.8141945443365461	4.8207101825731291	8.1799024608824027	10.9203612576370475	9.3993885829717936	4
23.4002662374470312	27.3009448085704207	29.9123971880393782	25.8986078133212096	30.0550630482518493	29.6102720388763352	2
17.1363409879547710	17.9112047788067237	16.9728865246693701	20.5866643884510339	14.8012878457372352	17.4612686807134807	3
11.0251042918022595	9.8044544668007401	11.3364599158445714	8.7038324058250609	9.6401902084496776	10.5531418878089909	1
24.7226717753989149	22.6210383474898578	30.8198364969220826	23.0226035809223539	27.9102920111091137	27.8392730943105988	2
8.1798577417650993	8.8500352182753890	5.7990948499652495	10.6238617169003611	9.9957102311207393	10.3600539962651883	4
24.2929688466474971	22.2775741098481213	26.2669988329891275	25.9738247927173695	23.5188226233158311	25.6920507435507730	0
8.3132858693954255	12.8218044434715477	14.6388937975582234	11.8950437973478511	10.3659502305729117	10.4990446939381279	1
9.7266295008190724	12.0257313397516850	12.8780726454078014	12.2410286529412335	8.9863335907253319	10.6562397085720679	1
18.4171538114642139	17.9005620031276571	15.2121082737404034	21.9549418839380088	15.9376253657328721	19.1357155096215443	3
15.9240455980771696	20.5257469865679063	13.8992061346733511	23.3837823620233571	19.2900141237904421	14.6005170559813635	3
23.6146000687446360	22.9690256728773043	26.1775727385550212	28.9616779146496413	25.9311647377821330	27.6027564081852148	0
24.9814125981756199	21.5035424821578474	27.5047375430423280	26.6351580141159161	25.2042682592635749	26.5628632349359179	0
9.7463641440105260	11.0331814201485336	13.2554611240095959	8.3516539733675277	10.5918152385148030	10.3544909024792791	1
23.1900020746550943	24.4251929769000498	28.7594808364357952	23.2529891348811617	26.4294322646396189	24.4186085885510558	0
20.9840712849180875	25.4623522616568678	30.8791410199330052	29.2927412561472309	26.8687595470998382	30.9074911377544908	2
25.3270403151524803	25.2845152025795485	28.7869560432415419	24.4705150552769410	27.5439513085929022	27.6845259588603732	2
24.1428335250989292	24.2209122729066380	26.4221912537023265	27.1319887904598467	24.1508505791896866	23.7991183564202906	0
23.7912080929688763	25.5008154017282038	25.5148840987475829	28.2224598085277272	22.5739172272672519	25.2667477206374151	0
25.0387089083660506	23.6983817289590171	24.8208590008519465	24.4598149385568426	22.9125251243700525	23.1244838799114696	0
7.9620209165641675	4.1160283576516630	6.2632047705905975	10.6754416865357840	12.0368286560661257	12.2482800061444284	4
26.7235578151247495	22.2099521140765290	23.7966293585272624	26.6210051819487177	27.7269205147078104	26.6002677163769938	0
24.2934045413693376	25.6574919671020822	31.9008892326686251	25.2587333569350534	27.6398440675259565	26.4544372106414940	2
22.4389415705385353	23.8427255385236414	23.6912508705405855	24.1688520803212050	29.3057925412913640	24.9933353867012897	0
22.8749799562611074	23.4575281002013547	22.8594584304799362	24.0609023570899545	27.1131482813439675	27.6447644624788325	0
24.7206430001297690	24.2711922984473105	25.5399539535812501	28.8315249573728458	24.7290972935265927	23.6594474038087270	0
14.2485087813351683	19.7050462360521728	16.9213694527925291	20.5348693335238508	17.3686932836578194	20.2434096550778833	3
5.7575893476909892	6.7998662977810653	6.6857991736630051	6.4052103412509975	9.5672559499160936	9.6128646175667729	4
9.7751039237268902	12.1838558708181832	9.4688529727024857	8.6878288048983112	11.5598108742053931	11.3115500842211798	1
G3
0	82	3.4120708168086655	89	4.008000757244993	88	4.377137447038511	
1	50	1.8920673999186304	74	1.89264761821494	52	2.2935336654901173	
2	41	2.452016998190191	62	2.6346530428354873	39	3.011675256203836	
3	34	1.8061803723105614	11	2.029678381003294	97	2.3889454966928807	
4	11	2.901948538855414	13	3.0889134419871103	31	3.188284084133286	
5	87	3.1883791012072056	27	3.3782324393000036	24	3.387469646829337	
6	7	2.5361538010524054	1	2.614452170881788	35	2.7038056614484485	
7	1	2.418886655801286	6	2.5361538010524054	74	2.53955403206764	
8	92	3.085541021286293	95	4.6817638654837515	83	4.886140751438434	
9	65	4.4756903070275555	12	4.593443537227427	26	4.819962961695922	
10	50	3.081242812544488	44	3.1294787976029146	6	3.235101539956032	
11	3	2.029678381003294	13	2.519700820749468	49	2.566474459646686	
12	65	2.8695880585318427	39	2.9641165614022524	70	3.056935618198261	
13	53	2.061878933393852	11	2.519700820749468	49	2.954776140632639	
14	60	2.710974463032228	62	4.006171053034698	2	4.288816237231768	
15	50	1.6080369544854405	52	2.7830258900634677	1	3.008579937769506	
16	61	2.914502265337474	13	3.1369720561058254	4	3.2846278996144873	
17	30	4.785959416794457	5	5.1135727492694825	87	5.200452087992972	
18	79	2.0276353424131006	78	3.238802347657728	10	3.3355258189198107	
19	43	2.248143937521133	90	3.4293165450942005	37	3.452040328896387	
20	53	2.4158588129403693	31	3.364708593185958	97	3.49107224143064	
21	87	2.778906195400947	38	3.618302204637077	72	3.646366706870416	
22	43	3.0124806782884366	82	4.131577178233818	94	4.395191090502781	
23	74	2.946021220098675	1	3.156364595215212	6	3.2957721438945833	
24	5	3.387469646829337	55	3.5989142656933955	87	3.83643723656042	
25	72	3.0081842488905055	66	3.5789325813953945	21	3.870681132056303	
26	62	3.5723003102890707	63	3.8513582828032273	71	3.977128996628384	
27	5	3.3782324393000036	87	4.036752107644776	38	4.132307120627593	
28	58	3.2023042607043144	49	3.2024951861887065	61	3.9701446756121004	
29	83	3.613758594873452	19	3.6414176372691376	77	3.8117270359962467	
30	75	3.635048405538978	5	4.018181597937979	83	4.712170228438844	
31	97	3.1341829891399047	4	3.188284084133286	67	3.311457049610182	
32	34	3.1031650589483895	3	3.1242845069347087	61	4.028122051959638	
33	42	1.8913693395616193	35	3.090229008542433	74	3.554216016041954	
34	3	1.8061803723105614	53	2.885373824073855	32	3.1031650589483895	
35	6	2.7038056614484485	99	2.9081800166681133	33	3.090229008542433	
36	84	2.581874374296256	52	3.080177465465571	1	3.5947624317427054	
37	19	3.452040328896387	43	3.8466737084504343	29	4.40911982355026	
38	87	3.3543930014563763	72	3.464612945563308	55	3.5633983001243386	
39	65	2.8616557696264504	12	2.9641165614022524	2	3.011675256203836	
40	70	2.886172551613482	98	3.4494546279645815	57	3.554393857833354	
41	2	2.452016998190191	60	2.907374435085939	70	2.95820147300343	
42	33	1.8913693395616193	35	3.819349955070646	74	4.061067038282265	
43	19	2.248143937521133	22	3.0124806782884366	85	3.6382968639000324	
44	10	3.1294787976029146	50	3.3680631758711352	15	3.581186747883829	
45	72	4.147488611084638	55	4.378496041271783	5	4.857348478131602	
46	96	5.02137051592878	0	5.437199596664612	89	5.809679282669066	
47	56	3.5823492471847733	38	4.010950369675071	85	4.034904883922073	
48	93	3.2302373829528186	75	4.9150228862091465	56	5.059040381235384	
49	11	2.566474459646686	13	2.954776140632639	28	3.2024951861887065	
50	15	1.6080369544854405	1	1.8920673999186304	52	2.7267216432036108	
51	90	4.3722763527880515	96	4.397076877309208	88	4.68297345870107	
52	1	2.2935336654901173	50	2.7267216432036108	74	2.7427361027380623	
53	13	2.061878933393852	67	2.3433920615168797	20	2.4158588129403693	
54	71	2.2120989708911423	68	2.5957189218393366	65	3.3838841592281987	
55	38	3.5633983001243386	5	3.591653670983713	24	3.5989142656933955	
56	75	2.9997573661240478	47	3.5823492471847733	93	3.7218529714910646	
57	60	3.077755095015793	12	3.3518694882780107	7	3.410640137117116	
58	28	3.2023042607043144	13	3.4414115439432162	49	3.487802287272394	
59	61	3.2872544423850703	97	3.8323605421782574	3	4.014948982241416	
60	62	2.6903552797711914	14	2.710974463032228	63	2.774615380389974	
61	3	2.5956444520298425	97	2.744879120839852	16	2.914502265337474	
62	63	2.3650386287706064	2	2.6346530428354873	60	2.6903552797711914	
63	62	2.3650386287706064	60	2.774615380389974	2	3.0728141008690897	
64	78	2.695560949563787	35	3.7512995209749413	79	3.7634383079913616	
65	71	2.632011616651642	39	2.8616557696264504	12	2.8695880585318427	
66	72	3.0732261431476533	25	3.5789325813953945	38	3.66927853795	
67	53	2.3433920615168797	11	2.709722826246424	3	2.728700378389448	
68	54	2.5957189218393366	65	3.0319965963859272	71	3.0847109797397274	
69	82	4.2348724384889405	5	4.352445119241972	93	4.414006140056143	
70	98	1.7813923145178912	60	2.7878101178746415	40	2.886172551613482	
71	54	2.2120989708911423	65	2.632011616651642	62	3.0679780580742504	
72	25	3.0081842488905055	66	3.0732261431476533	38	3.464612945563308	
73	13	3.0848138684884763	80	3.272331470577373	11	3.6106009017660003	
74	1	1.89264761821494	7	2.53955403206764	52	2.7427361027380623	
75	56	2.9997573661240478	30	3.635048405538978	87	3.721098366372021	
76	39	3.395903260814677	41	3.444947040274215	12	4.106855185675297	
77	83	2.5771068838253894	88	3.024431305740534	19	3.5446442645718608	
78	64	2.695560949563787	79	2.789179378003925	18	3.238802347657728	
79	18	2.0276353424131006	78	2.789179378003925	6	3.4801687600943754	
80	73	3.272331470577373	53	3.2952143857130234	67	3.4103832704095702	
81	58	5.925916705200057	28	6.324220268560142	32	6.498317220160604	
82	0	3.4120708168086655	83	3.5776577590643384	22	4.131577178233818	
83	77	2.5771068838253894	82	3.5776577590643384	29	3.613758594873452	
84	1	2.4121448200015356	36	2.581874374296256	52	2.8006597828680175	
85	43	3.6382968639000324	47	4.034904883922073	56	4.07169976860997	
86	66	4.910935091391269	69	5.000901398177729	45	5.039789142034931	
87	21	2.778906195400947	5	3.1883791012072056	38	3.3543930014563763	
88	96	2.087351178987113	89	2.9008241114351687	77	3.024431305740534	
89	88	2.9008241114351687	96	3.1584215206982167	0	4.008000757244993	
90	19	3.4293165450942005	88	3.573372435034418	77	3.730732507062249	
91	63	4.336989342701804	26	4.705166249494582	71	4.7880313478751795	
92	8	3.085541021286293	43	4.585797921767093	19	4.812385203927797	
93	48	3.2302373829528186	87	3.6121595104193256	56	3.7218529714910646	
94	95	3.5888442904311373	43	4.036410971394018	22	4.395191090502781	
95	94	3.5888442904311373	0	4.379923959576504	8	4.6817638654837515	
96	88	2.087351178987113	89	3.1584215206982167	77	4.2951954862729735	
97	3	2.3889454966928807	61	2.744879120839852	11	3.0162878403429194	
98	70	1.7813923145178912	60	3.167908998613318	68	3.318479388706277	
99	35	2.9081800166681133	52	3.0926830331466504	50	3.43274518527793	
