22.2856206749608425	24.9800712819875699	25.3527423821390947	27.0166717276634323	25.6519169375504603	27.2809833764305409	0
20.1504785211687221	20.6734611454570967	19.6890852862349455	18.6290993873988135	20.9590821212067766	19.0210527663639049	1
10.6280469567388796	8.0927987866823798	8.1230674291226563	8.3572685143740060	11.4876635303627541	9.8888336813756226	4
16.2635317715899816	20.4760266903365782	16.3051570571488575	19.9636346978593266	16.8184711785357024	18.9906019911095107	3
15.8429546260462999	17.1196345937762935	16.0982136798628623	20.0732429914384589	19.7870204295891945	19.5946604078744002	3
33.2961865767819774	32.3739404605676953	38.3472803772664221	33.5957541140636877	35.3096961992167238	39.5666132703891904	2
19.5957667618541400	19.9477393979194488	20.9948394719169933	20.8093097172780652	17.4682866177311809	20.9782430381330123	1
18.4229603123250705	17.0046323249699647	19.3527859548139283	18.9942013876250151	20.0217676843785171	19.0803497216329170	1
25.8577674217864946	20.9957395604651644	24.0245468400751143	25.2034424354336721	27.5402025294521202	28.7586638855689891	0
7.7587073132703575	2.4621206186437341	7.5259783359242567	9.3637478908715206	12.5746688667349265	8.1468819816173870	4
19.8085803636971391	18.3255518921835261	21.8410877784423718	20.6306307453127218	22.1619156895848093	19.9738195229409605	1
16.4801651252818573	18.4027650086054173	17.3813899940461383	19.6556110077708723	17.9402048156450249	19.3289501424539694	3
7.3934016939691158	6.6536808110683818	6.8225875948865697	9.2542323282344459	10.9970136414890494	7.6708252569205815	4
16.5244597633107659	17.0218178439357324	15.8472062997362411	19.5108271808574756	16.8341539536374327	18.4093267151358155	3
9.1505069101639549	9.1938438476665407	8.3896334541741187	6.7763894505626201	8.1847888501383039	8.1545082808070948	4
19.2581066288935396	21.1617391105883570	19.6558614557785134	19.4767941466020247	21.6318139148675463	19.2624175896646648	1
13.8251289405596705	17.6072957405304038	16.2397464473613091	18.2268423730071092	18.2773337849128588	18.3995070927836508	3
38.2512846889381066	32.7094826728382060	37.2068093983456905	33.9834170883711479	35.1955003861024096	38.1720996365045053	2
20.9963086710061475	20.3043048354065760	22.4954694341007091	22.0050385655917182	18.3199095946573074	20.4651397191769782	1
24.3613156347340940	22.0509735920825420	25.2357543081848590	24.8389663973152288	25.5910827745195313	23.4725803560367794	0
14.6905284489268784	17.3771846861584507	14.5753688532462071	21.1360336685096755	17.1838768403123652	20.8849061636747457	3
34.0852549754768290	35.7866305055821172	37.1453630628921516	32.8711144290008832	37.5203452858254991	36.8591490232392829	2
22.3143532296739622	22.6263233518721947	26.7862052231632148	26.8428024111150343	28.6665959064631863	25.5548945066494646	0
21.5452545654403345	18.7714401108553410	20.3372857782401510	19.3926464442555080	19.6908696708711766	22.2369616420917140	1
35.0411842439111965	34.2014256551512332	37.3743119266636015	31.0292403553219351	34.5185368296415547	38.6758990993589151	2
34.8349919823382379	36.0378494057904248	38.6829830813584223	37.0243332079432150	40.3694580748515861	39.0894542572151735	2
10.5404798904028194	3.5775198857043540	7.2270528885186476	7.3871798387648235	11.6694176225645272	11.3006010629886031	4
32.7295486273089509	35.1757230916148131	34.3325318061002775	36.2384400071535566	35.4173003447050121	39.4644674269274631	2
17.1944207918331848	20.2598940534349872	14.4871735329257145	17.8406650511132234	17.9335624607030724	17.0604883418476660	3
24.5735515619775278	20.5010842543422456	27.8747278497710020	26.0791800874753008	25.0094713203645540	23.0729333608252780	0
34.4272260074684624	30.2439323053151696	38.6624457928523029	34.0333600848700399	36.4481569211245571	37.3889159120780619	2
16.0691028889678620	19.2216062553972726	16.3776824745962521	21.6719218291282729	18.7826099424074222	21.9819935974193541	3
15.4748841151931522	23.1642523857005820	16.4577706085995672	19.6402130140125877	16.6924284509721232	17.8987914218748791	3
20.3937704965736799	23.3958113743903162	21.1519431950095296	18.7389945325012910	17.3104850952666958	20.7996852001581303	1
16.1569153738048463	20.5729562543810154	15.3497410495226667	19.8798510496303855	15.4407414836561454	18.8666227954928623	3
19.0815983523301966	22.2677567432683716	17.6788103652415600	19.9087525325868953	18.1514246328180064	20.0642451070365020	1
18.6237181694647305	18.6682307446517797	22.9148533758918092	16.9370924504800797	22.1451257330413043	18.9717679504911487	1
21.5308929857781877	20.4266123007673563	24.9901424824741518	25.0710049989367860	26.8292574883407582	23.4687388610264307	0
31.9078741335733795	32.5746275671836756	37.6157507086357441	33.3049791410398655	38.8402427388353146	36.7483782483378718	2
9.5438900391055803	6.7598395771967095	7.0846495401166507	9.9010583906706078	9.8905590098595866	8.8297120323126475	4
4.6470603090955418	8.0506671382309012	7.6452158919970419	8.3384422153342577	11.3064012054705394	9.1000898936337897	4
8.5107614244147261	8.6074069273554201	6.8463975972261473	8.1863373982185088	12.0077558155334998	9.9888321133581126	4
21.2619806279857286	22.4795989486218275	21.5351235133181120	16.8348164676311320	16.1903103187236255	20.1129259787786694	1
23.9494586751600842	22.6951754764087994	26.4471501284825337	24.7685516335110520	27.3775341080827168	24.3463263870210511	0
19.6331572316384779	21.3970130679710522	19.3385128589131199	19.6821102275295949	23.3175506677131921	20.1746808639535224	1
31.0502819395636962	38.6960594274480627	39.1268294114823192	36.1325432297215343	36.1741715200202378	40.1530914552814409	2
23.3230761766231929	25.9516835604346561	21.1369820876192236	28.9857087866463665	26.1388413268448616	24.1451290478712757	0
30.4751910163263275	33.6932046548024715	38.2816468230495062	32.5096252517439410	34.7570328093295444	34.0612783260138627	2
35.4524275102294411	33.0003449778433691	41.3522533924027016	31.3906742731388988	35.7971801575657338	34.7525436790373661	2
18.3180706073016850	18.2435441241394543	16.5001121282228027	18.8878421451178156	17.8730663025317185	17.8270728047068836	3
21.4199645158464627	19.8603084392471416	22.0164694090400097	19.7870280687730649	20.8221485875083694	19.7966033339571048	1
24.7662537700398921	24.5017286894949713	23.8792344344067082	27.4423223540053449	24.0088903210094529	20.0677354948311653	0
19.8487062630941509	17.8926113008470473	20.0108086418946378	18.1492014916863766	20.0826310188763806	18.9401780388870264	1
15.8151602075102069	18.2064164787452860	14.6538310161804350	20.0200622162435167	16.4372571358335833	19.4242143266212857	3
8.4985610350827336	7.0304177455542245	3.9650454326608577	7.1282831626383016	9.8480433672114067	9.4684581288049081	4
33.5186473363647721	34.0859471811777581	39.0455998742417449	31.3411142786819426	36.2032033734517142	39.3064731255990054	2
32.0693048074955200	31.8437152536389725	40.5379222631623719	32.8818617961999777	35.1213912052581279	34.7128104967300359	2
6.8419534779332878	7.9280522656774801	9.2682698896685860	10.1653809459729505	10.6785700914051986	8.7871981824044560	4
16.5104508116504789	18.0450194291378914	13.9803852721071369	19.1524132131639497	19.7785744227192808	17.7890555762448415	3
14.5286925038529340	22.6477219733201629	15.4931541116108011	18.9802403876914099	17.5556480138828839	20.9439175607183969	3
7.8417850575457342	7.6313324467775487	8.2996311344971971	7.4136823466204538	10.2165802040722760	9.0122117382521338	4
14.8962275114755069	19.8093652983170294	15.7876739075451198	18.2580492314535370	17.1515009448102056	19.5538630363635839	3
9.8107402007478512	6.7588497034158381	7.1048453305526911	7.1356679579395781	10.0845485939456641	10.3555334263228449	4
8.3853743172097772	6.1101596236473759	8.4951939412601973	8.1866511446141939	10.7478343901737414	11.4513609325477770	4
16.5288608103304604	22.7221443508911811	20.6614156994792246	20.6336606264730698	19.0591764438096227	18.5161965936799966	1
8.3435574098907352	4.9886620591786279	6.5563987141208946	7.8962113765398376	9.8181192264199737	8.1344457212532095	4
31.6939760635850760	35.3380971478069696	39.6849171749840366	37.1557330982402902	39.0242968446587213	41.0019522544566968	2
17.4603155560876822	18.7909085356096490	16.0188348523730255	20.1376422137404845	16.7991935295925465	20.7672239696924272	3
7.4565645461117773	5.2735936333760778	4.8473950429113213	7.2420011146655474	9.2503309894829613	10.3362747249772617	4
33.4885497684726303	33.7989411487563487	37.9264072577389513	37.6645798209611442	35.0218654477964506	34.6560549600280581	2
6.2340709500897811	7.2564731458142155	6.5532002066592741	6.3598458504497755	10.7844763419372196	9.3091433502376795	4
9.5769653378327231	5.7562290467824786	4.5537896175542301	8.4354892112432918	10.6855318718920458	9.2047422164268244	4
31.5553273242749768	35.8592605393759527	39.0332939893675999	35.9963100370867508	40.1920308207314108	39.6086431207163656	2
16.8841538845998755	18.1094283807277137	16.7438114953431771	20.7583069506001756	14.9963540424384902	17.4501869979643160	3
19.7421582913632925	18.4165897224950648	21.4864934940253676	17.2342737575202918	18.1467305401923298	20.9311037613937572	1
32.7327044406655574	31.0847424295315271	40.6980650971349007	31.7977945213459741	37.4515282594779961	35.9388890429844139	2
8.2787964843578479	8.8891430668164961	5.7078352517280244	10.6217696448678716	10.0904760981076702	10.6137203060912988	4
24.3250805586501890	22.2348968092718522	26.4378757532291964	25.7166888117481207	23.6280279769976644	25.8657780278341001	0
18.0022599676647843	22.6055344577028379	24.1828381239385024	21.3423196841865881	20.3915595510266883	18.8279601272435286	1
19.9875968630595402	22.3948537441998496	21.7664505588494031	22.6898530875524287	18.5356112779288580	21.1004195986343532	1
18.4111389121717437	18.0806240547411861	15.3339897204428901	22.0738591672456010	16.2190438895833502	19.3234236501263759	3
15.9337312551132833	20.7946000674964360	14.0313035366701300	23.2522254865066067	19.5872854296306471	14.8058603710204615	3
23.3412504961948848	23.2089592999290559	26.1465906231902174	29.1904145600757907	25.9693701160709089	27.8447867941476765	0
24.8401202462639077	21.2850298408854499	27.5627374536975900	26.5952165358478112	25.0493354208624908	26.6317150662051922	0
17.9356650633482602	20.1314960450585616	23.4109240534217200	17.5019769486517873	20.4929198123753764	20.4323855025093870	1
23.3886373960383587	24.1828028398536006	28.9904294955106216	23.3888696715459155	26.3353055359334114	24.2793298770560710	0
31.1524252302276921	33.5632226066289476	39.3719383020665390	36.7951804138038057	35.2118701426339840	41.2519138174918396	2
34.3211424907338341	33.5683114496548427	37.0962075922178727	34.0098762208851610	37.8359133976951512	37.5342144299009917	2
24.3922890153198608	24.0779848773478307	26.5010800740411128	27.3178581365921502	23.9360217697975237	23.9788613278797413	0
23.5344868495095305	25.2618098806544111	25.4153941788494642	28.4698572302716890	22.7962795678199299	25.3850905549499650	0
24.8527495223792840	23.8756345686866602	24.6935654632452817	24.7394966108900149	23.0769001128154088	23.0237294471038894	0
8.1655896575307434	4.3489200439303568	6.0788814301676029	10.5924912831835236	12.3074803982279519	12.3268644434644887	4
26.9834178032864749	22.2972050526107743	23.8527859392874859	26.7735786731627705	27.9720069963445184	26.6840482877987419	0
32.6557881072908174	33.9478312359951815	39.7224709960197373	35.2292283161592650	35.5234910442980478	34.1142212387203827	2
22.2738223813115397	23.6728704222450332	23.8181026227527965	24.1139317725919149	29.5739250193888203	24.9888148102641807	0
22.9386978462854003	23.7285814538360000	22.8842534570656397	24.0272415352982520	26.9754568422914573	27.4606351913481213	0
24.5562994324813531	24.1912977574785089	25.6515584331976072	28.7926625374794334	24.6522268613367039	23.7726501478253809	0
14.2208412691233619	19.7035777724746097	16.9586428410291994	20.7873889129329363	17.5763399015439248	20.4435539844193457	3
5.6317147912461829	6.8627125874979358	6.6417323916544344	6.4510139438496878	9.5299583426800023	9.5159704639580909	4
18.2570248327882219	21.9130409328674993	17.3723134950550033	18.2245329791993811	21.0664587829430694	20.0930146228110331	1
G3
0	82	3.1662589467913356	89	3.9374853765411704	95	4.336692251469078	
1	15	1.5050774854389875	44	2.985986140258265	52	2.9887635433767494	
2	41	2.585985023443494	62	2.6763846562786693	39	3.1758867875750694	
3	34	1.689411671884657	61	2.4328873329853677	11	2.6403154665921056	
4	11	2.7119639868398813	58	3.1456784704739973	13	3.3132717977065798	
5	55	3.068800200967004	30	3.4850354029477	87	3.837467302619171	
6	18	2.59977903356165	79	3.3805081764645815	23	3.7613484749933424	
7	52	1.9979062302103625	11	3.8010260463884484	49	3.9852961250797914	
8	92	3.153762165545487	95	4.547188773273075	83	5.128689192956737	
9	65	4.173479355437436	12	4.5743855598456	26	4.87277905746177	
10	50	2.7424153956344486	52	3.8843660951645633	15	3.903925313138877	
11	13	2.520459245536323	67	2.5633570214097716	3	2.6403154665921056	
12	65	2.682330466396136	39	2.773119296822806	60	3.02233787932439	
13	53	2.1857192459342887	11	2.520459245536323	49	2.634845313096071	
14	60	3.0711998868806267	62	4.074121356117876	2	4.458982689356856	
15	1	1.5050774854389875	44	2.003201012423006	99	3.0592297016777663	
16	61	2.9667731904462147	4	3.383224182753644	13	3.393337658224773	
17	24	4.690197176267303	87	4.855431579149093	30	5.000625977911966	
18	6	2.59977903356165	79	2.615041384551719	50	3.4976805941056077	
19	43	2.4519177778151073	90	3.224490583382104	29	3.3834157301301238	
20	53	2.427968734866032	97	3.4326488177397865	31	3.5492840533292935	
21	87	2.6136322559222473	55	4.10967473957657	38	4.149922021390682	
22	43	3.196576652976943	94	4.300809676137005	37	4.421029737615945	
23	50	3.3781158985616115	74	3.6668728448160572	6	3.7613484749933424	
24	55	2.9082035050845576	5	3.916335577670579	21	4.379843343806958	
25	72	3.502667716346027	66	4.104129555486765	87	5.177362837216329	
26	62	3.7598583767060254	63	3.7653850221237803	71	4.391022481493495	
27	87	5.224644422892699	5	5.594199828581374	21	5.715989049004406	
28	49	3.326870770509077	58	3.359446602063107	3	3.700553899989568	
29	19	3.3834157301301238	83	3.7034818134357	77	3.8693868677625445	
30	5	3.4850354029477	87	3.932350912416486	75	3.9785922522734394	
31	97	2.930898299190099	67	3.164390096088962	20	3.5492840533292935	
32	3	3.0305695974665006	34	3.3118810367714078	59	3.5420435205260414	
33	42	2.663153217267808	6	4.110192341201473	35	4.2039671567804024	
34	3	1.689411671884657	53	2.743211404490228	61	2.8971414260585995	
35	99	3.4977896466423517	3	3.9963990980160347	33	4.2039671567804024	
36	84	2.8360061824929184	52	4.032337766661662	10	4.161840237851669	
37	19	3.506722178480544	43	3.779015124612891	22	4.421029737615945	
38	87	3.033857724857125	21	4.149922021390682	75	4.154054754700006	
39	12	2.773119296822806	65	3.060224088501323	62	3.1756518998724292	
40	70	2.9279340182575515	98	3.2060647175031103	57	3.3610523597813438	
41	2	2.585985023443494	60	2.8759749202382747	62	3.1797808104948233	
42	33	2.663153217267808	74	4.8452894525142955	6	5.259000085861236	
43	19	2.4519177778151073	22	3.196576652976943	85	3.4626690375287223	
44	15	2.003201012423006	1	2.985986140258265	99	3.636561639573999	
45	66	4.678932707159177	72	4.976889036262807	86	5.384147844512554	
46	96	5.233280740458108	89	5.639304626387529	0	5.808680045319303	
47	56	3.427593899670553	93	3.857760318153804	38	5.3172276969082475	
48	75	3.9754771896266434	56	4.0160124989206585	93	5.156740368560037	
49	13	2.634845313096071	11	2.6513224382786222	28	3.326870770509077	
50	10	2.7424153956344486	1	3.1065345927703722	23	3.3781158985616115	
51	90	4.23962066457628	96	4.3869435425246515	88	4.7445958166410405	
52	7	1.9979062302103625	1	2.9887635433767494	74	3.318454503845905	
53	13	2.1857192459342887	20	2.427968734866032	67	2.6191411700463574	
54	71	2.3691460754744895	68	2.4645539114741863	62	3.535081131184806	
55	24	2.9082035050845576	5	3.068800200967004	21	4.10967473957657	
56	75	3.0248625915468628	93	3.386200002453546	47	3.427593899670553	
57	60	3.1403626883737332	12	3.176061434111761	40	3.3610523597813438	
58	4	3.1456784704739973	28	3.359446602063107	49	3.654904809347824	
59	61	3.3007936934664177	32	3.5420435205260414	3	3.7028654095035174	
60	70	2.7012091549526454	62	2.8221908359890793	41	2.8759749202382747	
61	3	2.4328873329853677	53	2.8863687715664548	34	2.8971414260585995	
62	63	2.6703721857430995	2	2.6763846562786693	60	2.8221908359890793	
63	62	2.6703721857430995	60	3.0784511393550242	2	3.480928843587643	
64	78	4.1181983610365815	35	4.4005489351630365	15	4.405500649610889	
65	12	2.682330466396136	71	2.882647612686847	39	3.060224088501323	
66	72	2.3161654399956593	25	4.104129555486765	86	4.274165309915518	
67	11	2.5633570214097716	53	2.6191411700463574	3	2.746075549814755	
68	54	2.4645539114741863	65	3.063831163912815	71	3.0951287264104104	
69	93	3.227639101097258	87	5.567329556138918	56	5.961937055644596	
70	98	1.4665001717854664	60	2.7012091549526454	40	2.9279340182575515	
71	54	2.3691460754744895	65	2.882647612686847	68	3.0951287264104104	
72	66	2.3161654399956593	25	3.502667716346027	45	4.976889036262807	
73	13	2.823090629787893	80	3.324872035528936	34	3.39363126755711	
74	52	3.318454503845905	23	3.6668728448160572	84	3.966452250710254	
75	56	3.0248625915468628	48	3.9754771896266434	30	3.9785922522734394	
76	41	3.3804266293723324	39	3.431047903030968	12	4.286780624043857	
77	83	2.410687109804067	88	3.1023448237248923	19	3.4397111172834265	
78	64	4.1181983610365815	79	4.499926680590524	84	4.90447135729578	
79	18	2.615041384551719	6	3.3805081764645815	33	4.329569396845835	
80	67	2.8368382068049653	73	3.324872035528936	53	3.3901921375092923	
81	58	5.799991171665387	28	6.259888127887322	3	6.432253988225632	
82	0	3.1662589467913356	83	4.1239115629558905	22	4.4534263140984	
83	77	2.410687109804067	29	3.7034818134357	82	4.1239115629558905	
84	36	2.8360061824929184	74	3.966452250710254	50	4.460096223317928	
85	43	3.4626690375287223	19	4.7849636866294345	77	5.143122181489563	
86	66	4.274165309915518	5	4.4884479628993965	45	5.384147844512554	
87	21	2.6136322559222473	38	3.033857724857125	5	3.837467302619171	
88	96	1.8686752122305774	89	2.81417392764103	77	3.1023448237248923	
89	88	2.81417392764103	96	2.897339884242054	0	3.9374853765411704	
90	19	3.224490583382104	88	3.437789068952348	77	3.9177748752988397	
91	63	4.239800130368509	26	4.391790250864544	71	4.830054568879853	
92	8	3.153762165545487	43	5.092395224796052	83	5.287582081886242	
93	69	3.227639101097258	56	3.386200002453546	47	3.857760318153804	
94	95	3.7665216617180657	43	4.0423986388454125	22	4.300809676137005	
95	94	3.7665216617180657	0	4.336692251469078	8	4.547188773273075	
96	88	1.8686752122305774	89	2.897339884242054	51	4.3869435425246515	
97	3	2.9258009146788915	31	2.930898299190099	61	3.034485651092211	
98	70	1.4665001717854664	60	3.142573499465031	40	3.2060647175031103	
99	15	3.0592297016777663	1	3.437071776907176	35	3.4977896466423517	
