22.2260280635498582	25.2493078712379031	25.0596808921874263	27.0046780006591192	25.7212809093610311	27.1725551829810428	0
29.1128244438997754	28.7378869066233982	28.2634951937366345	28.4643083956837621	30.2797535738604537	28.7669645177134612	1
10.4795838235713017	8.3629400698197429	8.0439528652639325	8.4734288744881088	11.4234876097771529	9.9613279953283538	4
24.8723144378898908	30.1502138839776634	25.9473593309923203	28.3093793994282663	24.8612705940445338	27.3309614053778915	3
23.7252662194964508	25.3256292696043381	26.1782674425389743	28.0890636657968535	29.4271136587580031	28.0641731413181006	3
33.0944016079325678	32.6219540672677084	38.2916513089165704	33.7127800263831290	35.3045992019348844	39.5465322164085080	2
27.6658733927981189	29.7552092477663237	29.6195351396780602	30.2691472391249619	25.8185688035966301	28.9970785425389010	1
27.0508732268626098	25.1643017637541782	28.5420578019108611	28.2004135478743052	28.8126423187218776	29.5700553125704317	1
25.6176748635324820	21.2785574955778998	23.8039565316833688	25.4962365967966704	27.6281721096096433	28.6538969512262582	0
7.8591243975765623	2.6565115381491191	7.6100940112305233	9.2755609733137376	12.6475895751437939	7.8922438385467037	4
28.2298221094697155	26.3009926508852487	32.0817033835705772	29.7800699921363652	32.1718844493797178	28.4342075275081250	1
25.2229825323063679	27.5169241349775575	25.4307286568355941	29.2251084947484401	27.5999225106726840	27.5047366947684537	3
7.4592333909161574	6.9171974339880586	6.7885032009285924	9.1846598073349845	11.1807465634636394	7.5995739951549401	4
24.0881005354135347	26.2476504807161071	23.7789072533836858	29.4677486876370303	25.4337483443934076	27.3444294974973161	3
8.9080591051646252	9.3052913667284454	8.3978886961728900	6.9204437478235779	8.3720624078541555	8.1392028626700910	4
28.2049354291174872	31.5183935584985200	28.4617084466084407	29.5775386789790566	30.9754608553341022	29.4168003524055166	1
21.5697910603609841	28.0697152190677421	23.9026091457508727	26.7973359058520515	26.9072302063964734	26.5274764219113663	3
38.0763806511329435	32.8288956680089683	36.9858761126718676	34.2256991731167020	34.9004544172605478	37.9282929526536776	2
30.7759571768821090	27.9274555681172920	32.4587092601667493	29.9981084441708035	27.4447369472553220	30.3350418002128954	1
24.5724012199399660	21.9870834568050384	25.0895696149280099	24.9900864793204143	25.3740515513698170	23.4160734508910231	0
24.8534490776014358	25.3828327324646992	23.4788762139392659	30.4639794531199293	26.9944435061327255	30.1307730490295498	3
34.1740026481960939	35.5059776776240810	37.4015599310399480	32.8135714355842580	37.7031937746778993	36.6926489086461132	2
22.2817877477519737	22.5123630911936417	26.8963492499883756	26.9420809524027725	28.4487251328589998	25.6573076782345417	0
30.2176768473178292	29.1471617172666235	30.2252985185833936	28.7946707988450008	27.2260149375088680	31.1161689091231715	1
35.0001683173670415	34.2542127867772237	37.4462758602722090	30.9347607108773666	34.4202821550180715	38.8685610846345000	2
35.0884967003863650	36.0618782972910523	38.7289990022583055	37.2947155341967260	40.4990329771781248	38.8275625541925251	2
10.3424834980625917	3.7796167305817714	7.2649729086599155	7.4189473213799033	11.7768656671140732	11.4938454019876506	4
32.7057472021579017	35.3056795281614697	34.3395132634192990	36.0857296265327676	35.5943515500823651	39.7175230342660441	2
25.0566803961398534	29.0667154470221796	24.1700196382565338	27.5449903844607498	27.3927391106433085	27.4775453636061187	3
24.6963402280168722	20.3934098007560571	27.9113599143816309	25.8466482704182248	25.2785472369437869	23.3432181290895358	0
34.3816156396501000	30.1067958322785749	38.5743215062626845	33.9199242507748338	36.2265292548360378	37.5338174319901441	2
26.3358248598183593	26.8859029722058445	24.4593084134495520	29.8848502938216640	28.8006923978611624	32.4739504131633225	3
25.6447510628518600	33.4793773528729659	25.7915176045050352	27.7877061264091800	25.2241146626051034	28.0741015111398760	3
28.4258642096086476	32.5767887345382690	30.5281083625275542	27.1009903332742894	27.4873696061159762	29.3261809761070680	1
24.4552343279823106	28.3053932345174637	24.4862966733941043	27.6292112147188931	23.5687927997626332	28.0083421853186394	3
29.3448687223173685	30.6356184148423658	25.7002343626697609	28.4970828561599205	25.7431544252272246	28.7168872684302805	1
27.2202290487407268	28.5427126740684471	31.3814097642914369	26.9011269672730720	30.7531460322355379	27.6718183492462373	1
21.5437436276543757	20.7246417965478251	24.7755101483394569	24.9762139790876390	26.5442802676118781	23.6609285600612971	0
31.8387873442440004	32.7993538026111011	37.6610931448040773	33.0735017711454375	39.0240101365140006	36.8919248347896769	2
9.7858462551832766	6.8384110793658826	7.1685720296458264	9.6708604907954232	9.9736202044098619	9.0121598455217420	4
4.4556599603502995	7.8256720477638320	7.5827435987642122	8.5209972007998562	11.2303365256504506	8.8262823691301087	4
8.7835304253178261	8.8156135395871615	6.7125148267384551	8.2352218057563320	11.9586346304934192	9.7374839275379461	4
29.0335712699361537	32.5471119704327663	31.8645914516432391	26.8260153341901244	24.5071000196814985	28.9148642438982435	1
24.0785063731852347	22.7337912509289772	26.4851436548216590	24.6048922147606959	27.3835225179895438	24.3599731662865118	0
29.0297709758425100	30.0758691686547017	27.3818075337976481	28.6385853224921618	31.4931010780582632	30.3133384840968816	1
31.2457726090911976	38.9216764184485839	39.3546317736900377	36.0014760526653532	35.9163142236265713	40.3067346539538391	2
23.4965393726646212	26.2339234837272208	21.3934715206943054	28.9935151501472141	25.9008334883116298	24.0695783162255417	0
30.2038415095681785	33.5989733912300750	38.0325158272667849	32.4514020611301248	34.7634199356406128	33.9633588325207185	2
35.3156334544933941	33.0539382314622543	41.2143955241592082	31.5492260368395350	35.9159083902285303	34.8858649720368916	2
28.2355085543250794	25.9824952976470236	25.6723899979073877	27.4626230331530898	28.0650168236759257	26.6465404631536025	3
29.9411444036076873	28.9287923050554170	31.7192246655528685	29.9807124568771712	31.1232351357291002	30.2083331896337413	1
24.7682541883413698	24.7476758038649294	23.7863220615811954	27.5999790699110576	24.1002385028013109	19.9652714395070632	0
27.5085817196726232	27.8776056688606282	27.8606644240171590	26.6199885698062566	29.1098783236157104	28.1114747431452585	1
24.4518437087906086	26.7177308466407517	22.4112015547241192	30.2790585817609603	26.6596857254286483	28.4445053431147095	3
8.6438891803949929	7.2182299919797410	4.0906260740470328	7.1693040939328245	9.9351534686344074	9.4309118816267272	4
33.6808618580984671	33.8593402181709990	39.2839281053953187	31.5753429161915165	36.2859542386095910	39.4119676911872503	2
32.2554260466300704	31.7038435051541043	40.2835972937507378	33.1542799844814979	34.8828156661078452	34.9191841273750541	2
6.8689084980843029	7.8321498145502479	9.1017625029615221	10.0680540850541895	10.7816162950013208	8.7302685714690256	4
26.3338042045860377	28.3842992999793040	23.5336971767204339	27.4851843421367548	29.5355523293688513	26.6977871501626751	3
23.1851970067852164	31.8424499397276897	25.9513599016945449	27.2390590033386424	25.8885299236391120	30.3267375398119690	3
7.5675550362638280	7.8135832172187420	8.5596943194564670	7.1415242461307065	10.3683321960755315	8.9204011256247835	4
24.1780151256282387	27.7961648915321788	23.8546982661866060	26.4536819839056498	27.3642687489727159	27.9889115001115698	3
9.8660580091684569	7.0557498965238699	7.1929347825715801	7.3511935656218057	9.8277745766899649	10.3442411907776766	4
8.6192429667142054	6.1425430087334814	8.4787906539580611	8.0642840226085699	10.5987236711005739	11.6430214700111847	4
25.6264352250733936	30.8926070480109445	29.6871625891163475	28.6908337692657405	28.5410428287275799	26.9530722179116609	1
8.6291939449263921	4.8235118177430119	6.7594959213981110	8.0249361047696901	9.5980419968489397	7.9079195771719757	4
31.9450153877893577	35.3504568673465371	39.5931116476207094	37.1032415580249335	38.7846514169442571	40.9786597795651701	2
27.8778363236886690	28.7226602547385426	23.9578308167770047	29.3883410606335254	24.3535248667744391	31.2137724950884667	3
7.5004516392758971	4.9840424737543296	4.7174062885881787	7.2829027583514243	8.9561013323284726	10.3440020229468281	4
33.5343310891580160	33.9074942194806042	37.7153975806265152	37.4631609164254797	34.7768862116519344	34.7473997583145504	2
6.3508758171502890	7.2075913416058883	6.5834786679246911	6.6323431804274051	11.0210470196209336	9.1335067759501172	4
9.5367732046299114	5.9780269849191754	4.7774758845489087	8.4734529191691355	10.4275949083491408	8.9651055553766916	4
31.6083766275980267	35.9483534279022194	39.2435400565788797	36.0475044247215237	39.9569991405242817	39.7077122410816088	2
25.6546241940337332	27.2869984096237488	26.6656895850119966	29.2174475745557345	24.5402106677482799	27.3415932280012868	3
29.3342840531272628	27.7477547431194012	31.1297358152172876	24.7687640192174641	26.7537830333990279	30.2676497405790172	1
32.8490352262320684	30.8475536465219591	40.5830464581780745	31.5617213714416032	37.2118865035051840	36.0342066578638054	2
8.4874961502426221	8.9683347168251526	5.9997643333273851	10.4798396139061989	9.9032230689879075	10.8530177739026161	4
24.6142621316620591	22.1235632674753653	26.6862154451829667	25.9693260312598042	23.4858980614942539	25.7574607571984728	0
27.7588791797780594	32.5859527565916025	32.8651226268057499	30.9249453614418428	29.0888219358824749	27.7455180841356288	1
28.4976042628978448	32.2955972065530048	30.6478281281510441	31.1448846202998055	27.9149712560276839	29.3239597426088530	1
26.9127528527378601	25.8054992274139288	25.0125796547480554	30.3074432718362132	24.1126362134143619	27.2880195378107686	3
24.6326280779236342	28.4235878115164802	23.3684907517552318	33.2580609371510150	29.1614890555746911	25.2407036455114664	3
23.3524310843803669	23.2144558285097276	25.9839608551035610	29.3747599151882106	25.9619452597812916	27.6748676220010061	0
24.7176862913614421	21.1332044601925055	27.5475152258218081	26.8387040704005386	25.2264209117120437	26.7592495687266485	0
26.7082102667445263	27.7374253102008694	32.1391484431578931	25.2811190315876679	29.3804906976705134	28.1308567370583766	1
23.4617078787034430	24.3051315510284489	28.7350478562512635	23.0927415455753824	26.3102722323177680	24.2798656119123955	0
31.1237591879108813	33.5886784968705285	39.3914402153029144	36.7632306988863107	35.0875664323797452	41.3202999047652355	2
34.2549415069317718	33.7736398192747842	37.3611641783241879	34.1959025793882532	37.9623332512276548	37.4548994546249858	2
24.2953878715092735	24.3235754656673038	26.3763536583839091	27.5324552747783251	23.9744209532564163	24.1228100229084674	0
23.4747644679950263	24.9781676652127516	25.4235998198310114	28.2389914943904401	22.6368019109393082	25.2833753152721137	0
24.6941938789741542	24.0848354039871104	24.4912607820379264	24.5480514658511382	22.8369038393769408	23.0759974761372426	0
8.3177711272818069	4.5517734545689406	6.1981571432767488	10.5493819588594473	12.1147999434007740	12.0316661281407828	4
26.9636852701141940	22.3804117551968531	23.6287074708758347	26.9433589565585301	27.8341241306929810	26.4704561658945003	0
32.7171042835453747	33.6717510547301657	39.5291895684630177	35.4645597622256048	35.2425642577122815	34.3622089373829880	2
22.1706248819013148	23.4574853627713900	24.0282196849583300	23.8146981601790984	29.3126501411783522	24.9187004293373242	0
22.8938790380857142	23.6238599742657023	23.1505232676622477	24.1961420721030827	27.0623688009483132	27.3149480379486924	0
24.3736360766094506	24.1658067861165513	25.5779903891207745	29.0445281339838210	24.6784985378558162	23.8997577399909247	0
22.8876095184439876	29.0164279429856897	26.5022006031826685	29.0810370854110758	25.9989733347016987	28.4014429429969262	3
5.8314177843454038	6.7763171342802160	6.6165763435345655	6.6288277701891456	9.6576468475819315	9.4262369302245066	4
28.6147146896006177	31.6669339470078555	27.8170522012098473	26.8403671294798336	29.8689488192595327	28.9705943578685101	1
G3
0	16	3.4043725891637697	82	3.491593539992112	13	3.504756187694654	
1	44	2.5432901129884207	52	2.9454612068636536	15	3.277246572214131	
2	41	2.2907354186922695	62	2.6003320055041255	39	2.829952333411428	
3	34	2.881665397893902	97	2.9271362878089584	73	3.202153975620552	
4	11	3.542024288391588	82	4.294855067708067	22	4.310400559227553	
5	55	2.899909666141541	30	3.6064841475472025	87	3.9001185260068354	
6	79	3.670341157695425	23	3.986715605059351	64	4.4202324995026165	
7	52	3.5706248350540855	4	4.3966860625141635	49	4.467439157115215	
8	92	3.156031064413313	95	4.141213082586697	83	5.099574008649472	
9	65	4.108097266719522	12	4.608027306766258	26	4.972348989061149	
10	50	3.775286808253924	36	4.173411896714283	1	5.16904010049224	
11	28	2.623996557765255	13	3.2255867504274587	73	3.339583791375719	
12	57	2.958876574352361	39	3.0418301991378014	65	3.1141866336655712	
13	53	2.3654210190547214	11	3.2255867504274587	80	3.4856437539363907	
14	60	2.948315756821175	62	3.8205955049702887	2	4.304193890310572	
15	44	2.425032309752099	99	3.0856347371324824	1	3.277246572214131	
16	61	3.056588415861395	0	3.4043725891637697	28	3.862803667735563	
17	24	4.863283321250132	87	5.023631257494368	30	5.05883963855032	
18	23	2.982238186543854	50	3.974183149756559	6	5.057889370345268	
19	43	2.7975750946386415	29	3.3564541063085676	90	3.39433870988493	
20	53	2.464330802030446	13	3.5518505411244856	31	3.80871516458555	
21	87	2.3597025078266047	38	3.8338272445988437	55	4.175450288947511	
22	43	3.424398185429974	4	4.310400559227553	82	4.317894527312289	
23	18	2.982238186543854	6	3.986715605059351	50	4.446926636093424	
24	55	3.0756833839351057	5	3.9962391995079454	21	4.6144877081412075	
25	72	3.8746452504174353	66	4.3286570166892355	87	5.071835260713481	
26	63	3.44282784403414	91	4.004604074832167	62	4.011278568198151	
27	87	5.308085529013314	5	5.358816456564209	86	5.85298873234997	
28	61	1.9847011995571415	11	2.623996557765255	58	2.7757686177662904	
29	19	3.3564541063085676	83	3.6518895671411142	77	3.682167183783687	
30	5	3.6064841475472025	75	3.9640109733550024	87	4.246051043276075	
31	20	3.80871516458555	67	5.254980999300128	53	5.361729745541334	
32	3	3.558135807496412	59	3.817239506896473	35	4.792907194117936	
33	42	3.359043783747764	99	3.7522808522161313	79	4.078538616031562	
34	3	2.881665397893902	73	3.337082425473006	13	3.488345099590064	
35	67	4.219882750686899	6	4.70950855765244	32	4.792907194117936	
36	84	2.490811814981336	52	3.986706365872996	1	4.148298845091988	
37	19	3.5063857210071827	43	3.8360684563276837	94	4.360600638745019	
38	87	3.0952985915332434	21	3.8338272445988437	75	4.435412980453461	
39	62	2.689020255018439	2	2.829952333411428	71	2.85687433749053	
40	70	2.945776679815621	98	3.215732878028403	57	3.276458819442185	
41	2	2.2907354186922695	62	3.192180167327803	60	3.2074278607752857	
42	33	3.359043783747764	6	5.31859596291351	23	5.635857872658927	
43	19	2.7975750946386415	85	3.369941049840817	22	3.424398185429974	
44	15	2.425032309752099	1	2.5432901129884207	99	3.250787256671524	
45	66	4.815822988213193	72	5.06680902637564	86	5.545404992249532	
46	13	4.148271075247717	53	4.852928547191358	96	4.907356472375169	
47	56	3.780182386661951	93	4.2461274905663835	38	5.528700563107018	
48	75	3.7880397873208844	56	3.962145809086634	93	5.102098763699606	
49	52	3.585555988066028	11	3.943013262496196	58	4.015564567022722	
50	10	3.775286808253924	18	3.974183149756559	1	4.213444087630662	
51	90	4.639900211419888	96	4.648188842891467	88	4.9413807699917305	
52	1	2.9454612068636536	7	3.5706248350540855	49	3.585555988066028	
53	13	2.3654210190547214	20	2.464330802030446	11	3.6371596099560812	
54	71	2.228763402681092	68	2.9149747962398953	62	3.4674486562504074	
55	5	2.899909666141541	24	3.0756833839351057	21	4.175450288947511	
56	75	3.2217018991924253	93	3.2298561882806656	47	3.780182386661951	
57	12	2.958876574352361	60	3.0909255332504175	40	3.276458819442185	
58	28	2.7757686177662904	61	3.541446303892914	11	3.606959844581396	
59	32	3.817239506896473	97	3.9357622392759435	3	4.109205060282696	
60	70	2.5463068930586346	14	2.948315756821175	98	2.981543585944323	
61	28	1.9847011995571415	16	3.056588415861395	11	3.4094819131247265	
62	2	2.6003320055041255	63	2.6137349926343125	39	2.689020255018439	
63	62	2.6137349926343125	26	3.44282784403414	60	3.49602569513397	
64	6	4.4202324995026165	36	4.421052231427822	33	4.544219952395114	
65	71	2.844639936555355	39	3.103945796627915	12	3.1141866336655712	
66	72	2.1673241507553453	86	4.20948439618207	25	4.3286570166892355	
67	35	4.219882750686899	34	5.113972824660171	80	5.1834372935317	
68	54	2.9149747962398953	71	3.2591835757273473	98	3.3715044610386804	
69	93	2.89359818415755	87	5.367986788952381	56	5.629787753502944	
70	98	1.5496750873416392	60	2.5463068930586346	40	2.945776679815621	
71	54	2.228763402681092	65	2.844639936555355	39	2.85687433749053	
72	66	2.1673241507553453	25	3.8746452504174353	45	5.06680902637564	
73	80	2.8078961278237835	3	3.202153975620552	34	3.337082425473006	
74	84	4.432072792079924	23	4.550565094640352	52	5.259675465929727	
75	56	3.2217018991924253	48	3.7880397873208844	30	3.9640109733550024	
76	41	3.3356281072795237	39	3.41124024632798	2	3.955454679477313	
77	83	2.5538526241884534	88	3.2236407156711677	19	3.5462353561869993	
78	79	3.076392815135808	64	4.840811287098718	33	5.058889747837567	
79	78	3.076392815135808	6	3.670341157695425	33	4.078538616031562	
80	73	2.8078961278237835	13	3.4856437539363907	11	4.397582080285284	
81	11	5.408550980279361	53	5.408960513185974	13	6.155309532091735	
82	0	3.491593539992112	13	3.8730567996308736	83	4.056003333636415	
83	77	2.5538526241884534	29	3.6518895671411142	82	4.056003333636415	
84	36	2.490811814981336	74	4.432072792079924	52	4.564192026712739	
85	43	3.369941049840817	19	5.011892071049194	29	5.199049253219208	
86	66	4.20948439618207	5	4.304198839468799	45	5.545404992249532	
87	21	2.3597025078266047	38	3.0952985915332434	5	3.9001185260068354	
88	96	1.8708927134266795	89	2.3759174069842093	77	3.2236407156711677	
89	88	2.3759174069842093	96	2.8676730642214587	0	4.046212756402694	
90	19	3.39433870988493	88	3.8815004815505256	77	4.278114499314713	
91	26	4.004604074832167	63	4.0556091948008115	71	4.700897402717951	
92	8	3.156031064413313	49	4.373000215069873	43	5.170490210390397	
93	69	2.89359818415755	56	3.2298561882806656	47	4.2461274905663835	
94	95	3.503198004199783	43	3.8546512852540333	37	4.360600638745019	
95	94	3.503198004199783	0	4.05458446025489	8	4.141213082586697	
96	88	1.8708927134266795	89	2.8676730642214587	82	4.2568161151889266	
97	3	2.9271362878089584	11	3.4983435861217163	73	3.7341536030799793	
98	70	1.5496750873416392	60	2.981543585944323	40	3.215732878028403	
99	15	3.0856347371324824	44	3.250787256671524	1	3.4458891642032685	
