1.6319575608345578	0.3551158635034055	-3.1924850885362703	-2.0865367317635686	1.1074400206125357	2.5079121260376915	4
-0.2529828960545837	-2.6258752849672797	2.0043645549013407	-2.8043552027790364	-0.5825052360721490	-2.8785652269468636	1
1.8345879082680330	-0.0916650844191316	-2.1452369301175676	-4.0878929126732153	1.5970056764816380	1.6343595604433960	4
0.1552508219161453	0.1029497977376503	-4.2457173391958225	-3.3105572218997725	1.0696446490204361	1.3101006541964577	4
1.0067584950754265	-3.6579657818617539	1.9812135080531008	-3.8452946338653229	-1.6286080329748078	-1.2559184776639445	1
-2.0013549770843855	-3.2590322224753825	-0.0443045783676800	-0.2909692563839175	3.8671293266336648	-3.8709187955956876	0
-3.0988279912841104	0.1145347739971603	0.4086563964848399	-0.3427641600154714	-0.2078031672797402	4.5384885670574731	2
-3.1776022734981675	0.9142086300540808	-0.5291762873941186	3.8060785550559313	-1.0505797569656203	-3.1505068765502000	3
-1.6122493613356417	-3.1782313563927778	2.6341093947653365	-2.1644885181644646	-2.8813849380675709	-2.5747972262413108	1
0.5717808438058840	1.6483027496307905	-4.5355434367725707	-3.2812471628396112	-0.9741038088624590	0.7380773168868240	4
-1.1367689616150756	-2.6403462701764462	-0.5432957926693335	-0.0749120848806657	2.4490969455511715	-0.8860224322912652	0
-3.9189893123911843	2.2671334451598906	1.2488981295984609	1.4931778258898691	-1.3972358183801921	3.5971350800338198	2
-2.2926200890249055	4.0244255478086624	0.5367882515895135	-0.3065689180284743	-0.1289217972515484	2.8017027764544102	2
-2.4475639438387002	-3.0053199729000415	3.3567492429137475	-3.7118354884797400	-2.1058125642974344	-3.7482203416042550	1
-1.1714550467503193	-1.6919336404496956	-0.6212677022758630	-2.7254619368073576	4.3767036524426146	-0.9494921125640718	0
-3.1797244724153320	-0.7353538692492898	-0.4246429428040711	-1.1392009545874315	1.8317779303259392	-1.1035428044781272	0
-3.4186211600024272	-4.2578912722141302	4.2811152026502715	-3.9361477122168442	-2.2497568254173084	-3.7286886599577738	1
-2.1135664114866923	-1.3747875936562515	-0.7626218872318615	3.6714814108134730	-2.5846257194349000	-0.9055002929869207	3
-1.2317288323148543	-2.1703781157319240	0.8930250714319936	-3.9222177886533158	1.7719873055511526	-1.5009928546454439	0
2.1592430746380025	0.4712013941228215	-4.2384095493175646	-3.6305742869677937	0.0617221270396733	0.2003644265298409	4
-3.6688000770440459	-0.3390025610055440	-0.2634671625856577	2.3685783560639697	-2.2080072555801671	-2.8775255058447256	3
-2.6812285894281795	-2.3033947954527134	0.3783173402483347	-0.5698583164554449	2.3710695405992634	0.5468966504310138	0
-1.1671362489571027	0.4867826621442158	-0.3161768259052934	4.6064075749293840	-1.8037089548983005	-2.6007549425979599	3
2.1576348066866657	1.9094987382369215	-2.4668082585860911	-4.1818189136404502	-1.9795842556166601	1.8202221934785061	4
-3.2975197616921155	-3.4480010656929512	-0.4081532149290668	-3.5817470356173988	1.9168559164604195	-1.4984646242137791	0
-2.8135395079258956	0.1649342318522820	-1.6939043076655764	-1.2168595501670723	4.4312019450945757	-1.8475140465676509	0
0.3690866634654671	2.4843781133197140	-2.6580551826465277	-4.5625215672836967	-1.6536498806614017	1.1005090036014544	4
-3.6265738498363795	-1.1625937608787160	-0.7046845998410605	-1.5254150495159393	3.0720289553288715	-0.9591055822668247	0
-3.3319526489284321	1.0503509182157418	1.0488681533372768	1.4491233286709093	-2.9966778645489720	2.2411683202320387	2
-1.3592576930558187	-1.8666790698974176	0.2431554088392653	-2.5629335921906984	0.8822521134284618	-3.1224449909738583	0
-0.0135922916733393	0.5065012766758313	-3.2885558090869567	-3.8358320257905660	0.4163511278827051	0.3627301935126300	4
-5.0682030678658281	2.9125973071541331	1.6840321327726846	0.2077927367106467	-2.6295732295553718	4.8016292382567292	2
0.5307173350260692	0.3070534722637113	-1.6600405083155740	-1.6804307682367641	-2.8220737917532461	2.2076326532675119	4
-1.7424408867342289	-0.3405775782511671	0.4000666439328028	2.5650244649319149	-1.5323324069211035	-3.5029545641359063	3
-1.6365394624924821	-2.1972792247286974	-0.1902229869429327	-2.6603494690531435	2.6175601183357364	-2.9367523388097512	0
-3.3773003841987892	-1.0449106692498344	-0.7740316756252414	1.3135937741280788	-0.9936448314780709	-3.9880524589346624	3
-2.1706747617042459	-0.2967181531183485	1.2285582748866721	-0.5091595031134857	2.7094496027607895	-2.9942153673874961	0
-3.5886634130214161	0.9414626291279267	1.2491746558369980	2.0376840866468067	-1.4326818568803505	3.1612164532605496	2
-0.6708927489539158	-0.8777985466903451	-0.0912224113414340	-3.3142629670567971	3.6057878314588585	-1.6602850437899377	0
-2.4735468832859988	1.5384327442508570	1.5892092427452305	0.3827087168431396	-1.5373479132743750	3.0718019593325905	2
-2.5342130063571502	-2.7886781144996395	3.8159989999758821	-2.4817452995147784	-1.6640838436615955	-3.4677536735702477	1
-3.8973109243055752	1.8273579174592021	1.4103424657685728	1.1451727926471340	-1.0604309483705985	1.6927040149982138	2
-2.1936042930740598	-1.8371476439346821	-0.5959414028376848	1.8291451958979588	-1.1308111622040515	-1.9475254602818195	3
-3.5362575681087689	0.2898716189351334	-0.8367950743980792	3.7786376352409330	-0.0571189288278144	-1.5476727205581051	3
0.6301618638527251	0.8723309978755419	-4.1807553797457935	-4.3102776736837356	1.2118983655997289	1.5474383457753109	4
-3.1338997245294209	1.4055770551121138	2.3165838854953908	1.1457101197378077	-1.0039785664887975	2.6675376279864635	2
-1.4485163941297032	-0.0901853942181218	2.0277410641051308	3.4753761719422700	-1.1243389933272427	-3.3019273869337811	3
-4.1602704552773959	-0.3084887793579462	0.3865723807114311	3.3487321998436763	0.3116430438564064	-1.6275232281192524	3
-4.1881285518517313	2.0578654376591259	0.1237520518745078	3.4607468727154780	-2.9024206555282808	-2.8729791214762059	3
-1.2635022739949040	-2.6699732584568920	3.0130830731055021	-1.4764275979604662	-2.8166828493233407	-2.4400348112867132	1
0.1586183337083362	0.6970074675452465	-3.5985813241524003	-1.7234412563505697	0.1785441364057467	0.9965243218620897	4
1.6141263561104626	1.8211085757584509	-2.4510141624726804	-4.0920034305412241	0.8430210396904436	1.0017367666894470	4
-1.4020231913283816	-3.8237154328623886	0.4451698098281702	-1.3809841885338558	2.7265236642493509	-1.3699532286359335	0
-2.4580736361301501	-1.7127937331942225	-0.1939321933353692	-1.6082242282784740	3.4253659076720178	-0.5898885380065950	0
0.4269881947859564	0.6778919170493974	-0.8484473471734375	-2.7884693430968293	-1.2646435949016552	0.3466566513755276	4
-3.0010554882547473	2.8372112224151076	1.2056111185216700	-0.7114047807828623	-0.5256057113082131	1.2665048110814257	2
-2.9123404817347138	-0.4109146618707805	0.1360947028399939	2.4921966761018997	-3.2178328753751617	-1.6867928820382443	3
0.1826620691551045	-0.1742073951260004	-3.2018280458606192	-3.7305360267708427	-1.8545802590314509	1.1506340475412498	4
-4.2056855027865598	-2.8811688742772210	0.5700138271454174	-0.4655460446006294	3.6671697359149080	-0.8631906312545915	0
-2.5249186133833805	0.6571916657519062	0.9990668360349472	1.1207305275289090	-0.1987932380275479	1.1619622638462490	2
-2.4273796604205335	-3.9100670247666423	0.3296789370175706	-1.8977155609603651	-1.2867819667549774	-3.6676758499804523	1
-2.9917154937574093	-1.7802589336788222	4.0167985051714803	-3.8362987810133635	-3.2709227891950738	-1.3780695039906234	1
-3.6343299982906969	0.6296470085476156	1.9176917873155013	2.3028319262946191	-2.2647593637646466	5.1139581254741824	2
-2.4333927070124020	-3.7291274733348199	3.5550459822303928	-5.4674005799091514	-2.5434394424508957	-1.7329033086455070	1
-2.5080889290343329	0.7096160246203125	2.0345664109956498	0.7842903166778065	-1.2762722870708449	2.0868891907706981	2
-0.5131970930924050	1.4296844121252015	-2.4821693334703023	-3.8901964246425385	-0.9070099189984269	0.2315626248258718	4
-0.5731393498450175	-0.7699998714651497	-0.4817242238859722	-2.5794022957463421	2.3633361378583055	-1.6757223792776950	0
0.5510224500301388	0.9951414940643185	-2.5531565084350425	-2.2498389570393251	0.8050591783024996	0.3216216167536711	4
-1.0074145485246491	-2.2642307360028564	1.8062748273129909	-4.1458288111226400	-2.8825981440952990	-2.3299977073106612	1
-3.2112990167992050	-1.1435544038109573	1.5689092806482183	1.7481722536115281	-1.3042606722328660	-2.9413169785537780	3
-2.2793550572487900	-3.1915818793602440	3.8666883771013438	-2.1159608320578376	-2.2131796181426995	-2.5774119400081910	1
-4.5210008514647990	4.1871164600478998	1.7568790483246739	0.4369517885462689	-0.9914442592632660	3.6047187215272958	2
-3.3074947197508893	-0.1157890793516973	0.6871070063842574	1.2384878708636524	-1.3241417702044833	-4.6834846094412459	3
1.0242554147813316	0.3342731822637347	-4.0612942862344452	-2.5537989460654775	0.2180190689380178	1.0692808114454015	4
-2.0034959591001003	-2.2051330163636731	0.8246233038069979	2.4658852016247801	-0.1966240409281654	-2.1162182561393141	3
-4.3926245101423333	-1.0463446346010910	0.8201062618805562	2.5789613459477101	-2.4085579402917769	-1.2652809585664191	3
1.1112404502449138	-1.0772206895321128	-1.8086639249262109	-2.3121786422369270	0.5564965058397182	-0.1666627815237991	4
-3.5822314833241058	-3.4842027176423223	1.4961880743680189	-2.0542418018728297	-0.1562569412419048	-0.8655081138792884	1
-2.5906324701062364	-3.0143898155144888	0.8697189940854306	-0.5552871278397857	-2.4939900466784044	-4.7299835458156139	1
-2.0745853502152047	-2.8222137559034133	2.5180359555659737	-3.0404312927792234	-3.8352008869776650	-3.4490073755370014	1
-1.4697344338094105	-0.4448193270158689	-0.6549349255852344	-0.5749222368957563	2.8735190588245305	-1.0302182704064924	0
-2.8687629902136842	2.5877010894852122	2.4967665869820395	0.8441746492543702	0.0361506021323659	2.2197015682006715	2
-2.3132722985143932	0.9765744928721656	1.9993658783320973	3.1821123627798844	0.5732516243303982	-2.9357728422427725	3
-0.8407514820573381	-4.0948032234615441	2.6761819900668309	-3.4754771856245754	-1.2626600610899774	-3.8870737911537354	1
-3.1128633972325197	0.9373097383650280	1.5436872339654382	-1.1877843413972493	-1.2285521116220521	2.5640848817387414	2
-1.7018070976426989	-2.0227602050315627	0.3990767794278955	-2.4447386159366848	3.0555541137128794	-0.0635343240508282	0
-3.0661562486100604	2.5534463226451942	0.1991930356946872	-2.3460416130256552	-2.1611987131272166	3.3491851054523920	2
-1.4356474516965561	-2.8920566740563109	-0.5178427880497650	-3.2854533026916819	2.1483556702061728	-0.6650335692403183	0
-2.1105847954670462	-1.0454811078531594	1.2652028561051163	-0.3349556265898657	-0.0078667441114697	2.7496314816625667	2
-3.2436309109723291	-1.7812120833038283	-1.3569115323314263	1.6971963941646675	-1.3452647752751821	-3.9830377193803237	3
-3.0866679798720287	0.6402880799291061	1.4161653669060517	1.0791185390456119	-2.2638955914626311	2.6308298669601102	2
-2.6613267052411058	-2.2904877673715798	3.8445145247856320	-2.1049177826444683	-1.7259842469081044	-3.3426255448287745	1
-4.4068391099879864	-0.8348292558606801	0.2656168949551624	1.9651761013167244	-2.9494325566797919	-1.2659186512121015	3
-3.4399380090363492	0.0231716864723591	1.0952545389874802	3.0197949554281349	-0.9517391033267637	-4.0315722903197937	3
-1.6300909400131205	-3.0118636012191660	0.7401396155184905	-2.4198905193289915	-1.4546477228380326	-2.6643747459383551	1
1.7629007991121783	0.7423747580941591	-3.9919764098488448	-1.4705175755252904	-0.5927058479515936	-1.6683968299040033	4
0.9919327122374377	-2.4571866779961766	3.4470564886480068	-1.5461150304009474	-1.5182298526207836	-4.3858266434585156	1
-3.1590877694916322	-3.2475593392322111	3.0997963871340892	-1.7495675592576228	-2.4084155177365445	-0.8855403673222328	1
-3.6867215210893809	2.3174173555704325	2.6361587600934548	0.6250041618650700	-2.0597102068712507	3.2370838734135274	2
0.1231036334968980	1.0289604452993137	-4.4150307603964389	-4.0209920562866772	-0.8944039720590132	0.0768813907153907	4
G3
0	73	2.050275445690498	50	2.3940575352854903	3	2.50757964256008	
1	94	2.1442950857036966	83	2.210127754521261	29	2.676818316940135	
2	51	2.1839247731840414	0	2.519046676337519	44	2.59395139166216	
3	44	1.3775755030103538	73	1.482779405869275	30	1.6455202283835544	
4	1	2.7319523369034933	68	2.974298598272504	83	3.358684624050985	
5	34	3.054464721906431	52	3.1083103916278176	10	3.513741076472741	
6	88	2.5091788529682115	84	2.7603818691552835	39	2.8735581860238057	
7	43	2.0420221337346924	93	2.2149108379036404	20	2.315810652021264	
8	49	1.0096271453387942	70	1.5534861815615175	79	1.6719031478185797	
9	99	1.2610210380107947	73	2.0533759560176432	19	2.340511150182063	
10	52	2.1129991880587826	80	2.3226288084623357	21	2.3775154575170845	
11	37	1.534368576176145	98	1.817471747550794	45	1.907389431496094	
12	55	2.244273956753436	81	2.815638106723432	71	2.902132552837092	
13	40	1.4325710389745645	16	1.8541188783526874	91	1.9197801367895417	
14	38	1.624977237580282	85	2.0102202030264826	53	2.030028696355566	
15	27	1.4727109913623624	80	2.1143609405769976	53	2.1337155961679706	
16	13	1.8541188783526874	40	2.3840059676475547	70	2.6919414600988825	
17	56	2.1856039098528157	42	2.615637820368458	22	2.986351170763468	
18	87	1.9490769469532163	34	2.388876724747819	29	2.4081562591284786	
19	73	1.810305414134215	9	2.340511150182063	99	2.360085855907415	
20	56	1.786036283710174	92	2.092892060180922	35	2.159836366237508	
21	53	2.0513659931175323	85	2.322665371732966	10	2.3775154575170845	
22	7	2.404161534129252	33	2.5658058171652165	46	2.8527944852713696	
23	26	2.082095325730703	51	2.991412639223962	57	3.0741231563188216	
24	87	2.150270658154785	18	2.780250193617605	34	2.7891370827226054	
25	27	2.476638519180191	80	2.6006731303171184	53	2.940855148716447	
26	65	1.9199738022515915	23	2.082095325730703	9	2.549484806702803	
27	15	1.4727109913623624	53	1.482230200565881	80	2.4733643514028594	
28	90	1.090381982796371	37	1.9382609772079569	64	2.278607707891598	
29	34	1.8518271955004413	18	2.4081562591284786	66	2.575466019297767	
30	3	1.6455202283835544	99	1.8424624505649356	65	1.8771190922732157	
31	71	2.4693544073783085	98	2.4730319427493574	11	2.5589712685550845	
32	54	2.814877320051389	57	2.997679879664482	23	3.6031074962774383	
33	46	1.9580660492505055	93	2.0785662608832136	20	2.244421619241379	
34	29	1.8518271955004413	66	2.2168215893309826	18	2.388876724747819	
35	89	1.081928338824707	72	1.8977779129390289	20	2.159836366237508	
36	80	2.819454922094061	15	2.947127315138294	34	3.2480358865419294	
37	90	1.5038834842184206	11	1.534368576176145	45	1.668741300410978	
38	66	1.5025354157273356	14	1.624977237580282	34	2.3909976119111747	
39	45	1.4187579182154897	64	1.4442834696053393	90	1.5555835096471418	
40	91	0.6531862946861179	70	1.2074213347560103	13	1.4325710389745645	
41	45	1.5923118412442507	64	1.9751318494469638	37	1.9994311043899702	
42	74	1.8698019067691343	89	2.42723530350852	35	2.5512448546676705	
43	47	1.6035072058643622	7	2.0420221337346924	20	3.0207368870560845	
44	3	1.3775755030103538	30	1.8988939827793334	73	2.1819108820554716	
45	64	1.223705649083174	39	1.4187579182154897	41	1.5923118412442507	
46	33	1.9580660492505055	82	2.233488594007653	93	2.3702041362490096	
47	43	1.6035072058643622	7	2.7719157950223967	93	2.9351139591527504	
48	7	2.526068092569639	20	2.7999428023120556	56	3.18861645030279	
49	8	1.0096271453387942	70	1.680703968196503	91	2.2778266007768533	
50	73	1.3384142382198412	67	1.5687215278590398	3	2.0452452676984234	
51	2	2.1839247731840414	44	2.3112494528408405	67	2.383361546540723	
52	10	2.1129991880587826	87	2.5009407149583605	85	2.50639174179504	
53	85	1.4605628281372505	27	1.482230200565881	14	2.030028696355566	
54	65	2.3394740654693496	67	2.7561720066482267	32	2.814877320051389	
55	12	2.244273956753436	81	2.3218140820995363	41	2.40407082060989	
56	92	1.7195726988397504	20	1.786036283710174	75	1.97560375531644	
57	99	2.2543887999268715	65	2.3114218216027855	30	2.50966349728389	
58	21	2.5246073394222353	27	2.5299093542776547	53	2.5380578767962327	
59	64	1.7902329061260536	41	2.1086965476215473	45	2.3627302915613457	
60	94	1.708325310630688	78	2.347018426258186	8	3.2122781195946213	
61	63	2.763812663437795	70	2.835247511667343	97	2.891855421514535	
62	37	2.263202590591631	11	2.6303168491787217	90	2.8661780854743535	
63	61	2.763812663437795	13	2.8104178579926504	16	2.8620948211587556	
64	45	1.223705649083174	90	1.442281132307487	39	1.4442834696053393	
65	30	1.8771190922732157	26	1.9199738022515915	99	2.083891623690412	
66	38	1.5025354157273356	34	2.2168215893309826	80	2.373716400921871	
67	50	1.5687215278590398	30	1.9407547701007877	73	1.982719838412277	
68	79	2.3104849644741217	8	2.4232560716456306	94	2.6857100506396008	
69	93	2.1372474751348074	72	2.2668153670976388	33	2.2810546084846655	
70	40	1.2074213347560103	91	1.3346901355567131	8	1.5534861815615175	
71	11	2.3637121287199023	31	2.4693544073783085	98	2.5053224873019726	
72	35	1.8977779129390289	93	1.98498465367489	69	2.2668153670976388	
73	50	1.3384142382198412	3	1.482779405869275	19	1.810305414134215	
74	42	1.8698019067691343	69	2.35848631045911	33	2.7279934219999555	
75	92	1.0107805657793918	56	1.97560375531644	20	2.2095701041237166	
76	67	2.338138089753989	54	2.8770711193015828	30	2.930003623639538	
77	97	2.823482999921063	94	3.10821572290556	24	3.277283962982574	
78	60	2.347018426258186	94	3.1246048095641483	8	3.3884484698212423	
79	8	1.6719031478185797	13	2.0993277162148005	68	2.3104849644741217	
80	53	2.0888358518377985	15	2.1143609405769976	10	2.3226288084623357	
81	45	1.6951489581337253	41	2.0945566030633973	55	2.3218140820995363	
82	46	2.233488594007653	93	2.55900174658481	47	3.077598242627409	
83	1	2.210127754521261	13	2.2400989928310984	40	2.6828028303097997	
84	39	1.8951851230085897	64	2.185779117557467	55	2.4781459369237337	
85	53	1.4605628281372505	87	1.8864968443659167	14	2.0102202030264826	
86	84	2.6924924545519806	55	3.2836560773422354	39	3.3504914673888138	
87	85	1.8864968443659167	18	1.9490769469532163	24	2.150270658154785	
88	6	2.5091788529682115	64	2.6704095579669596	84	2.6954392235985565	
89	35	1.081928338824707	20	2.423549730473385	42	2.42723530350852	
90	28	1.090381982796371	64	1.442281132307487	37	1.5038834842184206	
91	40	0.6531862946861179	70	1.3346901355567131	13	1.9197801367895417	
92	75	1.0107805657793918	56	1.7195726988397504	20	2.092892060180922	
93	72	1.98498465367489	33	2.0785662608832136	69	2.1372474751348074	
94	60	1.708325310630688	1	2.1442950857036966	8	2.3924781027517086	
95	19	2.9795538406902637	73	3.1690063355166527	67	3.181824188548625	
96	1	2.896587060782825	83	3.266691820572766	49	3.285961108773987	
97	70	2.09761220214465	8	2.421534227535549	49	2.5675104438127696	
98	45	1.717346700440806	11	1.817471747550794	39	1.8797873757236958	
99	9	1.2610210380107947	30	1.8424624505649356	65	2.083891623690412	
