0.5022238819419902	-0.4157446043823950	-2.0261911822794434	-1.6651296525505743	0.6008610061798227	2.0716096927667809	4
0.2534210425785348	-2.2972339535610855	2.6685134789092477	-4.2690843440145967	-1.5615188037726067	-3.1069310371519934	1
1.0791698663682041	-0.2958982978785216	-2.8952437673330405	-5.3166750640606235	1.4376377142369829	0.5409965369511995	4
-0.4474267063196519	-0.2620100588113625	-3.8055409871937527	-2.0074026948005175	0.9371767301835647	2.2323654196458866	4
0.2593949801458494	-4.6862878093553268	1.3079312178570197	-3.2669681914329338	-1.6281110203360079	-2.6818397797563986	1
6.9986450229156141	5.7409677775246175	8.9556954216323206	8.7090307436160828	12.8671293266336644	5.1290812044043124	0
-2.3866680196212013	0.3370908893615543	-0.0822338723545261	0.6580334440414601	-0.7088944547710142	5.6307554593068518	2
-2.0555120527949433	-1.5214872381823590	-0.3141859816446763	-1.5527585992618469	2.8979981810202409	-1.5742425115098970	3
-1.0291095249588325	-2.7678209672143943	2.1741712046463650	-0.8879352956868507	-2.1629810596523305	-3.8477719285832932	1
0.2775110897888824	1.1963048617987788	-3.0791827543150077	-4.3143586523013502	-0.3032062538310496	2.1503197792119915	4
-10.1367689616150756	-11.6403462701764457	-9.5432957926693334	-9.0749120848806655	-6.5509030544488285	-9.8860224322912646	0
-3.4597251846696517	3.1807456394892264	1.4108252898034777	0.4733429792086963	-1.2934021348938607	4.2884245894992965	2
-3.7595406414463590	3.6060643521445193	-0.7716455246412359	1.1816571703214425	1.0535122243480330	1.3565533379133445	2
-2.0470875064604970	-4.2969585841978617	2.9894710942097844	-3.6426397391150021	-3.2971575171472001	-2.3072226493583381	1
7.8285449532496809	7.3080663595503044	8.3787322977241363	6.2745380631926420	13.3767036524426146	8.0505078874359288	0
-12.1797244724153320	-9.7353538692492894	-9.4246429428040717	-10.1392009545874320	-7.1682220696740604	-10.1035428044781277	0
-2.0295294661973680	-5.0616097156112740	5.4634787433946270	-4.5335308609090657	-1.8502515843854965	-3.5762102477440241	1
-1.7895030872920743	-2.0937362941099420	-0.3725473816041119	-1.5864078853224615	2.5144866904029208	-1.0129908656190771	3
-10.2317288323148539	-11.1703781157319249	-8.1069749285680057	-12.9222177886533167	-7.2280126944488474	-10.5009928546454443	0
2.9858580622367459	1.5908983424920102	-4.9365334508876382	-3.5225723146739556	1.3933568432070389	0.0908768753124530	4
-2.1783115036814129	-1.8347900359472651	-0.2477587004425610	-1.9121336490098373	2.6086413063666041	-1.5059971688335283	3
6.3187714105718200	6.6966052045472866	9.3783173402483353	8.4301416835445551	11.3710695405992634	9.5468966504310142	0
-1.5528955466596770	-1.6283437301598251	-0.2609361162724699	-1.3526763442934837	2.7097158815370710	-1.4368045280218369	3
1.7242379544110498	0.8540113638365701	-1.3596228521783615	-2.8404382985673227	-1.1374605160754483	1.4796138313545704	4
-12.2975197616921150	-12.4480010656929512	-9.4081532149290670	-12.5817470356173988	-7.0831440835395805	-10.4984646242137796	0
6.1864604920741044	9.1649342318522820	7.3060956923344236	7.7831404498329277	13.4312019450945748	7.1524859534323486	0
1.6537091091311757	2.1920453534826181	-3.6600936235351051	-5.4938563261413682	-2.8561415515762687	0.3703056047895756	4
-12.6265738498363795	-10.1625937608787158	-9.7046845998410607	-10.5254150495159386	-5.9279710446711285	-9.9591055822668242	0
-2.6624279479300790	0.2549421366039297	1.4626046407473372	0.3980594836021760	-2.8654103981946974	2.1058921176789518	2
7.6407423069441815	7.1333209301025828	9.2431554088392645	6.4370664078093016	9.8822521134284624	5.8775550090261417	0
1.1696345037292688	1.9671395286939699	-2.4278143769797462	-4.8260025348487652	1.5078105867079019	-0.8185131724145771	4
-5.8841016845008411	2.2471998302923035	2.9390265155921114	0.6066482575949936	-2.4091230033780699	4.7417791225350783	2
-0.9116572229471629	-0.2363137149888067	-0.3377972854284179	-0.8392035127429500	-1.8686636304668860	2.7061026435934581	4
-1.6967217061039586	-1.8351837902586710	-0.0818752488129459	-1.8630221217928509	2.7775600185313700	-1.6623544334063236	3
7.3634605375075175	6.8027207752713021	8.8097770130570670	6.3396505309468569	11.6175601183357369	6.0632476611902488	0
-2.1054365804700987	-2.0112670630083378	-0.3753998287024569	-2.1758797944938100	2.9122319123921283	-1.7836289071060127	3
-11.1706747617042463	-9.2967181531183485	-7.7714417251133279	-9.5091595031134855	-6.2905503972392101	-11.9942153673874969	0
-3.1334854903998921	1.2619513011458683	1.1953557394721113	3.4314470262081560	-1.1913234436669415	2.8361117090227923	2
-9.6708927489539160	-9.8777985466903448	-9.0912224113414339	-12.3142629670567967	-5.3942121685411415	-10.6602850437899370	0
-3.8182802126274415	1.5776038127400469	1.3234089684904202	0.2039882093863464	-0.3008090129384404	2.6750710607701147	2
-2.5166020510252349	-1.9016691319731489	5.0203717185112815	-1.2092384614323137	-1.6846064001568648	-4.5465391413931640	1
-4.4083433309532207	1.9005005763202389	1.5871220616699417	1.2178279570980302	-2.5329050409291742	0.4266674783939441	2
-1.8095125576889162	-2.2093263066795497	-0.3308772605055678	-2.0469919390513400	2.8779403297106332	-1.2734971574428018	3
-2.1451758764475937	-1.6775714909620958	-0.3910906783956664	-1.5596188292155966	3.1463633880546924	-1.1735339725118732	3
-0.7382732994789993	1.8665298063044320	-3.1847798684276727	-4.1057414467146289	0.4512044361358778	1.5774220834288821	4
-2.8394366043591113	0.7401158302413300	3.3066033731882967	2.1519270889996953	-1.5839691973868399	3.6913588443178615	2
-1.6232405829528271	-1.7725857442504096	0.3250433562301361	-1.6354341950402622	2.8795583719298352	-1.6120976391057922	3
-2.3011790982397504	-1.8271615905353658	-0.0852488146182888	-1.6670951880649105	3.2385538812257475	-1.1934965994021600	3
-2.3081436223833340	-1.2355730362810977	-0.1509538968275196	-1.6390915198469602	2.4350379563795759	-1.5048605727413986	3
-1.6726061495307032	-3.4883235006867666	2.8880631601818467	-1.4483769293774533	-1.7180322424080954	-0.9458609319295070	1
0.9532594601491144	1.6920694503592124	-3.5865352182615715	-2.3144171677625116	-1.1938929567228418	1.3003749989533948	4
2.4132897605225336	3.1321678296380977	-2.6781888115882944	-3.9712173505678199	0.3394741097729533	1.5399613081208858	4
7.5979768086716186	5.1762845671376114	9.4451698098281707	7.6190158114661442	11.7265236642493509	7.6300467713640661	0
-11.4580736361301501	-10.7127937331942231	-9.1939321933353693	-10.6082242282784733	-5.5746340923279822	-9.5898885380065941	0
-0.1672223356434872	1.7382596313018865	-0.5101200004411537	-1.4408529621026629	-0.6701382268620553	1.0682226534594768	4
-2.3058639212939740	3.9763231871073210	1.7948741291663359	0.0549772555309040	0.7325510567264366	0.6124887748848155	2
-1.9891966048540799	-1.8527680611635744	-0.1478682340861481	-1.8812290690003548	2.3561849014178553	-1.2083140128819081	3
0.5151741824694981	1.0426574605261045	-2.7423737995544890	-2.2846332105920131	-3.2475182324720455	0.7698441093087856	4
-13.2056855027865598	-11.8811688742772219	-8.4299861728545835	-9.4655460446006288	-5.3328302640850920	-9.8631906312545912	0
-1.1110771993128155	1.6719181561041490	0.8364488100217581	2.5888542162760220	0.2979336434930284	-0.2264803084238987	2
-3.5916480420405690	-4.5732193860030668	0.0672737293679577	-3.1243678400802324	-2.4773783580550957	-5.1274303725664430	1
-2.2086975033733127	-1.9346740489085819	4.6026292149385535	-2.7969845857297564	-2.9601447247660198	-2.8551634046495846	1
-3.6490452634707573	-0.0281420854517983	2.4810935041222453	2.9678761777796838	-3.7582267265964884	5.2956340165572691	2
-3.9323403919044733	-4.6823134706313247	4.6851876896699904	-4.5046792069374604	-3.1114387283519975	-2.8010271286305217	1
-1.3624117798934368	-0.7366815208186077	3.5084407932419621	0.8030249986607608	-2.2282060293105088	3.5687482778142634	2
-1.7299188035231488	2.0342322746597592	-3.1502455989370737	-4.8031742962512443	-1.7671703893242272	-0.6940831315612338	4
8.4268606501549819	8.2300001285348507	8.5182757761140273	6.4205977042536579	11.3633361378583047	7.3242776207223050	0
1.6979264639573020	1.3819550057988450	-1.4978094975796825	-1.5406392616704521	0.9709854109564520	0.4815326033126833	4
-1.1455240628659267	-3.1727016827618519	2.0470995455678533	-3.5027857971921703	-2.1543895167311691	-2.4893570157868123	1
-2.0639362386202027	-2.0359279966486183	0.2103354103659080	-2.0672351746229478	2.8345779522034293	-1.5219450370107914	3
-2.6816423688366822	-4.4565258774794252	3.2143809480377312	-3.5046776803597530	-1.4786369896259921	-2.6320200688517867	1
-5.0286236380634968	3.6746166474821682	0.7230879074891152	-0.8273360396432978	-0.6410855083173841	3.8895651055710445	2
-2.0879851643581238	-1.7789866655338036	-0.0101151582000822	-2.1946562703099168	2.8296076777105252	-1.9574869447326586	3
2.3015529364313934	-0.3226478873352041	-5.1723628536313822	-2.4295881297267972	0.2143899689749743	2.3580934673478029	4
-1.7619854741954264	-2.3013226497867976	0.0242639161556029	-1.8878069376196347	3.1114871100296044	-1.3156703564071757	3
-2.3592676119559846	-2.0116255543461521	0.0231346556739925	-1.8595379015389022	2.5585036351887016	-1.1029360320139519	3
2.4920845024564011	-1.6693652836200406	-1.1180443843411765	-2.8654884672932579	0.7644738395206372	0.7662990173117934	4
-3.6423250440966117	-3.2352418639786871	0.0396394542252057	-0.7854698944574765	0.7025013673536455	0.0454477999882603	1
-2.7899502811279930	-1.6199992097813394	0.1370733370255336	0.4527566673799712	-2.5837228884209567	-3.4534325653534608	1
-3.2460934281739666	-1.5342900631211580	2.1838682628094674	-1.7281961567237181	-3.9377383368649048	-4.0778346395403329	1
-10.4697344338094105	-9.4448193270158693	-9.6549349255852341	-9.5749222368957554	-6.1264809411754690	-10.0302182704064933	0
-2.7909543570542241	3.6259805639470954	3.8738374760587759	0.0556266264057351	-0.0460749306602972	3.2367966578633078	2
-1.8394295590489995	-1.5058957724778379	0.3179495597868778	-1.7087501473308586	3.3039560263442453	-1.5205590029330400	3
0.2783290526922073	-2.5966216081128883	3.2212983545172591	-4.4184079825905327	-0.5747377082433660	-3.8332617854722528	1
-3.0707268655099940	1.2198435206143838	1.6111338465406992	-0.8413720229686803	-2.4163252552200523	3.5446929220073629	2
7.2981929023573011	6.9772397949684368	9.3990767794278955	6.5552613840633152	12.0555541137128799	8.9364656759491723	0
-2.8637972372861729	2.6297654933175245	-0.5264940309578942	-2.7571364897769928	-2.8932266608541508	3.3453943476861192	2
7.5643525483034439	6.1079433259436886	8.4821572119502342	5.7145466973083181	11.1483556702061719	8.3349664307596818	0
-2.0606581245812383	0.3637525640086441	0.0549273177094838	-0.2351017349596343	1.1738414818625937	3.8507348297908290	2
-2.0720192121634837	-2.1953424165218363	-0.5211197928790031	-2.0799791394846627	2.8243269264428505	-1.7823752222174281	3
-3.2519304043745607	0.8818680498049761	0.9424281118481879	1.8667994829062131	-1.4200025122232431	1.3971417283569907	2
-1.6180137222931736	-1.8410853657169519	2.3932612486759366	-2.7665970810668563	-0.7419966740435731	-2.5243552157329363	1
-2.3628212619173978	-1.9587467096610491	-0.1154876860573560	-2.0129842126966486	2.4232849810916979	-1.1030954551753724	3
-2.1210959866794887	-1.7442464740777894	0.0919217249507235	-1.7493294991687960	2.9227083444299549	-1.7945088649522956	3
-2.7334980661142381	-2.6689770411237679	-0.3056147768842061	-3.7081217593153424	-2.1784427133104964	-2.6146100867279078	1
0.4586048293709835	1.8899318274437669	-4.8757105327994736	-1.7046957338284499	-2.0906938249540428	-1.1171014214341572	4
1.6508057273064725	-3.0501740094170877	2.4557152937371569	-1.1402815903935002	-1.5344156478530429	-5.7620598457040977	1
-2.3277894786417015	-3.7976353137567394	2.0360230594645641	-1.9663640512917859	-2.1978492573948065	-0.3755124463646511	1
-4.2794089137360132	2.2562012416379851	1.7074249218011404	0.0566194408714364	-2.2942754036116360	3.1826309674212854	2
-0.4634937440989298	0.7118953855730810	-5.6245288346613913	-4.7736010045814163	-2.2878763952626251	-0.9740602535000307	4
G3
0	3	2.085103782530699	67	2.7606975279174604	23	2.881576509291508	
1	83	1.38542965568582	68	2.104697899101223	91	2.6560464016558387	
2	30	2.7279964631374924	9	3.0867876219900765	44	3.4024424861909983	
3	0	2.085103782530699	9	3.169722499268254	44	3.1731314858878417	
4	68	2.2761236587899907	1	2.957730884747876	13	3.371379298891065	
5	34	3.0544647219064305	52	3.108310391627817	29	4.1309921841115065	
6	88	2.7634516433587715	84	3.6918662687542247	11	3.693868113380673	
7	43	0.5105055334336732	93	0.5537277094759101	20	0.578952663005316	
8	91	2.9246616898295166	68	2.9793348217579654	79	3.216432917066267	
9	44	1.5598200375888356	50	2.5446649649343143	23	2.9129602757879467	
10	80	2.3226288084623348	53	2.473883015652322	15	3.0623276184198787	
11	98	2.00320254668916	71	2.335531077922019	39	2.5232855059268613	
12	55	3.280753956094516	39	3.6105217660004816	71	4.144075640110659	
13	70	1.977435166871717	68	2.079299188241774	63	2.756733207808945	
14	85	2.010220203026483	66	2.414499637138033	87	2.6231338811008458	
15	27	1.472710991362362	80	2.1143609405769976	53	2.1337155961679706	
16	63	2.561762347087614	70	2.8174367694976854	13	3.3471281391342007	
17	56	0.5464009774632039	42	0.6539094550921146	22	0.746587792690867	
18	38	2.590723759394942	24	2.7802501936176056	53	3.437021852654282	
19	51	3.348919748136403	73	3.451144242185396	30	3.5032723407740907	
20	56	0.4465090709275435	92	0.5232230150452303	35	0.5399590915593773	
21	85	2.3226653717329664	52	2.9001373789881293	87	3.4049861392132943	
22	7	0.601040383532313	33	0.641451454291304	46	0.7131986213178423	
23	50	2.5627909182502275	54	2.7253704445030422	67	2.725747646773377	
24	18	2.7802501936176056	53	3.2798490970882628	27	3.3575479396403316	
25	14	3.221838540162092	66	3.6776322965468675	34	3.9731396797336545	
26	99	3.6306211761889218	57	3.7511976369353413	9	3.7815369112849706	
27	15	1.472710991362362	53	1.4822302005658812	80	2.4733643514028594	
28	84	2.2198692059652907	90	2.3999710674845094	98	2.8778021917146197	
29	34	1.851827195500441	66	2.5754660192977656	87	3.1305393666616346	
30	2	2.7279964631374924	51	3.2595592351107587	44	3.4057201293890493	
31	98	2.615076870719625	11	3.2484830095824186	71	3.686228648929767	
32	54	2.993979690062724	28	3.0712463358509696	84	3.4034511581787874	
33	46	0.48951651231262633	93	0.5196415652208034	20	0.561105404810345	
34	29	1.851827195500441	66	2.2168215893309835	87	2.5302216944689495	
35	89	0.27048208470617674	72	0.47444447823475716	20	0.5399590915593773	
36	80	2.819454922094061	15	2.947127315138295	53	3.407728601563162	
37	90	2.1894098558346076	45	2.709046547589541	39	3.4380835366719373	
38	18	2.590723759394942	53	2.826773905475708	80	3.0952512290707817	
39	98	2.252519759160189	11	2.5232855059268613	90	2.5691604794350127	
40	61	2.697979056610897	8	3.447327086132622	79	3.7786877917534074	
41	90	2.322083056077249	98	3.0262689735417765	28	3.061692872128342	
42	74	0.46745047669228335	89	0.6068088258771303	35	0.6378112136669178	
43	47	0.40087680146609045	7	0.5105055334336732	20	0.7551842217640212	
44	9	1.5598200375888356	50	3.007502293462474	3	3.1731314858878417	
45	64	2.57931820221266	37	2.709046547589541	62	3.145476195574952	
46	33	0.48951651231262633	82	0.5583721485019131	93	0.5925510340622525	
47	43	0.40087680146609045	7	0.6929789487555992	93	0.7337784897881878	
48	7	0.6315170231424095	20	0.6999857005780137	56	0.7971541125756975	
49	97	1.440397079629745	68	2.8067839402118224	91	2.853628697128134	
50	57	2.413708769934767	9	2.5446649649343143	23	2.5627909182502275	
51	9	3.061573707861073	50	3.191279997183661	30	3.2595592351107587	
52	87	2.500940714958361	85	2.50639174179504	34	2.684683343289362	
53	27	1.4822302005658812	80	2.088835851837799	15	2.1337155961679706	
54	23	2.7253704445030422	67	2.7620124707709444	32	2.993979690062724	
55	12	3.280753956094516	81	3.4890388356638606	39	3.688877885886372	
56	92	0.4298931747099374	20	0.4465090709275435	75	0.49390093882910996	
57	50	2.413708769934767	23	2.945243395301027	95	3.2415016866775073	
58	27	2.529909354277655	53	2.5380578767962323	15	3.2444881486292263	
59	90	3.365632098123853	55	3.8690658848281556	37	4.085870957624988	
60	94	3.3535060867920934	70	4.256195957132209	79	4.360971185359179	
61	40	2.697979056610897	13	3.05577068367817	91	3.2046078097667157	
62	45	3.145476195574952	37	4.054183617189327	64	4.09827300075026	
63	16	2.561762347087614	70	2.7336982296437506	13	2.756733207808945	
64	45	2.57931820221266	28	3.0933444197709905	84	3.617473343031559	
65	99	3.1344666728126347	44	3.4029418048106406	26	3.811772693646317	
66	34	2.2168215893309835	14	2.414499637138033	29	2.5754660192977656	
67	23	2.725747646773377	0	2.7606975279174604	54	2.7620124707709444	
68	13	2.079299188241774	1	2.104697899101223	91	2.1573893159579343	
69	93	0.534311868783702	72	0.5667038417744098	33	0.5702636521211666	
70	13	1.977435166871717	68	2.4181413708163357	63	2.7336982296437506	
71	11	2.335531077922019	98	2.7488751011180073	39	2.979461863768701	
72	35	0.47444447823475716	93	0.4962461634187227	69	0.5667038417744098	
73	3	3.185158837907621	50	3.392215212183453	19	3.451144242185396	
74	42	0.46745047669228335	69	0.5896215776147776	33	0.6819983554999889	
75	92	0.25269514144484795	56	0.49390093882910996	20	0.552392526030929	
76	0	3.086633620291337	23	3.3379901153658116	67	3.458963485971387	
77	75	3.010132486020189	92	3.0129177707055024	17	3.15451534190259	
78	8	3.2707498891521	79	3.3741033034678525	94	4.4136491208690725	
79	8	3.216432917066267	61	3.2680001697422596	78	3.3741033034678525	
80	53	2.088835851837799	15	2.1143609405769976	10	2.3226288084623348	
81	11	3.0900082523976606	39	3.4868850797008557	55	3.4890388356638606	
82	46	0.5583721485019131	93	0.6397504366462026	47	0.7693995606568522	
83	1	1.38542965568582	68	2.979549066967366	91	3.053242146768392	
84	98	1.869918523671535	28	2.2198692059652907	39	2.6634645120868026	
85	87	1.8864968443659178	14	2.010220203026483	21	2.3226653717329664	
86	84	3.246145583228624	98	3.9289130201490683	71	4.053644491414802	
87	85	1.8864968443659178	52	2.500940714958361	34	2.5302216944689495	
88	6	2.7634516433587715	39	3.149808774454934	32	3.5730203446393283	
89	35	0.27048208470617674	20	0.6058874326183464	42	0.6068088258771303	
90	37	2.1894098558346076	41	2.322083056077249	28	2.3999710674845094	
91	68	2.1573893159579343	1	2.6560464016558387	49	2.853628697128134	
92	75	0.25269514144484795	56	0.4298931747099374	20	0.5232230150452303	
93	72	0.4962461634187227	33	0.5196415652208034	69	0.534311868783702	
94	68	2.89293870969363	60	3.3535060867920934	91	3.4887868427400366	
95	50	2.9943296383361595	57	3.2415016866775073	99	3.5037531005176095	
96	8	3.385883552762053	83	4.250044208498165	1	4.40508070238994	
97	49	1.440397079629745	68	2.935853477107128	13	2.997843161415704	
98	84	1.869918523671535	11	2.00320254668916	39	2.252519759160189	
99	65	3.1344666728126347	95	3.5037531005176095	26	3.6306211761889218	
