1.2822504264463159	-10.1967999184021725	-0.6967397361190950	-8.6694553716225045	-4.3905404193683477	-3.3811131022577996	4
1.9318727424165443	2.5773511694559610	1.6428982534110230	1.9031900609593038	0.8455046097623607	2.5399607546291505	1
2.7022542937999185	-12.9273206418855118	-1.9676650976682395	-9.1440795037978511	-0.3974278651686483	-4.2322984032138056	4
1.8658381741608796	-11.2117711694016631	-1.1779419930149970	-7.6486880649091473	-2.9976905400323757	-2.8597868846332437	4
1.0939595500059209	3.7886141042578814	1.2052332132751455	3.5856578708601066	2.0509021794279394	-1.5213697061701490	3
2.5987268582235461	1.1911957944341260	3.2484226087921826	0.2837200150983104	0.9627451466890640	3.7399445834984659	1
8.3568547976141190	5.8135899866768490	6.3578019989780499	4.6693789182782268	7.2044924130285324	-3.8136049085355452	0
1.4493713761289313	-10.1698046365494719	-1.8010454216379670	-7.5451582662109073	-0.3804869334158183	-4.0191117076229759	4
1.2183884849987447	-3.2289337125763993	-0.1434402257883833	2.1777871615819051	2.1665445048800893	0.2620617209721210	2
-1.5819719051296779	-3.9245521435653354	-0.6301452861236345	0.8682811680624997	3.2602944738937190	-0.6064672122929051	2
4.5950622931771781	1.6735713305591489	2.5089314246672436	2.4248799666206251	1.4208659204936915	1.8355066262401503	1
1.6242288359971171	-3.5013147636363726	0.1233011069780738	-0.2955454864499991	-0.9131390418573442	-1.3284362579754780	2
8.0716747242841098	5.7790902699723530	5.6501996104798717	3.4854403598664465	7.0363482620776390	-3.4935593558024065	0
0.9815147545014300	-3.7945007644330584	1.3691418102200761	-0.1176925813230889	1.9242676351011636	-1.3613419340865631	2
0.4956813899245069	-1.9122480223535023	0.0877767033440981	1.4719340444197451	2.0652120667544889	-1.2847514110396998	2
1.2446379043483344	-9.1512729026922788	0.0860886333800246	-9.3854965466575333	-1.8557233509254139	-2.3888599969838391	4
1.0992923133351227	-3.6335428428283190	-0.4684226145198239	2.0213636770260592	3.2422114275762031	-2.4899420462417741	2
4.0906150903744081	-3.4134125264665798	1.0029518177626127	3.2584614852236138	1.5510507451909026	-1.3309389360263273	2
1.2061702239358358	3.9442530154221895	2.0871976661869347	3.7947122925830836	2.6204670996327111	-1.2331942773410294	3
3.4618870148842236	-12.3482679121571515	-0.3312510963949324	-8.5705482294877040	-2.3321854985847725	-2.8095380059673776	4
-0.4254008176786659	-13.0378228994372627	-1.8832349524812062	-8.9610249346079485	0.0896418254169018	-2.6486561839605889	4
1.0255076406719212	2.4009189063485614	3.3505599524913778	0.8726967275880912	1.2111072651948502	3.6830981354943044	1
-0.4751724561461534	-3.4116997380273935	1.0563329002203723	-0.0666093384177623	1.0550716561557283	-1.8104923507346684	2
9.9383443028182477	6.2301074939823398	6.0111033577776567	3.4926855328744280	8.4476231948233416	-2.4557844975521679	0
2.7184404077283282	-10.2901198151960482	-1.1810807879175447	-7.6760866469364233	-0.5188984913948902	-2.1937628142840837	4
0.1251197586099907	-1.7801986088429715	-1.4261944326482046	1.3079728077194166	1.3850915569041087	-1.8716947284633698	2
-0.2861270965618699	-3.2399663363121318	-0.9820346006461187	1.7595741425950895	2.9662198135672333	-2.0226359363633706	2
7.2953716960682389	5.9097652202321234	5.3288081486165986	4.2903997163416108	7.0309380711182188	-5.2655258289016560	0
0.8796942381476824	3.3083667722321590	2.5681987679304057	0.7342616665581193	1.4500543501023615	-1.4598061006936542	3
0.5241509835954896	-2.9113131426749081	-0.2612492008525737	0.7082553047063658	0.6901765658657997	-2.6457498322289501	2
1.4388660117744438	2.5602285655499322	0.2576103612673547	1.8316165015230237	0.9244520519720139	3.2784252152805644	1
-0.3477499587732033	2.4551484275383890	1.3294088591402939	2.0080280724890094	3.6816647714803112	-1.1049318460713766	3
-0.7957460154364611	3.3165918213398400	2.2501053211537219	3.2050527837917318	4.2209784451452848	-1.7741155682101000	3
2.6101788802825774	2.8119945899070142	3.5324087154288448	2.5772869797616575	-0.5472359277095470	1.2326545913159317	1
8.3167412161648908	4.6076349153602463	6.1831160777903920	2.3313953915653221	8.3546982603729170	-5.0720285438118156	0
0.1751741247763475	2.4915006852339761	0.3902587544291942	0.6294852154743080	2.8135224196368935	-2.4309815295505302	3
7.5735387348549015	6.5045236992967848	5.2835537856793993	3.8974607113344044	7.9081457180703891	-3.9838177975982494	0
0.8271323085444309	-1.4048173845268104	-0.0953107961886307	1.4731739873530689	1.2155821127144630	-2.5554858061448655	2
1.8504956038077722	-10.7162045378396673	-1.4792717155638062	-8.5835419741611076	-0.4346204937276053	-1.7322957747529077	4
1.7640388307418970	-2.7256009563073942	0.5821814684355091	2.9434549328616160	2.4803289870283041	-2.3851520762720315	2
2.1749975712783725	-3.1033371569158743	1.6413448820490910	2.2177775637782084	1.1883110183929337	-1.8367574182220281	2
2.8041554736888683	2.3745012968542083	1.9153263381476118	0.2994831792176330	2.5246821152246635	2.0780333334429977	1
2.4674445643909806	-10.7860404589719376	-0.5317843590206777	-8.6438628401705078	-1.0420198777792704	-1.7056162688425607	4
9.2063099192910531	6.7468705102009743	5.3310030928071379	4.7751486836934829	5.4313278013169004	-3.9361452640437036	0
0.6711486211993906	-4.0171033738868926	1.3603460447950066	1.5354750949218550	1.2800810950444286	-0.7190776475802668	2
2.6394019142962861	3.3761606375352615	4.2327168960309551	2.1987267429789323	0.7181896252031668	3.4483372231443012	1
0.7868281689302272	3.5732230880379166	2.1510359346808929	1.3841873996205813	1.3470970855900275	2.9151999882280526	1
8.2301607705698956	7.1210981658832786	7.4792754837453259	2.9897978884345138	6.7109950032615178	-2.7637795998801624	0
0.1378385522955314	0.0854402094464960	2.1968670794964265	-0.4983080626965203	2.0288154064059243	-2.4967129202774023	3
2.1714348138297765	-11.7252021961596515	-1.4417233035141268	-7.4215453863923404	-0.0540815917171540	-2.8933557519077007	4
2.4981863266368936	3.0279564034684805	5.1176997847828885	0.5400514252702759	0.4392604138356813	3.9958082494298215	1
0.3130000363006969	4.9824877187656291	2.1647088258126499	0.9122531160262644	3.1420284398474867	1.7895200753184755	1
0.9885044741162634	-11.6668398396346671	0.6563589459532191	-9.6827298308118941	-3.6202569507882534	-3.7250173381913858	4
1.4785732223058026	-3.5759427596400348	-1.1315365558272470	2.3117250659984960	1.3192729201581865	-1.9724056332349686	2
-1.1271682441190189	-4.0194256889670426	0.1503077492593627	3.0638197345582991	1.2169650074401650	-2.0910976263861443	2
-0.1892445864472786	2.7184888851825155	3.8463844918116799	2.7478744809176536	2.3992127305454733	-2.6515286579225208	3
1.8795597891279803	-10.8174636667484769	-0.2968154480014187	-8.2526791963391304	-1.8224854804525119	-3.3645413023163582	4
0.2657559762196201	1.5955140697051309	2.3772366046024334	0.7175316390831221	3.6657761457210909	-1.5016609071280873	3
0.5104530630164076	1.1135024558828583	2.3912607059355397	2.4037659596469219	2.5681442437519468	-1.4715823881976084	3
5.7364101289949394	6.7211499376466497	5.3840987927671886	5.3160254879241116	7.5714134014676882	-5.7852479044786707	0
0.9773777350823606	-0.6796959589975541	-0.6897364884889855	1.2194517729619310	2.2216392979530184	-1.4697683122235459	2
1.0661265328249114	3.5043760568241797	3.6519412478951456	3.6425468357698700	1.6057027858093498	-0.2700344375138243	3
0.9894781521156824	-1.3743626449518731	-0.0229409699970428	4.9950422320038150	1.0455223859534186	-2.2669260911837998	2
1.1854614182279433	-1.3815343047627420	1.2995089163847595	1.4051324818338387	1.4913668661134107	-1.9512876966612800	2
0.6401717065759405	-3.4754797772576231	0.0174475927417135	3.1275792715468080	1.9537771972820093	-1.2847837764599421	2
2.0300686072669483	0.6977271480023863	2.5942578845368818	1.5375504471647679	1.6696699171001779	3.1127997554652205	1
2.8872799289580158	2.1801917000852322	3.3471872927102386	1.7617150203134520	1.7745963609538622	3.1841307907268210	1
3.0458048325769473	-10.6343822091590106	-1.5309826179724766	-7.7953167272458392	-2.5809922626437101	-2.9143196084937086	4
0.7129237004356589	-2.6321838364396344	-0.1576055896252852	1.7464116653825161	1.6588646780208924	-4.0739026276453725	2
2.9562734082052060	-10.6960597638315935	-3.2591741249965658	-8.5284498165385045	-3.0142846738796734	-2.9688267459640714	4
8.9477435291091751	6.0731650671752631	6.9576642658295889	4.5144348094445075	5.9203108859956384	-5.0574828636918205	0
0.5943773905638995	2.0196327697370280	3.5885020970874857	1.8023463014941266	3.5626579598459425	-0.8185258145446639	3
7.7677277154800031	6.8891993209679780	6.3856624941581011	2.5079733214749242	5.6701965264537906	-3.7680779221350176	0
2.7793634428660035	-11.7849493009944926	-2.5782211045967847	-9.1959667112853474	-2.3404177632400547	-2.9571135909996231	4
1.6431074758268620	3.1481237880499404	3.6615333891160753	2.4793003286580908	2.2559476941252714	2.8280481595017872	1
-0.0737115943835973	3.4065431148864787	3.4506508601599131	3.7610792520276246	1.6068527399213595	-1.3169470256146454	3
1.4980125701793039	2.6328016970491133	3.2825242007273268	1.0981661705690526	3.5199825339444755	-0.7124667290878246	3
2.7507971835226717	2.4652639569918802	3.4843008767150256	0.8042975429327064	2.0242098064799237	3.2020887856079501	1
8.4955864385639419	5.8135996796160070	6.1725715716742773	5.0242473748880121	8.5341188341743059	-5.4036960057155694	0
0.5216081352345265	3.5304381640556683	3.0752831019367153	3.0245977372336248	5.2605667972637233	-0.6395774068562468	3
7.8199166832871780	5.5705298205113731	4.3192409726230219	3.4096837282505130	5.9709870546090551	-3.7450089998453242	0
0.6334604027188053	2.7923181343985140	0.8959479718619467	1.4457381763832100	2.7183248234011788	-2.4141563432248740	3
7.8338491709998648	5.2919885707927152	5.8460892406977161	6.2077210585999181	5.3081004716721427	-4.2535761697294729	0
3.4391278164707826	-11.1778556463188092	-0.3998519574927213	-6.8637182808444797	-2.2225011377447728	-1.8341708823243001	4
7.1631742502732854	6.6156376292273613	6.8200521842277126	2.8535559517554687	5.8478937829245536	-4.7794058525321539	0
7.5198735061145463	6.8770681877905782	3.1636565716742600	3.7759251389495594	5.3235769333836442	-5.2514978568153889	0
1.5167954130553527	-11.6303274528658562	-0.5556911467359318	-9.6881081354753427	-0.9539814072732711	-6.0541483657225053	4
0.6205646934974988	0.4577874382478880	0.7537942254808109	2.8670468518111418	2.6478485914646290	0.2686463692143522	1
7.3108974672517384	4.9487946566245116	4.2791807346215291	3.0473009329458489	6.1393777473705855	-3.0007593471045073	0
2.6456980431021133	-11.4770264216845117	-2.1894118773279900	-9.1734144503062325	-2.0722712667940635	-3.0129714482016197	4
2.1189479172365293	1.5789987552529188	2.9203038729037347	2.1499759434911723	1.6074399788477312	3.2722082346325707	1
0.9708994186502879	-11.6454119655117694	-3.2725951726545413	-8.6707752300568828	-3.8878135647256569	-2.7274948598855846	4
0.6833103826587381	3.3674927706637958	2.6457029684445681	1.9134294055585306	3.0789132546449989	-2.6787828139526706	3
1.6008631011929131	-11.2483927936934212	-0.1949774618664522	-7.6225846303024296	-0.7170930433234828	-3.6188451621465512	4
8.2728810897996876	3.2834366529306762	4.7556938265947588	5.0226274283449550	6.5306067189166548	-4.1238878667519128	0
8.6214820824053753	7.5650864336070880	5.2075431801517809	4.1031901012572609	7.2497353709469907	-2.7049556860638013	0
0.8842265082355314	2.8626279768279681	2.9327390637943966	2.0050088248219047	3.3511889312391259	-2.6617165800854492	3
-0.2499318141172788	5.0163000325070639	1.8826422435451606	0.9042140419684908	2.6282963185989163	-0.8077918858057072	3
1.8605501438228269	-4.1695873033638984	-0.9235819871016291	3.2757304027090313	0.9732263943150907	-1.2627522913409643	2
-0.9960995417503939	3.3765202846605544	2.6344985184143948	2.6337124675706622	1.0991623246244466	-2.2478120999004743	3
0.9914225971906478	2.9927244314238481	3.8750073064769595	1.9374849071500444	4.2783397432091732	-0.9467400292992760	3
7.0892017879917519	5.9570846901658170	5.0428207432861187	4.9734989201469695	8.0642994309345326	-3.6721154756055596	0
6.2917670128084024	5.2000303641286818	5.0078969312715564	3.9354223042926622	6.7578252239570951	-4.9787570554759286	0
1.5371685589602266	3.4111112028572244	1.3581523988222390	2.6966804037938004	3.3455799197706879	-0.7028438180109281	3
1.5805409547394877	-1.5065260486360621	0.0742230064983447	2.1746274987226517	1.9599722416670762	-1.3769172831418763	2
-1.1697803627919379	4.9122562871005879	2.7498841300734260	2.8394487172084539	3.6051812602147590	0.1186856383094095	3
2.6942712087817506	1.3697889742135088	2.6582048641682232	1.1621673550836400	2.4209814009794659	1.3705175366939728	1
0.5441253807071655	-10.0074670354920965	-1.2867633778577559	-7.5870338383323652	-2.6960754082606933	-3.1929746849086982	4
8.7059707950950873	5.9846720448213526	4.5696527162606673	5.8112708157956092	5.3435261556072344	-3.8109627288305661	0
7.5975301310314851	6.9608074426076563	3.1412837573179568	2.1416436511390131	6.5284233471941651	-3.3672245488533177	0
0.3814522029254171	-4.3779550304472732	-1.3264673639237829	1.5934281889589799	-0.1846388341169994	-0.7200106190962474	2
2.5797930201786610	3.5043590361877150	4.9639868078220175	1.5898171100763259	1.2900033912365303	3.8504020831443211	1
1.5589183615637412	3.3376114487501107	2.2855720031998472	0.9442313768907971	0.9675872742597675	2.0972343829428368	1
0.7034324821665787	2.1431948821476561	3.0293279417082992	2.6082604974327492	2.2811387881879535	3.5534829483589192	1
-0.1897879119418088	2.6549395289014606	1.4664340520188344	3.6935864338149393	1.3988595544490168	-0.4279316047754921	3
9.3194967953455006	7.1624376675581951	5.0585341836113784	3.1005100424940863	7.4308377093594977	-2.4991914845764520	0
2.3754965776980361	-10.1609610192085817	-1.7534383501185857	-8.9447018396768705	-0.5444290841602468	-1.2260290418851740	4
8.7065327758692757	6.4986777686407606	3.9445677842417917	5.4818737329787917	5.7917235659133759	-4.4698000626417942	0
0.6575856839752081	-13.0759876435077622	-2.4866541502150934	-7.3148434950260253	-2.0849619372180488	-3.0605040315590424	4
-0.6522853465939692	3.8754963635495558	3.3447130380469243	1.6949814349405865	3.0669991119402078	-0.4957219006528401	3
2.4300670995134652	3.2916185068295216	3.8587938272410969	2.3608109737854353	2.6102864997093422	2.6912549836904174	1
-0.0806814696088806	-3.2617697102677274	-1.2266549380821059	2.3821305194636100	0.2387275682418459	-3.2805296750488453	2
1.3074566822024947	2.3390907631181488	2.6561165731806313	0.6710062980173486	0.8091537066483715	1.1500407875215972	1
0.6734858833173903	2.2940273854928170	3.4613665370028226	1.9782678517838121	-0.3493796748650173	2.1463304122358360	1
7.0306358086550125	5.0216138090444167	6.8772130758142893	3.7364593826018999	5.8707047590106383	-3.2846585412176044	0
-0.3107457975982850	3.5217103910351124	3.3746821762731951	2.2103796057665863	2.4183892299785672	-0.4931875955742300	3
2.5136419036899289	2.5715558385415096	2.7692533918599516	3.3872254404888205	1.3129877619493511	-0.2740276838248222	1
1.3805962393517066	-12.0065074377162055	-0.5396565622939198	-7.9822471514523476	-3.0029404592092748	-3.1896657732082137	4
0.6393524252543221	-10.6955208268879023	-0.0308753075621742	-7.1719656534459961	-1.2618576260807364	-2.8595652990965266	4
1.2610298226869261	1.3588381848653734	2.7881912642301065	1.5618379505516178	1.9752028991232500	1.0538832296573912	1
1.8621094768348936	-9.9042024170388991	-2.5853593389676641	-8.0874279356674190	0.3518194146799853	-3.1848759078844808	4
1.4141570904016758	-12.7335160014863646	-1.9013555704551588	-9.0025436521151061	-2.5180202779563188	-3.5288782391699418	4
2.9298725692001986	-10.8760444854439911	-1.8803862729055396	-8.2957857064613041	-1.0997082883994322	-4.1899662727693414	4
1.2218277065290772	-2.1588144335484540	-0.3242844594565838	1.6223995108894960	2.7661940217101053	-1.5875835716572997	2
2.0263509200858238	-10.0903261881849957	-0.3401806972621750	-7.8303111923598481	-3.2308899093393175	-1.3422303916097578	4
-0.7185854019158295	1.2389482543609316	2.2052470507209319	0.1795133914844131	3.4747018151488827	-0.1961813510005989	3
2.5401457597935790	-3.0468871842889018	-1.2745685766758412	1.7185036283137873	2.7434180590519399	-1.2519262529610484	2
2.4979696096742767	2.1820524580869107	2.8056798931230964	2.5884705431927095	-0.5523540862453560	2.5004271244061562	1
0.2198589510540865	-11.0938101486239837	-0.4991956699887732	-8.6517723377532008	-1.8479910814344305	-2.4179315518837612	4
3.8291494969962243	1.9049515722915513	0.3410863660982524	3.2800384960319158	1.1829659620197370	3.1187720207096752	1
0.9926845493540633	-4.9541124953337912	-0.2287325808240535	1.9260864972048255	4.3027788207264974	-1.6125996569593404	2
2.0199047964556280	0.9819385448725896	1.4111962513299356	0.8976740157859473	0.7516146082345727	4.0096920568345764	1
2.7069633484600364	-12.2209579606414920	-1.6323435604331484	-8.2410637610316080	-2.0250554066060289	0.0462730732078418	4
0.8225837551262158	-2.2171258452358473	-0.3977690830891579	2.7920566175341759	0.7695849345205397	-1.9695138626335460	2
6.9894826636538721	8.1459716109147546	5.2210284789098038	5.8081913931506177	5.4857461882380347	-2.5316944149951088	0
9.3818762789912764	7.6629164366577696	4.5996482731977579	4.4801742283303385	7.0291823171593020	-3.2745705127263269	0
8.2351030016639015	5.1970806979228170	6.5589744986895573	3.5927653931943260	6.8383388474759714	-1.9370679131713178	0
6.7331217087677446	4.9039847240395531	4.4793297144291611	3.5483020330338335	7.6721325057798548	-4.0017560661567648	0
7.0129653022709766	4.4374500478842043	4.4040789269992286	4.3450955412137970	6.9811020824572090	-4.3301344109837787	0
1.2446668095700328	-9.1535384657695165	-0.1369314109556190	-8.8276466863125069	-3.0903312631049680	-3.0539164114321093	4
1.0879659671644630	-1.8018712806855315	-0.0459971872781676	1.2504807817927843	1.3706103860771446	-1.6096934598527159	2
1.4126887306342826	3.8690787266824174	3.4491422749016838	1.7954060896519035	0.6362666057013397	-0.8933291671649881	3
8.2670725848016318	5.2826287318136371	5.2663961708971998	4.9793779660806559	7.4738427139840136	-1.9419480202908794	0
8.2702504527351444	5.6488687362420906	4.4097741346786066	3.9107566050742033	5.7719760733037475	-5.7653734262549383	0
1.4160079743544844	-2.4842857199897961	-1.6461159496095508	1.7580199364204803	1.8196272535495004	-0.3716334482060551	2
8.2295023771560487	6.5033725202557928	5.5594313010367644	4.6145416812090225	7.3138941443711314	-5.6006139864432178	0
7.3294586035659925	5.1263922533401223	3.8591486851830199	4.5037719391457056	6.8671301437428367	-5.4009593140785279	0
-2.1522134315695136	-2.8481136682586099	0.4090930847348191	2.4533723420940001	3.1963775736814770	-2.4298239350234745	2
1.5023258713172254	-10.5336501628719752	-1.5111172282757268	-9.6800086372974938	-3.1135055463081232	-0.5273330579570574	4
1.3891652179701972	2.9786300265472052	3.6252772091909415	2.0772535517960860	2.6775864860218119	2.8915801934599323	1
-0.6223162856959594	3.1047381601361326	2.8695199219238776	2.5157893358058203	1.2595357286207229	-1.3619013319175088	3
2.4009621541100432	0.7205567761693121	0.9459571961284583	2.9966491194173850	1.1188292794108590	0.7988543842848472	1
2.1984166692523766	1.9166176659701630	1.6466111019482015	1.5587557083714614	0.7806617050159792	1.1524826164648814	1
1.8802892707803094	3.5062053432565623	1.6524919033849403	-0.2687204477527730	0.5003095304348686	-2.8051263701695883	3
0.6950289721339931	-13.2292524895024144	-3.6087861256922622	-8.3150956469269168	-1.3071206155077815	-1.9609357254153963	4
2.4228978265808441	2.1113505014274190	0.2998398895600951	0.9802279901742759	0.5005176810000935	1.6477474024473822	1
7.8639735217283970	3.5500178334875558	4.1260172299049600	6.6678877781741885	8.1526193654308372	-3.4150587040313276	0
1.0160668224216907	0.7419507968875168	5.6881284858285142	1.2514856734650648	1.0543569066459710	2.0353003435613308	1
0.1466404044651805	3.4137606897476940	1.6203425666056304	2.0311564805588103	2.2763355504801561	1.4367713947864706	1
1.5075586348345771	4.9491478582010515	1.6479889860311556	3.8635516154819380	5.0319212943066178	0.9346961860552797	3
1.7810104694065345	2.0849133930862882	2.6462030916445012	0.0051717724455485	2.3147258877085162	2.6755606309287225	1
1.2629260811953347	2.3811545269366108	2.4448234754060989	1.5761228343424867	1.8743543556201305	-2.5572804281896362	3
2.1040762320368414	-10.9668887459441500	-2.2184285104497574	-8.8016302426701927	-0.7866684582475640	-4.8561896315333408	4
2.8822541207945491	-11.6371962920321863	-2.5719038203628197	-8.8879654171838069	-2.9384375695874723	-3.6214083617043142	4
-1.0461688615020150	1.6962730935216561	3.6579626843346245	0.9057947839121463	2.7956424048789548	-1.6965591590899856	3
1.6842151378661041	0.8404873903064388	2.9676819191003783	0.7455312496833766	0.2794306796328508	3.6357086006639898	1
1.9957024475215859	-11.7156129249266829	-0.3812976958710208	-7.9071025550982759	-1.4173860871923858	-3.8261936407909225	4
1.1255919263966614	2.3911610425161198	2.9990963178900643	2.3640368069223681	0.5315658659127950	1.0394464207361001	1
-0.2265906804546838	1.6689201300359953	2.0406855906362500	1.2007809011053656	0.6268959856999049	2.0061512056616606	1
7.8986759032626059	5.4156457915949447	4.4669899588876412	4.2423955544829699	7.2615024069564384	-4.8017189977831309	0
0.1749877542078404	-3.9469526779799233	-0.5952987700801031	2.9418866089967004	3.3920996098840268	-3.9240293136997604	2
0.9690390493529601	3.2111864637207970	2.3158943311011737	3.0527393397796008	3.0871292767541267	-1.0030790136643317	3
2.2633794163950718	1.5140319181926976	1.4170071955899655	2.3137312216268167	3.2506667084079091	1.7890201381915753	1
0.0293619429823966	-3.0808521951376902	-1.2955051572493501	2.9944296169293141	1.5991586200433914	-2.2585349770749059	2
0.0361673919658237	-4.2721046244780698	0.3740425038307640	3.1137884410451653	3.2578147278274399	-1.9929146366045281	2
6.9490259759892830	7.0097349905524231	5.6471279126449545	4.3204183901534083	6.0732837756997577	-3.8067157437148138	0
7.2988757253501557	6.1705163851362546	6.4459759799684226	5.0198572685021974	6.8731232026887756	-4.4089214147257758	0
0.3236552209930307	-3.8497159928168698	0.2441914561156596	2.9667487130889723	2.6872318843309664	-1.2222339102123114	2
-0.4475642860057634	3.9002990731576679	4.7615351363516174	0.8863629185940836	0.7054194799448141	-1.0393266040314244	3
1.0529947766207552	-3.3335768495557132	0.7431775464333541	0.0623920233803261	3.2128045739542852	-0.9434183256595736	2
2.2519185414820457	1.3318311285269411	2.3579729859721321	1.1413559552918640	3.7600658253261336	0.1677536661890598	3
8.1659269554913738	5.8068979203374909	4.0123062500704121	5.7583481438760007	6.8825707929099762	-5.3513559005286648	0
-0.7013976692692274	-0.8521887520993867	-0.5213023269955563	0.6461932983178258	3.0858006054314715	-1.0439383624563592	2
0.6772881928047747	1.5813923260073506	3.6205609198918784	3.0787781725058059	1.4958711950168317	0.1119233987126362	3
2.9843364466107678	-2.3120722167055736	0.2204588588797229	3.5869348289712657	1.6862142707861072	-3.0262914237789706	2
2.7024608588375596	-11.5503025240083037	-2.1488916862763716	-8.5065973896278049	-3.5790430260719610	-1.2878076794581963	4
0.2924376545771570	3.0859459761864287	0.8144987827588248	2.8649748527463492	4.0769967032304573	-3.8186967697933349	3
2.2720019250945520	4.3125964178897194	2.1722180454707187	2.2699488959504284	4.9638610123260865	-1.5595531377609995	3
2.0014024092571656	-11.2436375516042695	-2.3696014205326028	-7.2727799745263635	-2.5898962183941432	-4.9687471445891589	4
1.6483922689811861	1.7677774810156088	2.4732178602104717	0.8228873353683405	1.2573812070756507	-2.1768816665465391	3
G2
0	149	1.7960563366138609	3	2.203650293872314	
1	112	1.5035400846153257	162	1.5986129682409949	
2	172	2.2185609078657436	132	2.3413145263408093	
3	127	1.222531418629812	67	1.4312401078166483	
4	18	1.1250906761514166	181	1.7913653815261676	
5	175	1.3149892865116113	77	1.840926579131741	
6	186	1.357031021115163	12	1.4545209404827928	
7	130	1.54347787517009	172	1.9190088269899142	
8	154	1.8840684956837959	64	1.9393582617120497	
9	26	2.271148280582407	157	2.899162071963846	
10	66	2.5019108317886483	106	2.557041648726773	
11	29	2.649472429096331	110	2.980593295542996	
12	36	1.4418624064871584	6	1.4545209404827928	
13	189	1.5737882826247258	22	1.823779294199952	
14	150	1.0089498881334429	133	1.167733165331136	
15	149	1.5256134083342194	56	2.3584458680088956	
16	26	1.643522683677947	133	1.846789215008119	
17	40	2.3756553599968893	194	2.45956949895433	
18	4	1.1250906761514166	181	1.2112681010205526	
19	176	2.20523490502201	67	2.2855529268383683	
20	164	2.66658291515299	118	3.024378373271084	
21	46	1.9338837496974202	77	1.9737869978314522	
22	13	1.823779294199952	29	2.1014936063588365	
23	115	1.8300651154711887	95	2.4559603383707755	
24	38	1.437819176122802	42	1.4761625404351	
25	150	1.7043023981285763	37	1.7113091646365564	
26	16	1.643522683677947	183	1.9163734345351482	
27	155	1.2552183158823782	179	1.2733584167198686	
28	171	1.764942286924863	151	1.8664716936454502	
29	37	1.805037916736006	150	1.850808868740793	
30	1	1.6489562143458485	165	2.176071308453789	
31	32	1.990477685059756	57	2.009062265473088	
32	31	1.990477685059756	79	2.2051202669554697	
33	137	1.595290335430583	177	1.9779129796186694	
34	12	2.6977391791617364	147	2.931007145182007	
35	81	1.1098890036019193	31	2.3599223117976176	
36	101	1.3680733499766682	12	1.4418624064871584	
37	150	1.0937399222836501	63	1.5875157055655778	
38	116	1.0285373648396956	42	1.287058577265334	
39	194	1.8018656326727314	104	1.9121299809559684	
40	39	1.982436288173039	63	2.196813771812142	
41	170	1.4671766681174825	106	1.6819471856859198	
42	38	1.287058577265334	24	1.4761625404351	
43	108	1.5836252727331865	117	1.7741793994350918	
44	13	1.925201158793217	40	2.2132910306029	
45	111	1.1891769461604815	66	1.911210967913433	
46	112	1.2947558820577065	1	1.795231214449098	
47	72	1.9461865990808096	146	2.3689786882022306	
48	57	2.734456846929958	199	2.7624918126452203	
49	93	1.7645425260188892	24	1.7879841617763907	
50	111	1.450572769620964	45	2.0132343587759123	
51	168	2.21601335562749	46	2.6310421219546285	
52	127	2.2932259847705203	0	2.4117445911745623	
53	98	1.4471446605071632	183	1.7316192455900654	
54	183	2.118437974066738	64	2.1527003933704023	
55	96	1.861740073277808	92	1.9450523163426086	
56	176	1.1506302934826471	93	1.3990442405696473	
57	135	1.776484574108555	71	1.8463917692966687	
58	71	2.0096637560124924	57	2.083625501123774	
59	27	2.169307775417938	102	2.4458479569864373	
60	150	1.559070092324478	14	1.574227032889639	
61	75	1.5682465635809018	126	1.9736968373631112	
62	143	2.4282382078820506	194	2.808538871172072	
63	150	1.4668882403637098	37	1.5875157055655778	
64	187	0.9270290947511547	184	1.824485043253933	
65	90	1.1380658069781016	175	1.7643508227189129	
66	77	1.047841330612469	90	1.149104837657743	
67	3	1.4312401078166483	89	1.8631549513828105	
68	37	2.0248705044895607	29	2.0445136344053876	
69	173	1.3872362116065957	73	1.6063894895066413	
70	6	1.9991812557080535	186	2.1386917359255806	
71	100	1.3166393795564306	76	1.3398113757891716	
72	84	1.342685051093674	47	1.9461865990808096	
73	89	0.5825691393720367	173	0.9624122711601969	
74	159	0.6618054979013173	120	0.914940409747712	
75	160	1.550214010017511	61	1.5682465635809018	
76	71	1.3398113757891716	100	1.439326086633179	
77	66	1.047841330612469	170	1.669668891684402	
78	155	1.6180581049730975	6	2.115605000497594	
79	100	1.8412913017571613	32	2.2051202669554697	
80	88	1.1665522964367476	12	1.7556454542628366	
81	35	1.1098890036019193	171	1.9271919186149764	
82	108	1.7955587307270229	186	2.3026768087696206	
83	67	1.972976365861723	19	2.291665134735593	
84	72	1.342685051093674	185	2.1738297243039026	
85	153	2.026735762115224	117	2.4293281314281114	
86	172	2.4080463087406687	176	2.9355656467128455	
87	161	2.431379607063127	58	2.5244328722198945	
88	80	1.1665522964367476	147	1.9945490855170929	
89	73	0.5825691393720367	173	1.1957566408199438	
90	65	1.1380658069781016	66	1.149104837657743	
91	69	2.384262974478788	131	2.426801404783084	
92	96	0.6785702322097364	171	1.7113359558263024	
93	176	1.0115642235942515	56	1.3990442405696473	
94	148	1.9357946463074192	179	2.5243059604263736	
95	145	1.2134776446037063	115	1.3236534717081685	
96	92	0.6785702322097364	171	1.7289251392985692	
97	119	2.125119589727846	125	2.512525626371656	
98	53	1.4471446605071632	64	1.959734543052943	
99	160	1.0455992962736629	75	1.9781356757627484	
100	71	1.3166393795564306	76	1.439326086633179	
101	36	1.3680733499766682	179	1.9326108834293116	
102	27	1.3772312280109855	148	1.4507404817091847	
103	181	1.2504905130910833	18	1.7140715657168741	
104	150	1.2648680244006996	133	1.3085461880399822	
105	119	1.9166208987352924	125	2.289218861564499	
106	129	1.5905689538007606	41	1.6819471856859198	
107	3	1.8479454241808153	149	2.062998053544015	
108	117	1.1825326047832234	43	1.5836252727331865	
109	80	2.3305134187724463	88	2.5555883081565325	
110	53	2.496215229760472	98	2.618935967851331	
111	45	1.1891769461604815	50	1.450572769620964	
112	46	1.2947558820577065	122	1.4813874106535527	
113	159	1.549384137403866	74	1.6840652827592928	
114	4	2.152641750988691	160	2.153361591751384	
115	95	1.3236534717081685	145	1.7694517326372095	
116	38	1.0285373648396956	42	1.5683500317264254	
117	108	1.1825326047832234	191	1.6789666402693437	
118	164	2.0245158019270058	131	2.070629684698976	
119	125	0.9638715699166059	105	1.9166208987352924	
120	74	0.914940409747712	159	1.1666331111739612	
121	183	1.8220145572319002	143	2.182391358392563	
122	112	1.4813874106535527	162	1.667426545625213	
123	177	1.6054916630731741	137	2.0760863770369995	
124	146	2.0870481145982085	12	2.1513878156152275	
125	119	0.9638715699166059	160	1.6483358305081681	
126	61	1.9736968373631112	193	2.3140629951771103	
127	3	1.222531418629812	56	1.7941433662133721	
128	93	1.5275573743835882	138	1.8117267281936547	
129	106	1.5905689538007606	122	1.7728486463412965	
130	7	1.54347787517009	24	2.182633648238995	
131	73	1.9019947600741343	89	1.9163727314517878	
132	172	1.2657768438152202	89	1.9075793690394647	
133	14	1.167733165331136	104	1.3085461880399822	
134	3	2.0917920049445007	83	2.3184854449057086	
135	57	1.776484574108555	174	2.380457845525413	
136	154	1.8297868814859268	133	1.8847005558086036	
137	33	1.595290335430583	1	2.062515225939823	
138	128	1.8117267281936547	56	1.981900071905511	
139	10	2.7882564442478532	1	2.844487432008642	
140	16	1.927778861579474	184	2.0953813394131497	
141	175	1.7150254572988832	65	1.8807438546897988	
142	195	2.2319897036979	42	2.7432298948892004	
143	183	1.7302701074725635	37	1.7415724887943351	
144	185	2.3787768794648345	95	3.008278287563862	
145	95	1.2134776446037063	115	1.7694517326372095	
146	12	1.9143426399886385	152	2.0014201610120974	
147	148	1.233638926053949	102	1.5818252541054965	
148	147	1.233638926053949	156	1.434082325332751	
149	15	1.5256134083342194	0	1.7960563366138609	
150	14	1.0089498881334429	37	1.0937399222836501	
151	28	1.8664716936454502	61	2.243763040314631	
152	146	2.0014201610120974	6	2.269999093182461	
153	156	1.7734392106518628	179	1.8582349655489288	
154	136	1.8297868814859268	8	1.8840684956837959	
155	27	1.2552183158823782	78	1.6180581049730975	
156	179	1.1662259690176182	148	1.434082325332751	
157	26	2.504235125266357	54	2.6258550939745677	
158	195	2.247799595631786	134	2.4375085946143082	
159	74	0.6618054979013173	120	1.1666331111739612	
160	99	1.0455992962736629	75	1.550214010017511	
161	162	2.066264725969077	87	2.431379607063127	
162	1	1.5986129682409949	165	1.6001773554411485	
163	28	2.3657397474923862	199	2.430834266509946	
164	118	2.0245158019270058	20	2.66658291515299	
165	162	1.6001773554411485	1	2.007233831801261	
166	94	2.5446038920757874	148	3.032202054937611	
167	123	3.161611711550931	129	3.279885400341724	
168	46	2.045655959193863	51	2.21601335562749	
169	79	2.8734063058348136	103	3.0557015019678038	
170	41	1.4671766681174825	77	1.669668891684402	
171	199	1.272141746927862	92	1.7113359558263024	
172	132	1.2657768438152202	7	1.9190088269899142	
173	73	0.9624122711601969	89	1.1957566408199438	
174	57	2.049907197725846	71	2.22796730180756	
175	5	1.3149892865116113	141	1.7150254572988832	
176	93	1.0115642235942515	56	1.1506302934826471	
177	123	1.6054916630731741	122	1.763252572961106	
178	122	2.0562075132551847	123	2.190087118515616	
179	156	1.1662259690176182	27	1.2733584167198686	
180	16	1.97360011851628	184	2.200319056885813	
181	18	1.2112681010205526	103	1.2504905130910833	
182	106	1.9841035486256389	190	2.2762252297935355	
183	143	1.7302701074725635	53	1.7316192455900654	
184	187	1.1041091193856225	64	1.824485043253933	
185	186	1.719433183691841	36	2.086724098609761	
186	6	1.357031021115163	27	1.6145749865257195	
187	64	0.9270290947511547	184	1.1041091193856225	
188	151	2.456898019286053	125	2.659128276499695	
189	13	1.5737882826247258	133	2.365603440332941	
190	106	1.8781578738440974	76	1.987457388473672	
191	156	1.6621927902708835	117	1.6789666402693437	
192	60	2.033013005098291	14	2.170055498145408	
193	177	1.8825405193854445	61	2.0798644862852926	
194	39	1.8018656326727314	17	2.45956949895433	
195	142	2.2319897036979	73	2.245284324198329	
196	81	2.45806908468149	92	2.6050666002687577	
197	103	2.355895345471631	79	2.4484813643870096	
198	132	2.2605781122198865	173	2.3489021615198062	
199	171	1.272141746927862	28	1.8794967986162698	
