-7.5278394058843983	-6.6971120308051457	2.5776264238158095	-2.2230601194991637	-8.6561763399250857	-11.3165031504540661	4
1.6963407194260973	-4.5897124483587204	0.5169710972766055	6.9894727788238757	3.2963230178477687	-2.5759489296253237	1
-6.0971310405358032	-9.4450326627256640	1.3133703237566250	-2.6101315082879841	-4.4744812475407008	-11.4013405338250422	4
-7.4922060402304442	-8.1474804349266794	2.7562162099793603	-0.9432072263337803	-7.5779295085679417	-10.5756451765254180	4
-10.2953987678242154	9.9754815869806865	12.0292157834281692	-4.9974841516738007	8.3781500512295466	-13.8173727225410250	3
1.4238858938081607	-6.4476876331442510	1.5105357630182299	5.0921638177156439	3.5851658344157231	-2.0683543480470266	1
6.9191319135330769	5.8542186127936224	3.6566238215908333	-0.6988570765559690	7.6812483067745116	-4.3650967896212212	0
-7.0434599599150403	-7.4689423062177394	1.9851814347959680	-0.8895253088731341	-4.6573125961900752	-11.3491868999766385	4
0.2896895137702649	-3.0874022895131090	-0.3197986025714385	1.8686512691848225	3.0870850134008294	0.1572662127546019	2
-0.8701791864421704	-4.4150126062221675	-0.1989990462204180	1.1646810030015784	3.1767798083031247	-0.7535378905646473	2
3.3743255135694206	-5.5142289412402850	1.0660052541033811	7.7974162094136013	4.5797651215074362	-4.3900833393490331	1
2.1571308047264313	-3.6828712618982644	-0.2776882323090218	-0.2320878201637512	-0.4480374382734716	-1.5591100924719556	2
6.9239963014400718	5.6245447022453252	3.0669007471463776	-2.1324237923609832	7.0448984688785776	-4.0746100864214387	0
0.9718924537908702	-3.7896221485808206	1.4835670463648529	0.2469817532788502	0.7073321348598640	-0.9886235106104766	2
0.2495489155742309	-1.6247633658706704	-0.3747781232291103	2.6819238544662642	2.7505967885645362	-1.3246281945386025	2
-8.1665086763275614	-5.7099866319045187	3.3533152251794363	-3.0682899145526514	-6.5900164030403214	-10.4540058818618231	4
1.7428941133077585	-3.3830039731851791	-0.7777687858549529	2.0199135713935759	2.7994273354378429	-2.4626881332831196	2
4.1631480710760673	-3.5318994589042259	1.4426015385550244	3.0177924481746237	2.0427282905366986	-0.2475987297326757	2
-10.1071887127878579	9.2452177514818175	13.4470336967827695	-4.2339469346393885	9.3744408026929875	-14.7194993690002480	3
-5.3524517607821895	-9.8747822792522353	2.6992460432361387	-2.8792054912702314	-6.7605794806048447	-10.3371759249022830	4
-9.9859543033656823	-9.7036884222420898	1.6213903781316548	-2.6585342451268206	-3.8914849007284560	-10.1721754842719658	4
0.2126631813066555	-4.7565921614517626	2.2652678944874958	6.5088737521583120	4.7342759098859313	-2.4267817342315365	1
-0.1268399972983527	-3.6278677839826408	0.9578583195565077	-0.1338478396133048	1.0015771993103120	-2.0825628145684583	2
8.8681031613116090	6.4850095172768354	3.6092859616308921	-2.3955904574001794	8.1446012385127045	-3.1329918506086978	0
-6.3355547203752121	-7.5181766647182169	2.7368792443716394	-1.0904919995074396	-4.7661352311729246	-9.6468997930812730	4
-0.4051414125298970	-1.6126625847198999	-1.4888099605524885	1.5915417499168478	0.9239574273217769	-1.6623740635540210	2
-0.2325069412440069	-3.8562964839694720	-1.7511048189656697	2.6832245388559217	3.1951082926567698	-2.0465866079848301	2
5.8147980661320542	5.4362964556679030	3.2093912262300757	-0.6430427099968782	7.2212898428763790	-5.2965731938875686	0
-9.9057169988931690	9.6047841604895119	13.6022496727016016	-8.3930358573882522	8.0213507985300758	-13.2112944647670822	3
1.5583328005252715	-2.6237265628444337	-0.4806858821141172	0.5155749248986290	1.0171875414757161	-1.9207654913447325	2
0.4659586371626201	-4.6119925189396662	-1.2299343023719738	6.1480664039927531	3.5023140942426254	-2.1819216136106365	1
-11.3162052428373787	8.1802385637852737	12.2678538006390916	-7.0344988767468868	9.9520716386600423	-13.7193920352203360	3
-11.7998093921389415	9.2511903141939591	13.5465305376511065	-5.3450512456693131	11.2710342698095456	-14.3784988275047674	3
1.5900673457990557	-4.9742615497984426	2.2028790431631138	8.1121062901075831	1.8651514350962617	-4.9806351499994435	1
6.8803475684830113	4.3348579446070525	4.3244856323666010	-3.1770046290297782	8.4261199261559074	-5.8445882044270210	0
-10.6838732008782351	8.2823233916559538	11.5868387856036446	-8.5089927879123906	9.0762326815943606	-14.0080343499882183	3
5.9782515981863060	5.4661075324326758	3.5409056455396772	-2.1328223972910694	6.9069762023547963	-4.6983870849490268	0
0.8392759323726559	-1.4616967254175977	0.2572865821701372	0.9205262816565196	0.6009587453285589	-2.9344192774318296	2
-7.3051535628647812	-8.0332608605483298	2.1754364015349443	-2.3315967132187518	-4.5178743218464739	-9.3290719276452094	4
0.7843160569053107	-2.7991538601742030	0.3067248047044811	2.7322267309299511	2.1757795141121350	-2.4337628991891811	2
2.5129779281956726	-2.8770267955256719	1.6821496857708416	2.4239695634208696	1.4076055284069344	-1.7892587142419802	2
1.3761308264405536	-5.9827042807620376	-0.2325222761931654	4.4829667787652072	5.3655253795305446	-4.0728864404470126	1
-6.6402493999008012	-8.4050698260568826	2.9965760315730225	-1.9076315729953128	-5.3528267998288115	-9.4140527068027335	4
8.9582561755823154	6.4944738784258984	3.3508487427345135	-0.3778947997996485	6.8564323096324511	-4.2357764186247255	0
0.3545215701308391	-4.3035309041367036	1.2020950600669333	2.6267197474658808	2.0384757746076980	-1.1947081375513218	2
1.3690038408731002	-4.2084754543725511	2.0661439161614030	6.0314279472608918	3.5197379329092691	-2.1516170204057112	1
-0.3293205297490202	-3.7290483325549144	0.5401370981898034	7.0033967098405219	4.8569479687256587	-2.7985181164301132	1
6.6668059656011947	6.6243601839553845	5.7295039766581528	-1.8119383829424562	6.4463151126171905	-3.3442835717252444	0
-11.3911228381572194	5.0633017854402471	12.3675172572826355	-8.8174726756339670	9.1153750938314868	-14.8912287436951338	3
-6.6943000187153050	-8.8657708930603132	1.4321550121754232	-1.5329867916625437	-4.1686580436605203	-10.0998712156994976	4
1.3854405471399387	-4.7549839248726435	3.2071029700774516	5.5360374700457289	2.8104570335249743	-1.8463106399328764	1
-0.4685174607002264	-2.2714223644598239	0.4722412301082244	6.3475889966491028	6.1579050864555791	-3.3530160742342976	1
-7.9601044749095475	-8.3993116150820040	4.3319728965507682	-3.1772414493731889	-7.4409807464494087	-10.5500838130172632	4
2.4222977110215700	-4.2290008042588410	-1.2113524991766373	1.7242244842003789	1.4253160963067204	-2.1456525664183430	2
-1.2067091650980553	-3.6410443624809412	-0.7559140516657548	3.6596394045714034	1.0554187347326041	-1.8425205143184578	2
-11.1626793068586707	8.6659765467377952	14.6446209848893663	-5.5002785699374428	9.3040148149611088	-15.2101395176197798	3
-6.8972363653276556	-7.7428828612158238	2.8476828818584634	-1.9941591310402957	-6.1696299900768237	-11.6532060842481453	4
-11.7248187007639881	7.5480739349670420	13.4745030841317615	-7.9215287250293063	11.0569861856148535	-14.1567233768992669	3
-10.4535520305086269	6.9143769599907365	13.6958393694963210	-5.7289801302043459	9.1396408674255607	-13.6177088430362403	3
4.6892652210336259	6.2461453796786550	3.4218498061139044	0.2931027263053221	7.5920788042692200	-5.7937500823727959	0
1.6221149880319279	-0.2491629017038461	-0.5805850981632690	0.4798796537725527	2.4944661665649535	-1.6879773314027253	2
-10.1417356995511589	9.4530779554807367	14.8532425728918582	-4.9079678323465430	7.7286725492458386	-12.1975593547184751	3
0.1622055570454981	-1.0401911067197636	-0.1850413688913904	5.8154143590056195	0.8887518422754610	-1.6896424971271375	2
1.0656564636829517	-1.5115737879797215	1.8327038703453740	1.2269028961801076	1.9451266593875158	-2.1316180346798501	2
0.8243535150793451	-3.3339408667061212	-0.5260689755056842	3.5777105249647287	2.0854825084934938	-0.4901888076674845	2
1.4090270576522996	-6.2101098427343553	1.4272371870554130	5.6645596307079833	4.2845634632742824	-2.7734253268122586	1
1.9491528850714843	-5.1042341839529923	1.8753037810181010	6.4599274496351224	4.5649911223611088	-2.6028171170833616	1
-6.3436074843015291	-7.2727476774686810	2.4133254894581979	-1.4934209912259941	-6.9198437355063529	-10.3382779943202081	4
0.4259228672926917	-2.8389843265917327	0.4702265757989646	1.9907626638897638	1.2331321142069860	-3.8149083149581724	2
-5.6802739492782646	-7.4690694726865825	0.0953068345582424	-2.4283649350599044	-6.9494135129586461	-10.6845412377579336	4
7.7431978259479886	6.2625012299916030	4.0993009715261230	-0.0724686754476999	6.6902688355241722	-5.5958312951387592	0
-10.8886524314216402	8.1695838511725611	14.5615475899299742	-6.6729571722354546	9.9265935255823887	-12.9542400582060200	3
6.5159177667846171	7.0017026229367669	4.0910755688000453	-2.3608791130379996	6.3748375433878994	-4.1825075602677177	0
-5.8314537321847943	-8.0103335981672981	0.7992090474133589	-2.7016462167352158	-6.3940933003869063	-10.1286604987449227	4
1.7419233039744406	-4.5064423385749874	2.1819510439192600	8.4937807748114693	5.4133176906599054	-3.1089474540636810	1
-11.5225618424769021	9.6133949275490664	13.9110535680446201	-4.8232103479348485	8.2867404501380300	-13.7508583616618676	3
-9.3545787607671969	7.9220926069478406	13.8914715226710364	-7.0164362018943534	10.6627029799547799	-12.9753133062227821	3
0.5489175977365002	-4.7338901039684149	1.2966546131686052	5.9794041684665329	4.6383975885268498	-2.0839698791061751	1
8.0628267248394607	5.2639832098930004	4.1918808805438443	-0.4647890553722524	9.1218771006303836	-5.5451605840012625	0
-11.2900944939447196	8.7151665492157768	13.7749516273030999	-6.2590288289880380	12.1526688474409337	-12.9994553807935738	3
6.4388149345815355	5.6010710524620224	2.1003148106049512	-1.9312303257744421	5.6950110285927682	-4.2578141679731223	0
-10.7083521745348165	8.1212131109083678	11.7758450073923928	-6.6136851957650133	9.6522233444535193	-15.4558122058716823	3
6.6767916089799817	5.4466194387584181	3.8732303289340746	0.7163311068404981	4.8994016322144089	-4.7934734877541096	0
-5.4454814013964832	-8.7102100457105376	3.1091819179440705	-0.2585501943209296	-5.7884379214118544	-9.8881035690845778	4
6.6066577888682447	6.4044226040620185	4.5611851052515711	-2.2825894606583299	6.0401934933993564	-6.0349930375363607	0
6.2732732866556900	6.9357283797612252	1.0403671126176617	-1.8345498406053715	5.7139355284931002	-5.1326970708260653	0
-7.6478147265246079	-8.7682148663656339	2.8890833232133764	-3.1570149925597155	-4.7385441241816713	-13.5368845405486304	4
-0.7653863270060802	-6.4092421412263993	-1.1550591975609745	7.7602486678350235	5.0088397266488869	-6.0399517721023184	1
5.9096853109032832	4.6656788605324913	2.2553179560076657	-2.3011756721782404	6.5856873501350828	-4.0381122446505504	0
-6.0965946613149562	-8.3291829697707147	1.7185022614490357	-2.8930458999364026	-6.2825457747277644	-10.4794834949579325	4
1.2166956099397597	-5.7824149166324839	1.3966911738167471	7.6142571443734717	4.6570360370472033	-1.8770147309206855	1
-8.0603677913637064	-8.7121269657057265	-0.0272658921503286	-2.7848801170678437	-8.0316329696342041	-10.1811400747322942	4
-10.6979366071492699	8.9638765118655908	13.8759455380497272	-6.6432114707453636	10.2425954799094701	-14.8466790434596447	3
-7.4868437305505413	-8.0755885074912310	3.3206995937356911	-1.4372300889820968	-4.5685053195269170	-10.8561051129531929	4
7.4801709344714720	3.1166231829796165	2.6960705191532313	-0.1722032178686023	7.2204246021411098	-4.9268585131764571	0
7.9087513131647835	7.2420557053622892	3.2514100742564076	-1.1152938291836121	8.0039952612453380	-3.8756715367037140	0
-11.0249508287429965	8.7723188899943274	14.7720502522027601	-6.8222776040198321	10.5526272629919404	-15.5260641395511669	3
-11.2673289729375625	10.4205065377579338	12.8935653133741290	-7.6093894640894737	8.9895691528564754	-13.1605064699489667	3
1.8850141665868831	-4.0482596839468741	-0.1265057640289147	3.7661134780425316	1.2454465565018673	-1.5295739116549878	2
-11.9613811791891926	9.1724739338404131	13.9689509614555760	-5.7350527114444736	8.5101324248019630	-14.4657538250308839	3
-9.5514722945328518	8.8729413853415373	14.9014830139400161	-6.4549271454877468	11.6321652289956035	-13.2698899890656286	3
5.5355659288476931	5.3369488299454337	2.2895422203327276	-0.6222287731971660	7.9636079976325780	-4.0350265684370479	0
4.9978890828997820	4.4269429922206989	3.5779464413187969	-0.5492893638951382	7.6900702986852938	-5.3675323696293367	0
-10.2832082614504330	9.2531071566829599	12.6190206921108157	-5.8302029246804281	10.2195531048713786	-13.1916321849092739	3
1.7484233104556823	-1.0964116982825640	0.7838435396081807	2.1130546042234757	1.6507231411291876	-0.6131296247554596	2
-12.9765704525570236	10.7622506816698547	12.8543490803667169	-5.6787873500648605	10.5406276892430846	-12.1025813324762215	3
2.1283527480791324	-6.4735589705463399	1.5615459876243234	6.4107157331639186	5.7722335202446686	-3.5793777990705413	1
-7.8685526503975893	-7.2015274727545471	2.7014993590333862	-1.1969581121148289	-6.7764786520736884	-10.3880667900822168	4
7.4089016680362079	5.3667432090679075	2.4804028409211480	1.1922909397387174	5.1708092623833020	-5.0792546000597136	0
7.0750020963846207	7.2341938841338163	0.6343471633244937	-2.7094760827836457	6.0504198628673835	-4.3888032620377970	0
-0.4898053574263161	-3.4817152982325141	-1.4124608191960131	0.9297879556005846	-0.3826912171859008	-0.6492399995238542	2
1.4134311457377424	-3.6303471324515364	3.5993900058470150	6.7198152592625826	4.5081612694172408	-1.1047741807102620	1
0.3098493679441992	-4.7041329176229629	0.6300565602394075	6.0646337003171631	3.9924355247037537	-3.8706246308903154	1
-0.1663613371316982	-5.2168059964555757	1.1688228462695738	7.7006339918549944	4.9963224905545074	-2.1369908215119895	1
-11.5087048291950698	8.0176506198838258	11.9003801249440411	-5.0810655618318767	8.8296709968597256	-12.2469041299038022	3
8.5578000687000699	7.1047768482030076	2.7247670613645658	-2.7239833334331776	8.0314011029137706	-3.0804904585209854	0
-6.6322214667473247	-6.9272388589525509	1.4552742532692156	-3.4573153283802123	-4.5873892951388946	-8.2918070344104038	4
7.5105907074881388	5.5332650655129285	1.6264051986479979	0.1765225464159482	5.5144432186887178	-5.3631179088579231	0
-8.3522399483284850	-10.1258573512114136	1.3912362137337659	-1.3280112927560657	-6.7005431250655700	-11.0028349787991484	4
-11.9781922060561836	9.4815918295141319	14.1981621189792868	-6.8829551678657070	9.4845966389615910	-13.4769016378441684	3
1.9686568139577032	-4.0577941690336745	2.9551600245864496	6.3172882606471621	5.1056692345528072	-3.4681685970866409	1
-1.1426725525913290	-3.1689712059005859	-1.3061791257090287	2.2900509073808597	-0.5016540291455869	-2.8825986419534257	2
0.5144921058743988	-5.5295945474676724	1.4791862633112118	5.5362271013095823	3.6209910827856988	-4.5554036731497920	1
-0.3225365301717049	-5.5723673880208597	1.7343169686897468	6.7857495531088023	2.6879367431445820	-3.0557780361368803	1
5.8316890102900594	4.2977573994398854	4.6405553533551238	-1.3029099988686796	5.4233110353232270	-3.7009760949597963	0
-11.5785867165119782	9.7289394386701389	13.7496410029306624	-5.7362529248698344	9.0162376825064605	-12.5235500950612426	3
1.3937158046194731	-4.4167888958380770	0.5652254975650671	8.4108863675414991	4.5459734040003088	-6.4828414114335837	1
-7.8878290874271251	-8.0070365728345454	2.7290912135740442	-1.4237339219803919	-6.3979546991119571	-10.4705635286074870	4
-8.6307083369083450	-6.9190887719579326	3.3654871075391908	-0.6627149152113621	-6.1101688925946975	-10.6027147050504436	4
-0.0650240951670095	-5.6970168220991333	1.8219392448230545	6.2772056703568770	4.7083613949992138	-4.2712511064470631	1
-7.2664533078422480	-6.5794163795588947	0.3231296447265262	-1.5786408819755726	-3.5027704393230099	-10.4505692190589219	4
-7.3756759628831130	-9.7041817849850087	1.3301499913677635	-3.1708004324536097	-6.7650335747511203	-11.0099573363006780	4
-5.7723185377184318	-7.6029200447989940	1.3853635451363813	-2.1660358054088027	-5.5154566574415966	-12.0094542939874405	4
1.2898225162989054	-2.3792953640964090	-0.5970564516929565	2.0351877668335439	3.6927084162444879	-1.6408367428788468	2
-7.1117496405542973	-6.3230213446972119	3.4217180671359628	-1.4939414743585955	-7.7184261920076658	-8.7413545518709039	4
-12.9868829023768946	7.4580309106149825	13.9850626696900164	-7.7673627743529616	10.4925655652701533	-12.3408253160308714	3
2.4594276461907727	-3.9396421160202300	-1.4051370751942625	2.0725476823859306	3.2687071031191137	-1.3175827465161116	2
1.9235804134568633	-6.2259406626505234	1.2303292181286754	7.4375681890134295	2.5151827811299299	-3.3454233797189930	1
-8.6386729421976192	-7.8836535140922468	2.9259113796764318	-2.0307939202909671	-6.1732376229200465	-10.1095208220220893	4
2.9260363406344538	-4.4738168772068843	-1.3655345502851715	8.6810186278023611	4.5465648342209501	-2.1142570183234226	1
0.8552791162530482	-5.5315748696200391	-0.4234009103915776	1.7583980853994967	4.3873156278917280	-1.5558333367064434	2
1.0133254483915768	-6.6085324774423562	0.6009891553681256	6.5544750405584056	3.3674681820095422	-1.5797043835967222	1
-5.5606438729236602	-8.7264765417129535	2.2834743785771527	-2.4074377950830934	-5.3471415858395055	-7.8764531057035185	4
0.4072943584500496	-1.9407335136211066	0.4917271952546064	2.3974367840871422	0.8640335485864848	-3.2015433559394246	2
6.1900329218045052	7.7980496635115122	3.1563963902099124	-0.2504216792118479	5.4855682848958880	-3.7150897082392880	0
8.5056123504336814	7.3525418203079784	1.9097920537203752	-0.5971977916345242	6.8591493035545934	-3.3575720540713276	0
7.2242116360841271	5.7408627765937119	4.3416101295728220	-1.7356342418889201	7.2279169212273837	-3.0925047187780632	0
5.7230226146781780	4.5204992653144780	2.9125693663281349	-2.0156689676600834	7.1145739683312881	-5.2577503669028873	0
5.9868981460725008	4.3553147955792832	1.8927569867488558	-1.2268739787646219	6.8698800284691712	-4.1822449964104056	0
-7.6955300468102497	-6.0765113681853453	3.4720327191943854	-2.5697876919122828	-6.8192699067675875	-10.7578094299931362	4
1.8204938501560692	-1.7316603388072376	-1.1065967851936773	0.8260108090319518	1.0723637086714470	-1.5164778329766413	2
-10.3111169086300301	10.1373958392094572	13.9796431185152841	-6.8262958700909744	7.3810470512334705	-13.5616201969908730	3
7.2803647257801218	4.8482501505344846	3.5723199959918781	-0.6064020924825984	7.9274119922018622	-2.1258583456772788	0
6.7979347020752892	6.4607571066527081	1.9342740582000828	-1.8872654943562874	5.9293931973734706	-7.0193808636162975	0
1.1035101202990159	-2.5978837442000682	-1.7070486595765617	1.7519069347821026	2.1238199391628272	-1.3294374996131832	2
6.7466576353664163	6.2302362749101103	4.1059693268663215	-0.7853136060234496	7.9006698428567441	-6.9526930425479625	0
5.7093962782464436	4.7671119180245674	2.1027468744836457	-1.0224267107765044	6.9666544197523965	-5.6131290718167453	0
-2.4687913383439106	-2.9966169056301082	1.2679973913547073	2.7593213146736857	3.1501784628175229	-2.8861955619892661	2
-7.3351047713535209	-7.5084873879567393	2.2522783045869765	-3.6705646970517511	-7.3723914870600087	-8.1298003286136904	4
0.6469435918133972	-4.9767119116723935	1.7710996771866907	6.8410293444537285	4.7306138554006871	-2.6211449872848549	1
-12.0537017095303831	8.2715230007330405	13.5902447909784385	-6.1762428732598682	7.5125523536612322	-13.9153895377240282	3
1.6813936830648029	-6.8034443263095135	0.2648229145437809	7.5298242355811977	3.7486355745422641	-4.3520485651424874	1
1.7857731125760778	-5.3867937183094279	0.2886060246792824	6.1986385542884310	3.6793811297868575	-4.9324712217406379	1
-9.7864812092447728	8.9663700082290472	12.3199779178928281	-8.7207214042995069	7.8162419477774296	-15.0939343220673265	3
-7.8487609230878395	-9.9951057179473128	-0.3579941081946512	-1.5582857594898778	-5.7080664663544667	-9.1118649582728182	4
1.5699124502156006	-5.5021293430950848	-0.6163771910334228	6.3655391564450792	3.4304040019784088	-4.4722055555088582	1
6.5627753263342843	3.2348387686637268	2.1853131100938792	0.5823571979090726	8.0903775748134876	-4.1623560498125123	0
-0.1035289532864048	-6.4055394677554984	4.1019094081947101	6.1334002714372442	3.0049072675220212	-2.7531781617265656	1
-1.2224171850441834	-4.2881272694786503	0.3020577092591139	6.6301998207787260	5.0280892161685529	-4.4487652990899216	1
-9.7086526841711169	11.7027200575583716	13.1056966002631228	-4.7348410566279373	11.0949659978717801	-11.4994588303182894	3
1.1950229558395311	-5.5645467971828824	0.7431843082622299	4.8925777946717979	5.0661067793137669	-2.6501241429888034	1
-10.2342451373572896	8.7214467777557818	13.4568445321674233	-6.5134214630066873	8.1165469908837782	-15.1343608120782775	3
-6.5679089061921694	-7.1573101239945291	1.3705923999192402	-2.0870810804635722	-4.9210577403475400	-11.9092933148607312	4
-6.0485923820766825	-8.3543781407437603	0.8139310394156611	-1.8962615392873117	-6.8078396710854303	-10.5343038560916771	4
-12.6287126230494327	7.4482609726766453	14.7887051648221384	-7.4484863023270176	9.6221510442991249	-14.2211249473153831	3
0.2644316990512514	-6.2011571914032499	0.7518009533297676	6.2192234224485832	2.4287046905614256	-1.8441611848362442	1
-6.7201267664639808	-8.0601386511645980	2.9973140290956977	-1.7475227329889647	-5.1702480200086782	-11.1931772117357244	4
0.6939315054583686	-4.9442773978160028	1.9712193450332707	7.2192172408932542	3.6260764120398763	-4.4518792636539910	1
-0.8706690893501534	-5.6480241792194512	-0.1768431165134960	6.4819916880785442	3.3403706568242546	-3.2758887374715608	1
7.0935859748557828	5.5312770273988097	2.9614816727392665	-0.8838768891644263	7.4667343112634867	-4.5059055051089638	0
-0.2826296804902274	-4.1223073212129133	-0.6536297303684355	2.6692145980577981	4.4380790122880276	-4.5537722841298747	2
-10.9158791200016232	8.7828992859007720	13.5497111175794203	-4.5695605103572117	10.4247221815731930	-13.9502093157305982	3
1.3720330862751913	-6.2681739315581293	-0.4947126844762135	7.3586243936652860	5.5473395262694254	-3.4306410544031953	1
0.3694185765954092	-2.4884590883153521	-2.1434922337091193	3.0924569474763239	1.3086743926728153	-2.4431398115223453	2
-0.1303270348457053	-3.5204274700343841	0.6879667511333321	2.1602675744685746	3.6533656051591441	-1.6248590330756252	2
5.2360462061687123	6.2292115255482656	3.6085424391496241	-1.4640422652132041	6.4505226531690667	-5.1371266373448981	0
5.8195878884850529	6.4177047771057154	3.6550194758270687	0.5149269135648272	6.4412256493977793	-4.8148432725493135	0
0.0811258270777367	-4.5503121931853494	-0.1724306478583125	3.3187418820110501	3.3139103599169206	-2.0598299708446315	2
-11.6173437527895640	9.9423561730223202	15.7084433499160578	-7.7975396112309729	7.8810421518332188	-13.3320203398043731	3
0.9685302027672048	-3.2288160818957738	0.8866592508699835	0.1994997541680025	3.7451320763210028	-1.6345014196907190	2
-9.5048475988413905	7.6634061638364015	12.6785311493653392	-7.3510088397783893	9.9965111847490675	-11.9017508377623766	3
6.6980581242298447	5.5576887339620411	1.6500169592600955	0.2488017834271406	7.1542495857694037	-5.9604068660897367	0
-0.7929808812866431	-0.4848052871488628	-0.9151174778770866	0.6472032986767309	2.2230102070322539	-1.1873252434994432	2
-10.5390203732579000	7.7751066873438388	14.2527815646187950	-5.4018130381302090	8.3423952234197163	-12.4047135754123090	3
2.5269221061054132	-2.3301433605443247	-0.9245377409591269	3.3727168855957159	0.7535999331154711	-2.9517689800480285	2
-6.3188635807671005	-7.9690672123820772	1.2686939079193307	-2.4428100626292357	-7.8958165800745714	-8.4789503491157827	4
-10.7814848353918897	9.0513101834151897	11.6871870948612759	-5.2985538535607999	10.8927226210234540	-16.5107184933922788	3
-9.0591283208302418	10.2800039206463030	13.7597111260285647	-6.5634815406736084	12.5538707004477743	-14.0627466120173370	3
-6.6844734689940672	-8.1608335623892589	0.7628732606858968	-0.7027093013849743	-6.7376455530075390	-11.9088530279294869	4
-9.6894352080105737	7.0572783017308813	13.3359465391605969	-7.5724738028720431	8.5751327573077987	-13.9770340178265720	3
G2
0	149	2.2404936691810713	3	2.342272988179004	
1	45	1.9494227846094199	66	2.0160290676947104	
2	49	1.9115061462381815	132	2.270400454912902	
3	107	1.3346746232226978	127	1.3458329941755092	
4	18	2.2289757197384423	75	2.285060314824108	
5	65	1.1736787206669834	141	1.85640274262836	
6	179	0.8473628348496033	27	1.636017877046631	
7	176	1.5817936693298793	172	1.5869478966290491	
8	9	2.110834075455782	64	2.175427188430816	
9	184	2.0277818606108347	8	2.110834075455782	
10	161	2.4359425414824765	106	2.592389905455316	
11	29	2.0876381483304436	13	2.5314121165462815	
12	36	1.2459279588293506	179	1.4040666947593765	
13	22	1.7140775001456237	11	2.5314121165462815	
14	133	1.7625904482084254	39	1.921650395048408	
15	149	0.873849715888673	107	2.5058600610620316	
16	133	1.6489347743243834	136	1.6586492977935274	
17	40	2.518337759276701	98	3.279896734661684	
18	181	1.6388397798950511	55	2.175564171846426	
19	89	2.0379998706474214	131	2.55629555725748	
20	38	3.3902895612382036	138	3.5261662161420677	
21	159	0.7933298359768104	77	1.2078264632412117	
22	13	1.7140775001456237	29	2.523031580128361	
23	115	1.1773639142575998	95	1.9575629398325192	
24	42	1.418803225794003	38	1.7954499857883246	
25	192	2.13461687857268	183	2.192240930678879	
26	187	1.8682631152546885	16	2.417288460084463	
27	156	1.4115800530509353	102	1.4337181235874725	
28	151	1.8915182513851518	97	2.1391006422315093	
29	150	1.2325333183724392	37	1.943369622815057	
30	178	2.302918184929896	1	2.339159994987082	
31	81	1.9741302317854215	35	1.9744840168322313	
32	181	1.5816767262670843	79	2.0282263994588567	
33	177	2.2439507849831575	137	2.485003956604694	
34	147	2.603959150286818	36	2.7238560090931063	
35	31	1.9744840168322313	163	2.149955709601908	
36	12	1.2459279588293506	147	1.3129479610210015	
37	143	1.67118969101117	29	1.943369622815057	
38	42	1.462437539937412	49	1.7241066059337398	
39	16	1.8256622097485893	143	1.8263365936593212	
40	63	2.4126697611377854	39	2.4467588889833736	
41	170	1.8550860676510046	65	2.6572234466628206	
42	24	1.418803225794003	38	1.462437539937412	
43	95	1.9132591762295381	145	1.9588658699583452	
44	184	2.0305500889488592	39	2.194265760620155	
45	50	1.5628283147737443	66	1.6294551706387956	
46	113	1.8916679892306425	77	1.9900331960934088	
47	146	1.9229233944790118	72	1.9643489088000101	
48	199	3.2383907090201816	35	3.5140411684409205	
49	38	1.7241066059337398	2	1.9115061462381815	
50	45	1.5628283147737443	111	2.5005772041822802	
51	46	2.139789770378494	168	2.687274649435901	
52	138	2.4122557377646205	127	2.6262803714966294	
53	16	1.8551064680173628	136	2.080331373957309	
54	121	2.431410323217681	183	2.5464843592158006	
55	99	1.609494476793658	92	1.793021167017074	
56	176	1.193997037255652	127	1.685608381126573	
57	31	2.0546329062662236	174	2.2001778423071405	
58	193	1.8089614567950545	71	2.1130275416987345	
59	27	1.7969016955657477	186	1.921811008066055	
60	150	2.164586652041615	192	2.5204097599649518	
61	193	1.9993567941549206	75	2.3561544744597533	
62	54	3.6963192489002346	64	3.700567469692354	
63	104	2.2172919188671543	37	2.2540672892982236	
64	98	1.9016783687165086	8	2.175427188430816	
65	5	1.1736787206669834	170	1.4671219561807678	
66	159	1.3769077396073404	65	1.5671047684658572	
67	107	1.5888665665458408	3	1.7303656656448543	
68	143	1.2188100693358916	39	1.8715450078280755	
69	73	1.2261187132430829	173	1.3272524631088893	
70	6	1.9826377750711701	43	2.015193173399223	
71	76	1.8772093472199942	119	1.8849791481662939	
72	36	1.8844461354057196	12	1.903901635210315	
73	173	1.0724316523189936	89	1.0905127744900602	
74	159	2.24155212984089	90	2.3202985162624254	
75	99	1.335201046625599	125	1.7072322271246616	
76	190	1.8080405085195606	100	1.817946250669564	
77	159	1.1546118504503606	21	1.2078264632412117	
78	6	2.3378762778298463	155	2.499711509087845	
79	32	2.0282263994588567	100	2.1677656840290016	
80	88	1.468807506331231	12	1.751136485724689	
81	31	1.9741302317854215	196	2.293365508089159	
82	108	1.692396073737559	186	2.0355988175305573	
83	24	2.0364657116072364	42	2.160373086370339	
84	72	2.0336662710904956	185	2.1121923882693707	
85	109	1.5260401620399109	80	1.925442465407213	
86	56	2.9265803646220863	176	3.006607970797666	
87	168	3.2619703425946596	182	3.5048974334047363	
88	148	1.2204105818039168	80	1.468807506331231	
89	73	1.0905127744900602	173	1.4469644509674218	
90	159	1.5069775002021406	113	1.573164889361253	
91	131	2.3949321734216	173	2.7009025283529424	
92	96	1.2395098941707832	55	1.793021167017074	
93	176	1.124573353224088	7	1.7027079731054966	
94	166	1.739858146415013	148	2.489818138823021	
95	6	1.893874012815608	43	1.9132591762295381	
96	92	1.2395098941707832	55	1.8582354275107837	
97	119	1.9904082726286803	28	2.1391006422315093	
98	64	1.9016783687165086	39	2.389872246872929	
99	75	1.335201046625599	160	1.567280968336439	
100	76	1.817946250669564	79	2.1677656840290016	
101	148	1.7053605571849613	27	1.7541186054285984	
102	27	1.4337181235874725	147	1.863012432534773	
103	181	1.922057604572456	31	2.0351544170841915	
104	63	2.2172919188671543	14	2.4305860554335874	
105	125	2.515535760382436	119	2.9827265573244537	
106	65	2.006076833259618	66	2.102173561075575	
107	127	0.9227627888826571	3	1.3346746232226978	
108	117	1.41344623714811	82	1.692396073737559	
109	85	1.5260401620399109	80	2.443363556982652	
110	25	2.58419128878343	121	2.7180321032894033	
111	45	2.28774723867412	50	2.5005772041822802	
112	122	1.5265626908832282	129	1.8069784619759737	
113	159	1.458003409775919	90	1.573164889361253	
114	125	2.6255988446915515	193	2.6264288455442673	
115	23	1.1773639142575998	95	1.984542411502655	
116	38	2.1313725588371386	142	2.631242195323177	
117	108	1.41344623714811	191	1.9267346827543372	
118	131	2.1296245178078914	127	2.6227791392258264	
119	125	1.6926907245213607	99	1.8421355653216798	
120	66	1.822914852104199	159	2.2640129905703335	
121	54	2.431410323217681	25	2.647382446561008	
122	129	1.5144355280043909	112	1.5265626908832282	
123	175	1.8871710435349076	177	2.121538581160701	
124	36	2.5457018099539916	146	2.815160870946952	
125	119	1.6926907245213607	75	1.7072322271246616	
126	177	3.0225575119636177	162	3.0364134934454214	
127	107	0.9227627888826571	138	1.0803237908494738	
128	107	1.3700331590034465	127	1.6792659893922417	
129	122	1.5144355280043909	177	1.804513205119091	
130	7	2.493744205371631	172	2.5133702424850153	
131	89	2.066115378528856	118	2.1296245178078914	
132	172	1.0960504393648818	56	2.0019502188289313	
133	16	1.6489347743243834	14	1.7625904482084254	
134	107	2.3559211109787395	67	2.3867921488613755	
135	174	2.2735551470770665	57	2.3455081390002768	
136	16	1.6586492977935274	53	2.080331373957309	
137	161	1.96661601534555	1	2.1542564730720515	
138	127	1.0803237908494738	107	1.4985031550503827	
139	1	3.115606200549046	182	3.297895920158734	
140	187	2.3379606643704656	9	2.5953513762813594	
141	175	1.3465320679151422	5	1.85640274262836	
142	42	2.0955704361462257	38	2.5177513280867276	
143	68	1.2188100693358916	37	1.67118969101117	
144	186	2.236001761773143	72	2.6603203849528465	
145	43	1.9588658699583452	95	2.0039740610350645	
146	12	1.698237853081679	6	1.864144908338938	
147	36	1.3129479610210015	156	1.3607058254581317	
148	88	1.2204105818039168	156	1.5457273741185849	
149	15	0.873849715888673	107	1.9780094748070927	
150	29	1.2325333183724392	154	1.9033599336444484	
151	28	1.8915182513851518	171	2.3230374456553498	
152	146	2.022518625750343	6	2.496578082026319	
153	85	2.2155616939449017	156	2.807691949255792	
154	150	1.9033599336444484	16	1.9238806246916929	
155	70	2.192822414359019	27	2.3509755696835617	
156	147	1.3607058254581317	27	1.4115800530509353	
157	184	2.877891740972211	187	3.4660523840170168	
158	195	2.028689035963895	134	2.837998211941905	
159	21	0.7933298359768104	77	1.1546118504503606	
160	99	1.567280968336439	75	2.1547117739974895	
161	137	1.96661601534555	165	1.9883739986467808	
162	165	1.0865462057845912	122	1.9074608898366006	
163	35	2.149955709601908	28	2.3999564469229395	
164	118	2.8185453170487684	49	3.0264477021646052	
165	162	1.0865462057845912	161	1.9883739986467808	
166	94	1.739858146415013	148	2.536930708636472	
167	50	2.6380114190634845	123	2.639172327719094	
168	46	2.0146348794020073	112	2.086905597391544	
169	103	3.3759719981505136	105	3.6316700127614028	
170	65	1.4671219561807678	77	1.7602356158584251	
171	99	2.1578878811857916	55	2.1721327359249583	
172	132	1.0960504393648818	7	1.5869478966290491	
173	73	1.0724316523189936	69	1.3272524631088893	
174	57	2.2001778423071405	135	2.2735551470770665	
175	141	1.3465320679151422	123	1.8871710435349076	
176	93	1.124573353224088	56	1.193997037255652	
177	129	1.804513205119091	122	1.8601317671550213	
178	112	1.9719859773503285	123	2.127226761981244	
179	6	0.8473628348496033	12	1.4040666947593765	
180	187	2.907309393630967	26	3.018091802377904	
181	32	1.5816767262670843	18	1.6388397798950511	
182	161	2.252276580085072	106	2.4111476371333946	
183	154	2.1078938733491834	25	2.192240930678879	
184	187	1.868729740077218	9	2.0277818606108347	
185	36	1.4092126832248029	27	1.5545209065874872	
186	27	1.828449420896311	59	1.921811008066055	
187	26	1.8682631152546885	184	1.868729740077218	
188	151	2.445208555446379	119	2.460143709369499	
189	184	2.2770875358170564	133	2.5295978619212227	
190	76	1.8080405085195606	31	2.6688501421975035	
191	156	1.8918890086162012	117	1.9267346827543372	
192	25	2.13461687857268	60	2.5204097599649518	
193	58	1.8089614567950545	61	1.9993567941549206	
194	98	2.5337989920688684	183	2.6098069515858593	
195	158	2.028689035963895	73	2.3459326185022373	
196	81	2.293365508089159	32	3.0373899029392573	
197	100	2.239602033420638	79	2.968231958656857	
198	173	1.9399202926648542	132	2.275077808460934	
199	58	2.1401100602575043	171	2.3983721506173334	
