1.5984474278506660	1.8346822591603837	-1.3199867239147416	4
2.1046410070676616	0.0982429547497420	0.2763031682504761	0
-0.3066158777157086	-1.5387572177321478	2.6080882244141614	2
-0.6160509961899169	-1.0501650521529562	1.4851954656830619	2
0.3002808584794246	0.9510267040574321	1.8281808866325555	3
-1.0140123936394816	-0.7328686644702781	3.4481624957192261	2
0.8101973636958533	2.0112729006506367	-1.2564474482939250	4
0.4312742833475700	-1.3465656722993304	4.3674010031196122	2
-0.6579476657612053	-3.4445593106443768	-0.1166814482481474	1
0.5933693097330326	0.0144892354837620	0.8046181816816689	2
-1.6423667604526329	-1.9359643888357834	-0.4516734378587922	1
0.3073208134763227	1.8477858092258197	1.0652800330692509	3
2.9666119173093617	0.0194243469743391	-0.2244454218647718	0
1.8636939183421322	0.5312086300243947	-1.1621304914826884	0
2.0210229841958678	0.3369084886184393	-1.1580705814869572	4
-1.4714105680486513	-3.5760894494736357	-1.8629496605301563	1
-1.8223368018120270	-1.7039055793890436	0.6448893677064740	1
2.1084602505296002	2.6164480735140021	-2.6283175349550776	4
0.0936304986099575	1.0707608155035957	0.2004904385004492	3
-0.0872323342324794	-0.8531261841331161	2.8708661764070378	2
-0.7445794862427190	-1.8024203179670353	-1.0769537064532471	1
1.8197394859063682	2.8948802000644926	-1.1526395027275318	4
-1.1261687694067621	-1.4885770374862801	1.4050223821200483	2
-0.1656578106897394	-0.9531450019461118	2.2503148577003849	2
1.1065786909831359	-0.4168632377203136	2.2635220116863208	2
-0.1205602533498482	-1.4320169838422514	2.0410863609885634	2
1.7468165639056936	2.8303343646792301	-1.2192435792212188	4
0.1637124746962447	-0.0476350632733252	1.7626068384062883	2
-1.9129271482666992	1.7651538407121621	0.4445837469756722	3
-0.6161929122829933	1.2784740086189248	0.8279037826149870	3
0.5536705418121648	1.9310433999650245	1.0330849116061653	3
2.2291541501424046	3.4076499362685628	-1.2933044528011428	4
1.8812905604273604	0.6084252605829893	-1.0577136264169864	0
-0.4333561276205926	1.2766084047711868	1.2680113740846726	3
0.4615166658498698	0.9721538725582369	-0.0916441143438088	0
1.9671245333185250	2.5429834314721900	-1.5031476119567904	4
0.6524182447665059	-0.4120697161028929	2.2277748562254436	2
2.6931796924405687	1.2556672137665164	-3.2715747606709824	0
1.0249681417284493	0.3846009222576025	-0.6884545065957111	0
-0.9155937424357311	1.5420485204378176	0.3014209480056610	3
-0.8546104355461658	-2.1250209705198970	-0.0169813422375167	1
2.1860251771969756	2.3651119923558315	-1.4253680398283886	4
1.4209244190488217	2.8927475922301342	-1.1451317155756131	4
1.9981103293668492	3.2794089215756106	-0.7104893432545806	4
-1.8013762663495050	-0.2271105394523921	0.1026524312364258	3
1.0940838979417855	1.8536869310032416	-2.1406597419408997	4
1.4461781982700828	1.4760663486159062	-1.1275494058378570	0
2.6428026624260985	0.6798595626916446	-1.0557989009050706	0
-0.8360246467945307	0.5625378384956967	1.8374108069862429	3
1.1314666244351219	1.6636088026328371	0.3537191341338087	3
0.9017438732043422	0.7835807161490561	-0.9406054969787394	0
-0.0224874499025876	0.2106198630805449	-1.6216204345813554	0
2.7483653857626407	1.8912006006819841	-1.6396601873556564	4
1.6269563269339482	1.4619009687441122	-1.0522170857331195	4
-0.5947707683449253	-1.6171898184326459	-0.3806876912115759	1
-0.3578326114515283	-1.2239566120672238	3.3080576095500991	2
1.8317222794140400	3.2150509746125930	-1.6646694062996090	4
1.0680915461173073	-0.0697499135930449	-0.5886502284179397	0
0.8413652973417803	2.1427255780407477	0.6901913392243066	3
-1.3303745083548426	-2.5681575770602976	-0.7946000055246583	1
1.6706377364722216	0.2643335024217537	0.5110436634255708	0
1.7296186072907278	3.2997970380566253	-0.8565768084227764	4
0.5173665355796693	3.3846732879694170	-1.8078169272963274	4
-1.4215925804214271	-2.2330907023319195	0.5340191780169077	1
1.8530027618649436	-0.5313758168519895	-1.0766610117379414	0
-1.6361017587222664	-0.2770584403846916	0.8214965985653536	3
-0.8056301975881875	-3.0004275180465383	0.0927134581124307	1
2.0735410638329812	2.3357322447108135	-2.1434595239183416	4
0.0657790549750235	0.2915278384698327	1.2127801548386041	2
-1.8851877057795083	-2.3161437128208591	1.3683341848768533	1
1.4512941435259386	0.9081689192584554	0.2607669794030030	0
-0.4087657190408003	-0.4241762426371380	1.1152803381836378	2
0.5437607803002297	3.0908302970816850	-1.7941250063437086	4
2.4796810334276214	1.4920575854879332	-1.7201892636673113	4
-2.8392218940223937	-2.2975198078191150	-0.3610470880533137	1
1.2597228526365345	2.4451713608334136	-0.5484145067041378	4
0.9874236674661017	2.5764540016474262	-1.7412775241388354	4
-0.6103850369648083	0.5463161730411120	1.6722049676361479	3
-1.0541962988619393	-0.6028984434747355	1.5929251022823248	2
1.1099212068725421	4.0170566154478520	-1.9471532758035883	4
0.7630728729997510	-0.6550288307062487	0.4982871695106881	2
1.3437801361056034	-0.3959748664229336	-0.4965571247141256	0
1.9811695113075478	0.7795888755298876	-0.2681722014002537	0
-0.4716304384592840	-2.2966569283292353	0.3910099525211681	1
-0.3128632773304172	0.0844391687150141	1.3065391105338646	3
-2.1360445336595286	-2.0346557771223370	0.7149977011832659	1
-0.2295234430197088	0.2799766499070719	2.9580843828808114	2
1.7116974953484638	0.3581332903456004	-1.3661683535463527	0
3.0879141766656271	-0.0349776782361034	-0.2431478651431747	0
1.7555828768491013	0.2012995899048102	-1.1691354747083014	0
-0.5277624021039994	-1.3392973792895468	2.0825994271613206	2
-0.0730755595979211	2.1875979471017164	1.0929011773787569	3
1.9241126449971566	2.2423211328491357	-0.9972441898459609	4
1.8081341873646122	0.3057921660321526	-1.3824334039115145	0
-0.5378293203041258	0.7561391521890213	2.2460660289923959	3
1.1296709700110850	2.8812602348181917	-0.5026731563153666	4
-1.8154133796633343	-2.4128372844281873	1.1734057578889372	1
-1.5277032323061603	-2.5928746178997577	0.0619498807314654	1
0.6410852800710295	3.1981369929697299	-0.2650304646413664	4
0.6982106427196348	1.4458981859757891	-1.5549893254292204	0
-0.2530893079168384	-0.9373181497571965	1.2941395990912352	2
2.3816701399169120	1.1590674561086813	0.6872814009854737	0
1.1198302635720643	0.8826031712385310	-1.1758173207219258	0
-1.4154469036712913	-0.0796052021214050	0.6646415849422038	3
-1.2608902815990297	-4.2234428297065643	0.4817758176914918	1
-0.2145030453907258	-0.2788071321722608	1.2699852177707389	2
-0.5945764737150950	-0.7273159041124020	1.4201073548509999	2
-0.9244737881527033	1.9519482854947370	-0.1471456965334446	3
2.4533179880530014	-0.2468140080602746	-0.5049536104735683	0
0.6232105800675944	0.2249398020654967	-1.4875477676699362	0
2.5574172760217060	0.4190179399730158	-0.4990316628343111	0
-0.4582501912671370	1.7583919838118014	2.2884798673471671	3
2.2482675761253188	2.8839814229765590	-1.2993314390144051	4
2.5117337195634031	0.6909575088163962	-0.5260633906667345	0
-0.7057616508441135	2.0230134811271188	2.2461610500567755	3
-0.6008671323856610	1.1755713830306744	-0.2532871607346059	3
-0.0116848099140578	-2.1013977319836408	2.0512206218223898	2
-0.1302008618904704	0.3136402964518771	2.3346054281146937	3
0.4242844395185085	-0.3252524982528096	2.7249572403622744	2
0.6230169027442780	0.7688073012498176	-0.7162244751770832	0
0.4357577837420729	-4.5657850031196539	-1.8027919471089242	1
1.0146521490028007	1.6726032208153785	-1.2092735829603827	4
-0.8249821234377545	0.4918181044436820	1.5601563888968148	2
-0.1776985622415726	1.2121513622619331	0.2631681901214963	3
-1.9822097463780601	-1.3001370509375125	-0.0705427477592657	1
-0.8946619958509769	-3.0124503223834411	-0.5576425993976635	1
2.7680531820520007	0.3336197097436772	1.9692339404615709	3
1.6207605979892290	0.7814325323154716	0.2048896647422817	0
1.6510775534627327	3.9580799397110744	-1.4710513043501308	4
-0.9592198145263153	-2.8292218429125735	1.1117706521292765	1
-1.7191472553097489	0.8627889544402624	1.9404638317075076	3
2.1371770658180913	0.1543467520123343	-0.3379061061650728	0
-0.0197188526305642	2.2945710614564261	0.4011625215557603	3
1.7319310433260702	-1.4959745260379611	-0.6208615428189287	0
-1.7019283292717176	-2.9855814408612575	-0.5296886069646856	1
-0.0696035475510977	-0.1441829309519550	2.1257290711710954	2
-0.0619729865565660	2.6011892085990076	-0.2375563781123590	3
0.4047047487451575	-1.6437160150354453	0.9934498433561095	2
2.5430383718018197	0.7461837369824260	-1.4781622257533331	0
2.1696180175739381	3.0562455229101331	-1.5754500413960077	4
-0.9035212419079981	-3.0488507363677719	0.6545189278634341	1
-1.3623883864890771	-0.4520078892680388	0.7732854926706164	2
1.4389165806277808	0.0467862300575778	0.8889940146630780	2
1.2751851558678191	1.3118026158909482	-0.3136564585826878	0
2.9743934624018671	3.6613443620668322	-1.0234622624210026	4
0.3818837010175802	0.9563538849326646	-0.1556816498961283	0
2.6860275059331395	-0.3926795415620563	0.0127989908137431	0
-0.5710693302074894	2.4308126347396852	0.2352436414993833	3
-1.5931989431353886	1.1764707325310833	2.1479094485332015	3
-0.2876057237946664	0.1996620964953494	1.9535978517524017	2
-0.0692710215993671	1.3172265871668740	0.0655461591360682	3
-1.9571942234115318	-1.6810182833170488	0.2539704492038150	1
-0.6937431210756724	0.2845224999842449	0.9711115635699281	2
0.5319077415532348	0.2083604780904657	0.6891358152003401	2
-0.3207793948505608	2.5009941760268606	0.7203180089929579	3
-1.5595401261925657	-4.0693727019891011	0.6320251164832454	1
1.2490691238665863	2.9369071633519055	-1.5845652693464551	4
0.4640643311962653	2.5338173942389508	0.9885941354720794	3
-0.3147101284727272	1.4505000204454590	0.2451366454484785	3
1.9372891083665962	3.4820690573849182	-1.5332223449103513	4
1.0318327465627097	1.6106444295135089	-0.9629361912449284	0
-0.1026625354833352	0.4612650603294274	0.9405810506675610	3
-1.4839193592658222	-3.1044719049802745	-0.4319848005363491	1
0.5909127403778821	1.8594584738210012	-1.0851237364899549	4
1.1689694045381724	0.5500240333828035	-0.9948298273002609	0
0.0117567259750638	0.1444806032089833	1.3430285672684126	3
1.2695939725029051	3.1112148015816028	-2.2084590155109751	4
-0.4573165633435781	-1.4286297739340437	0.4790260057081790	1
-0.6892986035459582	-3.5410738965732218	-0.3534349234743638	1
-1.9642755338382145	-3.2279786473229515	1.1355923464837283	1
1.0112131991192830	-0.9112363575627714	2.2427695907334280	2
-0.0203270595574407	-0.4101487544317655	1.9087858138216929	2
-0.0176223855719999	1.5835289826033556	-0.1950976750980140	3
0.9051903679826143	-0.9537799705555563	2.8504705383499607	2
-1.1185151722158819	-3.5095009402172206	0.7252467680218392	1
1.7302566492196889	0.4557019396976185	-1.1746659241267561	0
-1.1562147117620429	-1.6129122979556640	2.5948977884337139	2
1.7328895742667394	2.7685376646483491	-2.1769950380210914	4
1.8671553191784127	-0.0786077412286300	-0.7488032014060685	0
-1.5995730162214750	-1.3073595335891834	1.4258204869436799	2
1.9343890427404005	2.1892680948917906	-1.0591318136758925	4
1.3635713816305683	3.5251411345258079	-1.4608232416376694	4
-1.0785634229228012	0.3559782139757663	2.0981376537509799	2
0.3748856229673221	0.4004375584239194	0.4039710848447656	0
-1.6705089913999696	-2.3742604262164551	0.9543942960791331	1
-0.5791253412299722	0.6037773540889688	0.6607125888582470	3
-0.7415917046450076	-1.4505635047513834	2.4565124515411445	2
-0.3932144294829084	0.3829753820988370	2.0534623906663119	3
-1.2997018478332456	1.8651277249253426	0.4245826843627948	3
-1.6135672460134396	-0.8800041855934819	-0.5717600232202289	1
-2.2012130078021550	-0.8801709337178578	1.1820672273070647	2
1.0830388924622181	0.7753626590066273	1.7246381857517932	3
1.6158235537968058	0.7322917912348764	-1.1931361799594962	0
1.1717158143156727	2.7109503744501127	0.6338303271800689	3
2.2749733352911257	1.3688914008376225	-0.6357955544311407	4
2.7757307458919018	-0.0706048300094347	-1.5463727875733950	0
1.4873221900340601	0.8016063735018173	0.0513956636415843	0
-0.5964892810571972	2.3255782424223330	0.7729642764320870	3
0.1407936918534858	1.6893639335976944	0.8778185790742972	3
-0.1412443277845084	-2.2986231336529492	0.5703256025256003	1
0.2531739236726013	1.4058626535126875	1.6685490419844595	3
2.7175473852688978	0.1527400601760927	-0.0601455204973160	0
-1.0877145979885974	0.2869078305958120	2.4930952270006248	2
2.7574614178555459	0.2680242563992560	0.0548151894640641	0
1.5243848232253270	0.5290099133167818	0.3568984095317775	0
1.4524165664102833	1.4304427729239617	-1.7403642786109863	4
-0.8500009692503135	-1.0174740542219449	1.7974368725107628	2
0.8028103010125284	1.1086152757425727	0.6418282173437765	3
1.2443223718497851	0.9216272237058106	-0.2154173363566261	0
1.0883114131478919	0.4094331343508306	0.3440032874675595	0
-0.1071412609704377	-0.5780857411414215	1.2159045925815946	2
-0.9006931678578867	2.1170950551682099	1.7364757073055395	3
0.8993090521612817	1.8140472522045916	0.8685982734506448	3
2.8313613563717825	1.2230615323014087	-1.1505197625781731	0
2.0417045552201269	1.5801022265839428	-1.0725749190670837	4
0.1694844590190000	-0.4665910424666072	0.8432772319249595	2
1.2328135358632768	2.7830926845036670	-0.7521173907540558	4
-0.2432429089751460	-1.5922073610770293	0.8398739379799032	2
1.2897526437158526	3.9164138529507566	-1.0794748194786119	4
1.5760826131799817	-0.0201074687942836	-0.5697230203749644	0
1.9877558394726234	2.8174329400327642	-0.9551196002414919	4
2.1285167897805093	1.9124306229045147	-1.4478030719828456	4
-0.9671774765915939	-1.8650510550031432	-0.0786214023315281	1
-2.0879337096275736	-3.7059064888821114	-1.0255144067136643	1
-1.7129148923971711	1.6746154037624190	1.3317308530639631	3
-1.4402233885787492	-1.5148481313301985	0.2855786874571095	1
2.2041715676570082	0.5489809679313709	-1.4290459703556118	0
0.1357649616799067	3.5964215498051448	-1.5173424557855104	4
0.9214585138465516	0.4744848696233874	-0.7164135021547982	0
2.7796941506252084	0.1878514100832720	-1.1843305800516115	0
0.3502001058353977	0.6399677672307988	1.2537082317989683	3
1.6087497087415916	1.3117716501772714	-1.7924938234517107	0
-0.4043601701232169	-1.6990219776530162	1.7627666128400206	2
1.9363480465128207	1.5509428434892403	-1.2975500711775347	4
-0.9576315356933216	-2.9174889309941263	0.4626328417276275	1
0.7618332825884320	1.6488729189602225	1.3177760008764683	3
0.2226924870947195	-0.6332391669541335	1.0245847561494705	2
1.1072382798163214	-0.6883537196964766	1.5945942613782960	2
-0.4298432361457792	-1.8599684345706504	-0.5033163268052322	1
0.5828364691771706	-0.7264326782258059	1.4842595377907895	2
-0.5288447253389255	0.7241618467600768	2.5517813457609648	3
-2.2154346591664091	-3.2335561929282584	-0.2007077001297772	1
-0.8125476506174865	1.2492689572601678	3.2509145774657497	3
2.8465726175084591	0.7953049629418352	-1.0991984638087309	0
-0.2962755312202296	-1.3523845583528522	1.7769350602630689	2
0.2381963511600300	-1.6811707558393518	1.5957558278675035	2
0.2706410156656665	1.3196000476941498	-0.5153368211288086	0
-0.7288489743864429	-2.5138226798938224	-0.4369645145739712	1
0.3438921528608956	-3.0547616490271965	0.3761686403118955	1
-0.6405868566800845	-2.7546835181254954	1.1132136829828014	1
1.3590182247296907	1.5420823048230028	-2.0380773871559339	4
3.3725893984148247	0.9086539891233141	-0.7254881176090563	0
1.5101178572281724	-0.8409678921427408	-0.6035146052386974	0
-0.4800077958866374	-2.3688865554696044	-0.5737566689450654	1
-0.8887722908302635	0.7569349901843114	2.1124767359272290	3
2.8685655871743050	0.7679648537789799	-1.3242448645507015	0
2.8065803254010753	1.2218824964532939	-0.2884898426876203	0
1.3048502220043918	3.1459775254464661	-1.4599849607745519	4
0.8061935497626842	1.7385251206759793	-2.2366531136902497	4
1.6115351260043100	2.6433020659322199	-0.9977305710325147	4
0.5768889510896020	1.2454573037400196	-0.6299860647534615	0
0.0665567403042382	-0.7554411184876146	1.7023847528244354	2
0.7001715153458111	-0.1957043553265929	-0.2242430469075858	0
-1.0782047170969153	-3.5638585994608007	-0.7970577711087370	1
0.2957905201926386	1.2790447485014802	1.2079699323006201	3
-2.1026867683458916	-1.6082961176722748	0.4775592708152987	1
-1.0368837332638710	-1.7517686199550035	0.7912341482051548	1
-0.0282256270443260	2.0557372673151639	-1.4424341510777225	4
-0.8395668836054827	-0.5533794010564317	1.4507263245079132	2
-0.1795871942770269	-1.6555118633948438	2.5314855980687025	2
-1.3694186877071002	-3.0567892407122979	1.3960211782764511	1
-0.7998944723995691	-0.0425202616265281	2.1854116065722335	2
-0.5045838713593509	0.2301938752037649	1.7515622732087741	3
0.9504415607117656	-0.3671596811063166	-0.0299230363669545	2
2.1900947783092586	3.2941406996963902	-1.2210972812892327	4
0.6163287779068715	1.0411637203166459	-0.6439647158248560	0
2.5965182460401111	-0.3856312461725541	-0.6209760038114523	0
-1.2135293553881157	-0.5677526830993487	1.1912915433493259	2
3.4225983172282377	-0.4232046285216903	0.3715525429124225	0
-1.0183306669064078	-2.3837775727425523	0.1430290256987515	1
-1.8204792329890092	-2.0964634826139878	1.1965225069583125	1
-0.1738600939808204	-1.3281410067044521	1.3050200123929760	2
-0.3214382144681280	-1.1988915936987317	1.5927148942252010	2
-1.4066330075082230	-2.5246841267919495	0.2595609040902508	1
-0.6031505714804639	-2.0828812145441145	-0.1278281248031167	1
0.7933172401562683	1.5428708875270103	-1.6887020510691819	4
0.6080118589356446	1.7874250170364669	0.3170769868631135	3
1.0083218770640208	1.9800973442855954	-2.1621833364286909	4
-1.1988234345425444	-2.5012310162501135	1.4497818397922912	1
0.8702853804169924	-0.8353032724714041	2.2375019785736687	2
0.5273260218889975	0.9322064754572092	1.3821736441761288	3
-0.6681716543869938	-0.0816072884078685	3.0891010149572544	2
-0.6656303615451854	-3.0069836845130071	0.1916597100182765	1
-1.2824525511803815	-0.3381307154087445	2.3563185219144289	2
0.7233877804521173	-0.2904181205227157	1.3401528262876345	2
-1.9439274985466639	-2.9788402511593999	0.8390834955570667	1
-1.7632427562270065	-2.1444401872557162	0.0452857879135353	1
-1.9633936685179529	-2.6194184927679252	-0.8868721090889672	1
-0.5198259884652967	0.7068368159707892	1.4489053388983708	3
-3.0785337866489391	-2.3393331601487835	-0.9546188502300366	1
-1.3313552868960312	-1.4630993122418174	2.0258573661888950	2
2.8051808335826998	0.9667008903245276	-1.2956823079044986	0
-1.3575609862512525	-2.9393466234857049	0.2831600774470635	1
1.0591446097921200	3.3770142172285622	-0.8396697707728865	4
-0.5036488918348142	-0.3760309685693725	1.0024931081562314	2
0.8181384508902071	-0.0189608031805244	0.5922218838998380	3
-1.2229418957098317	2.4520984445142173	0.9398177510809722	3
2.4159563057132782	-0.8410955387690721	-2.1997706129545147	0
-1.4916458165356978	-1.8821277806010686	-0.0136619764523702	1
-2.6631600250892928	-2.5848006497975966	0.0221976164112518	1
-1.6874900242604460	-2.0990880019390676	2.5150643800179835	2
-2.4115319232371597	-2.7624761548553871	-0.2910617111296155	1
0.1187582757185809	1.2748903692189086	0.2689484279160880	3
2.3994005230669524	1.7528256512828726	-1.5619104784137210	0
0.8460689844965492	1.9652587988970263	-0.2879992237875224	4
1.1645863768783031	3.2687789293820035	-0.0693213726555388	4
-0.5193533579614736	-1.4571393312996870	2.6518159297305224	2
0.1329835519634516	0.5124006375530957	1.5147636274557790	2
3.0799244551773612	0.8698467694823799	-0.9437005579721843	0
-0.9168790392172407	1.4800372690720025	0.8462548751792343	3
-0.3463837794219603	0.7915816945945393	1.7843504951492739	3
1.7831703528412732	2.1676431900847954	-3.1600423626407372	4
-0.3510537605906909	-1.3021087492172061	1.7921668995561282	2
2.4464626921535797	1.1251695160884165	-0.0107413496755991	0
0.7584044253364766	3.2588063370508125	-1.8017560718797598	4
2.0105866972807060	1.0516237260364258	0.0863135084275110	0
1.8264340241628612	0.8554154111366351	-1.2920097422888830	0
-1.6087598185291097	-1.3467054321724885	0.8063166406078263	2
0.6129810189839161	-0.1222831349546252	0.9706977615609096	2
0.9949017135317113	2.7449556690571253	-0.8754943455874294	4
1.1959342968458082	2.1103780297046715	-0.3749549024426090	4
0.7682832547492685	-1.3319831298186484	0.4892889813145322	2
1.2590862543558567	1.4419435317015612	-1.5580266996932206	4
1.6664505390786339	3.7674869557935331	-1.1677480482417690	4
0.9436538283611483	1.2685542081318719	-2.6451148613549469	4
0.0392524077287579	1.6132496125213329	0.7374868631851067	3
0.8463624725860690	1.0873945684611024	-3.3464543773471460	4
0.0234166597185121	-0.1095107893598977	0.6234688126032646	3
0.1293479836547240	-1.3289523552856952	2.6717143612030370	2
2.2574700523668132	1.4633495512672496	-0.7976086690176806	0
1.6488649109933393	1.1136890970977413	-1.7962086935329822	0
0.4224258498141348	0.2947652053171136	1.3245549208343377	2
0.9881326291424186	0.7951293360918226	1.6760926617214507	3
0.1363147155089480	0.9381939875385722	0.7734670788329939	3
0.2369256714313551	-1.2156025425242549	1.6670157562794943	2
1.4777618263351899	0.6438059807677982	-0.0308645299485372	0
-0.4309032101628734	-1.7998782770766548	-0.2174716995794834	1
-1.1878730959793962	-1.6703273551591815	-0.0382688383331895	2
-1.5878373468834002	-2.3490185152548326	0.1454868902586067	1
2.1155640332039600	1.8796014185500505	-0.8258691988845733	0
0.5484587435753288	2.7588714402761689	-1.1349742037267445	4
-0.9960892195370766	0.2773099390253971	1.2409944882408825	2
-1.3739089723546185	-2.1478327132760127	0.1182118754310839	1
-0.2136033706673431	-1.3129191405364520	0.9735920747674308	2
2.1944343572778564	0.4258555794615884	0.7787152066000017	0
-1.8370179450131503	-3.1581494616680184	1.6326410251356060	1
1.9553028405967217	0.7303702546669402	-0.4213502769699392	0
-0.1861109088868605	-0.5218704673605964	0.5275710751582907	2
1.4718167596976257	2.4843247531837749	-0.7696883835782631	0
-1.5653596878567062	-1.8367699542416072	0.8827185999677267	1
0.0726667541250365	1.0749661017033005	1.1200458643570252	3
2.8228356345117778	0.6686318288986535	-0.3852924592340897	0
2.7728263163341555	2.0785237733894224	-2.5190993240867523	4
-0.2614227526930217	2.3261717112622988	1.2486493466226085	3
-0.8263516095984801	-2.8290329990924552	0.3150020001220620	1
1.6994807675260553	1.6950363200587542	-1.7462440309774920	4
0.6665962212797691	-0.2277488939592296	1.5266537754119707	3
-1.3579312567702260	-1.5546297789847627	0.5988423177406386	1
-0.7326621516139891	1.0016659427280759	1.5903430338156836	3
0.8566287799696287	2.0952454055769723	-1.2630273130961527	4
0.7649302720626071	2.5030780969504574	-0.9135712381562674	4
0.2594839597205842	-2.3546489514653146	0.2428252870387256	1
1.6641652695767357	1.9544150121589308	-1.4772438268315589	0
0.0121181011283517	0.0546771569475724	2.1458725738091387	2
2.6756661046665240	3.1972595902831289	-2.9583856680309029	4
-1.5436885041673416	-1.9052638015199963	1.0440095471689894	1
-0.0408743340743329	1.3434180175377073	0.8932659921206104	3
-1.1101780099190219	-0.0039496838537506	1.2893158813483383	2
-0.1096159977591202	0.0663003930105367	2.0286650182512886	3
0.7295905427344936	0.2147901664532705	1.7030738784401871	3
2.1557049390552265	3.2591359211520183	-1.1795655236797060	4
1.2206363572981653	2.8763866611912650	-1.4588973409600321	0
1.7630856382511080	2.1109134441572008	-2.8209595631021442	4
2.4825849078925022	0.0482047000024913	-0.1645727911242916	0
0.1043001187724035	2.4941042040074222	1.1127247500500159	3
-1.2726563334966801	-2.9960520615110622	-0.6685149499219512	1
-0.7367164044823503	-0.3885752403090162	0.4593160458559082	2
1.3986161749463952	2.7158680424984802	-1.6297524635782545	4
-0.5386903233961138	0.9624283633160241	1.7624520999409621	3
0.4526922137545846	1.4277350189460227	1.4344552279961835	3
0.2167362257987949	-0.8572125285642150	1.4619643769132051	2
0.8770866064185250	-0.7236901774277260	2.9236284609623047	2
-0.8444933873401002	2.6714021647575708	1.0241102620090494	3
2.8351640738880404	1.8528447649416424	-2.1512316205402682	4
0.3785762794818944	-1.6536840372708561	1.1878805801826022	2
2.3087821869097942	0.6648976891542241	-0.6358721931298870	0
-1.3403217646936665	-0.7816569107037543	2.1137796901957251	2
1.5875413824916453	3.1561299336782347	-1.3079161861333615	4
-0.4043600193920658	2.2456379382647693	1.7808691397033980	3
0.9530683678002860	1.9216398321150885	-0.0149337908590589	4
2.8952370161156722	3.3038469632400638	-1.6723117866885679	4
-0.6426663082378941	-3.2354006289798765	-0.3498967808217028	1
-0.4288085922684896	-1.0697857086720004	1.7094600211738440	2
1.1661773266522855	2.8333107877445349	-2.6507247409015671	4
-0.3095636360789940	-0.2650885875606807	0.8264170718566187	2
1.1541356589356802	1.9232993964260754	-0.8935786079966430	4
0.0327338581126950	0.0825113598289174	1.1438667513603205	2
1.1626585451406135	2.3602194182407894	-1.3281150455581610	4
2.1967602121833205	3.4877290525767024	-2.0172527600298422	4
-0.3752478667615444	2.1805534504474089	1.2884238179791088	3
-1.5345906125536435	-2.8641249171088052	1.3797851890757866	1
-2.2065978977209397	-2.0019717087627171	0.3143179519251068	1
2.9465522252119078	-0.1458440054938568	-0.3488720040451984	0
2.0091748555494919	2.9940945961152878	-1.8124812477060801	4
-1.6799657528739540	-2.8907174173280055	1.1350260412251123	1
1.9201831327042660	2.1192805265074326	-2.5769923079614419	4
-1.9859450048046641	-2.4233053697571361	0.1301743655621517	1
0.9837803260081806	0.7051697832145001	-0.6627476733309521	3
2.1519297101482526	2.5681350693035743	-1.6765159604261635	4
1.1446308711916306	3.8635001625515066	-2.2175863568847989	4
1.7745206459053851	1.7455059137059912	-0.7657143630892561	0
0.8909923502759531	-0.0036328696847557	1.5264693910737501	3
-1.2457567227342166	-1.8628937424299286	0.1213966542389176	1
1.1052558982326683	-0.5281167357736032	-0.7326074062164160	0
1.8149843234070788	1.3839367037445678	-2.8302173057589188	4
-1.5514521121560634	0.9431025680601984	1.0683074651052138	3
0.1644892260070932	-1.4993616442761217	2.0031331104726440	2
1.0053966655686692	3.2433826719936043	-0.5489782587980020	4
0.8338056826372672	1.2814938806108820	1.6615528948127296	3
-0.3852544067350890	1.6798991970813559	1.6963977274394664	3
-0.9273099044701062	1.4061066898345049	0.7993284090430649	3
-0.6233215257614331	-3.1056527756560173	-0.4436120343425058	1
0.2564482884922226	-1.5981383032543111	1.8075278846198235	2
-2.9489123577134935	-2.2405336478795874	0.5809338496060721	1
-1.0555211861180698	-2.3829168464633264	-0.2077112875453634	1
1.9404523312402491	0.4906225727100713	-1.8870903717712546	0
0.7968017394363778	0.7887232272645921	-0.8204803791522487	0
3.2040561444949160	2.0495779891192538	-0.9556131506064887	4
-1.1110373951961190	-2.7653863592917070	0.1484097536094658	1
4.0172636432312210	-0.1524272513895375	-0.5297617426329867	0
-0.2026246691027409	-1.6320455018244564	0.4078589746782307	1
0.1062293174217499	0.5549802761171361	1.1778424082228771	3
-0.6304027385359839	-3.0178799651732469	-0.0593039679377861	1
-0.3677928101326932	1.0366487262186106	2.3152325610782025	3
-2.4898022717934047	-2.8133427417196835	0.3871902100074790	1
-2.3160349382830865	-2.4216198937656301	-0.1687875800979535	1
1.8048972382176018	0.7050816402487786	-1.2028699970053573	0
1.3406370231415083	1.3263963273454524	-1.2123003337657043	0
2.9649240587884265	1.3174073201444481	-1.7606809343084948	0
-1.3842224430849768	-2.7273534268845645	0.9683340000664631	1
-1.6976400945873698	-2.5529748821923888	0.1124171237067567	1
3.3454713014437205	2.4160126473462600	-2.7247139342593281	4
0.3272190400151053	1.4503912141415634	1.2172214227614868	3
-0.1627593591134198	1.4491374652292563	1.5263493159215891	3
-1.0321047237493350	-2.0148828350080019	0.4672618951238602	1
0.3235682318864814	2.4320230282657347	-1.7142369424609407	4
-0.5736206257704370	-0.6033633073963456	1.1657866419916645	2
2.9754511318295460	1.3480115093218428	-1.7259864181323077	4
-0.1030028628245798	0.9497254550974588	1.6639894129914672	3
2.1100618923184760	1.7654507602941856	-0.4189429145993306	4
1.9731334007912071	-0.0122444873029700	-0.1047837398814111	0
-0.9215036295243985	-1.2019675314897542	-0.2741340242127206	2
0.5139059455826642	2.4037578300610840	-2.0203746812576813	4
0.1662555414410253	1.2743965167380937	1.6816044439525604	3
0.0384621830726438	-0.7634660724908409	1.5447871133747042	2
1.6538536596091546	0.1473797007121572	-0.8451306463010846	0
-1.2582256312587066	-3.0669183116395566	0.0117692264542119	1
2.7796026383750361	1.4839446221955639	-1.7810056854828531	4
2.8997461911691191	3.4937810140519487	-1.7464492682250978	4
-0.6954849251921701	-3.2822213755073815	-1.1218501388199467	1
0.4732824132768094	-0.4690352984552304	-1.0376834696235573	0
-0.8167398977267450	0.1676712353511180	1.5676734048742307	2
0.5215805473502659	1.0589381890754073	2.0164705155808686	3
0.2901464978087074	1.3912924082990528	0.8719900937325485	3
0.1006778958278459	1.8600919615347689	-0.1191232091788332	3
1.7286518743177788	1.8081177041755043	-1.2957003942510346	0
-0.3820598317393788	1.5019241125841090	1.2372725417962924	3
-0.2864813690718675	-1.8937993697923607	0.1900651278691123	1
-0.0876247270273162	-1.2079616089344851	2.6126837081568723	2
-1.2207159275753601	-2.5459665848005271	0.3317653770399015	1
-2.0971140864959645	-2.6840873726818093	0.5937847585882734	1
1.0204334716257983	-0.7869252242306910	0.9315880395719590	0
-1.5567308033629412	-2.1401498826537488	0.6161935078121480	1
-0.3883420810182126	1.1820983950523876	1.3883554352986385	3
-1.1113077979430732	-3.2474938133587758	0.9669431819022909	1
-1.7490310223736611	-1.8252064695759698	0.3918478268011711	1
-0.6973367470322542	0.7593287096787438	2.5229098271893506	2
-0.4472664008823620	-2.9848130905039603	0.8101086209124803	1
1.8725939981740702	1.8859304616628609	-2.4902305019098070	4
2.4416676308860614	0.6989074268804230	-0.7259290448646748	0
-1.2023921038793266	-2.9303877092385759	0.3609813657537869	1
1.7683375607881224	2.3431243585947543	-1.7702037387806926	4
-1.6044388764647581	-3.3202866892426468	0.6881808529227430	1
0.1296374746489167	-0.7538054844274885	1.0351248354547529	2
0.4194054324097946	-0.5763622460426829	1.3372067954700928	2
-1.2669306512290861	1.2927370099001541	0.6091942043318663	3
-1.6476790760873430	-2.7886278411064191	-1.2273077542373361	1
2.5903687114857101	3.9292751352601489	-2.9899711019328330	4
-0.4798186034385727	-0.4284809404339867	2.3603688691530089	2
0.7400095656831502	1.2609403485428672	0.8567495764089089	3
G3
0	475	0.13508774655714037	372	0.20828961395022624	46	0.43453815823392666	
1	460	0.4180059292754539	60	0.5206227127090943	383	0.5828524947733084	
2	269	0.18877472305107085	316	0.23201471310943586	478	0.3967417010480144	
3	402	0.2928127026581861	106	0.3300442238211723	282	0.34709754079803823	
4	472	0.30995390828736025	463	0.3794937086554816	458	0.43542886116344415	
5	291	0.8201660465078948	55	0.8314858134422225	19	1.0984781244254727	
6	369	0.09617979320838481	163	0.31699397540585067	121	0.3984021647093969	
7	55	1.32662394768444	391	1.6343811253807485	173	1.6370568400994607	
8	168	0.2575852375985288	401	0.3136403439463442	442	0.43140023425385443	
9	328	0.21604103153785786	153	0.23387979827491556	305	0.31105025191213764	
10	308	0.4663359557709652	296	0.5523057459066545	352	0.6646254894262549	
11	30	0.26202393194680323	198	0.29659833048657314	452	0.42591617663946113	
12	88	0.1342520013128824	412	0.20784127099231028	201	0.3268037302363349	
13	32	0.13105316309668813	175	0.15383075812896774	446	0.18801218202123668	
14	13	0.25004292187933813	89	0.29827949285960975	93	0.3108513172464722	
15	496	1.0272326925356494	223	1.0479747383204512	469	1.1124960895292986	
16	485	0.29003045475076766	265	0.3402008733541398	359	0.3745035686341925	
17	415	0.534095611121354	67	0.561344828965863	177	0.6065282951674088	
18	312	0.21676433331446665	123	0.31231273833045076	150	0.3247956902750656	
19	478	0.4388240189162634	338	0.5594452830696618	23	0.6334337048364441	
20	238	0.6568337203426354	54	0.7358935751156245	253	0.802551827687908	
21	26	0.11798313618596011	220	0.2706320103576399	259	0.3614379478895278	
22	179	0.5073301940404834	300	0.6543597625823058	206	0.6724550594295597	
23	478	0.44981312689170155	25	0.5245271475905228	90	0.5553033939137941	
24	36	0.4555903290026351	289	0.48125215160452556	170	0.5039146967856819	
25	426	0.2953454895462952	244	0.32709798492402964	322	0.36326891496988	
26	21	0.11798313618596011	259	0.31992211710362517	42	0.3399906901457129	
27	378	0.39809131755896104	373	0.4246660669724614	171	0.4320359004748655	
28	188	0.6216430560394076	495	0.8170592015823234	224	0.9139103341707815	
29	430	0.33749138672951173	319	0.3624591804513925	33	0.47657891515744744	
30	11	0.26202393194680323	212	0.4002623296774788	235	0.45166461374329553	
31	274	0.140085177420553	380	0.20096702041145276	159	0.3850766198468182	
32	13	0.13105316309668813	446	0.1903910904709821	175	0.24456797626945626	
33	483	0.159502662667554	476	0.2331166102379329	453	0.4119798296295618	
34	145	0.10340142482849791	18	0.4800064147581952	275	0.5777431920391397	
35	418	0.2546412034994847	41	0.2925840094472047	491	0.3883025680232044	
36	24	0.4555903290026351	289	0.4761169488078141	118	0.5538705494139793	
37	424	0.9911995617722756	362	1.1178800405565523	393	1.2774777273363676	
38	228	0.13991094485771005	417	0.32422472462092045	164	0.3767850932852192	
39	430	0.5162647475058794	188	0.5168055943068576	495	0.5294508759806502	
40	284	0.2780194803872297	222	0.28992273576231403	279	0.3454889451162867	
41	35	0.2925840094472047	418	0.32474012481857845	221	0.45687084338939105	
42	26	0.3399906901457129	259	0.3468178334640966	397	0.351610941451425	
43	61	0.3063413579592436	380	0.4952570227581148	220	0.5228508253956651	
44	103	0.6975178179812163	65	0.7392884366617597	141	0.8324889667179077	
45	287	0.1542659454673277	258	0.32458869751170544	250	0.4216761554566673	
46	53	0.19635770482077844	447	0.20179884712071494	0	0.43453815823392666	
47	243	0.23818765100949868	255	0.361655465748936	489	0.3868232722663895	
48	77	0.28012380353979066	122	0.28634460088603036	254	0.3409308314015238	
49	399	0.4840567417687891	286	0.5391456143102397	212	0.5844907129948965	
50	436	0.15959116765402473	417	0.3001386748731138	102	0.3356958776990943	
51	109	0.6596260202361995	470	1.0240611675497042	119	1.2441828357285787	
52	313	0.38336551652174317	467	0.4322172460748501	73	0.4878435813859761	
53	46	0.19635770482077844	447	0.3549181565733556	233	0.4047714976986008	
54	346	0.294732267440671	238	0.31808855622097865	284	0.529977978634125	
55	19	0.6339369570600089	316	0.7149239640928226	478	0.7461990375691071	
56	159	0.31578686142773243	413	0.31962396411365107	139	0.3838655968315561	
57	81	0.4369302670317076	38	0.46717791470365216	423	0.4818765420559089	
58	212	0.3784388388856009	30	0.49512990099055865	286	0.5656028958587778	
59	385	0.44980275541472714	496	0.5801080259990111	134	0.6184439934185247	
60	204	0.3394175546660182	142	0.4938299077410476	1	0.5206227127090943	
61	43	0.3063413579592436	397	0.4945031936795338	21	0.5096396152292255	
62	324	0.27198986672363684	72	0.29534357644544995	227	0.524244700681577	
63	482	0.1834474195499559	283	0.4007216716586121	479	0.42326037789851734	
64	178	0.5591868819793626	252	0.6612751567190088	465	0.7442954572428774	
65	141	0.32840619746808203	103	0.3350818432218367	277	0.6323123278845899	
66	292	0.17156135397291145	442	0.2326339359154966	364	0.28145630913512926	
67	491	0.48220711603754773	415	0.5082525712610189	418	0.5274392327430791	
68	165	0.2037300919572878	406	0.22255096171007424	441	0.26881974773609935	
69	96	0.2285064441610588	280	0.28629677375724494	184	0.4699050269165318	
70	127	0.21886814582623365	196	0.23767613291408682	345	0.3945088576031768	
71	304	0.15505400076029657	456	0.24866851665260398	105	0.2877564324547489	
72	324	0.27266477132070394	62	0.29534357644544995	76	0.6813314810930312	
73	467	0.3061330208423494	313	0.3154316381461369	52	0.4878435813859761	
74	309	0.5102985080913072	445	0.571042152898482	311	0.6356107840044414	
75	358	0.3089966700983777	330	0.38241834256310503	216	0.3954867852286774	
76	387	0.44827825301635127	156	0.47216899245914623	381	0.4733775732032952	
77	122	0.24814679728143146	48	0.28012380353979066	298	0.28953504497059224	
78	268	0.2621801172016878	277	0.4335109722204555	206	0.505364951123039	
79	419	0.3129191530832332	128	0.7231884449835135	181	0.7367741537658381	
80	481	0.5209422044198054	273	0.6300648331875157	305	0.6453204506880645	
81	423	0.3606591480687333	57	0.4369302670317076	219	0.44787720386605795	
82	356	0.16295729541369164	325	0.44780402989788753	395	0.5056554334381193	
83	199	0.3759161481323888	477	0.48677840227331687	284	0.5763597415467248	
84	165	0.33213641904333	105	0.3780989254304442	406	0.38197302642028624	
85	411	0.4081547341027659	16	0.4612194843503576	265	0.4891546871171703	
86	291	0.5833699989403938	117	0.6322374737842723	240	0.6722915120134824	
87	93	0.11092421162575149	175	0.21572497306153604	89	0.2556260777906242	
88	12	0.1342520013128824	412	0.20845176272941743	201	0.4537613553730416	
89	93	0.2432618862563657	87	0.2556260777906242	175	0.25571968883292756	
90	322	0.34199413925282	244	0.38365107954846567	25	0.4196830347791909	
91	363	0.28095345785956666	384	0.3546846357443919	409	0.3599817094479025	
92	180	0.08216025298400659	349	0.4445094067784593	259	0.5084197583125216	
93	87	0.11092421162575149	89	0.2432618862563657	175	0.267778223244638	
94	240	0.30751443204521495	486	0.3195235219174415	443	0.33523431368867695	
95	216	0.28722409878008537	427	0.3856435203221159	329	0.4192103604511122	
96	69	0.2285064441610588	184	0.26542696948790895	280	0.31725767040660197	
97	450	0.18170709585766792	283	0.24157412726335908	348	0.26468914313567626	
98	427	0.4641080767234723	315	0.563334474557	95	0.6289681273140098	
99	285	0.19059922014579092	121	0.520624408101616	332	0.5608977773722716	
100	210	0.3955622227297792	281	0.3989212419099177	282	0.4027895808812923	
101	323	0.70184250769201	325	0.7144294817657912	354	0.7622447344298069	
102	50	0.3356958776990943	164	0.38181148605928983	436	0.4893109577047318	
103	65	0.3350818432218367	141	0.3915385885530426	44	0.6975178179812163	
104	155	0.3681089318639691	174	0.7676338951572161	492	0.9880889077713149	
105	71	0.2877564324547489	210	0.3225196932921662	84	0.3780989254304442	
106	456	0.283694234670029	268	0.3020127966435375	3	0.3300442238211723	
107	39	0.6077077481805917	188	0.6893527747325341	147	0.7074089211442859	
108	276	0.2307330389011221	383	0.45138862733214746	412	0.5271019085425999	
109	51	0.6596260202361995	164	0.8039299849494397	50	0.8299435605765966	
110	113	0.2770718873198953	395	0.37550178338681245	489	0.378442237603775	
111	114	0.3647976723612465	429	0.6017065418672481	398	0.7056779871687547	
112	139	0.33481660019691534	380	0.40454000266797924	274	0.4215866341809836	
113	489	0.21194041074730535	395	0.232220610423936	110	0.2770718873198953	
114	111	0.3647976723612465	211	0.5537407222832589	398	0.5974120472488691	
115	150	0.6358579304543883	158	0.6371011514109904	123	0.6686821839007311	
116	432	0.6201222147538358	426	0.6291241138143844	232	0.6319065607243944	
117	373	0.3506232809597798	187	0.3911839699490196	378	0.39395469137080474	
118	36	0.5538705494139793	391	0.6350217637454247	19	0.749392724605193	
119	436	0.2036347393909121	275	0.28185851564639375	50	0.35812542606520675	
120	469	1.841447093706991	263	2.075437352721152	168	2.1015281364797476	
121	160	0.2545902105527182	6	0.3984021647093969	405	0.42657653384402344	
122	77	0.24814679728143146	48	0.28634460088603036	471	0.3243387620319036	
123	150	0.2487002243451874	158	0.27551295567050266	312	0.30307796177921315	
124	151	0.5010040963619384	265	0.6402285107667333	225	0.6831343474782453	
125	431	0.30873178937589163	385	0.39426044737284127	401	0.39543266294380763	
126	354	1.324719165511409	101	1.5729139044136664	142	1.736604689502909	
127	196	0.20438493329921087	70	0.21886814582623365	345	0.30817163513176377	
128	333	0.35854550530061496	181	0.5198080618302127	218	0.5344379259500996	
129	249	0.3272384543814282	449	0.45997660986273603	484	0.46803546029448795	
130	148	0.3966017135439303	182	0.831904926733528	254	0.8545853278644033	
131	460	0.3301651143197223	383	0.40077069587781505	110	0.5221246182861603	
132	154	0.4848795494471099	147	0.5916740573780158	197	0.6869222061543873	
133	252	0.6917627456122947	64	1.0737142015732366	423	1.1584289264515506	
134	162	0.26684993395549583	385	0.4512835403073817	297	0.5744732216329288	
135	373	0.21593870223010966	378	0.2352140646457345	171	0.346742510283426	
136	132	0.7097618845670985	147	0.7153650275094834	474	0.76792372970905	
137	394	0.19643159062691468	245	0.6260194909531925	217	0.6678883643918023	
138	255	0.36073943376993167	301	0.3881306553272512	226	0.39513548260946657	
139	413	0.292896805559004	112	0.33481660019691534	56	0.3838655968315561	
140	234	0.23875535147316757	364	0.41176052991340306	484	0.4245506323362473	
141	65	0.32840619746808203	103	0.3915385885530426	277	0.4585683447899356	
142	60	0.4938299077410476	305	0.6912031946814523	204	0.7231668093799875	
143	208	0.4035347237102611	196	0.6622426888635936	70	0.723807172317655	
144	400	0.7450341188823574	468	0.7458953688433944	31	0.8322002775337329	
145	34	0.10340142482849791	18	0.47226836757683777	246	0.5231391325447341	
146	412	0.5095162605291542	383	0.5169415384599544	201	0.5511777811958234	
147	197	0.5485106493588197	154	0.5503341189474904	132	0.5916740573780158	
148	130	0.3966017135439303	254	0.8206598715100427	224	0.9636532165078702	
149	187	0.2339441931922641	378	0.23473552355097746	272	0.29804375690351237	
150	123	0.2487002243451874	312	0.28021394495077917	18	0.3247956902750656	
151	265	0.2764933184674714	485	0.2883267635445835	411	0.41091984029617956	
152	351	0.4053418030741047	185	0.4597917146146163	84	0.5455404972002048	
153	9	0.23387979827491556	183	0.37797946234339236	305	0.3781471855856517	
154	197	0.33099595252766567	132	0.4848795494471099	91	0.5462532413338789	
155	104	0.3681089318639691	174	0.7187834694643918	492	0.7525285502912485	
156	381	0.14235020766210904	257	0.24968420154202953	387	0.2706741508841664	
157	384	0.38264322219898705	30	0.6110197953543711	58	0.6199621412312513	
158	123	0.27551295567050266	150	0.33204654188017396	312	0.4682954281437677	
159	56	0.31578686142773243	31	0.3850766198468182	274	0.44345217297827394	
160	121	0.2545902105527182	405	0.34281424279637407	46	0.46571549644314636	
161	441	0.329713966445536	68	0.3623198120338896	406	0.45067907112244215	
162	134	0.26684993395549583	385	0.33516181179155374	466	0.49926502752034363	
163	6	0.31699397540585067	369	0.39730362879351466	121	0.47946131895724575	
164	50	0.359024353853943	38	0.3767850932852192	228	0.3801097951644174	
165	68	0.2037300919572878	406	0.20963219245532458	84	0.33213641904333	
166	403	0.5324702953226707	177	0.5771138680277655	156	0.6481109694025842	
167	440	0.3336325308641078	217	0.45032919818168005	353	0.5633654831727235	
168	8	0.2575852375985288	401	0.3092300695927257	431	0.44952912993298366	
169	295	0.38781629885942415	414	0.4411094076431556	355	0.5178107743494508	
170	289	0.16016938294675467	24	0.5039146967856819	36	0.614919504714488	
171	135	0.346742510283426	261	0.4115543819891546	27	0.4320359004748655	
172	474	0.3102485412800595	150	0.37619111598087934	246	0.5052795086147351	
173	391	0.24307039300707242	170	0.6183455679979813	289	0.6252883666118387	
174	484	0.3565344825556093	140	0.5132479203554972	492	0.5227788836448463	
175	13	0.15383075812896774	87	0.21572497306153604	32	0.24456797626945626	
176	186	0.4662830365266673	300	0.6139423050216716	316	0.6581012656986625	
177	413	0.50998018521908	67	0.5518048564276519	166	0.5771138680277655	
178	465	0.3253412032465957	219	0.34672080019848084	89	0.5171805718402382	
179	22	0.5073301940404834	327	0.6208200324545626	300	0.6754553171258668	
180	92	0.08216025298400659	349	0.4279360642260644	41	0.47788156878667537	
181	257	0.3836846618679463	397	0.45794365948190213	333	0.48616905504816194	
182	202	0.4010560391423963	48	0.41166785766136343	254	0.4438385060877138	
183	153	0.37797946234339236	9	0.5976699135533727	305	0.6385972271494762	
184	96	0.26542696948790895	280	0.397854603769643	482	0.42677042524596903	
185	152	0.4597917146146163	161	0.5706600696106876	29	0.696090853069834	
186	316	0.2959333925468581	90	0.4448753433281394	176	0.4662830365266673	
187	149	0.2339441931922641	272	0.3562148542016101	117	0.3911839699490196	
188	39	0.5168055943068576	495	0.6023176033283487	28	0.6216430560394076	
189	124	0.7507514068170473	461	0.8192641092186516	44	0.9572745165401869	
190	179	0.777094866095961	327	0.8425222389545208	65	0.9017242271129091	
191	342	0.1084185788677294	428	0.5676845605572953	379	0.6630477167463623	
192	446	0.19126943731663804	326	0.2632340732755298	175	0.2998966983012516	
193	58	0.6596873858109105	157	0.8111745027510635	315	0.8975777618442201	
194	339	0.18818127204350407	459	0.48112386866372137	214	0.5383312642230921	
195	229	0.4448481725793476	226	0.8510769866897746	138	0.8520222913000015	
196	345	0.1782108412823126	127	0.20438493329921087	70	0.23767613291408682	
197	154	0.33099595252766567	392	0.49414019069888837	147	0.5485106493588197	
198	335	0.18920098503712562	11	0.29659833048657314	473	0.33344694642766765	
199	83	0.3759161481323888	371	0.5205559617488892	477	0.5740854522927202	
200	463	0.15814105668275785	389	0.30835995556243245	453	0.4416944273483831	
201	203	0.16762917625214702	383	0.27756091611045924	12	0.3268037302363349	
202	182	0.4010560391423963	271	0.534820065928025	486	0.6135676522562092	
203	201	0.16762917625214702	383	0.41473945933630474	12	0.42840674064212925	
204	127	0.31001955911841783	60	0.3394175546660182	70	0.3979259367070714	
205	231	0.2030772666017599	332	0.2659997550696521	250	0.33139060081845634	
206	3	0.3915303147630174	402	0.4334506361629421	78	0.505364951123039	
207	499	0.27080999011101714	473	0.6290508927968866	343	0.7004202815617554	
208	196	0.38031972482284576	143	0.4035347237102611	345	0.4071097644262135	
209	204	0.4523548487829946	305	0.5640277181695251	345	0.5891758107760845	
210	105	0.3225196932921662	493	0.3458654628737326	71	0.3532572547156317	
211	398	0.514626703447104	114	0.5537407222832589	429	0.6770698481443775	
212	58	0.3784388388856009	30	0.4002623296774788	235	0.4979385287340161	
213	301	0.29576741384730976	243	0.4310927287754018	318	0.47887207702578405	
214	233	0.25012813239733134	339	0.3685001704460837	349	0.3949920263083381	
215	236	0.2519426720254794	493	0.3476858076114337	337	0.44402460557489537	
216	329	0.27069972319204993	95	0.28722409878008537	358	0.38300594979348296	
217	353	0.3110642256347551	440	0.4357451633524914	167	0.45032919818168005	
218	333	0.41457531038871553	128	0.5344379259500996	181	0.5513348939929101	
219	465	0.33158656189633134	178	0.34672080019848084	81	0.44787720386605795	
220	21	0.2706320103576399	26	0.35774244581920744	259	0.41674846297182633	
221	313	0.3344730843101235	233	0.43609426137782376	475	0.4403502699045033	
222	40	0.28992273576231403	347	0.29707272698638454	422	0.34295520601552104	
223	134	0.955882603757715	241	0.9589981217117975	496	1.0372775979088986	
224	425	0.7940863552057534	28	0.9139103341707815	495	0.9310167881569619	
225	367	0.3263260279323715	422	0.43117139464734106	347	0.4390121629043328	
226	14	0.38980225945763153	138	0.39513548260946657	13	0.43299510221205206	
227	62	0.524244700681577	72	0.7061810554918947	324	0.7632529322613187	
228	38	0.13991094485771005	417	0.24490724532565145	436	0.3537159477707969	
229	195	0.4448481725793476	47	0.5266229147299802	255	0.6033288877533427	
230	441	0.26925869054099333	341	0.3597229770147135	317	0.36277585841914284	
231	340	0.20213789240497237	205	0.2030772666017599	365	0.39656396143802586	
232	244	0.3633738220183817	322	0.4015545555258666	25	0.4788485581996942	
233	214	0.25012813239733134	475	0.3305753018877911	53	0.4047714976986008	
234	364	0.21645723891158664	140	0.23875535147316757	490	0.26534343177587	
235	389	0.39759805495459594	30	0.45166461374329553	452	0.48825787261977627	
236	493	0.1526648797927538	215	0.2519426720254794	494	0.37371580974837526	
237	239	0.5372346017462294	294	0.6086332153628524	366	0.6410445685575306	
238	346	0.29209433662157397	54	0.31808855622097865	284	0.4698052040996229	
239	494	0.2661866777630427	390	0.38939675352370356	294	0.48023963802499886	
240	486	0.1745274597491081	94	0.30751443204521495	443	0.423722900915468	
241	311	0.5182030360298272	134	0.6583378050564354	444	0.7729688765914264	
242	486	0.8850457134691264	240	0.9192453986740124	443	1.0575987266321216	
243	255	0.22776535024159245	47	0.23818765100949868	301	0.2639995164589887	
244	322	0.07589677414394085	282	0.24110230277117803	402	0.3193430804195621	
245	432	0.2281993107346584	394	0.4322317221668662	426	0.4521543361823153	
246	260	0.33530492614361596	275	0.46213845615869475	172	0.5052795086147351	
247	253	0.31881108164204347	434	0.42000965851608224	125	0.5391536739174345	
248	371	0.7176788851699071	487	0.9050572162931123	199	0.9191299066298698	
249	129	0.3272384543814282	487	0.42685489029128804	140	0.6050369588691226	
250	205	0.33139060081845634	231	0.4191898120324466	45	0.4216761554566673	
251	318	0.3671177446347141	243	0.6551343971950073	361	0.6896179553213915	
252	81	0.48695680819522663	423	0.5276874104500283	64	0.6612751567190088	
253	247	0.31881108164204347	238	0.5162131135820682	284	0.5438892025949909	
254	48	0.3409308314015238	94	0.375509921495392	182	0.4438385060877138	
255	301	0.21054562178271316	243	0.22776535024159245	138	0.36073943376993167	
256	323	0.4649541221639869	361	0.5618908103841729	194	0.6517966456738742	
257	156	0.24968420154202953	381	0.28244006800644605	397	0.3211577117732155	
258	287	0.32366456037496094	45	0.32458869751170544	285	0.581976584860378	
259	358	0.31112416671008664	26	0.31992211710362517	42	0.3468178334640966	
260	275	0.20853481928233217	246	0.33530492614361596	119	0.48657997927386903	
261	464	0.16028324925868168	390	0.30118641225275516	171	0.4115543819891546	
262	273	0.36026697162273863	57	0.5329373925440289	81	0.7269768162071868	
263	469	0.5755727991794379	168	0.590396763868346	385	0.6137906422695015	
264	452	0.17445043198951068	389	0.3130854949271601	360	0.3149014937832403	
265	151	0.2764933184674714	16	0.3402008733541398	485	0.42363774508080193	
266	454	0.4173846545591559	367	0.4230246463247037	359	0.5430298945063795	
267	455	0.582431670223459	163	0.7413018380947425	6	0.8599542109420553	
268	78	0.2621801172016878	106	0.3020127966435375	456	0.39295855458549633	
269	2	0.18877472305107085	316	0.41142690261154996	478	0.4640597577166937	
270	410	0.2542929682323669	414	0.4383352504309651	355	0.5337714040233067	
271	182	0.4940386238788607	498	0.5310595552350128	202	0.534820065928025	
272	149	0.29804375690351237	77	0.3426729866522673	187	0.3562148542016101	
273	262	0.36026697162273863	81	0.6109770226491994	80	0.6300648331875157	
274	380	0.06428749843472802	31	0.140085177420553	112	0.4215866341809836	
275	260	0.20853481928233217	119	0.28185851564639375	436	0.3570076634688731	
276	108	0.2307330389011221	412	0.5040459245504708	383	0.6399205624811692	
277	78	0.4335109722204555	268	0.45536900115539913	141	0.4585683447899356	
278	88	0.8003688090723541	146	0.8198612395577877	12	0.8712391066051841	
279	479	0.32075922385171035	40	0.3454889451162867	434	0.35270758838383476	
280	69	0.28629677375724494	96	0.31725767040660197	375	0.3693651696028927	
281	353	0.3341492347591721	282	0.3482140971318471	100	0.3989212419099177	
282	402	0.20451443040475822	322	0.2265214431262321	244	0.24110230277117803	
283	479	0.20057813824937712	97	0.24157412726335908	348	0.27695902281161705	
284	40	0.2780194803872297	346	0.3432139079273588	222	0.42706775526469876	
285	99	0.19059922014579092	332	0.49416915443965564	121	0.5437566332539742	
286	399	0.4973014854392903	49	0.5391456143102397	58	0.5656028958587778	
287	45	0.1542659454673277	258	0.32366456037496094	250	0.5746715494144017	
288	410	0.4993306642111052	129	0.5284311119578097	449	0.5632904750981672	
289	170	0.16016938294675467	36	0.4761169488078141	24	0.48125215160452556	
290	230	0.3650759029310231	264	0.45194292717700774	4	0.5008254861284819	
291	86	0.5833699989403938	202	0.8167267436162465	5	0.8201660465078948	
292	66	0.17156135397291145	442	0.2536581991742814	364	0.2696499333311605	
293	396	0.5088117693970797	271	0.5911488928296669	202	0.668807835973123	
294	366	0.20478114458018365	421	0.3808555293516473	494	0.41734636686843285	
295	169	0.38781629885942415	414	0.4062307562919666	480	0.41293687224182263	
296	348	0.2875058448537693	416	0.36683532020281273	308	0.3821616611571285	
297	496	0.4941699464013874	134	0.5744732216329288	59	0.6417593627746903	
298	77	0.28953504497059224	320	0.38702370364485345	122	0.38952549229012273	
299	74	0.6413625926409524	311	1.0316247169466202	309	1.0894769661485604	
300	176	0.6139423050216716	22	0.6543597625823058	179	0.6754553171258668	
301	255	0.21054562178271316	243	0.2639995164589887	213	0.29576741384730976	
302	490	0.17382116417386625	466	0.31590353333342586	438	0.33044470678087995	
303	427	0.3244191525239751	95	0.6035832144098339	216	0.6249552801312742	
304	71	0.15505400076029657	404	0.2845699720010219	456	0.2885148419387867	
305	9	0.31105025191213764	153	0.3781471855856517	328	0.4427291113998945	
306	392	0.4454465429189116	197	0.6605227641382995	188	0.7847890734973028	
307	195	1.0723909260636004	64	1.2939158299598332	435	1.4482216996743438	
308	422	0.2811978456515771	352	0.31914227005537127	347	0.37113714934396286	
309	445	0.4284846908759288	311	0.4393366511351003	444	0.4642240749767533	
310	176	0.7245644525598166	300	0.8778593662768654	186	1.1483623046896854	
311	445	0.374504509958098	309	0.4393366511351003	241	0.5182030360298272	
312	18	0.21676433331446665	150	0.28021394495077917	123	0.30307796177921315	
313	73	0.3154316381461369	221	0.3344730843101235	52	0.38336551652174317	
314	399	0.29650668280987025	330	0.38862143274118816	286	0.6741018244274984	
315	427	0.5060208123190846	98	0.563334474557	95	0.5823947052251578	
316	2	0.23201471310943586	186	0.2959333925468581	269	0.41142690261154996	
317	441	0.3406533761105881	230	0.36277585841914284	68	0.38012531555300433	
318	243	0.2901536830463007	251	0.3671177446347141	255	0.4470642740146572	
319	430	0.08818518424511225	29	0.3624591804513925	495	0.4624016434016398	
320	388	0.25816647881011046	458	0.31421411433604335	77	0.3773969520124363	
321	382	0.34438177184065283	415	0.6008816982864525	488	0.732124701451445	
322	244	0.07589677414394085	282	0.2265214431262321	402	0.2585734648976071	
323	325	0.4525665825292492	256	0.4649541221639869	82	0.6341879584873418	
324	62	0.27198986672363684	72	0.27266477132070394	156	0.625733784541592	
325	82	0.44780402989788753	323	0.4525665825292492	127	0.4889048718304489	
326	446	0.17609647925903085	192	0.2632340732755298	32	0.34483045682495644	
327	367	0.38625522137640944	16	0.44639202210179324	359	0.4978795703051565	
328	9	0.21604103153785786	294	0.4206614686444514	153	0.4417863791463202	
329	216	0.27069972319204993	370	0.33591884961593443	95	0.4192103604511122	
330	75	0.38241834256310503	314	0.38862143274118816	399	0.47351997582611455	
331	80	0.677034148736642	137	0.6953739257178662	481	0.7458527396545636	
332	205	0.2659997550696521	447	0.3735350109715153	231	0.44066322991159335	
333	128	0.35854550530061496	218	0.41457531038871553	181	0.48616905504816194	
334	258	0.637658988908027	336	0.7308635574759275	250	0.7847545454038438	
335	198	0.18920098503712562	376	0.3217087524692029	473	0.3609764036206731	
336	334	0.7308635574759275	424	1.1369548108734946	258	1.2873396533948938	
337	404	0.41984321432692573	215	0.44402460557489537	357	0.47237557313390394	
338	478	0.2553439560326264	269	0.4708993124972651	2	0.4879865305619299	
339	194	0.18818127204350407	214	0.3685001704460837	349	0.4406830979733895	
340	231	0.20213789240497237	205	0.3768865106591445	332	0.5625024775027024	
341	230	0.3597229770147135	68	0.3737659897937693	317	0.4090493579315678	
342	191	0.1084185788677294	428	0.5104690797732963	290	0.5634902486288592	
343	360	0.3779874717192752	376	0.4582076531506869	473	0.4885377985438383	
344	432	0.4079931360022582	390	0.4133970053123819	426	0.44580392802501373	
345	196	0.1782108412823126	127	0.30817163513176377	70	0.3945088576031768	
346	238	0.29209433662157397	54	0.294732267440671	284	0.3432139079273588	
347	422	0.2567594151556906	222	0.29707272698638454	308	0.37113714934396286	
348	450	0.23398387225939846	97	0.26468914313567626	283	0.27695902281161705	
349	420	0.3713634348034692	214	0.3949920263083381	459	0.42266966673368594	
350	370	0.4016334526639505	329	0.5165605200671992	455	0.7021046554234317	
351	377	0.3073405026754221	471	0.3884661364262531	152	0.4053418030741047	
352	348	0.2949322003109006	422	0.31244736997716943	308	0.31914227005537127	
353	217	0.3110642256347551	281	0.3341492347591721	100	0.4953644707333676	
354	1	0.6064740174905113	60	0.6100002757081717	101	0.7622447344298069	
355	410	0.4917812502031122	169	0.5178107743494508	270	0.5337714040233067	
356	82	0.16295729541369164	395	0.4186334406347272	113	0.5675680785449365	
357	404	0.4129000355865458	337	0.47237557313390394	215	0.47872148261081304	
358	75	0.3089966700983777	259	0.31112416671008664	216	0.38300594979348296	
359	375	0.17656674932323466	16	0.3745035686341925	482	0.4039176442785121	
360	264	0.3149014937832403	376	0.3693062689370775	343	0.3779874717192752	
361	113	0.3421977390409668	110	0.38169438691675495	489	0.5120927086878223	
362	393	0.43605465045494474	451	0.6957717922797736	67	0.8344227475061317	
363	409	0.18905777700786228	91	0.28095345785956666	384	0.4247705695854279	
364	234	0.21645723891158664	292	0.2696499333311605	66	0.28145630913512926	
365	205	0.36205667532340524	372	0.3753473060267788	231	0.39656396143802586	
366	294	0.20478114458018365	421	0.31714610046893654	494	0.46746626997262636	
367	225	0.3263260279323715	327	0.38625522137640944	266	0.4230246463247037	
368	388	0.2622712115784297	298	0.39016415503201196	483	0.4380766723092301	
369	6	0.09617979320838481	163	0.39730362879351466	407	0.4100022652069361	
370	329	0.33591884961593443	350	0.4016334526639505	369	0.5448446281443042	
371	199	0.5205559617488892	477	0.7164105747175913	248	0.7176788851699071	
372	0	0.20828961395022624	475	0.241907921381968	365	0.3753473060267788	
373	378	0.16938683989131703	135	0.21593870223010966	117	0.3506232809597798	
374	497	0.7376449301704847	17	0.8763614958742835	451	1.0552669172497335	
375	359	0.17656674932323466	280	0.3693651696028927	482	0.4882295937462761	
376	335	0.3217087524692029	473	0.3351408842315858	360	0.3693062689370775	
377	351	0.3073405026754221	471	0.4393661075904229	277	0.5815187816474618	
378	373	0.16938683989131703	149	0.23473552355097746	135	0.2352140646457345	
379	421	0.32395726747731074	366	0.48055505124679115	341	0.49398659565331365	
380	274	0.06428749843472802	31	0.20096702041145276	112	0.40454000266797924	
381	156	0.14235020766210904	257	0.28244006800644605	387	0.29433741753644677	
382	415	0.29029235679122545	321	0.34438177184065283	488	0.4147181394902208	
383	201	0.27756091611045924	131	0.40077069587781505	203	0.41473945933630474	
384	91	0.3546846357443919	157	0.38264322219898705	363	0.4247705695854279	
385	162	0.33516181179155374	125	0.39426044737284127	59	0.44980275541472714	
386	357	0.5706073767134073	404	0.5766035069720038	304	0.5912014421619729	
387	156	0.2706741508841664	381	0.29433741753644677	76	0.44827825301635127	
388	320	0.25816647881011046	368	0.2622712115784297	298	0.40496231129206745	
389	452	0.2518875674695798	200	0.30835995556243245	264	0.3130854949271601	
390	464	0.21778346588116726	261	0.30118641225275516	494	0.3681251725001854	
391	173	0.24307039300707242	118	0.6350217637454247	289	0.69517860258739	
392	306	0.4454465429189116	197	0.49414019069888837	154	0.6289713519272336	
393	362	0.43605465045494474	52	0.5202984851469281	467	0.5255869399285719	
394	137	0.19643159062691468	245	0.4322317221668662	432	0.6340058017454765	
395	489	0.16408973162680243	113	0.232220610423936	110	0.37550178338681245	
396	293	0.5088117693970797	78	0.6205738260303355	206	0.6293623645580839	
397	257	0.3211577117732155	42	0.351610941451425	26	0.37332849798864615	
398	409	0.49758004669939254	211	0.514626703447104	363	0.5569332625652463	
399	314	0.29650668280987025	330	0.47351997582611455	49	0.4840567417687891	
400	468	0.20394029147290546	144	0.7450341188823574	139	0.7727946700122136	
401	431	0.16121809697946338	168	0.3092300695927257	8	0.3136403439463442	
402	282	0.20451443040475822	322	0.2585734648976071	3	0.2928127026581861	
403	166	0.5324702953226707	177	0.741470269439769	382	0.9524375828197121	
404	304	0.2845699720010219	71	0.3443717785980746	357	0.4129000355865458	
405	160	0.34281424279637407	121	0.42657653384402344	369	0.5045474395879396	
406	165	0.20963219245532458	68	0.22255096171007424	84	0.38197302642028624	
407	369	0.4100022652069361	76	0.4981645221426042	6	0.5011275297380494	
408	159	0.549220112543402	413	0.5663873364480861	56	0.5761258958685415	
409	363	0.18905777700786228	91	0.3599817094479025	398	0.49758004669939254	
410	270	0.2542929682323669	414	0.2859163040955279	449	0.4589216794450915	
411	85	0.4081547341027659	151	0.41091984029617956	265	0.4386635635899299	
412	12	0.20784127099231028	88	0.20845176272941743	201	0.4742980532231246	
413	139	0.292896805559004	56	0.31962396411365107	418	0.46936875304847736	
414	410	0.2859163040955279	449	0.3767467786779078	295	0.4062307562919666	
415	488	0.2534651642290127	382	0.29029235679122545	67	0.5082525712610189	
416	450	0.31662157751629827	296	0.36683532020281273	348	0.40526869785363395	
417	228	0.24490724532565145	436	0.2584990838179677	50	0.3001386748731138	
418	35	0.2546412034994847	41	0.32474012481857845	491	0.4544778947291277	
419	79	0.3129191530832332	166	0.7626482474768461	324	0.8293011009301389	
420	349	0.3713634348034692	53	0.42929104710287264	214	0.43921409577254933	
421	366	0.31714610046893654	379	0.32395726747731074	294	0.3808555293516473	
422	347	0.2567594151556906	308	0.2811978456515771	352	0.31244736997716943	
423	81	0.3606591480687333	57	0.4818765420559089	252	0.5276874104500283	
424	488	0.6090218669368308	382	0.7288856977750314	415	0.7848058528467927	
425	495	0.6434140897328054	224	0.7940863552057534	430	0.8223600457191376	
426	432	0.2376440655959461	25	0.2953454895462952	344	0.44580392802501373	
427	303	0.3244191525239751	95	0.3856435203221159	98	0.4641080767234723	
428	389	0.4671266391235553	235	0.5082616816087351	342	0.5104690797732963	
429	453	0.36286565745920696	476	0.49242387442434626	398	0.5723292472001188	
430	319	0.08818518424511225	29	0.33749138672951173	495	0.40539604309699956	
431	401	0.16121809697946338	125	0.30873178937589163	442	0.3942675484212938	
432	245	0.2281993107346584	426	0.2376440655959461	344	0.4079931360022582	
433	309	0.7157935054850126	444	0.7592291662366328	411	0.8240306991887286	
434	279	0.35270758838383476	40	0.3784882092762319	247	0.42000965851608224	
435	226	0.5317501402136707	93	0.5534880537471476	87	0.5841591683409884	
436	50	0.15959116765402473	119	0.2036347393909121	417	0.2584990838179677	
437	52	0.8370530528273127	213	0.927372334003529	313	1.0502995138593423	
438	490	0.284179201512916	479	0.30625757549191857	302	0.33044470678087995	
439	88	0.9796082625261093	412	1.0859039447988987	12	1.1075288153227618	
440	167	0.3336325308641078	477	0.3506867451640922	217	0.4357451633524914	
441	68	0.26881974773609935	230	0.26925869054099333	161	0.329713966445536	
442	66	0.2326339359154966	292	0.2536581991742814	401	0.3631939113263016	
443	94	0.33523431368867695	240	0.423722900915468	486	0.4781583888005464	
444	480	0.46216043621302766	309	0.4642240749767533	311	0.6846454013929391	
445	311	0.374504509958098	309	0.4284846908759288	416	0.4453542971230692	
446	326	0.17609647925903085	13	0.18801218202123668	32	0.1903910904709821	
447	46	0.20179884712071494	53	0.3549181565733556	332	0.3735350109715153	
448	457	0.04744623393609381	467	0.2499835941592983	73	0.5173036673339663	
449	414	0.3767467786779078	184	0.4547845316346815	410	0.4589216794450915	
450	97	0.18170709585766792	348	0.23398387225939846	416	0.31662157751629827	
451	362	0.6957717922797736	393	0.9520785127373856	374	1.0552669172497335	
452	264	0.17445043198951068	389	0.2518875674695798	473	0.3522097567937932	
453	429	0.36286565745920696	476	0.36666675438553514	483	0.3758187601920411	
454	266	0.4173846545591559	422	0.4340168496560258	63	0.45141111935389333	
455	462	0.361590489089826	267	0.582431670223459	76	0.6799231857188495	
456	71	0.24866851665260398	106	0.283694234670029	304	0.2885148419387867	
457	448	0.04744623393609381	467	0.24466622844955904	73	0.5163050159820183	
458	320	0.31421411433604335	463	0.42216309153013043	4	0.43542886116344415	
459	349	0.42266966673368594	194	0.48112386866372137	420	0.4829452996330726	
460	131	0.3301651143197223	1	0.4180059292754539	383	0.5164975053010377	
461	54	0.5389968405283215	347	0.5881717461738221	222	0.6928138601209611	
462	455	0.361590489089826	76	0.5761408020007622	287	0.666367027389194	
463	200	0.15814105668275785	4	0.3794937086554816	453	0.4035955384371287	
464	261	0.16028324925868168	390	0.21778346588116726	210	0.4046355677046415	
465	178	0.3253412032465957	219	0.33158656189633134	89	0.3438536271758526	
466	302	0.31590353333342586	438	0.36229342911952955	490	0.37908720158531395	
467	457	0.24466622844955904	448	0.2499835941592983	73	0.3061330208423494	
468	400	0.20394029147290546	144	0.7458953688433944	408	0.7533660757307578	
469	263	0.5755727991794379	125	0.6563368602484325	431	0.7045501777985889	
470	423	0.7042389554596197	109	0.8405104294396114	57	0.8454925042734742	
471	122	0.3243387620319036	272	0.36764871982503095	351	0.3884661364262531	
472	4	0.30995390828736025	428	0.5224768784085437	463	0.5336791514677885	
473	198	0.33344694642766765	376	0.3351408842315858	452	0.3522097567937932	
474	172	0.3102485412800595	150	0.5980704179409821	286	0.6730073149471834	
475	0	0.13508774655714037	372	0.241907921381968	233	0.3305753018877911	
476	33	0.2331166102379329	483	0.35377110814723567	453	0.36666675438553514	
477	440	0.3506867451640922	346	0.4424535066737459	83	0.48677840227331687	
478	338	0.2553439560326264	2	0.3967417010480144	19	0.4388240189162634	
479	283	0.20057813824937712	438	0.30625757549191857	279	0.32075922385171035	
480	295	0.41293687224182263	444	0.46216043621302766	416	0.5434155079635898	
481	80	0.5209422044198054	237	0.6758910166476885	239	0.7075282818500078	
482	63	0.1834474195499559	359	0.4039176442785121	184	0.42677042524596903	
483	33	0.159502662667554	476	0.35377110814723567	453	0.3758187601920411	
484	174	0.3565344825556093	140	0.4245506323362473	129	0.46803546029448795	
485	151	0.2883267635445835	16	0.29003045475076766	265	0.42363774508080193	
486	240	0.1745274597491081	94	0.3195235219174415	254	0.4528891914422762	
487	249	0.42685489029128804	140	0.4862894741100241	129	0.6142515080539764	
488	415	0.2534651642290127	382	0.4147181394902208	67	0.6024545446813406	
489	395	0.16408973162680243	113	0.21194041074730535	110	0.378442237603775	
490	302	0.17382116417386625	234	0.26534343177587	438	0.284179201512916	
491	35	0.3883025680232044	418	0.4544778947291277	67	0.48220711603754773	
492	295	0.5045887455709155	174	0.5227788836448463	484	0.5711265178938083	
493	236	0.1526648797927538	210	0.3458654628737326	215	0.3476858076114337	
494	239	0.2661866777630427	390	0.3681251725001854	236	0.37371580974837526	
495	430	0.40539604309699956	319	0.4624016434016398	39	0.5294508759806502	
496	297	0.4941699464013874	59	0.5801080259990111	385	0.704213222557876	
497	374	0.7376449301704847	408	1.1384513896213049	468	1.3534090680389315	
498	271	0.5310595552350128	135	0.5515048368502337	23	0.6213543808325397	
499	207	0.27080999011101714	473	0.4686157409737512	264	0.5665810339810741	
