1.5984474278506660	1.8346822591603837	-1.3199867239147416	4
2.1046410070676616	0.0982429547497420	0.2763031682504761	0
-0.3066158777157086	-1.5387572177321478	2.6080882244141614	2
-0.6160509961899169	-1.0501650521529562	1.4851954656830619	2
0.3002808584794246	0.9510267040574321	1.8281808866325555	3
-1.0140123936394816	-0.7328686644702781	3.4481624957192261	2
0.8101973636958533	2.0112729006506367	-1.2564474482939250	4
0.4312742833475700	-1.3465656722993304	4.3674010031196122	2
-1.0276136937713389	-3.8052449292228796	-0.4921111626677268	1
0.5933693097330326	0.0144892354837620	0.8046181816816689	2
-1.6423667604526329	-1.9359643888357834	-0.4516734378587922	1
0.3073208134763227	1.8477858092258197	1.0652800330692509	3
2.8832599480361329	-0.2263414259699270	-0.5635640906210065	0
1.8636939183421322	0.5312086300243947	-1.1621304914826884	0
2.0752859541688609	-0.0183046719081489	-1.1397852339755481	4
-1.4714105680486513	-3.5760894494736357	-1.8629496605301563	1
-1.8223368018120270	-1.7039055793890436	0.6448893677064740	1
2.1084602505296002	2.6164480735140021	-2.6283175349550776	4
-0.1170195198209333	0.9413347717411344	-0.2745047307034272	3
-0.0872323342324794	-0.8531261841331161	2.8708661764070378	2
-0.7445794862427190	-1.8024203179670353	-1.0769537064532471	1
1.8197394859063682	2.8948802000644926	-1.1526395027275318	4
-1.4375749611701263	-1.0722972508900728	1.1617520395977650	2
-0.3621309213626885	-1.3226168189365191	2.0262388262472992	2
0.9195231463495103	0.0068799326008495	2.4885007401603740	2
-0.5658398047689039	-1.3572927142297986	1.8546320173183701	2
1.7468165639056936	2.8303343646792301	-1.2192435792212188	4
0.1637124746962447	-0.0476350632733252	1.7626068384062883	2
-1.9129271482666992	1.7651538407121621	0.4445837469756722	3
-0.6161929122829933	1.2784740086189248	0.8279037826149870	3
0.5536705418121648	1.9310433999650245	1.0330849116061653	3
2.2291541501424046	3.4076499362685628	-1.2933044528011428	4
1.8812905604273604	0.6084252605829893	-1.0577136264169864	0
-0.4333561276205926	1.2766084047711868	1.2680113740846726	3
0.6253916183053143	0.9182854179522030	0.0963034158215289	0
1.9671245333185250	2.5429834314721900	-1.5031476119567904	4
0.6524182447665059	-0.4120697161028929	2.2277748562254436	2
2.6931796924405687	1.2556672137665164	-3.2715747606709824	0
1.0249681417284493	0.3846009222576025	-0.6884545065957111	0
-1.0680562926350432	1.5777740705371395	0.1697672315302517	3
-1.0004485037692774	-1.7485274155014969	-0.0635028626317370	1
2.1860251771969756	2.3651119923558315	-1.4253680398283886	4
1.4209244190488217	2.8927475922301342	-1.1451317155756131	4
1.9981103293668492	3.2794089215756106	-0.7104893432545806	4
-1.5989791667222044	-0.6353457508801896	0.1647773334567376	3
1.4146058244423463	2.2622476675768532	-2.2606408915172143	4
1.6496938593801509	1.0152512562776828	-1.0977683781625225	0
2.2827826488134595	0.3117142773722988	-1.2340510630345052	0
-0.3657407053342047	0.9228856810893076	2.1764893984824143	3
1.1314666244351219	1.6636088026328371	0.3537191341338087	3
1.0556966949693183	0.3647995191596342	-0.9496860322630736	0
-0.0224874499025876	0.2106198630805449	-1.6216204345813554	0
2.7483653857626407	1.8912006006819841	-1.6396601873556564	4
1.6269563269339482	1.4619009687441122	-1.0522170857331195	4
-0.5947707683449253	-1.6171898184326459	-0.3806876912115759	1
-0.2998142493068536	-0.8361619068963944	3.4141571020149675	2
1.8317222794140400	3.2150509746125930	-1.6646694062996090	4
1.0680915461173073	-0.0697499135930449	-0.5886502284179397	0
0.9924726670562767	1.7891769943580216	0.4675613997859162	3
-1.3303745083548426	-2.5681575770602976	-0.7946000055246583	1
1.6706377364722216	0.2643335024217537	0.5110436634255708	0
1.7296186072907278	3.2997970380566253	-0.8565768084227764	4
0.5173665355796693	3.3846732879694170	-1.8078169272963274	4
-1.3684092276241191	-1.8443154788826237	0.0504436041077949	1
1.8530027618649436	-0.5313758168519895	-1.0766610117379414	0
-1.6361017587222664	-0.2770584403846916	0.8214965985653536	3
-0.8056301975881875	-3.0004275180465383	0.0927134581124307	1
2.0735410638329812	2.3357322447108135	-2.1434595239183416	4
0.2088777446041793	-0.1230035206557618	0.7266041508850618	2
-1.8851877057795083	-2.3161437128208591	1.3683341848768533	1
1.4512941435259386	0.9081689192584554	0.2607669794030030	0
-0.4087657190408003	-0.4241762426371380	1.1152803381836378	2
0.4821089833234306	3.1198263799881203	-1.9799050689826836	4
2.4796810334276214	1.4920575854879332	-1.7201892636673113	4
-2.8392218940223937	-2.2975198078191150	-0.3610470880533137	1
0.8702560752747187	2.4853743248585904	-0.2984828021942492	4
0.9874236674661017	2.5764540016474262	-1.7412775241388354	4
-0.2914358203276239	0.2881937798880676	1.6911051136252639	3
-1.0541962988619393	-0.6028984434747355	1.5929251022823248	2
1.1099212068725421	4.0170566154478520	-1.9471532758035883	4
0.7630728729997510	-0.6550288307062487	0.4982871695106881	2
1.3437801361056034	-0.3959748664229336	-0.4965571247141256	0
1.9811695113075478	0.7795888755298876	-0.2681722014002537	0
-0.8639559750504215	-2.5909958270070432	0.3944947555128960	1
0.0007071651788503	-0.3421606023325553	1.3569534060133177	3
-1.9420893700990343	-2.3970778801722812	0.3593591863961229	1
-0.6013958193865339	0.2504084876316620	3.3403981829700267	2
1.4231185211174560	0.6339784580212122	-1.5269952520370991	0
2.7986054697908846	-0.0931121350612905	-0.6579488894885563	0
1.7555828768491013	0.2012995899048102	-1.1691354747083014	0
-0.5277624021039994	-1.3392973792895468	2.0825994271613206	2
-0.0730755595979211	2.1875979471017164	1.0929011773787569	3
1.9241126449971566	2.2423211328491357	-0.9972441898459609	4
1.8081341873646122	0.3057921660321526	-1.3824334039115145	0
-0.5378293203041258	0.7561391521890213	2.2460660289923959	3
1.2522077744159368	2.5858047569907541	-0.3726244047047497	4
-1.8154133796633343	-2.4128372844281873	1.1734057578889372	1
-1.5277032323061603	-2.5928746178997577	0.0619498807314654	1
0.6292125777976812	2.9748520121569193	-0.4653873952700516	4
0.6982106427196348	1.4458981859757891	-1.5549893254292204	0
-0.2356018793069697	-0.8168063256279396	1.3101635683163877	2
2.3816701399169120	1.1590674561086813	0.6872814009854737	0
0.6300282142404757	1.3634442220526870	-0.7735124563764287	0
-1.4154469036712913	-0.0796052021214050	0.6646415849422038	3
-1.2608902815990297	-4.2234428297065643	0.4817758176914918	1
-0.4332009318916565	-0.4079299687702752	1.4678023139252216	2
-0.9590135809330365	-0.5381454324840024	1.5980539900767532	2
-0.4863282244000148	1.9293542839849771	0.0546898268862960	3
2.4533179880530014	-0.2468140080602746	-0.5049536104735683	0
0.4065263610174809	0.6717992377114814	-1.2496270757729282	0
2.5574172760217060	0.4190179399730158	-0.4990316628343111	0
-0.7541713747329107	1.9871252276908271	2.3934303330402997	3
2.2259183036399857	2.7789089206564928	-1.4200852534599306	4
2.5117337195634031	0.6909575088163962	-0.5260633906667345	0
-0.7057616508441135	2.0230134811271188	2.2461610500567755	3
-0.6008671323856610	1.1755713830306744	-0.2532871607346059	3
-0.0116848099140578	-2.1013977319836408	2.0512206218223898	2
-0.2655846359892920	0.1945475819906264	2.6777657004585844	3
0.4242844395185085	-0.3252524982528096	2.7249572403622744	2
0.6230169027442780	0.7688073012498176	-0.7162244751770832	0
0.4357577837420729	-4.5657850031196539	-1.8027919471089242	1
1.0146521490028007	1.6726032208153785	-1.2092735829603827	4
-0.8249821234377545	0.4918181044436820	1.5601563888968148	2
-0.1776985622415726	1.2121513622619331	0.2631681901214963	3
-1.9822097463780601	-1.3001370509375125	-0.0705427477592657	1
-0.8946619958509769	-3.0124503223834411	-0.5576425993976635	1
2.7680531820520007	0.3336197097436772	1.9692339404615709	3
1.6207605979892290	0.7814325323154716	0.2048896647422817	0
1.6510775534627327	3.9580799397110744	-1.4710513043501308	4
-0.9592198145263153	-2.8292218429125735	1.1117706521292765	1
-1.7191472553097489	0.8627889544402624	1.9404638317075076	3
1.7176578913046963	0.3811226577900111	-0.0575414534079978	0
0.1860097475778813	2.0251029075730465	0.0202361344036761	3
1.7319310433260702	-1.4959745260379611	-0.6208615428189287	0
-1.7019283292717176	-2.9855814408612575	-0.5296886069646856	1
-0.0696035475510977	-0.1441829309519550	2.1257290711710954	2
0.2209739042022756	2.3793370089183354	0.1575195637127712	3
0.4047047487451575	-1.6437160150354453	0.9934498433561095	2
2.5430383718018197	0.7461837369824260	-1.4781622257533331	0
1.7362522093305661	3.4521353669603547	-1.2114659019879177	4
-0.5096511823625215	-3.4241728976205525	0.1795866608159119	1
-1.3623883864890771	-0.4520078892680388	0.7732854926706164	2
1.4389165806277808	0.0467862300575778	0.8889940146630780	2
1.2751851558678191	1.3118026158909482	-0.3136564585826878	0
2.9743934624018671	3.6613443620668322	-1.0234622624210026	4
0.3818837010175802	0.9563538849326646	-0.1556816498961283	0
2.6860275059331395	-0.3926795415620563	0.0127989908137431	0
-0.5710693302074894	2.4308126347396852	0.2352436414993833	3
-1.5931989431353886	1.1764707325310833	2.1479094485332015	3
-0.2876057237946664	0.1996620964953494	1.9535978517524017	2
-0.0692710215993671	1.3172265871668740	0.0655461591360682	3
-1.9571942234115318	-1.6810182833170488	0.2539704492038150	1
-0.6937431210756724	0.2845224999842449	0.9711115635699281	2
0.3903810415415636	0.4075347107313334	0.8214713132353073	2
-0.3406423957761618	2.1515712641266918	0.5832919689911752	3
-1.5595401261925657	-4.0693727019891011	0.6320251164832454	1
1.2594739531382340	2.6913119751585848	-1.3409437874504673	4
0.4640643311962653	2.5338173942389508	0.9885941354720794	3
-0.6656458090510475	1.5922609448447380	0.5831252732761695	3
1.9372891083665962	3.4820690573849182	-1.5332223449103513	4
1.0318327465627097	1.6106444295135089	-0.9629361912449284	0
-0.1026625354833352	0.4612650603294274	0.9405810506675610	3
-1.4839193592658222	-3.1044719049802745	-0.4319848005363491	1
0.7187642678253642	1.3598881948775019	-1.5188620862694115	4
1.1689694045381724	0.5500240333828035	-0.9948298273002609	0
0.0117567259750638	0.1444806032089833	1.3430285672684126	3
0.9145895178265019	3.1342361301813879	-1.7556028729688309	4
-0.7805961987951894	-1.2995907520751615	0.3213135952655274	1
-0.3558425553760678	-3.7107106087662336	-0.6390042684251285	1
-1.9642755338382145	-3.2279786473229515	1.1355923464837283	1
1.4508497171938455	-0.4491346828501409	2.6133847297911057	2
-0.3341393710502943	0.0436906283256053	2.1044713439208902	2
0.3046865031511213	1.9759524079528323	-0.3432693857983508	3
0.4997014624682987	-0.4940976774558929	2.5422479328393681	2
-0.7894355279707699	-3.7222422966383761	0.9615184559374009	1
1.7302566492196889	0.4557019396976185	-1.1746659241267561	0
-1.1562147117620429	-1.6129122979556640	2.5948977884337139	2
1.7328895742667394	2.7685376646483491	-2.1769950380210914	4
1.8671553191784127	-0.0786077412286300	-0.7488032014060685	0
-2.0055077862722750	-1.3865861820732954	1.3989352313344376	2
1.6974190702300644	2.0308619281899167	-1.4626160659509631	4
1.3635713816305683	3.5251411345258079	-1.4608232416376694	4
-1.0785634229228012	0.3559782139757663	2.0981376537509799	2
-0.0829719222550279	0.4885268323747648	0.7989253004151009	0
-1.9544454978315782	-1.9086311227126009	1.3226151777719206	1
-0.5791253412299722	0.6037773540889688	0.6607125888582470	3
-0.7415917046450076	-1.4505635047513834	2.4565124515411445	2
-0.3932144294829084	0.3829753820988370	2.0534623906663119	3
-1.2997018478332456	1.8651277249253426	0.4245826843627948	3
-1.6135672460134396	-0.8800041855934819	-0.5717600232202289	1
-2.1458876327982335	-0.6392838209989500	1.1580822366161478	2
1.0830388924622181	0.7753626590066273	1.7246381857517932	3
1.6158235537968058	0.7322917912348764	-1.1931361799594962	0
1.1717158143156727	2.7109503744501127	0.6338303271800689	3
2.2749733352911257	1.3688914008376225	-0.6357955544311407	4
2.7757307458919018	-0.0706048300094347	-1.5463727875733950	0
1.4873221900340601	0.8016063735018173	0.0513956636415843	0
-0.7964015634042430	2.4711055517047322	1.0377329935422857	3
0.1407936918534858	1.6893639335976944	0.8778185790742972	3
-0.1412443277845084	-2.2986231336529492	0.5703256025256003	1
0.2531739236726013	1.4058626535126875	1.6685490419844595	3
2.7175473852688978	0.1527400601760927	-0.0601455204973160	0
-1.3290517492019511	-0.0252841772679161	2.2838585097022874	2
2.7574614178555459	0.2680242563992560	0.0548151894640641	0
1.5796094216161258	0.6398017322113306	0.4589591866911642	0
1.4524165664102833	1.4304427729239617	-1.7403642786109863	4
-1.1808305363723997	-1.5111725770729671	1.6116677626451770	2
0.8028103010125284	1.1086152757425727	0.6418282173437765	3
1.2443223718497851	0.9216272237058106	-0.2154173363566261	0
1.0883114131478919	0.4094331343508306	0.3440032874675595	0
-0.1071412609704377	-0.5780857411414215	1.2159045925815946	2
-0.6717182412320094	1.7696580552087757	2.1827805162203040	3
0.8993090521612817	1.8140472522045916	0.8685982734506448	3
2.3635350456354809	1.5052859406468366	-1.1376910354250265	0
2.0417045552201269	1.5801022265839428	-1.0725749190670837	4
0.1694844590190000	-0.4665910424666072	0.8432772319249595	2
1.2328135358632768	2.7830926845036670	-0.7521173907540558	4
-0.2432429089751460	-1.5922073610770293	0.8398739379799032	2
1.2897526437158526	3.9164138529507566	-1.0794748194786119	4
1.5760826131799817	-0.0201074687942836	-0.5697230203749644	0
1.8570403163030902	3.1777129489316951	-1.0289202435457974	4
2.1285167897805093	1.9124306229045147	-1.4478030719828456	4
-0.9671774765915939	-1.8650510550031432	-0.0786214023315281	1
-2.0879337096275736	-3.7059064888821114	-1.0255144067136643	1
-1.7129148923971711	1.6746154037624190	1.3317308530639631	3
-1.8749796286587235	-1.5896758187746254	0.0590768658027985	1
2.2041715676570082	0.5489809679313709	-1.4290459703556118	0
0.1357649616799067	3.5964215498051448	-1.5173424557855104	4
0.9631251206537724	0.8746997968165849	-0.8959903131747305	0
2.7796941506252084	0.1878514100832720	-1.1843305800516115	0
0.3502001058353977	0.6399677672307988	1.2537082317989683	3
1.6087497087415916	1.3117716501772714	-1.7924938234517107	0
-0.7570529249639052	-1.2629927097107929	1.8894971301825820	2
1.9363480465128207	1.5509428434892403	-1.2975500711775347	4
-0.6266642044269688	-2.4768643753809583	0.0370886170835324	1
0.6409439778943558	1.7111134808891268	1.5838220364764735	3
0.0225927552159372	-0.3266949649298518	0.6423739503528318	2
1.1072382798163214	-0.6883537196964766	1.5945942613782960	2
-0.5596647966064260	-1.7401235978657410	-0.8411040407636471	1
0.5828364691771706	-0.7264326782258059	1.4842595377907895	2
-0.5288447253389255	0.7241618467600768	2.5517813457609648	3
-2.2154346591664091	-3.2335561929282584	-0.2007077001297772	1
-0.8125476506174865	1.2492689572601678	3.2509145774657497	3
2.8465726175084591	0.7953049629418352	-1.0991984638087309	0
-0.2962755312202296	-1.3523845583528522	1.7769350602630689	2
0.2381963511600300	-1.6811707558393518	1.5957558278675035	2
0.2706410156656665	1.3196000476941498	-0.5153368211288086	0
-0.7288489743864429	-2.5138226798938224	-0.4369645145739712	1
0.3438921528608956	-3.0547616490271965	0.3761686403118955	1
-0.6405868566800845	-2.7546835181254954	1.1132136829828014	1
1.3590182247296907	1.5420823048230028	-2.0380773871559339	4
3.3725893984148247	0.9086539891233141	-0.7254881176090563	0
1.5101178572281724	-0.8409678921427408	-0.6035146052386974	0
-0.4800077958866374	-2.3688865554696044	-0.5737566689450654	1
-1.3065307699585207	0.2787924481923183	2.4737957498047738	3
2.8685655871743050	0.7679648537789799	-1.3242448645507015	0
2.8065803254010753	1.2218824964532939	-0.2884898426876203	0
1.3048502220043918	3.1459775254464661	-1.4599849607745519	4
0.8061935497626842	1.7385251206759793	-2.2366531136902497	4
1.8361539308610175	2.8869123776704178	-1.2546457099855326	4
0.5596499114934378	1.1253639521877934	-0.2148505714912076	0
0.0665567403042382	-0.7554411184876146	1.7023847528244354	2
0.7001715153458111	-0.1957043553265929	-0.2242430469075858	0
-1.0782047170969153	-3.5638585994608007	-0.7970577711087370	1
0.2957905201926386	1.2790447485014802	1.2079699323006201	3
-2.1026867683458916	-1.6082961176722748	0.4775592708152987	1
-1.5345260993227725	-2.0663747841110531	0.4297896753079168	1
-0.0282256270443260	2.0557372673151639	-1.4424341510777225	4
-0.8395668836054827	-0.5533794010564317	1.4507263245079132	2
-0.1795871942770269	-1.6555118633948438	2.5314855980687025	2
-1.3694186877071002	-3.0567892407122979	1.3960211782764511	1
-0.7998944723995691	-0.0425202616265281	2.1854116065722335	2
-0.5045838713593509	0.2301938752037649	1.7515622732087741	3
0.9116880724093477	-0.5551796960104070	-0.2347493558960442	2
2.1900947783092586	3.2941406996963902	-1.2210972812892327	4
0.6163287779068715	1.0411637203166459	-0.6439647158248560	0
2.3808719897614470	-0.8573053651549765	-0.4325245485841596	0
-1.4070084413248409	-0.4391752327038891	1.2352698412846790	2
3.4225983172282377	-0.4232046285216903	0.3715525429124225	0
-1.0183306669064078	-2.3837775727425523	0.1430290256987515	1
-1.8204792329890092	-2.0964634826139878	1.1965225069583125	1
-0.5147518290395738	-1.2736947083658421	1.3218053226202495	2
-0.7514883568913923	-1.1409987837459872	1.9536769041857167	2
-1.4066330075082230	-2.5246841267919495	0.2595609040902508	1
-0.6031505714804639	-2.0828812145441145	-0.1278281248031167	1
0.7933172401562683	1.5428708875270103	-1.6887020510691819	4
0.6080118589356446	1.7874250170364669	0.3170769868631135	3
1.0083218770640208	1.9800973442855954	-2.1621833364286909	4
-1.1988234345425444	-2.5012310162501135	1.4497818397922912	1
0.4836404817378276	-0.5025126819604985	1.8598284115214019	2
0.5273260218889975	0.9322064754572092	1.3821736441761288	3
-0.6681716543869938	-0.0816072884078685	3.0891010149572544	2
-0.6656303615451854	-3.0069836845130071	0.1916597100182765	1
-1.4267069706389524	-0.0989945702141384	1.9991379132772944	2
0.4105525096767811	-0.7584545337499076	1.7613488413087781	2
-1.9439274985466639	-2.9788402511593999	0.8390834955570667	1
-1.7632427562270065	-2.1444401872557162	0.0452857879135353	1
-2.3805562629458143	-2.4572813971243219	-1.2012067236013833	1
-0.7100854888420017	0.5908192954489155	1.0259341647381883	3
-2.8281368512345844	-2.3015795141759048	-0.4697914357938472	1
-1.3313552868960312	-1.4630993122418174	2.0258573661888950	2
2.6829820916199383	1.2613748295085219	-1.5881638778099672	0
-1.3575609862512525	-2.9393466234857049	0.2831600774470635	1
0.6851348571379097	3.0264147564886441	-0.3656008947842029	4
-0.5036488918348142	-0.3760309685693725	1.0024931081562314	2
0.9018362842115637	-0.1537056062954797	0.6379241698447444	3
-1.2229418957098317	2.4520984445142173	0.9398177510809722	3
2.4159563057132782	-0.8410955387690721	-2.1997706129545147	0
-1.4916458165356978	-1.8821277806010686	-0.0136619764523702	1
-2.2591192276378251	-3.0390524022734318	0.2882659526602382	1
-1.6874900242604460	-2.0990880019390676	2.5150643800179835	2
-2.4115319232371597	-2.7624761548553871	-0.2910617111296155	1
0.1187582757185809	1.2748903692189086	0.2689484279160880	3
2.3994005230669524	1.7528256512828726	-1.5619104784137210	0
0.8460689844965492	1.9652587988970263	-0.2879992237875224	4
1.1354971749292404	2.8064629579613500	-0.5336098442278671	4
-0.5193533579614736	-1.4571393312996870	2.6518159297305224	2
0.1329835519634516	0.5124006375530957	1.5147636274557790	2
2.7246038306578133	1.3088705351190866	-0.7692179072002139	0
-0.9168790392172407	1.4800372690720025	0.8462548751792343	3
-0.3463837794219603	0.7915816945945393	1.7843504951492739	3
1.7420025887987935	2.2541539020245231	-3.3530112651581589	4
-0.3510537605906909	-1.3021087492172061	1.7921668995561282	2
2.4464626921535797	1.1251695160884165	-0.0107413496755991	0
0.6746278032555816	3.0511951629400635	-1.3999156661945382	4
2.0105866972807060	1.0516237260364258	0.0863135084275110	0
1.8264340241628612	0.8554154111366351	-1.2920097422888830	0
-1.9464870344347474	-0.8841466209817621	0.4152677395167162	2
0.6129810189839161	-0.1222831349546252	0.9706977615609096	2
0.9949017135317113	2.7449556690571253	-0.8754943455874294	4
1.1959342968458082	2.1103780297046715	-0.3749549024426090	4
0.7682832547492685	-1.3319831298186484	0.4892889813145322	2
1.2590862543558567	1.4419435317015612	-1.5580266996932206	4
1.6664505390786339	3.7674869557935331	-1.1677480482417690	4
0.9436538283611483	1.2685542081318719	-2.6451148613549469	4
0.1948207886049933	1.5189586629373073	1.1419927497928759	3
0.8463624725860690	1.0873945684611024	-3.3464543773471460	4
0.0234166597185121	-0.1095107893598977	0.6234688126032646	3
-0.0005103423502562	-1.7280892032923048	2.6797784624317647	2
2.2574700523668132	1.4633495512672496	-0.7976086690176806	0
2.1012157342579005	1.4843835590803138	-1.5053136761322947	0
0.1403416707393943	-0.0288544160818184	1.4960437942337723	2
1.1052403933103878	1.0415751050648299	2.0526803596999850	3
0.1363147155089480	0.9381939875385722	0.7734670788329939	3
0.2369256714313551	-1.2156025425242549	1.6670157562794943	2
1.4777618263351899	0.6438059807677982	-0.0308645299485372	0
-0.4309032101628734	-1.7998782770766548	-0.2174716995794834	1
-1.1878730959793962	-1.6703273551591815	-0.0382688383331895	2
-1.5878373468834002	-2.3490185152548326	0.1454868902586067	1
2.1155640332039600	1.8796014185500505	-0.8258691988845733	0
0.5020503955286273	2.4106460328105590	-0.7432288340454630	4
-0.9960892195370766	0.2773099390253971	1.2409944882408825	2
-1.3739089723546185	-2.1478327132760127	0.1182118754310839	1
-0.2136033706673431	-1.3129191405364520	0.9735920747674308	2
2.1944343572778564	0.4258555794615884	0.7787152066000017	0
-1.6952854284771239	-2.9352449070863615	1.1860499461210199	1
1.9553028405967217	0.7303702546669402	-0.4213502769699392	0
-0.1861109088868605	-0.5218704673605964	0.5275710751582907	2
1.8198415133561641	2.1509491760175088	-1.1294327255554271	0
-1.5653596878567062	-1.8367699542416072	0.8827185999677267	1
0.0726667541250365	1.0749661017033005	1.1200458643570252	3
2.8228356345117778	0.6686318288986535	-0.3852924592340897	0
2.3054040705262238	2.4160166747323792	-2.2482194352478349	4
-0.2614227526930217	2.3261717112622988	1.2486493466226085	3
-0.8263516095984801	-2.8290329990924552	0.3150020001220620	1
1.6994807675260553	1.6950363200587542	-1.7462440309774920	4
0.7594856541303261	-0.4648902796510598	1.6544072750427414	3
-1.3529435887394703	-1.7665316181071944	0.1460632373143356	1
-1.0770773986558559	0.9151696860282178	1.6022561117637508	3
0.8566287799696287	2.0952454055769723	-1.2630273130961527	4
0.7649302720626071	2.5030780969504574	-0.9135712381562674	4
0.2594839597205842	-2.3546489514653146	0.2428252870387256	1
1.6641652695767357	1.9544150121589308	-1.4772438268315589	0
0.0121181011283517	0.0546771569475724	2.1458725738091387	2
2.6756661046665240	3.1972595902831289	-2.9583856680309029	4
-1.5436885041673416	-1.9052638015199963	1.0440095471689894	1
-0.3494155758639313	1.5107262287596455	0.8339511383435994	3
-1.1101780099190219	-0.0039496838537506	1.2893158813483383	2
-0.1096159977591202	0.0663003930105367	2.0286650182512886	3
0.7295905427344936	0.2147901664532705	1.7030738784401871	3
2.1557049390552265	3.2591359211520183	-1.1795655236797060	4
0.9523185578211372	2.5149439372079376	-1.3697598452332307	0
1.9758429197409022	1.7066628156809647	-2.6181658163693293	4
2.4825849078925022	0.0482047000024913	-0.1645727911242916	0
0.1043001187724035	2.4941042040074222	1.1127247500500159	3
-1.2726563334966801	-2.9960520615110622	-0.6685149499219512	1
-0.7367164044823503	-0.3885752403090162	0.4593160458559082	2
1.3986161749463952	2.7158680424984802	-1.6297524635782545	4
-0.5386903233961138	0.9624283633160241	1.7624520999409621	3
0.4526922137545846	1.4277350189460227	1.4344552279961835	3
0.2167362257987949	-0.8572125285642150	1.4619643769132051	2
0.8770866064185250	-0.7236901774277260	2.9236284609623047	2
-0.8444933873401002	2.6714021647575708	1.0241102620090494	3
2.8351640738880404	1.8528447649416424	-2.1512316205402682	4
0.3785762794818944	-1.6536840372708561	1.1878805801826022	2
2.3478481449358268	0.5901783054822749	-1.1204812669907454	0
-1.0211263710247236	-1.1633129903517139	2.5727457334141111	2
1.5875413824916453	3.1561299336782347	-1.3079161861333615	4
-0.4043600193920658	2.2456379382647693	1.7808691397033980	3
0.8969193789272782	1.6926237577758352	0.3216556243625908	4
2.7076488344946092	3.6521397647855034	-1.8988924391846556	4
-0.5392806960863818	-3.2968177151222391	-0.5600474333696881	1
-0.4288085922684896	-1.0697857086720004	1.7094600211738440	2
1.1661773266522855	2.8333107877445349	-2.6507247409015671	4
-0.4330859980119718	-0.7550802620266519	0.3507712782134205	2
1.1541356589356802	1.9232993964260754	-0.8935786079966430	4
0.0327338581126950	0.0825113598289174	1.1438667513603205	2
1.1626585451406135	2.3602194182407894	-1.3281150455581610	4
2.1967602121833205	3.4877290525767024	-2.0172527600298422	4
0.0228130307379436	2.2401618298705133	1.5585281397139188	3
-1.5345906125536435	-2.8641249171088052	1.3797851890757866	1
-2.2065978977209397	-2.0019717087627171	0.3143179519251068	1
2.9465522252119078	-0.1458440054938568	-0.3488720040451984	0
1.8739029213482263	2.7358462397313916	-2.1278583280493848	4
-1.6799657528739540	-2.8907174173280055	1.1350260412251123	1
1.9201831327042660	2.1192805265074326	-2.5769923079614419	4
-1.9859450048046641	-2.4233053697571361	0.1301743655621517	1
0.9837803260081806	0.7051697832145001	-0.6627476733309521	3
2.1519297101482526	2.5681350693035743	-1.6765159604261635	4
0.6498125792029881	4.2893038252869777	-2.1596857305346697	4
1.7745206459053851	1.7455059137059912	-0.7657143630892561	0
0.9852258817291935	0.1569159578590170	1.0417334157622329	3
-0.8249924048928476	-1.7267740236682112	-0.0631373755265377	1
1.1052558982326683	-0.5281167357736032	-0.7326074062164160	0
1.5831940802504956	1.0825084955358102	-2.9919025037307838	4
-1.5514521121560634	0.9431025680601984	1.0683074651052138	3
0.5477791083778349	-1.2833398102179272	2.0897421959534865	2
1.2749126227797114	3.5436771238058240	-0.9244163798110990	4
0.8013614326142614	1.6082737538793779	1.7296026348841718	3
-0.6493542213188804	2.0545221211984868	2.1104090591059737	3
-0.9273099044701062	1.4061066898345049	0.7993284090430649	3
-0.6233215257614331	-3.1056527756560173	-0.4436120343425058	1
0.2564482884922226	-1.5981383032543111	1.8075278846198235	2
-2.9489123577134935	-2.2405336478795874	0.5809338496060721	1
-1.0555211861180698	-2.3829168464633264	-0.2077112875453634	1
2.3699204966076870	0.7944378831035501	-1.7829764594343942	0
0.7968017394363778	0.7887232272645921	-0.8204803791522487	0
2.7301930991443291	1.8056186101580556	-0.6804465834792607	4
-1.1110373951961190	-2.7653863592917070	0.1484097536094658	1
4.0172636432312210	-0.1524272513895375	-0.5297617426329867	0
-0.2026246691027409	-1.6320455018244564	0.4078589746782307	1
0.1062293174217499	0.5549802761171361	1.1778424082228771	3
-0.6304027385359839	-3.0178799651732469	-0.0593039679377861	1
-0.6896956911464862	0.8023851840869008	2.1601590717173860	3
-2.4898022717934047	-2.8133427417196835	0.3871902100074790	1
-2.3160349382830865	-2.4216198937656301	-0.1687875800979535	1
1.8048972382176018	0.7050816402487786	-1.2028699970053573	0
1.6990909348475212	1.4854087827521281	-1.3487701883748739	0
2.9649240587884265	1.3174073201444481	-1.7606809343084948	0
-1.3842224430849768	-2.7273534268845645	0.9683340000664631	1
-1.6976400945873698	-2.5529748821923888	0.1124171237067567	1
3.3454713014437205	2.4160126473462600	-2.7247139342593281	4
0.3272190400151053	1.4503912141415634	1.2172214227614868	3
-0.1627593591134198	1.4491374652292563	1.5263493159215891	3
-1.0321047237493350	-2.0148828350080019	0.4672618951238602	1
0.1728608540616429	2.6531445163462224	-1.8909048327748099	4
-0.5501027704448884	-0.3435487483075665	1.4397884722437910	2
3.0383307252315159	1.5673760942065815	-2.0255143620026681	4
-0.5934899553331113	1.1321798564819479	1.3849760448465867	3
2.1100618923184760	1.7654507602941856	-0.4189429145993306	4
1.9731334007912071	-0.0122444873029700	-0.1047837398814111	0
-0.9215036295243985	-1.2019675314897542	-0.2741340242127206	2
0.4503868989366732	2.0837071218045429	-1.7096466918073883	4
0.1662555414410253	1.2743965167380937	1.6816044439525604	3
0.0384621830726438	-0.7634660724908409	1.5447871133747042	2
1.6538536596091546	0.1473797007121572	-0.8451306463010846	0
-1.3891560815879203	-2.9373111434651662	0.0917899649320179	1
2.7796026383750361	1.4839446221955639	-1.7810056854828531	4
2.8997461911691191	3.4937810140519487	-1.7464492682250978	4
-0.6954849251921701	-3.2822213755073815	-1.1218501388199467	1
0.4732824132768094	-0.4690352984552304	-1.0376834696235573	0
-0.8167398977267450	0.1676712353511180	1.5676734048742307	2
0.5215805473502659	1.0589381890754073	2.0164705155808686	3
0.2901464978087074	1.3912924082990528	0.8719900937325485	3
0.1006778958278459	1.8600919615347689	-0.1191232091788332	3
1.7286518743177788	1.8081177041755043	-1.2957003942510346	0
-0.0114246617911520	1.3711717325532085	1.5683653468820076	3
-0.2864813690718675	-1.8937993697923607	0.1900651278691123	1
-0.0876247270273162	-1.2079616089344851	2.6126837081568723	2
-1.4532117436825454	-2.0971795738068719	0.4034234594271165	1
-2.0971140864959645	-2.6840873726818093	0.5937847585882734	1
1.0204334716257983	-0.7869252242306910	0.9315880395719590	0
-1.5567308033629412	-2.1401498826537488	0.6161935078121480	1
-0.7460282929176159	1.1459138770071058	1.2186731428170945	3
-1.1113077979430732	-3.2474938133587758	0.9669431819022909	1
-1.6546124452645299	-1.5215434082349504	0.8838913831615639	1
-0.2919203232466923	1.2295171296392329	2.7066172773094754	2
-0.1475326040027823	-2.5439736814645508	0.6712126953952512	1
1.8725939981740702	1.8859304616628609	-2.4902305019098070	4
2.4416676308860614	0.6989074268804230	-0.7259290448646748	0
-1.2023921038793266	-2.9303877092385759	0.3609813657537869	1
1.7683375607881224	2.3431243585947543	-1.7702037387806926	4
-1.6044388764647581	-3.3202866892426468	0.6881808529227430	1
0.2432248867799013	-0.6982374185138673	0.6631722886072416	2
0.4194054324097946	-0.5763622460426829	1.3372067954700928	2
-1.2669306512290861	1.2927370099001541	0.6091942043318663	3
-1.6476790760873430	-2.7886278411064191	-1.2273077542373361	1
2.5903687114857101	3.9292751352601489	-2.9899711019328330	4
-0.4798186034385727	-0.4284809404339867	2.3603688691530089	2
0.7400095656831502	1.2609403485428672	0.8567495764089089	3
G3
0	475	0.13508774655714037	372	0.20828961395022624	180	0.26196369547228887	
1	460	0.4180059292754539	60	0.5206227127090943	383	0.5828524947733084	
2	269	0.18877472305107085	316	0.23201471310943586	338	0.36699685252675174	
3	402	0.2928127026581861	281	0.29482769090112687	322	0.47742080241619184	
4	472	0.30995390828736025	463	0.3794937086554816	200	0.4843316323032306	
5	55	0.7224298236507484	291	0.8201660465078948	396	0.9755446858460824	
6	369	0.09617979320838481	121	0.3984021647093969	407	0.5011275297380494	
7	55	1.3052495475231911	391	1.6343811253807485	19	1.6588996740368822	
8	263	0.392197967660225	168	0.694111507356083	401	0.7082250246517734	
9	328	0.21604103153785786	305	0.38888079500969397	68	0.4157213136792625	
10	308	0.4663359557709652	296	0.5523057459066545	63	0.5792873003289162	
11	30	0.26202393194680323	198	0.29659833048657314	335	0.3559050275556888	
12	88	0.18391551022211572	412	0.23786222712248925	108	0.43440120160365114	
13	32	0.13105316309668813	175	0.15383075812896774	446	0.18801218202123668	
14	89	0.38896982670280406	47	0.4010653708571423	178	0.4470142852115126	
15	496	1.0272326925356494	223	1.0479747383204512	469	1.1124960895292986	
16	265	0.3402008733541398	485	0.3442519203125841	359	0.3745035686341925	
17	362	0.4726882474247455	415	0.534095611121354	67	0.561344828965863	
18	150	0.5091259015873243	145	0.5130778908281279	115	0.5379827948256113	
19	478	0.4388240189162634	55	0.5836470570188578	118	0.749392724605193	
20	238	0.3061035585950638	54	0.7358935751156245	253	0.802551827687908	
21	259	0.10362522142815883	26	0.11798313618596011	220	0.3109536474662103	
22	485	0.5710813635431676	277	0.6381086656773084	206	0.678935497261804	
23	90	0.17575137507752198	322	0.2352295714388347	244	0.25956775311023145	
24	36	0.5611076751857048	118	0.6414709696129163	173	0.6558334946889297	
25	232	0.21603361840701257	322	0.23039141847145056	90	0.23182506470142716	
26	259	0.1115147862446715	21	0.11798313618596011	42	0.3399906901457129	
27	341	0.26824385119707794	378	0.39809131755896104	373	0.4246660669724614	
28	188	0.6216430560394076	495	0.8170592015823234	39	0.9079879173910707	
29	430	0.33749138672951173	376	0.35376236585941634	319	0.3624591804513925	
30	11	0.26202393194680323	212	0.4002623296774788	198	0.5029750408452646	
31	274	0.140085177420553	380	0.20096702041145276	159	0.3850766198468182	
32	13	0.13105316309668813	446	0.1903910904709821	175	0.24456797626945626	
33	458	0.24532260911958892	483	0.34246051393353105	453	0.4119798296295618	
34	145	0.3524794849417261	260	0.3795000595208305	207	0.6044006558698899	
35	418	0.2546412034994847	41	0.2925840094472047	112	0.35990888764117834	
36	173	0.359088175737206	289	0.4147896449243027	118	0.5538705494139793	
37	382	1.070005760221294	424	1.15769969001909	393	1.2774777273363676	
38	50	0.2637768935131033	417	0.32422472462092045	164	0.3767850932852192	
39	188	0.4485116508359535	495	0.5602617253287568	158	0.5770692657745076	
40	222	0.1221199822093908	422	0.17679984804861124	347	0.20464599479337672	
41	35	0.2925840094472047	418	0.32474012481857845	112	0.4157490435831156	
42	156	0.32401377788554736	26	0.3399906901457129	397	0.351610941451425	
43	61	0.3063413579592436	220	0.36282372813540736	380	0.4952570227581148	
44	327	0.49538776187297034	141	0.6781372638498046	65	0.7490180751248271	
45	287	0.5043504148750995	177	0.6038466157427952	491	0.6100785041554152	
46	192	0.3005133509134114	326	0.307431766050683	446	0.3624080984104297	
47	395	0.30769113134815007	226	0.31701450820208144	14	0.4010653708571423	
48	94	0.2495191451886654	443	0.34602584033958383	320	0.41399075709188055	
49	58	0.21919569432306363	399	0.23850020263328053	286	0.5391456143102397	
50	164	0.22175840374749864	38	0.2637768935131033	417	0.45095177414441184	
51	109	0.731517822436827	470	1.0240611675497042	119	1.2441828357285787	
52	313	0.38336551652174317	467	0.4322172460748501	73	0.4878435813859761	
53	447	0.30610416799633966	233	0.4047714976986008	420	0.42929104710287264	
54	346	0.294732267440671	422	0.40724550699004847	238	0.4778371671524351	
55	19	0.5836470570188578	5	0.7224298236507484	291	0.9003895323097725	
56	159	0.31578686142773243	397	0.4363128001624529	139	0.5203046796801352	
57	81	0.4369302670317076	38	0.46717791470365216	423	0.4818765420559089	
58	399	0.19935258631038855	49	0.21919569432306363	212	0.41246643851886583	
59	385	0.44980275541472714	496	0.5801080259990111	134	0.6184439934185247	
60	204	0.38984014467927236	142	0.4938299077410476	1	0.5206227127090943	
61	220	0.24666389353753823	43	0.3063413579592436	139	0.38626058543513264	
62	72	0.3178070297640036	166	0.4724734649642543	227	0.524244700681577	
63	367	0.1242281338417152	308	0.14396719232784938	347	0.265960635188536	
64	178	0.5591868819793626	14	0.5627046159290917	252	0.6612751567190088	
65	141	0.32840619746808203	103	0.3350818432218367	277	0.49997389813718185	
66	292	0.17156135397291145	442	0.2326339359154966	364	0.28145630913512926	
67	362	0.26679708131552266	413	0.4474259651144891	491	0.48220711603754773	
68	337	0.21263763967673216	236	0.2885949209940152	215	0.3649887997359045	
69	96	0.2285064441610588	280	0.28629677375724494	184	0.4158766409253227	
70	127	0.21886814582623365	196	0.23767613291408682	204	0.35744357415500144	
71	304	0.15505400076029657	210	0.3532572547156317	105	0.3537410980114886	
72	62	0.3178070297640036	166	0.4873997627834173	455	0.5668751267688923	
73	467	0.3061330208423494	313	0.3154316381461369	301	0.33462898362089477	
74	299	0.10938323708331635	445	0.571042152898482	311	0.6356107840044414	
75	95	0.40183373352413027	315	0.47826297907031984	330	0.50253010606457	
76	381	0.3782079355195274	387	0.44827825301635127	156	0.4974643833926711	
77	272	0.229022157764086	149	0.27704686638415965	187	0.38813043377687795	
78	106	0.11523457690600913	268	0.2621801172016878	277	0.5283928305093398	
79	419	0.5753160321381358	128	0.7231884449835135	181	0.7367741537658381	
80	481	0.5209422044198054	305	0.5385895946702296	493	0.5470795310890788	
81	423	0.3606591480687333	57	0.4369302670317076	219	0.44787720386605795	
82	356	0.16295729541369164	325	0.44780402989788753	131	0.5220910002635816	
83	364	0.253761466253429	279	0.3605633975558449	438	0.3898962863295241	
84	210	0.2952739777145258	341	0.37014145617781835	105	0.45264702213781227	
85	416	0.2348124357994201	450	0.3808407880759543	480	0.40169946525000844	
86	291	0.4217152526650889	117	0.7449640250058854	240	0.9228339083836189	
87	192	0.39782234868851735	175	0.5002522384012692	446	0.5058337990910763	
88	12	0.18391551022211572	412	0.3466949865721909	108	0.4077441185463733	
89	93	0.2432618862563657	175	0.25571968883292756	465	0.3438536271758526	
90	23	0.17575137507752198	25	0.23182506470142716	232	0.3093299913867984	
91	363	0.28095345785956666	384	0.3546846357443919	409	0.47829494204078865	
92	358	0.19155968355044523	349	0.4445094067784593	41	0.5166873335253058	
93	89	0.2432618862563657	175	0.267778223244638	13	0.3200513070894777	
94	443	0.18050511174861344	48	0.2495191451886654	240	0.30751443204521495	
95	315	0.29703150914772536	75	0.40183373352413027	216	0.42815136259504855	
96	69	0.2285064441610588	280	0.31725767040660197	414	0.4981851901395891	
97	450	0.18170709585766792	283	0.24157412726335908	348	0.26468914313567626	
98	303	0.12547256117907865	315	0.5378970806830478	75	0.5705677148495895	
99	163	0.09552668466467545	285	0.19059922014579092	121	0.520624408101616	
100	210	0.287009411740384	464	0.3646978212006186	71	0.47129987359185865	
101	323	0.70184250769201	325	0.7144294817657912	354	0.7622447344298069	
102	275	0.34761331021281455	246	0.44467530711761294	160	0.5083661830756391	
103	65	0.3350818432218367	141	0.3915385885530426	277	0.6745208829060184	
104	155	0.3681089318639691	174	0.8388233175214339	492	0.9880889077713149	
105	456	0.13636625950412387	71	0.3537410980114886	268	0.43194954969212435	
106	78	0.11523457690600913	268	0.19027618963730059	456	0.4797123039504754	
107	147	0.5396676871246254	154	0.591629082756239	474	0.6161042330664026	
108	88	0.4077441185463733	12	0.43440120160365114	383	0.45138862733214746	
109	119	0.5837782570214743	436	0.5917372538158052	228	0.6899491111486092	
110	113	0.2770718873198953	489	0.378442237603775	361	0.38169438691675495	
111	114	0.1591216824074533	429	0.3092410360927411	211	0.31378947665234647	
112	418	0.34008327782504844	35	0.35990888764117834	41	0.4157490435831156	
113	489	0.21194041074730535	110	0.2770718873198953	361	0.3421977390409668	
114	429	0.15034359165557315	111	0.1591216824074533	211	0.2633723934843563	
115	18	0.5379827948256113	150	0.6358579304543883	123	0.6686821839007311	
116	432	0.6201222147538358	245	0.6681912036771167	269	0.6765056288685464	
117	171	0.5967612515959321	240	0.6047058803420371	373	0.6161110648099732	
118	173	0.2599598294856928	36	0.5538705494139793	391	0.6350217637454247	
119	436	0.2036347393909121	275	0.28185851564639375	417	0.3702158149005461	
120	168	1.6468712997156278	469	1.841447093706991	401	2.026176680742	
121	160	0.2545902105527182	6	0.3984021647093969	405	0.42657653384402344	
122	471	0.3243387620319036	351	0.4208986935082695	272	0.45578338035685334	
123	150	0.2487002243451874	312	0.30307796177921315	18	0.6050749884756436	
124	225	0.3348615242853607	151	0.5010040963619384	265	0.6402285107667333	
125	431	0.30873178937589163	385	0.39426044737284127	401	0.4551554300476572	
126	354	1.324719165511409	101	1.5729139044136664	170	1.6621250393255946	
127	196	0.20438493329921087	70	0.21886814582623365	204	0.29377546670605953	
128	333	0.35854550530061496	181	0.5198080618302127	218	0.5344379259500996	
129	249	0.3272384543814282	449	0.45997660986273603	484	0.46803546029448795	
130	148	0.3966017135439303	368	0.7275863548025036	182	0.831904926733528	
131	345	0.3567412345156751	460	0.4714204921481785	127	0.48837196159081403	
132	474	0.23223084179170791	136	0.38151150804035383	172	0.3855336653830031	
133	252	0.6917627456122947	276	0.9297814110966114	64	1.0737142015732366	
134	162	0.26684993395549583	385	0.4512835403073817	59	0.6184439934185247	
135	373	0.21593870223010966	378	0.2352140646457345	171	0.3251577573392049	
136	132	0.38151150804035383	474	0.600514589877997	172	0.64847244156658	
137	394	0.19643159062691468	245	0.6260194909531925	217	0.6678883643918023	
138	435	0.35385022026866486	255	0.36073943376993167	226	0.39513548260946657	
139	333	0.32592966800483064	397	0.345017077640206	220	0.35102755977098093	
140	292	0.4455581919220353	442	0.4865425138477427	66	0.5241284933222392	
141	65	0.32840619746808203	103	0.3915385885530426	277	0.4643114953696491	
142	421	0.4912159727256803	60	0.4938299077410476	305	0.6258500525044757	
143	208	0.4035347237102611	196	0.6622426888635936	70	0.723807172317655	
144	468	0.7458953688433944	31	0.8322002775337329	274	0.8882694164557894	
145	260	0.25232159975565843	34	0.3524794849417261	18	0.5130778908281279	
146	412	0.5095162605291542	383	0.5169415384599544	201	0.5511777811958234	
147	154	0.5022050910166843	107	0.5396676871246254	136	0.7975106629354626	
148	130	0.3966017135439303	368	0.7952340847241562	224	0.9636532165078702	
149	171	0.2219353280779147	187	0.2339441931922641	378	0.23473552355097746	
150	123	0.2487002243451874	312	0.28021394495077917	18	0.5091259015873243	
151	225	0.230404414606017	265	0.2764933184674714	411	0.41091984029617956	
152	298	0.3115931923116908	351	0.4053418030741047	185	0.4597917146146163	
153	9	0.44268839004329585	441	0.47904358300142297	183	0.48076093310231705	
154	147	0.5022050910166843	91	0.5767074466157293	107	0.591629082756239	
155	104	0.3681089318639691	492	0.7525285502912485	174	0.9067119009177962	
156	387	0.3215182883439108	42	0.32401377788554736	407	0.34519571418348854	
157	384	0.38264322219898705	30	0.6110197953543711	91	0.6475083990572819	
158	319	0.3807223092246484	430	0.3871244004261779	29	0.40102911238321337	
159	56	0.31578686142773243	139	0.3805772840811098	31	0.3850766198468182	
160	121	0.2545902105527182	405	0.34281424279637407	102	0.5083661830756391	
161	183	0.14559284338162398	441	0.329713966445536	406	0.45067907112244215	
162	134	0.26684993395549583	385	0.33516181179155374	466	0.5579093151471958	
163	99	0.09552668466467545	285	0.260550235340182	121	0.530269145864743	
164	50	0.22175840374749864	38	0.3767850932852192	228	0.39693257629194556	
165	406	0.20963219245532458	341	0.2645614798413576	317	0.42373815724873076	
166	324	0.43702496011450986	62	0.4724734649642543	72	0.4873997627834173	
167	422	0.5764192220838651	461	0.6196313942776676	40	0.630842983665022	
168	401	0.4595552857690008	431	0.6897956988458568	8	0.694111507356083	
169	295	0.38781629885942415	355	0.4007426715689647	414	0.4411094076431556	
170	391	0.707697675296692	24	0.711233622135655	36	0.887446675870607	
171	149	0.2219353280779147	378	0.23805156085327728	135	0.3251577573392049	
172	474	0.32447598277734413	132	0.3855336653830031	314	0.5443015112886186	
173	118	0.2599598294856928	36	0.359088175737206	391	0.583595210868783	
174	484	0.5736003035260689	104	0.8388233175214339	140	0.8823502586276023	
175	13	0.15383075812896774	32	0.24456797626945626	89	0.25571968883292756	
176	186	0.4662830365266673	396	0.469977776860465	300	0.6139423050216716	
177	413	0.15286565861915677	67	0.5518048564276519	491	0.5896712659215821	
178	465	0.3253412032465957	219	0.34672080019848084	14	0.4470142852115126	
179	184	0.5300594569703312	485	0.6376606925120224	22	0.6910724220624026	
180	372	0.08463992921145336	0	0.26196369547228887	475	0.2800916257977068	
181	257	0.3836846618679463	139	0.4543125843185263	397	0.45794365948190213	
182	254	0.44614544588602817	202	0.49254202756137166	271	0.4940386238788607	
183	161	0.14559284338162398	441	0.4287089267438456	153	0.48076093310231705	
184	280	0.2629207431430666	69	0.4158766409253227	375	0.496340351069458	
185	298	0.3882077678698758	152	0.4597917146146163	183	0.527781821922488	
186	316	0.2959333925468581	396	0.4173280047466913	90	0.4448753433281394	
187	149	0.2339441931922641	171	0.3481464059614962	272	0.3562148542016101	
188	39	0.4485116508359535	495	0.6023176033283487	28	0.6216430560394076	
189	124	0.7507514068170473	44	0.776245991625373	461	0.8192641092186516	
190	65	0.7101962795668549	277	0.769378861820548	179	0.7976073502938094	
191	342	0.4230527638071384	379	0.6630477167463623	290	0.6713410009199072	
192	446	0.19126943731663804	326	0.2632340732755298	175	0.2998966983012516	
193	157	0.8111745027510635	58	0.9536454405609321	212	0.9663108419951145	
194	339	0.18818127204350407	318	0.47283359747772835	459	0.48112386866372137	
195	229	0.4448481725793476	47	0.6976464619715126	14	0.8115858867242799	
196	345	0.1782108412823126	127	0.20438493329921087	70	0.23767613291408682	
197	392	0.20643918122377505	306	0.4380471663113136	363	0.5930378183658179	
198	11	0.29659833048657314	335	0.31897472615723854	473	0.33344694642766765	
199	487	0.26535756864453647	371	0.5205559617488892	477	0.5740854522927202	
200	463	0.15814105668275785	476	0.2850484944545701	389	0.30835995556243245	
201	203	0.16762917625214702	383	0.27756091611045924	412	0.4742980532231246	
202	293	0.3098960831162601	254	0.3592296533349053	182	0.49254202756137166	
203	201	0.16762917625214702	383	0.41473945933630474	361	0.5987110803967917	
204	127	0.29377546670605953	70	0.35744357415500144	60	0.38984014467927236	
205	231	0.2030772666017599	332	0.2659997550696521	250	0.33139060081845634	
206	300	0.44330775652522675	232	0.5642427385099695	282	0.6620676681766632	
207	499	0.27080999011101714	34	0.6044006558698899	473	0.6290508927968866	
208	196	0.38031972482284576	143	0.4035347237102611	345	0.4071097644262135	
209	204	0.554669525728044	345	0.5891758107760845	70	0.6224324290076346	
210	100	0.287009411740384	84	0.2952739777145258	71	0.3532572547156317	
211	114	0.2633723934843563	429	0.2947631477707426	111	0.31378947665234647	
212	30	0.4002623296774788	58	0.41246643851886583	399	0.5602638993625358	
213	214	0.3367676495923431	339	0.3586982847638097	340	0.45210036124443176	
214	233	0.25012813239733134	213	0.3367676495923431	339	0.3685001704460837	
215	236	0.28549993643219296	493	0.3025483181735898	68	0.3649887997359045	
216	315	0.240337661792373	329	0.27069972319204993	95	0.42815136259504855	
217	353	0.3110642256347551	440	0.4357451633524914	281	0.6382987256081831	
218	427	0.4039752655635883	333	0.41457531038871553	128	0.5344379259500996	
219	465	0.33158656189633134	178	0.34672080019848084	81	0.44787720386605795	
220	61	0.24666389353753823	21	0.3109536474662103	380	0.34427352165900194	
221	313	0.3344730843101235	340	0.4327552496166888	233	0.43609426137782376	
222	40	0.1221199822093908	422	0.1989394055859146	347	0.29707272698638454	
223	134	0.955882603757715	241	0.9589981217117975	496	1.0372775979088986	
224	425	0.7940863552057534	28	0.9139103341707815	495	0.9310167881569619	
225	151	0.230404414606017	124	0.3348615242853607	265	0.47678588517341364	
226	47	0.31701450820208144	395	0.3428590900683362	138	0.39513548260946657	
227	62	0.524244700681577	72	0.7490402581630214	324	0.7755217765340988	
228	436	0.20188409493468032	417	0.289083365245132	164	0.39693257629194556	
229	195	0.4448481725793476	47	0.514524223874755	395	0.5936620572089967	
230	441	0.26925869054099333	317	0.36277585841914284	290	0.3650759029310231	
231	205	0.2030772666017599	365	0.39656396143802586	250	0.4191898120324466	
232	282	0.13795842047962703	25	0.21603361840701257	90	0.3093299913867984	
233	214	0.25012813239733134	447	0.2514143006238211	340	0.273454216181128	
234	279	0.4162825252567767	284	0.42775361332412026	83	0.4439285082565436	
235	428	0.2399203036476056	389	0.3715541991023153	200	0.5007218269932853	
236	337	0.21800699339690952	215	0.28549993643219296	68	0.2885949209940152	
237	366	0.4176666066518351	239	0.5372346017462294	481	0.6758910166476885	
238	20	0.3061035585950638	54	0.4778371671524351	346	0.6395838215604744	
239	494	0.2661866777630427	294	0.3278500328754327	366	0.35855210679733124	
240	94	0.30751443204521495	443	0.4305344692714338	48	0.45490452774657925	
241	311	0.5182030360298272	309	0.5280485765764746	134	0.6583378050564354	
242	486	0.7534603504213294	240	0.9192453986740124	86	1.0248485982196145	
243	255	0.22776535024159245	138	0.4880158460784435	395	0.5396813901318688	
244	322	0.07589677414394085	23	0.25956775311023145	25	0.28058119092980954	
245	432	0.2281993107346584	394	0.4322317221668662	344	0.4709918823861686	
246	102	0.44467530711761294	260	0.45994107110195404	275	0.46213845615869475	
247	253	0.31881108164204347	434	0.42000965851608224	234	0.48634762785318764	
248	371	0.7176788851699071	487	0.7677588383765657	199	0.9191299066298698	
249	129	0.3272384543814282	487	0.6948856052453704	484	0.6970188312504697	
250	205	0.33139060081845634	231	0.4191898120324466	365	0.47378938527839365	
251	243	0.6551343971950073	361	0.6896179553213915	318	0.7628701555362155	
252	81	0.48695680819522663	423	0.5276874104500283	64	0.6612751567190088	
253	247	0.31881108164204347	284	0.5438892025949909	234	0.637416092691514	
254	202	0.3592296533349053	182	0.44614544588602817	293	0.6184378806827499	
255	243	0.22776535024159245	138	0.36073943376993167	395	0.5867489370226546	
256	323	0.4649541221639869	318	0.4953650538454825	361	0.5618908103841729	
257	397	0.3211577117732155	181	0.3836846618679463	42	0.4203940821521636	
258	287	0.32366456037496094	285	0.581976584860378	250	0.6193845496307235	
259	21	0.10362522142815883	26	0.1115147862446715	220	0.3687183200522536	
260	145	0.25232159975565843	34	0.3795000595208305	275	0.44095478431724283	
261	464	0.16028324925868168	390	0.30118641225275516	294	0.34902569210380513	
262	273	0.4172195549112211	57	0.5329373925440289	81	0.7269768162071868	
263	8	0.392197967660225	469	0.5755727991794379	385	0.6137906422695015	
264	452	0.17445043198951068	335	0.26852664979190183	389	0.3130854949271601	
265	151	0.2764933184674714	16	0.3402008733541398	411	0.4386635635899299	
266	479	0.09086328654226596	482	0.20169829651923546	352	0.3598805094408912	
267	462	0.5488668369552608	455	0.7736001204888018	6	0.8599542109420553	
268	106	0.19027618963730059	78	0.2621801172016878	456	0.357684235399068	
269	2	0.18877472305107085	338	0.24357085782908366	316	0.41142690261154996	
270	410	0.2542929682323669	355	0.40626355498557926	414	0.4383352504309651	
271	171	0.4805324735096272	182	0.4940386238788607	498	0.5310595552350128	
272	77	0.229022157764086	149	0.29804375690351237	187	0.3562148542016101	
273	262	0.4172195549112211	81	0.5297103331885905	423	0.5348490864529434	
274	380	0.06428749843472802	31	0.140085177420553	220	0.40176200622530994	
275	119	0.28185851564639375	102	0.34761331021281455	436	0.3570076634688731	
276	108	0.6190267270174774	146	0.7122570461155768	12	0.8171171976825289	
277	141	0.4643114953696491	65	0.49997389813718185	78	0.5283928305093398	
278	146	0.8198612395577877	412	0.9069511148840941	201	1.0075576008584515	
279	434	0.35270758838383476	83	0.3605633975558449	438	0.3927451535977875	
280	184	0.2629207431430666	69	0.28629677375724494	96	0.31725767040660197	
281	3	0.29482769090112687	402	0.44636452078263567	353	0.46204049177457	
282	232	0.13795842047962703	25	0.3017587428457999	90	0.32557127141453057	
283	97	0.24157412726335908	348	0.27695902281161705	450	0.32731755785011524	
284	346	0.3432139079273588	422	0.4245126894301983	222	0.42706775526469876	
285	99	0.19059922014579092	163	0.260550235340182	332	0.49416915443965564	
286	399	0.3040983357180196	58	0.41286649287393773	49	0.5391456143102397	
287	258	0.32366456037496094	45	0.5043504148750995	250	0.5746715494144017	
288	410	0.4993306642111052	129	0.5284311119578097	449	0.5632904750981672	
289	294	0.2838068161736981	366	0.3459824382825881	36	0.4147896449243027	
290	230	0.3650759029310231	264	0.45194292717700774	4	0.5008254861284819	
291	86	0.4217152526650889	117	0.6383843362590288	5	0.8201660465078948	
292	66	0.17156135397291145	442	0.2536581991742814	364	0.2696499333311605	
293	202	0.3098960831162601	182	0.5813820712610244	254	0.6184378806827499	
294	289	0.2838068161736981	239	0.3278500328754327	261	0.34902569210380513	
295	169	0.38781629885942415	414	0.4062307562919666	480	0.41293687224182263	
296	348	0.2875058448537693	416	0.36683532020281273	308	0.3821616611571285	
297	496	0.8047239904199618	299	0.871515795958504	311	0.9604515997197584	
298	152	0.3115931923116908	185	0.3882077678698758	351	0.4757490864748698	
299	74	0.10938323708331635	445	0.6060209428100841	311	0.6464748207779815	
300	206	0.44330775652522675	176	0.6139423050216716	232	0.6232655688075713	
301	467	0.3099367765505624	73	0.33462898362089477	448	0.33525072354973107	
302	490	0.17382116417386625	466	0.1939714236486095	438	0.33044470678087995	
303	98	0.12547256117907865	315	0.5286132972740419	75	0.5757598912878565	
304	71	0.15505400076029657	456	0.44095384443672486	105	0.47169176190319295	
305	9	0.38888079500969397	328	0.441772565126648	421	0.5162378213385659	
306	197	0.4380471663113136	392	0.4454465429189116	188	0.7847890734973028	
307	195	1.0723909260636004	64	1.2939158299598332	14	1.3844168818171532	
308	63	0.14396719232784938	367	0.24106622470136002	352	0.31914227005537127	
309	444	0.33755818227362894	480	0.49556793556995593	241	0.5280485765764746	
310	176	0.7245644525598166	300	0.8778593662768654	186	1.1483623046896854	
311	445	0.374504509958098	241	0.5182030360298272	74	0.6356107840044414	
312	150	0.28021394495077917	123	0.30307796177921315	145	0.5924619686047609	
313	73	0.3154316381461369	221	0.3344730843101235	52	0.38336551652174317	
314	330	0.38862143274118816	75	0.5207831421261598	172	0.5443015112886186	
315	216	0.240337661792373	95	0.29703150914772536	329	0.37474690475547423	
316	2	0.23201471310943586	186	0.2959333925468581	269	0.41142690261154996	
317	441	0.3406533761105881	230	0.36277585841914284	165	0.42373815724873076	
318	194	0.47283359747772835	339	0.49283239403179024	256	0.4953650538454825	
319	430	0.08818518424511225	29	0.3624591804513925	158	0.3807223092246484	
320	388	0.25816647881011046	48	0.41399075709188055	187	0.4915012112958011	
321	415	0.8075546765256854	17	0.8892296031577642	382	0.9457407803443929	
322	244	0.07589677414394085	25	0.23039141847145056	23	0.2352295714388347	
323	325	0.4525665825292492	256	0.4649541221639869	82	0.6341879584873418	
324	166	0.43702496011450986	62	0.5498383444182099	381	0.6046378302820999	
325	82	0.44780402989788753	323	0.4525665825292492	127	0.4889048718304489	
326	446	0.17609647925903085	192	0.2632340732755298	46	0.307431766050683	
327	44	0.49538776187297034	124	0.6405747259381078	265	0.7434185128866224	
328	9	0.21604103153785786	305	0.441772565126648	421	0.470706315483467	
329	216	0.27069972319204993	370	0.33591884961593443	315	0.37474690475547423	
330	314	0.38862143274118816	95	0.47875119688152956	75	0.50253010606457	
331	80	0.677034148736642	137	0.6953739257178662	481	0.7458527396545636	
332	205	0.2659997550696521	231	0.44066322991159335	121	0.48433527692364126	
333	139	0.32592966800483064	128	0.35854550530061496	218	0.41457531038871553	
334	258	0.637658988908027	336	0.7308635574759275	424	0.750923704424529	
335	452	0.16700342884932157	264	0.26852664979190183	473	0.31350773146476335	
336	334	0.7308635574759275	424	0.8177112710772964	258	1.2873396533948938	
337	68	0.21263763967673216	236	0.21800699339690952	215	0.44402460557489537	
338	269	0.24357085782908366	2	0.36699685252675174	478	0.5316233031774694	
339	194	0.18818127204350407	213	0.3586982847638097	214	0.3685001704460837	
340	233	0.273454216181128	313	0.40518949045066405	447	0.4315220376106797	
341	165	0.2645614798413576	27	0.26824385119707794	84	0.37014145617781835	
342	191	0.4230527638071384	472	0.5850396954768815	428	0.7196311538518567	
343	360	0.3779874717192752	473	0.4885377985438383	183	0.5009344278257031	
344	432	0.4079931360022582	390	0.4133970053123819	245	0.4709918823861686	
345	196	0.1782108412823126	127	0.30817163513176377	131	0.3567412345156751	
346	54	0.294732267440671	284	0.3432139079273588	422	0.4294992536084379	
347	40	0.20464599479337672	367	0.2654841650681807	63	0.265960635188536	
348	450	0.23398387225939846	97	0.26468914313567626	283	0.27695902281161705	
349	420	0.3713634348034692	214	0.3949920263083381	459	0.42266966673368594	
350	370	0.32659768922319604	75	0.5822016601462916	329	0.6100487850066965	
351	377	0.3073405026754221	471	0.3884661364262531	152	0.4053418030741047	
352	348	0.2949322003109006	479	0.30033367730558563	63	0.31103938233615847	
353	217	0.3110642256347551	281	0.46204049177457	100	0.5999101847515101	
354	1	0.6064740174905113	60	0.6100002757081717	204	0.7252768919907817	
355	414	0.06943218760483848	410	0.26156112326152653	169	0.4007426715689647	
356	82	0.16295729541369164	131	0.5574996555602909	113	0.5675680785449365	
357	236	0.3079454437265802	404	0.3829382080392185	337	0.47237557313390394	
358	92	0.19155968355044523	180	0.37472568632120246	475	0.39178298330425027	
359	375	0.17656674932323466	485	0.32762052046934803	16	0.3745035686341925	
360	264	0.3149014937832403	343	0.3779874717192752	473	0.4570464270698635	
361	113	0.3421977390409668	110	0.38169438691675495	489	0.5120927086878223	
362	67	0.26679708131552266	17	0.4726882474247455	413	0.5504280048429827	
363	91	0.28095345785956666	384	0.4247705695854279	409	0.42919989129468655	
364	83	0.253761466253429	292	0.2696499333311605	66	0.28145630913512926	
365	205	0.36205667532340524	372	0.3753473060267788	231	0.39656396143802586	
366	289	0.3459824382825881	239	0.35855210679733124	237	0.4176666066518351	
367	63	0.1242281338417152	308	0.24106622470136002	347	0.2654841650681807	
368	122	0.4945209561615069	483	0.5567515479516169	388	0.5636991928447348	
369	6	0.09617979320838481	407	0.4100022652069361	381	0.4435033533749794	
370	350	0.32659768922319604	329	0.33591884961593443	381	0.4933185715451594	
371	199	0.5205559617488892	487	0.6205014973171955	477	0.7164105747175913	
372	180	0.08463992921145336	0	0.20828961395022624	475	0.241907921381968	
373	378	0.16938683989131703	135	0.21593870223010966	171	0.3488968367396969	
374	497	0.7376449301704847	17	0.8763614958742835	451	1.0552669172497335	
375	359	0.17656674932323466	280	0.3693651696028927	485	0.4303292778518231	
376	29	0.35376236585941634	158	0.4117803843014855	33	0.500265389558282	
377	351	0.3073405026754221	471	0.4393661075904229	277	0.529575828212572	
378	373	0.16938683989131703	149	0.23473552355097746	135	0.2352140646457345	
379	27	0.626601278650214	191	0.6630477167463623	341	0.6704016493958752	
380	274	0.06428749843472802	31	0.20096702041145276	220	0.34427352165900194	
381	407	0.264417995558452	156	0.3553596584716707	76	0.3782079355195274	
382	488	0.24323789463498727	415	0.4183857609614036	67	0.7941154437432503	
383	201	0.27756091611045924	203	0.41473945933630474	108	0.45138862733214746	
384	91	0.3546846357443919	157	0.38264322219898705	363	0.4247705695854279	
385	162	0.33516181179155374	125	0.39426044737284127	59	0.44980275541472714	
386	404	0.48815911469537626	357	0.5706073767134073	304	0.5912014421619729	
387	156	0.3215182883439108	76	0.44827825301635127	257	0.4718127025219976	
388	320	0.25816647881011046	458	0.41750058833743336	48	0.45044653255291794	
389	452	0.2518875674695798	200	0.30835995556243245	264	0.3130854949271601	
390	464	0.21778346588116726	261	0.30118641225275516	494	0.3681251725001854	
391	173	0.583595210868783	118	0.6350217637454247	170	0.707697675296692	
392	197	0.20643918122377505	306	0.4454465429189116	363	0.7138439826232291	
393	457	0.37225512660482424	52	0.5202984851469281	467	0.5255869399285719	
394	137	0.19643159062691468	245	0.4322317221668662	432	0.6340058017454765	
395	47	0.30769113134815007	226	0.3428590900683362	489	0.419875664653954	
396	186	0.4173280047466913	176	0.469977776860465	316	0.5868237991245436	
397	257	0.3211577117732155	139	0.345017077640206	42	0.351610941451425	
398	429	0.45292822057200816	409	0.48160390654233975	363	0.5569332625652463	
399	58	0.19935258631038855	49	0.23850020263328053	286	0.3040983357180196	
400	468	0.291920894674278	408	0.5495882388176692	31	0.8096105535710343	
401	431	0.23909014467395842	125	0.4551554300476572	168	0.4595552857690008	
402	322	0.2585734648976071	3	0.2928127026581861	244	0.3193430804195621	
403	45	0.7348436672384057	177	0.741470269439769	413	0.8853045471452399	
404	357	0.3829382080392185	386	0.48815911469537626	167	0.6466241323256647	
405	160	0.34281424279637407	121	0.42657653384402344	369	0.5045474395879396	
406	165	0.20963219245532458	341	0.38472125871803886	161	0.45067907112244215	
407	381	0.264417995558452	156	0.34519571418348854	369	0.4100022652069361	
408	159	0.549220112543402	400	0.5495882388176692	56	0.5761258958685415	
409	363	0.42919989129468655	91	0.47829494204078865	398	0.48160390654233975	
410	270	0.2542929682323669	355	0.26156112326152653	414	0.2859163040955279	
411	151	0.41091984029617956	265	0.4386635635899299	85	0.47760062884517357	
412	12	0.23786222712248925	88	0.3466949865721909	201	0.4742980532231246	
413	177	0.15286565861915677	67	0.4474259651144891	491	0.5415637787912341	
414	355	0.06943218760483848	410	0.2859163040955279	449	0.3767467786779078	
415	488	0.2534651642290127	382	0.4183857609614036	67	0.5082525712610189	
416	85	0.2348124357994201	450	0.31662157751629827	296	0.36683532020281273	
417	436	0.2584990838179677	228	0.289083365245132	38	0.32422472462092045	
418	35	0.2546412034994847	41	0.32474012481857845	112	0.34008327782504844	
419	79	0.5753160321381358	62	0.9796479052247864	227	1.0756094474173759	
420	349	0.3713634348034692	53	0.42929104710287264	214	0.43921409577254933	
421	328	0.470706315483467	9	0.479646305621362	142	0.4912159727256803	
422	40	0.17679984804861124	222	0.1989394055859146	347	0.3680856781937546	
423	81	0.3606591480687333	57	0.4818765420559089	252	0.5276874104500283	
424	334	0.750923704424529	336	0.8177112710772964	382	0.8266927107389642	
425	495	0.6434140897328054	368	0.7147816253762401	224	0.7940863552057534	
426	432	0.5134361258761746	344	0.5290707320344726	294	0.6341749665658325	
427	218	0.4039752655635883	333	0.5124481258189185	61	0.520420249434359	
428	235	0.2399203036476056	389	0.49119899306111897	200	0.5875434790015807	
429	114	0.15034359165557315	211	0.2947631477707426	111	0.3092410360927411	
430	319	0.08818518424511225	29	0.33749138672951173	158	0.3871244004261779	
431	401	0.23909014467395842	125	0.30873178937589163	442	0.3942675484212938	
432	245	0.2281993107346584	344	0.4079931360022582	426	0.5134361258761746	
433	444	0.7592291662366328	411	0.8240306991887286	74	0.9500565810324548	
434	279	0.35270758838383476	247	0.42000965851608224	234	0.5026643435148818	
435	138	0.35385022026866486	226	0.46150687508821114	301	0.5949702649282469	
436	228	0.20188409493468032	119	0.2036347393909121	417	0.2584990838179677	
437	318	0.5046486281486414	339	0.5952664461535921	194	0.6324155304532264	
438	490	0.284179201512916	302	0.33044470678087995	466	0.3318341989657945	
439	412	1.0859039447988987	278	1.1132451119340403	12	1.1369126108235046	
440	477	0.3506867451640922	217	0.4357451633524914	353	0.6496276678940818	
441	230	0.26925869054099333	161	0.329713966445536	317	0.3406533761105881	
442	66	0.2326339359154966	292	0.2536581991742814	431	0.3942675484212938	
443	94	0.18050511174861344	48	0.34602584033958383	240	0.4305344692714338	
444	309	0.33755818227362894	480	0.46216043621302766	311	0.6846454013929391	
445	311	0.374504509958098	416	0.4453542971230692	74	0.571042152898482	
446	326	0.17609647925903085	13	0.18801218202123668	32	0.1903910904709821	
447	233	0.2514143006238211	53	0.30610416799633966	475	0.3283767655558928	
448	467	0.2499835941592983	301	0.33525072354973107	457	0.37149652906677044	
449	414	0.3767467786779078	355	0.4328732858331639	410	0.4589216794450915	
450	97	0.18170709585766792	348	0.23398387225939846	416	0.31662157751629827	
451	393	0.9520785127373856	374	1.0552669172497335	457	1.1416651762774652	
452	335	0.16700342884932157	264	0.17445043198951068	389	0.2518875674695798	
453	476	0.1753459236566456	463	0.4035955384371287	33	0.4119798296295618	
454	479	0.43379629012494547	279	0.49132474574948337	352	0.506302015346205	
455	72	0.5668751267688923	462	0.65888858356581	267	0.7736001204888018	
456	105	0.13636625950412387	268	0.357684235399068	71	0.36301857254508246	
457	467	0.3656303137648887	448	0.37149652906677044	393	0.37225512660482424	
458	483	0.22608233671886133	33	0.24532260911958892	388	0.41750058833743336	
459	349	0.42266966673368594	194	0.48112386866372137	420	0.4829452996330726	
460	1	0.4180059292754539	131	0.4714204921481785	383	0.5164975053010377	
461	54	0.5389968405283215	422	0.5738082052997666	347	0.5881717461738221	
462	267	0.5488668369552608	6	0.5831807963792751	369	0.6038497059186311	
463	200	0.15814105668275785	476	0.2318594188771376	4	0.3794937086554816	
464	261	0.16028324925868168	390	0.21778346588116726	100	0.3646978212006186	
465	178	0.3253412032465957	219	0.33158656189633134	89	0.3438536271758526	
466	302	0.1939714236486095	490	0.32770829648852695	438	0.3318341989657945	
467	448	0.2499835941592983	73	0.3061330208423494	301	0.3099367765505624	
468	400	0.291920894674278	144	0.7458953688433944	408	0.7533660757307578	
469	263	0.5755727991794379	401	0.5832967462380669	125	0.6563368602484325	
470	423	0.7042389554596197	57	0.8454925042734742	262	0.8876225495206883	
471	122	0.3243387620319036	272	0.36764871982503095	351	0.3884661364262531	
472	4	0.30995390828736025	463	0.5336791514677885	200	0.5598643152127433	
473	335	0.31350773146476335	198	0.33344694642766765	452	0.3522097567937932	
474	132	0.23223084179170791	172	0.32447598277734413	150	0.5980704179409821	
475	0	0.13508774655714037	372	0.241907921381968	180	0.2800916257977068	
476	453	0.1753459236566456	463	0.2318594188771376	200	0.2850484944545701	
477	440	0.3506867451640922	346	0.4424535066737459	284	0.4869162637079938	
478	2	0.3967417010480144	19	0.4388240189162634	269	0.4640597577166937	
479	266	0.09086328654226596	482	0.2404864583490679	352	0.30033367730558563	
480	85	0.40169946525000844	295	0.41293687224182263	444	0.46216043621302766	
481	80	0.5209422044198054	237	0.6758910166476885	239	0.7075282818500078	
482	266	0.20169829651923546	479	0.2404864583490679	359	0.4039176442785121	
483	458	0.22608233671886133	33	0.34246051393353105	29	0.4325853758857834	
484	129	0.46803546029448795	270	0.5358146997008549	492	0.5711265178938083	
485	359	0.32762052046934803	16	0.3442519203125841	375	0.4303292778518231	
486	240	0.5792161081488749	48	0.6168531932000118	94	0.7047449160476904	
487	199	0.26535756864453647	371	0.6205014973171955	249	0.6948856052453704	
488	382	0.24323789463498727	415	0.2534651642290127	67	0.6024545446813406	
489	113	0.21194041074730535	110	0.378442237603775	395	0.419875664653954	
490	302	0.17382116417386625	438	0.284179201512916	466	0.32770829648852695	
491	35	0.3883025680232044	180	0.4440128761896192	418	0.4544778947291277	
492	295	0.5045887455709155	484	0.5711265178938083	169	0.5815326638833128	
493	215	0.3025483181735898	236	0.4326140348715394	357	0.4835516683755105	
494	239	0.2661866777630427	390	0.3681251725001854	294	0.46166270212308985	
495	430	0.40539604309699956	319	0.4624016434016398	39	0.5602617253287568	
496	59	0.5801080259990111	385	0.704213222557876	134	0.7269155223056332	
497	374	0.7376449301704847	400	1.131817692530671	408	1.1384513896213049	
498	271	0.5310595552350128	135	0.5515048368502337	171	0.5564638106059144	
499	207	0.27080999011101714	473	0.4686157409737512	264	0.5665810339810741	
