1.5984474278506660	1.8346822591603837	-1.3199867239147416	4
1.8228374082538810	-0.2687326797153357	0.5356262513573999	0
-0.3066158777157086	-1.5387572177321478	2.6080882244141614	2
-0.5130105780696531	-1.1780453937324300	1.1211686662576470	2
0.3002808584794246	0.9510267040574321	1.8281808866325555	3
-1.0140123936394816	-0.7328686644702781	3.4481624957192261	2
0.8101973636958533	2.0112729006506367	-1.2564474482939250	4
0.4312742833475700	-1.3465656722993304	4.3674010031196122	2
-1.3097558021376461	-3.8220547586101734	-0.1501724076538258	1
0.5933693097330326	0.0144892354837620	0.8046181816816689	2
-1.6423667604526329	-1.9359643888357834	-0.4516734378587922	1
0.3073208134763227	1.8477858092258197	1.0652800330692509	3
3.1472399278092191	0.1051623236293359	-0.6011473310907748	0
1.8636939183421322	0.5312086300243947	-1.1621304914826884	0
2.2140162258137601	0.3168564688596384	-1.0143414133609594	4
-1.4714105680486513	-3.5760894494736357	-1.8629496605301563	1
-1.8223368018120270	-1.7039055793890436	0.6448893677064740	1
2.1084602505296002	2.6164480735140021	-2.6283175349550776	4
-0.1170195198209333	0.9413347717411344	-0.2745047307034272	3
-0.0872323342324794	-0.8531261841331161	2.8708661764070378	2
-0.8862076832837624	-1.9440833368941672	-1.1475484668121059	1
1.8197394859063682	2.8948802000644926	-1.1526395027275318	4
-1.5609350619728684	-1.2906780090944174	1.4432967023272596	2
-0.3621309213626885	-1.3226168189365191	2.0262388262472992	2
0.9195231463495103	0.0068799326008495	2.4885007401603740	2
-0.3919611984636544	-1.1598770521199437	2.1733548678457106	2
1.7468165639056936	2.8303343646792301	-1.2192435792212188	4
0.1637124746962447	-0.0476350632733252	1.7626068384062883	2
-1.9129271482666992	1.7651538407121621	0.4445837469756722	3
-0.2911244247658363	1.1663551165559238	1.3198114105329717	3
0.3206482477162069	2.0782385800238732	0.5528116423311313	3
2.2291541501424046	3.4076499362685628	-1.2933044528011428	4
1.8812905604273604	0.6084252605829893	-1.0577136264169864	0
-0.1681353257376898	1.3725800133664450	0.9988895514543126	3
0.6253916183053143	0.9182854179522030	0.0963034158215289	0
1.9671245333185250	2.5429834314721900	-1.5031476119567904	4
0.6524182447665059	-0.4120697161028929	2.2277748562254436	2
2.8949536005524239	1.5427860705487531	-3.1353182507694561	0
1.3004830558297376	0.5635126603389395	-0.3186203641193054	0
-1.0680562926350432	1.5777740705371395	0.1697672315302517	3
-1.0004485037692774	-1.7485274155014969	-0.0635028626317370	1
2.1860251771969756	2.3651119923558315	-1.4253680398283886	4
1.4209244190488217	2.8927475922301342	-1.1451317155756131	4
1.9981103293668492	3.2794089215756106	-0.7104893432545806	4
-1.5989791667222044	-0.6353457508801896	0.1647773334567376	3
1.5659072029066179	2.2177285204275892	-2.4320452466934830	4
1.6496938593801509	1.0152512562776828	-1.0977683781625225	0
2.2827826488134595	0.3117142773722988	-1.2340510630345052	0
-0.3657407053342047	0.9228856810893076	2.1764893984824143	3
1.1314666244351219	1.6636088026328371	0.3537191341338087	3
1.0556966949693183	0.3647995191596342	-0.9496860322630736	0
-0.0224874499025876	0.2106198630805449	-1.6216204345813554	0
2.6160524149104187	2.1049750073759790	-1.3719719048082970	4
1.6269563269339482	1.4619009687441122	-1.0522170857331195	4
-0.1847400025772769	-1.5765477863784711	-0.2043589104805370	1
-0.2998142493068536	-0.8361619068963944	3.4141571020149675	2
1.8317222794140400	3.2150509746125930	-1.6646694062996090	4
1.0680915461173073	-0.0697499135930449	-0.5886502284179397	0
1.2828460387219864	2.1973960314762517	0.4725277945107599	3
-1.3303745083548426	-2.5681575770602976	-0.7946000055246583	1
1.6706377364722216	0.2643335024217537	0.5110436634255708	0
1.7296186072907278	3.2997970380566253	-0.8565768084227764	4
0.4764686650691758	2.9000895103749302	-1.5936264803297666	4
-1.3684092276241191	-1.8443154788826237	0.0504436041077949	1
1.8530027618649436	-0.5313758168519895	-1.0766610117379414	0
-1.6361017587222664	-0.2770584403846916	0.8214965985653536	3
-0.7837032218846802	-3.2273097757224698	0.1094643283839891	1
2.0735410638329812	2.3357322447108135	-2.1434595239183416	4
0.5833314302554909	0.1648081304344928	1.1535474200756080	2
-1.8851877057795083	-2.3161437128208591	1.3683341848768533	1
1.4512941435259386	0.9081689192584554	0.2607669794030030	0
-0.4087657190408003	-0.4241762426371380	1.1152803381836378	2
0.1833469603244194	3.0633749475247551	-1.4932366444280483	4
2.4796810334276214	1.4920575854879332	-1.7201892636673113	4
-2.8392218940223937	-2.2975198078191150	-0.3610470880533137	1
0.8702560752747187	2.4853743248585904	-0.2984828021942492	4
0.9874236674661017	2.5764540016474262	-1.7412775241388354	4
-0.0138232889100197	0.4337355991344964	1.8934993138885798	3
-1.0541962988619393	-0.6028984434747355	1.5929251022823248	2
1.1099212068725421	4.0170566154478520	-1.9471532758035883	4
0.3760639168525516	-0.6086936329791535	0.2108802477040734	2
1.3289354243701386	-0.0292464108180474	-0.1376318476764606	0
1.9811695113075478	0.7795888755298876	-0.2681722014002537	0
-0.5638379052301847	-2.8885703438087664	0.4639338344610249	1
0.4420620082860918	-0.3623333259593589	0.9599152546464288	3
-1.9420893700990343	-2.3970778801722812	0.3593591863961229	1
-0.6013958193865339	0.2504084876316620	3.3403981829700267	2
1.4231185211174560	0.6339784580212122	-1.5269952520370991	0
2.7986054697908846	-0.0931121350612905	-0.6579488894885563	0
2.1901349264791889	-0.1630675930845131	-1.4097423256176556	0
-0.1230638598594977	-1.7458770044516034	1.7658843478931026	2
-0.0730755595979211	2.1875979471017164	1.0929011773787569	3
1.9241126449971566	2.2423211328491357	-0.9972441898459609	4
1.8081341873646122	0.3057921660321526	-1.3824334039115145	0
-0.5378293203041258	0.7561391521890213	2.2460660289923959	3
1.5503923279090219	2.1414787399063604	-0.5348596327734361	4
-1.4127056965153373	-2.8148285345296307	0.9207794959376382	1
-1.3417193106036580	-2.4163298982438697	0.5340842518842107	1
0.6292125777976812	2.9748520121569193	-0.4653873952700516	4
0.6982106427196348	1.4458981859757891	-1.5549893254292204	0
-0.2356018793069697	-0.8168063256279396	1.3101635683163877	2
2.3816701399169120	1.1590674561086813	0.6872814009854737	0
1.0518214269855310	1.2412824635056916	-0.8683167939330486	0
-1.5722420135338711	0.4129059136984274	1.0295325718068722	3
-1.2608902815990297	-4.2234428297065643	0.4817758176914918	1
-0.7244602994924918	-0.1567389062143613	1.0816189316485114	2
-0.9590135809330365	-0.5381454324840024	1.5980539900767532	2
-0.4863282244000148	1.9293542839849771	0.0546898268862960	3
2.4533179880530014	-0.2468140080602746	-0.5049536104735683	0
0.4065263610174809	0.6717992377114814	-1.2496270757729282	0
2.5574172760217060	0.4190179399730158	-0.4990316628343111	0
-0.7541713747329107	1.9871252276908271	2.3934303330402997	3
2.2259183036399857	2.7789089206564928	-1.4200852534599306	4
2.8688130865503538	0.2914930865471399	-0.7181454870236090	0
-0.7057616508441135	2.0230134811271188	2.2461610500567755	3
-0.6008671323856610	1.1755713830306744	-0.2532871607346059	3
-0.0116848099140578	-2.1013977319836408	2.0512206218223898	2
-0.2655846359892920	0.1945475819906264	2.6777657004585844	3
0.4242844395185085	-0.3252524982528096	2.7249572403622744	2
0.6230169027442780	0.7688073012498176	-0.7162244751770832	0
0.4357577837420729	-4.5657850031196539	-1.8027919471089242	1
1.0146521490028007	1.6726032208153785	-1.2092735829603827	4
-0.8249821234377545	0.4918181044436820	1.5601563888968148	2
-0.1776985622415726	1.2121513622619331	0.2631681901214963	3
-1.9822097463780601	-1.3001370509375125	-0.0705427477592657	1
-0.8092987282609104	-3.4600079100909875	-0.5189676794709311	1
2.7680531820520007	0.3336197097436772	1.9692339404615709	3
1.9298757092583987	0.7132836135628636	0.3209201785726733	0
1.6510775534627327	3.9580799397110744	-1.4710513043501308	4
-0.9592198145263153	-2.8292218429125735	1.1117706521292765	1
-1.7191472553097489	0.8627889544402624	1.9404638317075076	3
1.7176578913046963	0.3811226577900111	-0.0575414534079978	0
0.1860097475778813	2.0251029075730465	0.0202361344036761	3
1.7319310433260702	-1.4959745260379611	-0.6208615428189287	0
-1.7019283292717176	-2.9855814408612575	-0.5296886069646856	1
0.2429770240797951	-0.6115633538866773	1.7208922428873281	2
0.3938446518686755	2.6893192649545621	0.0949480058872338	3
0.5307078040520957	-1.6760562138488457	0.6009032479639940	2
2.7957036319579549	0.4751724939829531	-1.8075372083602370	0
1.4462165535027864	3.8771590392250950	-1.1989383958755093	4
-0.8197478221924821	-3.3457785944557088	-0.1055911192696793	1
-1.7019481468855677	-0.0281605440859549	0.6391262186210274	2
1.7944716404953933	-0.0717934444801599	0.9724640703901420	2
1.2751851558678191	1.3118026158909482	-0.3136564585826878	0
2.9743934624018671	3.6613443620668322	-1.0234622624210026	4
0.3818837010175802	0.9563538849326646	-0.1556816498961283	0
2.6860275059331395	-0.3926795415620563	0.0127989908137431	0
-0.5710693302074894	2.4308126347396852	0.2352436414993833	3
-1.5931989431353886	1.1764707325310833	2.1479094485332015	3
-0.2876057237946664	0.1996620964953494	1.9535978517524017	2
-0.0692710215993671	1.3172265871668740	0.0655461591360682	3
-1.9571942234115318	-1.6810182833170488	0.2539704492038150	1
-0.6937431210756724	0.2845224999842449	0.9711115635699281	2
0.3903810415415636	0.4075347107313334	0.8214713132353073	2
-0.3406423957761618	2.1515712641266918	0.5832919689911752	3
-1.5595401261925657	-4.0693727019891011	0.6320251164832454	1
1.2594739531382340	2.6913119751585848	-1.3409437874504673	4
0.4640643311962653	2.5338173942389508	0.9885941354720794	3
-0.6656458090510475	1.5922609448447380	0.5831252732761695	3
1.9372891083665962	3.4820690573849182	-1.5332223449103513	4
1.0399877409306160	1.1288389424278762	-0.6752970290118699	0
-0.1026625354833352	0.4612650603294274	0.9405810506675610	3
-1.4839193592658222	-3.1044719049802745	-0.4319848005363491	1
0.5059960617157429	1.6612357535502777	-1.8506876637429626	4
1.2892962951514773	0.9523149931706291	-1.3609675225194011	0
0.0117567259750638	0.1444806032089833	1.3430285672684126	3
0.9145895178265019	3.1342361301813879	-1.7556028729688309	4
-0.7805961987951894	-1.2995907520751615	0.3213135952655274	1
-0.4278667547183680	-3.2206259387852323	-0.4126885080311177	1
-1.9642755338382145	-3.2279786473229515	1.1355923464837283	1
1.4508497171938455	-0.4491346828501409	2.6133847297911057	2
-0.3341393710502943	0.0436906283256053	2.1044713439208902	2
0.5369140450286926	1.5336077023078343	-0.3635372677478915	3
0.4997014624682987	-0.4940976774558929	2.5422479328393681	2
-0.7894355279707699	-3.7222422966383761	0.9615184559374009	1
1.7302566492196889	0.4557019396976185	-1.1746659241267561	0
-1.1562147117620429	-1.6129122979556640	2.5948977884337139	2
1.7328895742667394	2.7685376646483491	-2.1769950380210914	4
1.8671553191784127	-0.0786077412286300	-0.7488032014060685	0
-2.0458734522723638	-1.1631160821232074	1.4152444674690710	2
1.3515586770792358	1.9272408068354732	-1.0763888535025306	4
1.6347120962085393	3.6234444524838416	-1.8915994063758277	4
-1.0785634229228012	0.3559782139757663	2.0981376537509799	2
-0.0829719222550279	0.4885268323747648	0.7989253004151009	0
-1.9544454978315782	-1.9086311227126009	1.3226151777719206	1
-0.5791253412299722	0.6037773540889688	0.6607125888582470	3
-0.7415917046450076	-1.4505635047513834	2.4565124515411445	2
-0.3932144294829084	0.3829753820988370	2.0534623906663119	3
-1.2997018478332456	1.8651277249253426	0.4245826843627948	3
-1.9142229101437702	-0.6245061217576678	-0.4028887014469851	1
-2.1458876327982335	-0.6392838209989500	1.1580822366161478	2
0.8270408297498598	0.8841613692518194	1.3340516506937248	3
1.4768923641324783	0.7658472465666961	-1.6629073727681947	0
0.7453159997353122	3.1611623735001699	0.5140705493596095	3
2.2749733352911257	1.3688914008376225	-0.6357955544311407	4
2.7757307458919018	-0.0706048300094347	-1.5463727875733950	0
1.8404067025519293	0.9258009958962407	-0.4475695696655973	0
-0.7964015634042430	2.4711055517047322	1.0377329935422857	3
0.1407936918534858	1.6893639335976944	0.8778185790742972	3
-0.1412443277845084	-2.2986231336529492	0.5703256025256003	1
0.3986988034510049	1.2032019064778785	1.7357936555910105	3
2.7175473852688978	0.1527400601760927	-0.0601455204973160	0
-1.6260762896971683	-0.1837784230160359	2.3289729001886057	2
2.7574614178555459	0.2680242563992560	0.0548151894640641	0
1.5796094216161258	0.6398017322113306	0.4589591866911642	0
1.4524165664102833	1.4304427729239617	-1.7403642786109863	4
-0.9738567648221642	-1.2140976613694150	1.7956750312709242	2
0.8028103010125284	1.1086152757425727	0.6418282173437765	3
1.6849941063180114	0.9936722601994523	-0.0737087890322752	0
1.0883114131478919	0.4094331343508306	0.3440032874675595	0
-0.4420809831469829	-0.7920253234277701	1.3490479944525688	2
-0.7905561017788869	1.5019558536361264	2.5472903483942577	3
0.8993090521612817	1.8140472522045916	0.8685982734506448	3
2.6590884772362484	1.4543335452671351	-1.0035588771315656	0
2.0417045552201269	1.5801022265839428	-1.0725749190670837	4
0.1694844590190000	-0.4665910424666072	0.8432772319249595	2
1.2328135358632768	2.7830926845036670	-0.7521173907540558	4
-0.2432429089751460	-1.5922073610770293	0.8398739379799032	2
1.2897526437158526	3.9164138529507566	-1.0794748194786119	4
1.5760826131799817	-0.0201074687942836	-0.5697230203749644	0
1.3758763769283062	2.9939137832010614	-0.8725037670804489	4
1.8931016088054589	2.3262323131593559	-1.8665467113159337	4
-0.9671774765915939	-1.8650510550031432	-0.0786214023315281	1
-2.0879337096275736	-3.7059064888821114	-1.0255144067136643	1
-1.7129148923971711	1.6746154037624190	1.3317308530639631	3
-1.5960218715119048	-2.0539461397778349	0.4184053649318870	1
2.2041715676570082	0.5489809679313709	-1.4290459703556118	0
0.1357649616799067	3.5964215498051448	-1.5173424557855104	4
0.9631251206537724	0.8746997968165849	-0.8959903131747305	0
2.7796941506252084	0.1878514100832720	-1.1843305800516115	0
0.3502001058353977	0.6399677672307988	1.2537082317989683	3
1.6087497087415916	1.3117716501772714	-1.7924938234517107	0
-0.7570529249639052	-1.2629927097107929	1.8894971301825820	2
1.9363480465128207	1.5509428434892403	-1.2975500711775347	4
-0.6266642044269688	-2.4768643753809583	0.0370886170835324	1
1.0401805768922192	1.4681750249928540	1.9882740899449152	3
0.0225927552159372	-0.3266949649298518	0.6423739503528318	2
1.1072382798163214	-0.6883537196964766	1.5945942613782960	2
-0.9181753134548331	-1.6377602232561814	-0.4260209272232944	1
0.5828364691771706	-0.7264326782258059	1.4842595377907895	2
-0.5288447253389255	0.7241618467600768	2.5517813457609648	3
-2.2154346591664091	-3.2335561929282584	-0.2007077001297772	1
-0.8125476506174865	1.2492689572601678	3.2509145774657497	3
2.8465726175084591	0.7953049629418352	-1.0991984638087309	0
-0.1439786858922232	-1.6496276066744342	2.2362851759702216	2
0.2381963511600300	-1.6811707558393518	1.5957558278675035	2
0.2706410156656665	1.3196000476941498	-0.5153368211288086	0
-0.7288489743864429	-2.5138226798938224	-0.4369645145739712	1
0.3438921528608956	-3.0547616490271965	0.3761686403118955	1
-0.6405868566800845	-2.7546835181254954	1.1132136829828014	1
1.3590182247296907	1.5420823048230028	-2.0380773871559339	4
3.3725893984148247	0.9086539891233141	-0.7254881176090563	0
1.6347159779543974	-0.4557104112523439	-0.4018208010505496	0
-0.4800077958866374	-2.3688865554696044	-0.5737566689450654	1
-1.6500493628735255	0.0529202211370439	2.1541292178351439	3
2.8685655871743050	0.7679648537789799	-1.3242448645507015	0
3.2643436686714713	1.2369863523550377	-0.7535906142643155	0
1.3048502220043918	3.1459775254464661	-1.4599849607745519	4
0.8061935497626842	1.7385251206759793	-2.2366531136902497	4
2.3108273997023581	2.8064334560501765	-1.5837791674203778	4
0.5596499114934378	1.1253639521877934	-0.2148505714912076	0
0.0665567403042382	-0.7554411184876146	1.7023847528244354	2
0.7001715153458111	-0.1957043553265929	-0.2242430469075858	0
-1.0782047170969153	-3.5638585994608007	-0.7970577711087370	1
0.2957905201926386	1.2790447485014802	1.2079699323006201	3
-2.1089276487580078	-1.4413835466544012	0.9180066605065319	1
-1.5345260993227725	-2.0663747841110531	0.4297896753079168	1
-0.0282256270443260	2.0557372673151639	-1.4424341510777225	4
-0.8395668836054827	-0.5533794010564317	1.4507263245079132	2
-0.5138614061119617	-1.3360611300077561	2.7088314031425798	2
-1.3694186877071002	-3.0567892407122979	1.3960211782764511	1
-0.7998944723995691	-0.0425202616265281	2.1854116065722335	2
-0.5045838713593509	0.2301938752037649	1.7515622732087741	3
0.9116880724093477	-0.5551796960104070	-0.2347493558960442	2
2.1900947783092586	3.2941406996963902	-1.2210972812892327	4
0.6163287779068715	1.0411637203166459	-0.6439647158248560	0
2.3808719897614470	-0.8573053651549765	-0.4325245485841596	0
-1.4070084413248409	-0.4391752327038891	1.2352698412846790	2
3.4225983172282377	-0.4232046285216903	0.3715525429124225	0
-1.0183306669064078	-2.3837775727425523	0.1430290256987515	1
-1.5223764357975931	-2.2788747550563873	0.7261447169012984	1
-0.5147518290395738	-1.2736947083658421	1.3218053226202495	2
-0.6688903260243791	-0.7841843203021966	2.0038608931970296	2
-1.1701152773795314	-2.7962595983442764	0.0775247522996033	1
-0.9605526706686426	-2.0675479842271698	0.1541594397285531	1
1.1740528313212204	1.7482619829082688	-1.8817469415936072	4
0.9104222340656709	1.3926977723235032	0.5501183674065088	3
1.0083218770640208	1.9800973442855954	-2.1621833364286909	4
-1.1988234345425444	-2.5012310162501135	1.4497818397922912	1
0.4836404817378276	-0.5025126819604985	1.8598284115214019	2
0.5273260218889975	0.9322064754572092	1.3821736441761288	3
-0.9896221425115324	0.3825984473948779	2.6635339774594224	2
-0.6656303615451854	-3.0069836845130071	0.1916597100182765	1
-1.4267069706389524	-0.0989945702141384	1.9991379132772944	2
0.4181646042284614	-0.4538834588680278	2.0503004126838564	2
-1.9439274985466639	-2.9788402511593999	0.8390834955570667	1
-1.7632427562270065	-2.1444401872557162	0.0452857879135353	1
-2.3805562629458143	-2.4572813971243219	-1.2012067236013833	1
-0.7100854888420017	0.5908192954489155	1.0259341647381883	3
-2.8057483490932924	-2.3388598881346994	-0.7425952223233117	1
-1.0182833213122509	-1.5358681334737065	2.0969867625040726	2
2.4744157401610662	1.6608513625897605	-1.7270231085600405	0
-1.3575609862512525	-2.9393466234857049	0.2831600774470635	1
0.6851348571379097	3.0264147564886441	-0.3656008947842029	4
-0.3880267415482203	-0.5526144000754044	0.8046459890948808	2
1.0702993843621100	-0.1519020930468625	0.3842236412944955	3
-1.2229418957098317	2.4520984445142173	0.9398177510809722	3
2.1088102374425168	-1.2977560610809484	-2.4408804308308549	0
-1.4916458165356978	-1.8821277806010686	-0.0136619764523702	1
-2.2591192276378251	-3.0390524022734318	0.2882659526602382	1
-1.6874900242604460	-2.0990880019390676	2.5150643800179835	2
-2.4115319232371597	-2.7624761548553871	-0.2910617111296155	1
-0.2341403431842254	1.6917586632398980	0.4086484898346430	3
2.3994005230669524	1.7528256512828726	-1.5619104784137210	0
0.4337815892987522	2.0083833845203451	-0.1410402164342830	4
1.1354971749292404	2.8064629579613500	-0.5336098442278671	4
-0.2661836171342563	-1.3040999298482085	2.4455572859788708	2
0.1329835519634516	0.5124006375530957	1.5147636274557790	2
2.7246038306578133	1.3088705351190866	-0.7692179072002139	0
-0.9168790392172407	1.4800372690720025	0.8462548751792343	3
-0.3463837794219603	0.7915816945945393	1.7843504951492739	3
1.9209042569377059	2.2954029131260212	-3.6318223902355511	4
-0.3510537605906909	-1.3021087492172061	1.7921668995561282	2
2.2039348772786105	1.0966252620237160	0.3894560858718643	0
0.6427368135434784	2.8187914098843585	-1.5629559641290474	4
2.0105866972807060	1.0516237260364258	0.0863135084275110	0
1.8264340241628612	0.8554154111366351	-1.2920097422888830	0
-1.4707432334140877	-1.2288366871224428	0.8097382167845091	2
0.6129810189839161	-0.1222831349546252	0.9706977615609096	2
1.0167427265099596	2.7218939390915189	-1.1479642966222148	4
1.1959342968458082	2.1103780297046715	-0.3749549024426090	4
0.6988620308041996	-0.9744435231294138	0.6140015687220236	2
1.2590862543558567	1.4419435317015612	-1.5580266996932206	4
1.6664505390786339	3.7674869557935331	-1.1677480482417690	4
1.0377097061596121	1.5938941423981230	-3.0267903972781749	4
0.1948207886049933	1.5189586629373073	1.1419927497928759	3
0.8463624725860690	1.0873945684611024	-3.3464543773471460	4
-0.2348986046480009	-0.5156386581659570	0.2326080612612249	3
-0.0005103423502562	-1.7280892032923048	2.6797784624317647	2
2.2574700523668132	1.4633495512672496	-0.7976086690176806	0
2.1012157342579005	1.4843835590803138	-1.5053136761322947	0
0.1403416707393943	-0.0288544160818184	1.4960437942337723	2
1.1052403933103878	1.0415751050648299	2.0526803596999850	3
0.1363147155089480	0.9381939875385722	0.7734670788329939	3
0.1921915883693187	-1.2861432075073620	1.9868701332829728	2
1.4777618263351899	0.6438059807677982	-0.0308645299485372	0
-0.4309032101628734	-1.7998782770766548	-0.2174716995794834	1
-1.1878730959793962	-1.6703273551591815	-0.0382688383331895	2
-1.5283477797037142	-2.2346224210358474	-0.3420996156618474	1
2.1155640332039600	1.8796014185500505	-0.8258691988845733	0
0.5020503955286273	2.4106460328105590	-0.7432288340454630	4
-0.7259308138946577	-0.0672581175484376	1.4545305684327177	2
-1.4869176855426662	-2.2625548275256206	0.2323831620435131	1
-0.2136033706673431	-1.3129191405364520	0.9735920747674308	2
2.1944343572778564	0.4258555794615884	0.7787152066000017	0
-1.6952854284771239	-2.9352449070863615	1.1860499461210199	1
1.9553028405967217	0.7303702546669402	-0.4213502769699392	0
0.1509818802508272	-0.6032789484412490	0.2940178481888756	2
2.0349131109514786	2.2963401460322115	-1.4640481179745950	0
-1.6910562391607193	-1.6239995345440876	0.6011116883807277	1
0.0726667541250365	1.0749661017033005	1.1200458643570252	3
2.8228356345117778	0.6686318288986535	-0.3852924592340897	0
2.3054040705262238	2.4160166747323792	-2.2482194352478349	4
-0.2614227526930217	2.3261717112622988	1.2486493466226085	3
-0.9719227645013886	-2.5972381869000758	-0.1043198445786754	1
1.6994807675260553	1.6950363200587542	-1.7462440309774920	4
0.4146918553586665	-0.8566143975720334	1.2619994405368671	3
-1.3529435887394703	-1.7665316181071944	0.1460632373143356	1
-1.0770773986558559	0.9151696860282178	1.6022561117637508	3
0.8566287799696287	2.0952454055769723	-1.2630273130961527	4
1.0736784971644600	2.5231163233257075	-0.4937607011960424	4
0.2594839597205842	-2.3546489514653146	0.2428252870387256	1
1.6641652695767357	1.9544150121589308	-1.4772438268315589	0
0.1436970343708447	-0.1731684652621178	1.6932703868881356	2
2.6756661046665240	3.1972595902831289	-2.9583856680309029	4
-1.5436885041673416	-1.9052638015199963	1.0440095471689894	1
-0.3494155758639313	1.5107262287596455	0.8339511383435994	3
-1.1101780099190219	-0.0039496838537506	1.2893158813483383	2
-0.1096159977591202	0.0663003930105367	2.0286650182512886	3
0.7295905427344936	0.2147901664532705	1.7030738784401871	3
2.1557049390552265	3.2591359211520183	-1.1795655236797060	4
0.9523185578211372	2.5149439372079376	-1.3697598452332307	0
1.9758429197409022	1.7066628156809647	-2.6181658163693293	4
2.4825849078925022	0.0482047000024913	-0.1645727911242916	0
0.4835001492718523	2.7270979035390401	0.8269855301464264	3
-1.2726563334966801	-2.9960520615110622	-0.6685149499219512	1
-1.0661392612306466	0.1034578714774991	0.2284336558804537	2
1.3986161749463952	2.7158680424984802	-1.6297524635782545	4
-0.9575826946177044	0.4722449703476127	1.7956036232752193	3
0.4526922137545846	1.4277350189460227	1.4344552279961835	3
0.4337163547774361	-0.9121548537949018	1.2649817855727321	2
0.8770866064185250	-0.7236901774277260	2.9236284609623047	2
-0.8444933873401002	2.6714021647575708	1.0241102620090494	3
2.8833464304545613	1.5842430031252654	-2.5673812022455573	4
0.3785762794818944	-1.6536840372708561	1.1878805801826022	2
2.3478481449358268	0.5901783054822749	-1.1204812669907454	0
-1.0211263710247236	-1.1633129903517139	2.5727457334141111	2
1.5875413824916453	3.1561299336782347	-1.3079161861333615	4
-0.4043600193920658	2.2456379382647693	1.7808691397033980	3
0.8969193789272782	1.6926237577758352	0.3216556243625908	4
2.7076488344946092	3.6521397647855034	-1.8988924391846556	4
-0.5392806960863818	-3.2968177151222391	-0.5600474333696881	1
-0.4288085922684896	-1.0697857086720004	1.7094600211738440	2
1.1661773266522855	2.8333107877445349	-2.6507247409015671	4
-0.4330859980119718	-0.7550802620266519	0.3507712782134205	2
1.1541356589356802	1.9232993964260754	-0.8935786079966430	4
0.0327338581126950	0.0825113598289174	1.1438667513603205	2
1.1626585451406135	2.3602194182407894	-1.3281150455581610	4
2.6787631925622968	3.7340425280830871	-1.7452302037748422	4
0.0228130307379436	2.2401618298705133	1.5585281397139188	3
-1.5345906125536435	-2.8641249171088052	1.3797851890757866	1
-2.2065978977209397	-2.0019717087627171	0.3143179519251068	1
2.9465522252119078	-0.1458440054938568	-0.3488720040451984	0
1.6978958220715810	2.5141780421305802	-2.2952488860751750	4
-1.4809301845855978	-3.3019756173702195	1.4471492524901572	1
2.2398851896467731	2.3757676354592885	-2.6951952445183136	4
-1.9859450048046641	-2.4233053697571361	0.1301743655621517	1
0.9837803260081806	0.7051697832145001	-0.6627476733309521	3
2.1519297101482526	2.5681350693035743	-1.6765159604261635	4
0.6498125792029881	4.2893038252869777	-2.1596857305346697	4
1.8119326151550730	1.6515478843949682	-1.2195947126813305	0
1.0841466094935512	-0.1344227699570976	1.3213148536260744	3
-0.8249924048928476	-1.7267740236682112	-0.0631373755265377	1
1.1052558982326683	-0.5281167357736032	-0.7326074062164160	0
2.0186572761456962	1.1905467067383539	-2.6944104824360089	4
-1.6633402160818207	1.0822097702153801	1.2244156369907246	3
0.5477791083778349	-1.2833398102179272	2.0897421959534865	2
1.2749126227797114	3.5436771238058240	-0.9244163798110990	4
0.8013614326142614	1.6082737538793779	1.7296026348841718	3
-0.6493542213188804	2.0545221211984868	2.1104090591059737	3
-1.2286906979456429	1.2893992691789811	0.4311456987621066	3
-0.6233215257614331	-3.1056527756560173	-0.4436120343425058	1
0.6576035113281649	-1.1484822523108740	1.8483827045608368	2
-3.3063371335345977	-2.6759716977405703	0.5903091946369264	1
-1.0555211861180698	-2.3829168464633264	-0.2077112875453634	1
2.0447621012950647	0.7461042607193136	-1.4980344045645553	0
0.7968017394363778	0.7887232272645921	-0.8204803791522487	0
2.7301930991443291	1.8056186101580556	-0.6804465834792607	4
-1.1110373951961190	-2.7653863592917070	0.1484097536094658	1
4.0172636432312210	-0.1524272513895375	-0.5297617426329867	0
-0.2026246691027409	-1.6320455018244564	0.4078589746782307	1
-0.2260945315871058	0.3894453264187193	1.0845651322256384	3
-0.6304027385359839	-3.0178799651732469	-0.0593039679377861	1
-0.6896956911464862	0.8023851840869008	2.1601590717173860	3
-2.4898022717934047	-2.8133427417196835	0.3871902100074790	1
-2.5530558975218058	-2.8645244537282011	-0.0254486239211626	1
1.8048972382176018	0.7050816402487786	-1.2028699970053573	0
1.6990909348475212	1.4854087827521281	-1.3487701883748739	0
2.7642753250096384	1.0057670671321848	-2.2323402468403111	0
-1.3842224430849768	-2.7273534268845645	0.9683340000664631	1
-1.8144615067219818	-2.8649005738206981	-0.0366614981922498	1
3.3454713014437205	2.4160126473462600	-2.7247139342593281	4
0.3272190400151053	1.4503912141415634	1.2172214227614868	3
-0.1627593591134198	1.4491374652292563	1.5263493159215891	3
-1.0321047237493350	-2.0148828350080019	0.4672618951238602	1
0.1728608540616429	2.6531445163462224	-1.8909048327748099	4
-0.3946897885107294	0.0614951317263970	1.7851457190024238	2
2.8523973352376935	1.4812216514423810	-2.1827753497811608	4
-0.5934899553331113	1.1321798564819479	1.3849760448465867	3
2.2322397044489035	1.9632206360689759	0.0621810777056666	4
1.9731334007912071	-0.0122444873029700	-0.1047837398814111	0
-0.5558638736858331	-1.6593674472519440	-0.7623049496591846	2
0.4503868989366732	2.0837071218045429	-1.7096466918073883	4
0.1662555414410253	1.2743965167380937	1.6816044439525604	3
0.0384621830726438	-0.7634660724908409	1.5447871133747042	2
1.6538536596091546	0.1473797007121572	-0.8451306463010846	0
-1.3891560815879203	-2.9373111434651662	0.0917899649320179	1
2.7796026383750361	1.4839446221955639	-1.7810056854828531	4
2.8997461911691191	3.4937810140519487	-1.7464492682250978	4
-0.6954849251921701	-3.2822213755073815	-1.1218501388199467	1
0.6801358568224218	-0.2373307333053520	-0.7314071486917257	0
-0.8167398977267450	0.1676712353511180	1.5676734048742307	2
0.5215805473502659	1.0589381890754073	2.0164705155808686	3
0.2901464978087074	1.3912924082990528	0.8719900937325485	3
0.1006778958278459	1.8600919615347689	-0.1191232091788332	3
1.7286518743177788	1.8081177041755043	-1.2957003942510346	0
-0.0114246617911520	1.3711717325532085	1.5683653468820076	3
-0.2864813690718675	-1.8937993697923607	0.1900651278691123	1
-0.3846807759714941	-1.1569915677158811	3.0800139928147638	2
-1.5085404171688976	-2.1747858656217844	0.5685543485003770	1
-2.0530177445605062	-3.1208955398407792	0.3428747332868822	1
1.0204334716257983	-0.7869252242306910	0.9315880395719590	0
-1.5567308033629412	-2.1401498826537488	0.6161935078121480	1
-0.7460282929176159	1.1459138770071058	1.2186731428170945	3
-1.1113077979430732	-3.2474938133587758	0.9669431819022909	1
-1.6546124452645299	-1.5215434082349504	0.8838913831615639	1
-0.2919203232466923	1.2295171296392329	2.7066172773094754	2
-0.5224664304343166	-2.9318233650691288	0.6842819314360703	1
2.1855387938118951	1.7010677449483991	-2.3537252967106306	4
2.9249691485051641	0.2839384768888307	-1.0127324151349337	0
-1.2023921038793266	-2.9303877092385759	0.3609813657537869	1
1.7683375607881224	2.3431243585947543	-1.7702037387806926	4
-1.6675238455660073	-3.2897527538407445	0.3114654980624559	1
-0.0316103242749523	-0.7676169915253908	0.5421829150264199	2
0.8686332756489084	-0.8350146330285755	0.9856377216911315	2
-1.2669306512290861	1.2927370099001541	0.6091942043318663	3
-1.6476790760873430	-2.7886278411064191	-1.2273077542373361	1
2.8519605998901096	4.2910129113258932	-2.8914811725655687	4
-0.6287888323088811	-0.4032000397538280	1.8631588176015534	2
0.7400095656831502	1.2609403485428672	0.8567495764089089	3
G3
0	475	0.13508774655714037	372	0.20828961395022624	420	0.29865143619043044	
1	142	0.48001766560495157	60	0.5549131447876177	460	0.7060453491796662	
2	316	0.28829692402352936	269	0.3068967270586679	338	0.36699685252675174	
3	281	0.22227660970319563	353	0.36002007413097875	210	0.45384082047836727	
4	200	0.2860311610082824	472	0.30995390828736025	463	0.3794937086554816	
5	55	0.7224298236507484	478	0.8434879028444225	396	0.9755446858460824	
6	369	0.09617979320838481	121	0.3984021647093969	407	0.5011275297380494	
7	55	1.3052495475231911	478	1.5359317414060594	391	1.6343811253807485	
8	140	0.6847877745883182	125	0.7194061132841391	263	0.7339903507780061	
9	328	0.21604103153785786	68	0.38006334026026356	84	0.4347485746441637	
10	348	0.33793989211024567	308	0.4663359557709652	296	0.5523057459066545	
11	198	0.29659833048657314	335	0.3559050275556888	452	0.42591617663946113	
12	113	0.35486508370732117	88	0.40507426889795817	412	0.4085615888328709	
13	32	0.13105316309668813	175	0.15383075812896774	446	0.18801218202123668	
14	47	0.2302772095217811	395	0.3223064961790547	13	0.43647930044885064	
15	496	1.0272326925356494	223	1.0479747383204512	469	1.1124960895292986	
16	359	0.1598000229660681	485	0.3442519203125841	151	0.41415933325864124	
17	415	0.2822626718512138	362	0.4726882474247455	413	0.5384765863999195	
18	150	0.5091259015873243	145	0.5130778908281279	115	0.5379827948256113	
19	478	0.4738697668568747	55	0.5836470570188578	316	0.6452042570021769	
20	461	0.5818958135807378	238	0.7845111660854219	253	0.8213970722695438	
21	26	0.11798313618596011	397	0.3824633720399377	42	0.3988914293848428	
22	179	0.5022192902302869	485	0.6123794540736686	327	0.6429271106783735	
23	25	0.22139829906984207	322	0.2352295714388347	402	0.41075332434294143	
24	36	0.5611076751857048	118	0.6414709696129163	173	0.6558334946889297	
25	23	0.22139829906984207	316	0.3327377268402775	322	0.408910187328755	
26	21	0.11798313618596011	42	0.3399906901457129	397	0.37332849798864615	
27	373	0.14479915875248922	341	0.26824385119707794	378	0.39809131755896104	
28	188	0.6216430560394076	495	0.8170592015823234	430	0.8334881603373081	
29	458	0.3111901220180049	453	0.3729629380561464	33	0.400806519631066	
30	198	0.5377738008018227	132	0.5518945524740088	11	0.5620586727181038	
31	274	0.140085177420553	380	0.20096702041145276	159	0.3850766198468182	
32	13	0.13105316309668813	446	0.1903910904709821	175	0.24456797626945626	
33	376	0.28133891666951716	29	0.400806519631066	360	0.4015451833079719	
34	145	0.3524794849417261	260	0.3795000595208305	207	0.6044006558698899	
35	418	0.2546412034994847	358	0.2587604528126147	41	0.2925840094472047	
36	294	0.29685069529942537	173	0.359088175737206	289	0.4147896449243027	
37	393	0.5695664094224409	457	0.9554785144840464	424	1.0422895364355704	
38	345	0.34738767951199834	417	0.48866242385010134	131	0.5248458383197488	
39	430	0.4210488586379509	188	0.4485116508359535	495	0.5602617253287568	
40	222	0.1221199822093908	422	0.17679984804861124	347	0.20464599479337672	
41	358	0.17047161598676688	35	0.2925840094472047	418	0.32474012481857845	
42	220	0.29426165668523613	156	0.32401377788554736	26	0.3399906901457129	
43	61	0.3063413579592436	380	0.4952570227581148	274	0.5457064415107444	
44	189	0.6494157701421104	65	0.7490180751248271	141	0.777356643428385	
45	413	0.35215984834364633	67	0.5957337787077113	177	0.6295430363732776	
46	326	0.307431766050683	446	0.3624080984104297	53	0.4495418570834926	
47	14	0.2302772095217811	395	0.30769113134815007	226	0.31701450820208144	
48	94	0.2495191451886654	443	0.34602584033958383	320	0.41399075709188055	
49	399	0.23850020263328053	286	0.4010312552497267	58	0.5674152188007754	
50	417	0.45095177414441184	436	0.513256280126854	228	0.521009615817509	
51	109	0.731517822436827	470	1.2193518533754228	119	1.2441828357285787	
52	313	0.45499876151414476	41	0.5054164850545992	301	0.585976208371817	
53	447	0.30610416799633966	420	0.31336472332214105	233	0.4047714976986008	
54	346	0.3326330982964179	477	0.5163043626223319	440	0.6149882898273143	
55	478	0.47094120231260955	19	0.5836470570188578	5	0.7224298236507484	
56	159	0.31578686142773243	397	0.4363128001624529	181	0.507045826320493	
57	470	0.4460633209285141	423	0.4818765420559089	219	0.510761721104249	
58	49	0.5674152188007754	399	0.653067260519318	212	0.6715122716055217	
59	385	0.44980275541472714	496	0.5801080259990111	348	0.59598298574609	
60	204	0.38984014467927236	127	0.5521842702581373	1	0.5549131447876177	
61	43	0.3063413579592436	220	0.46792285598685773	397	0.4945031936795338	
62	324	0.18760372838636874	72	0.3502293347651728	455	0.4914610379400017	
63	367	0.1242281338417152	308	0.14396719232784938	347	0.265960635188536	
64	178	0.5591868819793626	89	0.6002101346762455	252	0.7132907426815321	
65	141	0.31550731385678965	277	0.49997389813718185	190	0.7101962795668549	
66	140	0.2481590614684823	292	0.26313659490537694	442	0.30958782531776313	
67	362	0.26679708131552266	221	0.3306498925048788	413	0.4427101317326446	
68	328	0.3416642948764643	9	0.38006334026026356	153	0.4543353233259164	
69	184	0.4158766409253227	375	0.6250043814539937	410	0.650640336536598	
70	204	0.35744357415500144	345	0.3945088576031768	208	0.416893911674731	
71	304	0.33677910313344916	105	0.41511310185225664	210	0.4371157400259647	
72	62	0.3502293347651728	324	0.5250913517330961	227	0.5357087053043621	
73	301	0.16901409390196448	467	0.3061330208423494	313	0.3154316381461369	
74	299	0.3852381850434039	311	0.6356107840044414	445	0.7183394567775887	
75	370	0.2844970966711863	315	0.47826297907031984	330	0.50253010606457	
76	381	0.3782079355195274	387	0.44827825301635127	324	0.4575314475119648	
77	149	0.3651835984029045	378	0.4030566230740695	317	0.41374044638441293	
78	106	0.11523457690600913	268	0.2621801172016878	277	0.5283928305093398	
79	419	0.5753160321381358	181	0.6583481182259657	128	0.7231884449835135	
80	357	0.24000646371253337	493	0.5488318304776094	337	0.6183902723181955	
81	219	0.4978634699612838	57	0.5225874494529005	131	0.5708961376853162	
82	356	0.16295729541369164	196	0.27087925024137055	208	0.41396568077811857	
83	487	0.22833244757471183	292	0.3138735768752208	66	0.5373395490184002	
84	328	0.29487906822067406	215	0.3142811164548923	9	0.4347485746441637	
85	416	0.2348124357994201	296	0.4409694034852044	411	0.47760062884517357	
86	117	0.7449640250058854	291	0.7914158300987275	240	0.9228339083836189	
87	192	0.19685809139245894	164	0.38316020767066516	175	0.5002522384012692	
88	412	0.3466949865721909	113	0.3955678403185874	12	0.40507426889795817	
89	47	0.5146541020105238	64	0.6002101346762455	93	0.6053922824151071	
90	245	0.4045238583834641	116	0.469272916000388	244	0.4806020345109727	
91	363	0.28095345785956666	409	0.47829494204078865	11	0.5108195545481723	
92	349	0.4445094067784593	358	0.48280503762625676	41	0.5166873335253058	
93	175	0.267778223244638	13	0.3200513070894777	446	0.4378191169418213	
94	443	0.18050511174861344	48	0.2495191451886654	240	0.30751443204521495	
95	330	0.3900990550391454	405	0.5773221603338334	92	0.6030220080876285	
96	449	0.10355974626481314	355	0.4058568952670517	410	0.47746444100717006	
97	479	0.29556892402909657	280	0.29735187151690906	482	0.35950976751539615	
98	303	0.12547256117907865	315	0.5378970806830478	75	0.5705677148495895	
99	163	0.4132241769801321	121	0.520624408101616	332	0.5608977773722716	
100	210	0.21156492381432201	464	0.3646978212006186	71	0.47129987359185865	
101	323	0.3524042699936697	325	0.7144294817657912	127	0.7328451317548381	
102	160	0.2236966946743972	228	0.37817417936846714	436	0.5216639013041594	
103	141	0.6031421240631275	377	0.6743582879771582	425	0.7030262754345576	
104	155	0.3681089318639691	8	0.7502391500269016	174	0.8388233175214339	
105	351	0.3834997559346791	71	0.41511310185225664	152	0.4559243929095235	
106	78	0.11523457690600913	268	0.19027618963730059	498	0.44445383697290963	
107	312	0.4953151940992019	147	0.5396676871246254	154	0.591629082756239	
108	88	0.4077441185463733	383	0.45138862733214746	412	0.5271019085425999	
109	119	0.5837782570214743	436	0.5917372538158052	228	0.6899491111486092	
110	361	0.38169438691675495	113	0.401548013327103	383	0.504940668913489	
111	114	0.1591216824074533	429	0.3092410360927411	211	0.5102803878335522	
112	259	0.1864479876814379	418	0.34008327782504844	35	0.35990888764117834	
113	489	0.29998672243189145	12	0.35486508370732117	88	0.3955678403185874	
114	429	0.15034359165557315	111	0.1591216824074533	398	0.5974120472488691	
115	18	0.5379827948256113	150	0.6358579304543883	123	0.6686821839007311	
116	90	0.469272916000388	244	0.5058130138155384	245	0.6681912036771167	
117	171	0.5967612515959321	240	0.6047058803420371	187	0.6644915519842439	
118	173	0.2599598294856928	36	0.5538705494139793	391	0.6350217637454247	
119	436	0.2036347393909121	275	0.28185851564639375	417	0.3702158149005461	
120	469	1.841447093706991	401	2.026176680742	263	2.075437352721152	
121	6	0.3984021647093969	405	0.42657653384402344	180	0.44272413554915374	
122	388	0.270926962910728	471	0.3243387620319036	272	0.45578338035685334	
123	150	0.2487002243451874	312	0.5043543946392989	18	0.6050749884756436	
124	151	0.5010040963619384	189	0.7560113724661608	308	0.763283434132543	
125	401	0.3181639885557844	263	0.4005365096736854	431	0.4072266621952431	
126	354	1.324719165511409	142	1.451127498726309	101	1.5729139044136664	
127	204	0.38358939884725307	325	0.4195576062625498	323	0.4761894765846235	
128	139	0.35008806948904814	333	0.35854550530061496	218	0.5344379259500996	
129	249	0.3272384543814282	449	0.45997660986273603	484	0.46803546029448795	
130	148	0.3966017135439303	368	0.7275863548025036	425	0.7509893056362185	
131	345	0.3567412345156751	460	0.4714204921481785	82	0.5220910002635816	
132	474	0.23223084179170791	314	0.29610891465889805	30	0.5518945524740088	
133	276	0.9297814110966114	252	1.0675106762933868	64	1.0737142015732366	
134	162	0.26684993395549583	385	0.4512835403073817	450	0.5199070279205898	
135	261	0.22840195897241963	289	0.298520029234533	464	0.30969948781387113	
136	303	0.6407719126241925	75	0.6506528903264553	98	0.6714929426815618	
137	394	0.6067840666920687	331	0.7216008437909697	440	0.7595916997997748	
138	255	0.5697435563986571	195	0.6053748080710215	448	0.6804233689659374	
139	218	0.2007322633559127	333	0.24799962111333082	128	0.35008806948904814	
140	66	0.2481590614684823	442	0.38145979102472294	125	0.42899615457287504	
141	65	0.31550731385678965	103	0.6031421240631275	386	0.7682738622936529	
142	1	0.48001766560495157	60	0.5841446329314106	354	0.6672056265246523	
143	160	0.46859090044578205	208	0.5715987956636716	102	0.6020901385038746	
144	468	0.7458953688433944	408	0.7833461820636543	31	0.8322002775337329	
145	260	0.25232159975565843	34	0.3524794849417261	18	0.5130778908281279	
146	412	0.5095162605291542	383	0.5169415384599544	201	0.5511777811958234	
147	154	0.5022050910166843	107	0.5396676871246254	312	0.8305366677710897	
148	130	0.3966017135439303	368	0.7952340847241562	425	0.9309381005977143	
149	171	0.2219353280779147	187	0.2339441931922641	378	0.23473552355097746	
150	123	0.2487002243451874	18	0.5091259015873243	312	0.5340181443904458	
151	411	0.41091984029617956	16	0.41415933325864124	359	0.4411208500059845	
152	298	0.3115931923116908	105	0.4559243929095235	185	0.4597917146146163	
153	9	0.44268839004329585	68	0.4543353233259164	183	0.48076093310231705	
154	147	0.5022050910166843	312	0.5032600321428988	91	0.5767074466157293	
155	104	0.3681089318639691	492	0.8498389354240311	8	0.8575496139739787	
156	329	0.31160036710311106	387	0.3215182883439108	42	0.32401377788554736	
157	384	0.2526904185260532	30	0.6465497740240235	91	0.6475083990572819	
158	319	0.3807223092246484	376	0.4117803843014855	312	0.47596103937075257	
159	56	0.31578686142773243	31	0.3850766198468182	274	0.44345217297827394	
160	102	0.2236966946743972	228	0.345253665299079	417	0.42756556957832564	
161	183	0.14559284338162398	441	0.2027928686697075	406	0.45067907112244215	
162	134	0.26684993395549583	385	0.33516181179155374	466	0.5579093151471958	
163	99	0.4132241769801321	462	0.4488507455091853	258	0.4950368740340428	
164	87	0.38316020767066516	192	0.40141023752382915	46	0.4506896571988692	
165	406	0.20963219245532458	341	0.2645614798413576	317	0.42373815724873076	
166	324	0.45882686917266297	257	0.4897256656520034	62	0.5225044238664021	
167	422	0.5764192220838651	40	0.630842983665022	404	0.6466241323256647	
168	401	0.19983219457705526	431	0.22886166180241982	442	0.45498064544969047	
169	295	0.38781629885942415	355	0.4007426715689647	414	0.5797982268863964	
170	391	0.707697675296692	24	0.711233622135655	36	0.887446675870607	
171	149	0.2219353280779147	378	0.23805156085327728	456	0.3255030078594526	
172	246	0.37382309560279836	260	0.43507196275984567	314	0.534371771043806	
173	118	0.2599598294856928	36	0.359088175737206	294	0.5002777280825257	
174	484	0.5736003035260689	104	0.8388233175214339	487	0.8791442867584797	
175	13	0.15383075812896774	32	0.24456797626945626	446	0.26183376844838613	
176	186	0.4662830365266673	396	0.469977776860465	300	0.5223755942752722	
177	413	0.2826788864412698	67	0.5518048564276519	221	0.5636311591110538	
178	465	0.3253412032465957	219	0.34672080019848084	64	0.5591868819793626	
179	22	0.5022192902302869	265	0.5732835687371344	190	0.5920603745211003	
180	405	0.2690928625416306	0	0.3589722307847273	121	0.44272413554915374	
181	159	0.4898713798646574	56	0.507045826320493	128	0.5376889840980213	
182	388	0.3459496131727428	271	0.4940386238788607	291	0.5729678795984168	
183	161	0.14559284338162398	441	0.3345016287573091	153	0.48076093310231705	
184	69	0.4158766409253227	375	0.496340351069458	265	0.6370973901459774	
185	298	0.3882077678698758	152	0.4597917146146163	183	0.527781821922488	
186	269	0.3586596381377861	396	0.4173280047466913	300	0.4616208958582437	
187	149	0.2339441931922641	171	0.3481464059614962	272	0.3562148542016101	
188	39	0.4485116508359535	430	0.5801283576265301	495	0.6023176033283487	
189	44	0.6494157701421104	124	0.7560113724661608	141	1.2192143850731425	
190	179	0.5920603745211003	65	0.7101962795668549	277	0.769378861820548	
191	290	0.3073321078866986	230	0.5417219362467863	499	0.6142915515268308	
192	87	0.19685809139245894	164	0.40141023752382915	326	0.5174619604341864	
193	384	0.5957140999148461	136	0.7223792175166213	157	0.8353663015930772	
194	339	0.18818127204350407	318	0.47283359747772835	214	0.5383312642230921	
195	229	0.4448481725793476	138	0.6053748080710215	89	0.6083910826132838	
196	356	0.22821425999376635	82	0.27087925024137055	208	0.41052584191746094	
197	392	0.20643918122377505	306	0.4380471663113136	363	0.5930378183658179	
198	11	0.29659833048657314	335	0.31897472615723854	473	0.33344694642766765	
199	371	0.5205559617488892	477	0.5740854522927202	440	0.6888313949861171	
200	463	0.24906829031801841	4	0.2860311610082824	472	0.33866125092231925	
201	203	0.16762917625214702	383	0.27756091611045924	412	0.4742980532231246	
202	254	0.2952478105597796	293	0.39462329590187073	182	0.8027406040920726	
203	201	0.16762917625214702	383	0.41473945933630474	361	0.5987110803967917	
204	70	0.35744357415500144	127	0.38358939884725307	60	0.38984014467927236	
205	231	0.2030772666017599	332	0.2659997550696521	250	0.33139060081845634	
206	232	0.2412409935599259	300	0.44305610820583724	282	0.5667198273631311	
207	499	0.27080999011101714	286	0.31732300511403927	34	0.6044006558698899	
208	325	0.36739085912249203	345	0.40888538967131277	196	0.41052584191746094	
209	204	0.554669525728044	305	0.5630624721650018	345	0.5891758107760845	
210	100	0.21156492381432201	71	0.4371157400259647	3	0.45384082047836727	
211	111	0.5102803878335522	486	0.5901233500235508	114	0.6077581792070723	
212	286	0.5282881198380156	399	0.5602638993625358	499	0.5757117029312878	
213	318	0.2834915149411892	339	0.45143563858090874	437	0.4825542647012485	
214	233	0.25012813239733134	420	0.28198306008638996	339	0.3685001704460837	
215	236	0.28549993643219296	84	0.3142811164548923	493	0.47086465310466996	
216	315	0.240337661792373	220	0.28178962322018586	370	0.3995745837167105	
217	353	0.3110642256347551	440	0.4357451633524914	3	0.5687103433561607	
218	139	0.2007322633559127	427	0.4039752655635883	333	0.41457531038871553	
219	465	0.33158656189633134	178	0.34672080019848084	252	0.47050924560199003	
220	216	0.28178962322018586	42	0.29426165668523613	315	0.45581691893036197	
221	491	0.1585350977972702	67	0.3306498925048788	418	0.40202066583524615	
222	40	0.1221199822093908	422	0.1989394055859146	347	0.29707272698638454	
223	134	0.955882603757715	241	0.9589981217117975	496	1.0372775979088986	
224	425	0.6040849599111752	28	0.9139103341707815	495	0.9310167881569619	
225	266	0.06376365516371432	479	0.21166001384923705	482	0.21930577463013992	
226	435	0.26273251526973646	47	0.31701450820208144	395	0.3428590900683362	
227	72	0.5357087053043621	62	0.7789586478375304	324	0.9294136244098249	
228	436	0.20188409493468032	417	0.289083365245132	160	0.345253665299079	
229	489	0.24450660444881314	195	0.4448481725793476	113	0.48581099493753593	
230	317	0.36277585841914284	290	0.3650759029310231	153	0.4924107910244409	
231	205	0.2030772666017599	365	0.39656396143802586	250	0.4191898120324466	
232	206	0.2412409935599259	322	0.41933108615056697	402	0.4212916422352654	
233	420	0.17798205452755442	214	0.25012813239733134	447	0.2514143006238211	
234	364	0.39203275479731775	279	0.4162825252567767	247	0.48634762785318764	
235	428	0.3789104896575416	342	0.4363123181606557	472	0.6612229706621526	
236	215	0.28549993643219296	493	0.455399221478464	357	0.46296267806068575	
237	239	0.5372346017462294	421	0.6181054578458849	494	0.670275942236406	
238	422	0.385085682938118	40	0.38788863850032534	222	0.4180296210597192	
239	366	0.307602734122174	390	0.3237472279951007	135	0.42976091169082525	
240	94	0.30751443204521495	443	0.4305344692714338	48	0.45490452774657925	
241	311	0.5182030360298272	309	0.5280485765764746	445	0.5299889328270428	
242	211	0.747944751674137	486	0.7534603504213294	240	0.9192453986740124	
243	255	0.22776535024159245	489	0.5245169937225813	395	0.5396813901318688	
244	2	0.420690629965358	316	0.4220405628612857	23	0.4456971193194515	
245	90	0.4045238583834641	394	0.4322317221668662	344	0.5577935120107056	
246	172	0.37382309560279836	260	0.45994107110195404	275	0.46213845615869475	
247	253	0.31881108164204347	434	0.42000965851608224	364	0.4203516274813673	
248	371	0.7176788851699071	199	0.9191299066298698	83	0.9269822746936836	
249	129	0.3272384543814282	487	0.4788667956296849	83	0.6673682681523468	
250	285	0.3180589011862578	205	0.33139060081845634	231	0.4191898120324466	
251	256	0.34685591975813024	243	0.6551343971950073	361	0.6896179553213915	
252	219	0.47050924560199003	178	0.5626999708940332	81	0.5875109307082006	
253	247	0.31881108164204347	234	0.637416092691514	346	0.6731423776695719	
254	202	0.2952478105597796	293	0.3114197047215851	182	0.6492883657000094	
255	243	0.22776535024159245	138	0.5697435563986571	489	0.5783622579294226	
256	251	0.34685591975813024	318	0.5447298787061063	213	0.6899694061818447	
257	397	0.3211577117732155	42	0.4203940821521636	387	0.4718127025219976	
258	287	0.32366456037496094	163	0.4950368740340428	285	0.5112471501213328	
259	112	0.1864479876814379	418	0.3010559908865193	35	0.4404986078832512	
260	145	0.25232159975565843	34	0.3795000595208305	172	0.43507196275984567	
261	464	0.16028324925868168	135	0.22840195897241963	100	0.4989017715238357	
262	273	0.4172195549112211	470	0.50926379126599	57	0.5329373925440289	
263	125	0.4005365096736854	469	0.5755727991794379	385	0.6137906422695015	
264	452	0.17445043198951068	335	0.26852664979190183	389	0.3130854949271601	
265	485	0.46259243366300007	16	0.47502124884132907	359	0.5553265141791495	
266	225	0.06376365516371432	479	0.17799958650946054	482	0.20169829651923546	
267	462	0.5488668369552608	455	0.7736001204888018	163	0.7795480663230162	
268	106	0.19027618963730059	78	0.2621801172016878	210	0.47464239183896634	
269	2	0.3068967270586679	186	0.3586596381377861	316	0.3628761031493446	
270	410	0.2542929682323669	414	0.27416282243864804	355	0.40626355498557926	
271	171	0.4805324735096272	182	0.4940386238788607	498	0.5130437626754505	
272	456	0.20411718038263577	149	0.29804375690351237	187	0.3562148542016101	
273	262	0.4172195549112211	423	0.5348490864529434	57	0.6207656142357136	
274	380	0.06428749843472802	31	0.140085177420553	159	0.44345217297827394	
275	119	0.28185851564639375	436	0.3570076634688731	160	0.43376903459359245	
276	108	0.6190267270174774	146	0.7122570461155768	252	0.8479209993085837	
277	65	0.49997389813718185	78	0.5283928305093398	377	0.529575828212572	
278	146	0.8198612395577877	412	0.9069511148840941	201	1.0075576008584515	
279	284	0.32165717094188057	364	0.3300008951952408	434	0.35270758838383476	
280	482	0.18031661369410595	479	0.18936910130208864	97	0.29735187151690906	
281	3	0.22227660970319563	402	0.44636452078263567	353	0.46204049177457	
282	498	0.40811055597723433	402	0.47526757239475687	25	0.4965510828448907	
283	438	0.09730383581120255	466	0.2609174363293802	302	0.31288284946086053	
284	222	0.30860300521686057	279	0.32165717094188057	454	0.32546345696085405	
285	250	0.3180589011862578	287	0.3998236555433614	205	0.44551596676195615	
286	207	0.31732300511403927	499	0.3747308295307909	399	0.3772706572284574	
287	258	0.32366456037496094	285	0.3998236555433614	250	0.5746715494144017	
288	410	0.4993306642111052	129	0.5284311119578097	449	0.5632904750981672	
289	294	0.20719911945041875	135	0.298520029234533	36	0.4147896449243027	
290	191	0.3073321078866986	230	0.3650759029310231	264	0.45194292717700774	
291	182	0.5729678795984168	240	0.5843543742060121	271	0.6673256379826324	
292	442	0.2536581991742814	66	0.26313659490537694	83	0.3138735768752208	
293	254	0.3114197047215851	202	0.39462329590187073	182	0.5813820712610244	
294	289	0.20719911945041875	36	0.29685069529942537	135	0.40504737977196703	
295	169	0.38781629885942415	355	0.4290794225434969	480	0.5275448062216319	
296	352	0.3539944072172998	416	0.36683532020281273	308	0.3821616611571285	
297	299	0.6365033173663357	496	0.8047239904199618	311	0.9604515997197584	
298	152	0.3115931923116908	185	0.3882077678698758	441	0.5274811015154944	
299	74	0.3852381850434039	297	0.6365033173663357	311	0.7339889941791119	
300	232	0.4309921859976243	206	0.44305610820583724	186	0.4616208958582437	
301	73	0.16901409390196448	313	0.20334387920494743	467	0.35686013541665174	
302	490	0.17382116417386625	466	0.1939714236486095	283	0.31288284946086053	
303	98	0.12547256117907865	315	0.5286132972740419	75	0.5757598912878565	
304	71	0.33677910313344916	493	0.4920829626004018	236	0.4959638866458288	
305	209	0.5630624721650018	81	0.5952059886654084	9	0.657175729834286	
306	197	0.4380471663113136	392	0.4454465429189116	188	0.7847890734973028	
307	89	1.5353753340710132	64	1.5855190843178193	195	1.6585617360703617	
308	63	0.14396719232784938	367	0.24106622470136002	347	0.37113714934396286	
309	480	0.2283817843328733	444	0.33755818227362894	445	0.46397802349415057	
310	176	0.7245644525598166	300	0.9694550664012441	186	1.1483623046896854	
311	445	0.3177942773187736	241	0.5182030360298272	74	0.6356107840044414	
312	158	0.47596103937075257	376	0.47638583567518056	107	0.4953151940992019	
313	301	0.20334387920494743	73	0.3154316381461369	340	0.40518949045066405	
314	132	0.29610891465889805	474	0.36527903298996245	172	0.534371771043806	
315	216	0.240337661792373	370	0.2927367733652554	220	0.45581691893036197	
316	2	0.28829692402352936	25	0.3327377268402775	269	0.3628761031493446	
317	230	0.36277585841914284	77	0.41374044638441293	165	0.42373815724873076	
318	213	0.2834915149411892	194	0.47283359747772835	339	0.49283239403179024	
319	158	0.3807223092246484	495	0.4624016434016398	483	0.5287000895654136	
320	48	0.41399075709188055	187	0.4915012112958011	77	0.5005634550361487	
321	415	0.9927123118618348	17	1.0701725282926446	382	1.173513020273923	
322	23	0.2352295714388347	402	0.2585734648976071	25	0.408910187328755	
323	101	0.3524042699936697	325	0.36235904736783264	127	0.4761894765846235	
324	62	0.18760372838636874	76	0.4575314475119648	166	0.45882686917266297	
325	323	0.36235904736783264	208	0.36739085912249203	127	0.4195576062625498	
326	446	0.17609647925903085	46	0.307431766050683	435	0.3194718114882885	
327	485	0.35353048487320193	359	0.4982133326571172	16	0.6135826209896793	
328	9	0.21604103153785786	84	0.29487906822067406	68	0.3416642948764643	
329	381	0.3101161752868135	156	0.31160036710311106	407	0.4295976926165234	
330	95	0.3900990550391454	370	0.44655816798528253	75	0.50253010606457	
331	494	0.43171300787045075	481	0.48931837329173183	80	0.6328336305656692	
332	205	0.2659997550696521	231	0.44066322991159335	285	0.45371408573980637	
333	139	0.24799962111333082	128	0.35854550530061496	218	0.41457531038871553	
334	336	0.6287611965986506	258	0.8359633828500636	287	0.9473974494993486	
335	452	0.16700342884932157	264	0.26852664979190183	473	0.31350773146476335	
336	334	0.6287611965986506	258	1.2873396533948938	424	1.3453909138146283	
337	404	0.332525292854963	357	0.4004444169117502	493	0.4479461971078347	
338	2	0.36699685252675174	244	0.47267926004740424	316	0.5524570141007218	
339	194	0.18818127204350407	214	0.3685001704460837	349	0.4406830979733895	
340	233	0.273454216181128	313	0.40518949045066405	447	0.4315220376106797	
341	373	0.24440976270591824	165	0.2645614798413576	27	0.26824385119707794	
342	235	0.4363123181606557	472	0.5850396954768815	428	0.7196311538518567	
343	360	0.3779874717192752	473	0.4885377985438383	183	0.5009344278257031	
344	426	0.370179692447135	432	0.5047153301930992	244	0.5543818406600364	
345	38	0.34738767951199834	131	0.3567412345156751	70	0.3945088576031768	
346	54	0.3326330982964179	422	0.4294992536084379	477	0.4424535066737459	
347	40	0.20464599479337672	367	0.2654841650681807	63	0.265960635188536	
348	10	0.33793989211024567	296	0.46192633199322425	308	0.48318815019112915	
349	214	0.3949920263083381	339	0.4406830979733895	92	0.4445094067784593	
350	75	0.5822016601462916	370	0.6337527926058582	98	0.6416342204327979	
351	471	0.2761148166945373	105	0.3834997559346791	377	0.4230245362361977	
352	266	0.2823517345015054	225	0.30004261025278844	479	0.3481120506395501	
353	217	0.3110642256347551	3	0.36002007413097875	281	0.46204049177457	
354	127	0.6018159525268083	60	0.6100002757081717	142	0.6672056265246523	
355	410	0.26156112326152653	169	0.4007426715689647	96	0.4058568952670517	
356	82	0.16295729541369164	196	0.22821425999376635	208	0.5130783196358177	
357	80	0.24000646371253337	493	0.3491887826903839	337	0.4004444169117502	
358	41	0.17047161598676688	35	0.2587604528126147	418	0.3642910222331714	
359	16	0.1598000229660681	485	0.30296825528785143	151	0.4411208500059845	
360	264	0.3149014937832403	343	0.3779874717192752	33	0.4015451833079719	
361	110	0.38169438691675495	113	0.5051125569485394	203	0.5987110803967917	
362	67	0.26679708131552266	415	0.45354171030579077	17	0.4726882474247455	
363	91	0.28095345785956666	409	0.42919989129468655	398	0.5569332625652463	
364	434	0.25221443959880513	279	0.3300008951952408	438	0.3339145671460236	
365	205	0.36205667532340524	372	0.3753473060267788	231	0.39656396143802586	
366	390	0.058784081497392435	239	0.307602734122174	464	0.47978562367261396	
367	63	0.1242281338417152	308	0.24106622470136002	347	0.2654841650681807	
368	122	0.4945209561615069	388	0.4978398821524725	483	0.5567515479516169	
369	6	0.09617979320838481	407	0.4100022652069361	381	0.4435033533749794	
370	75	0.2844970966711863	315	0.2927367733652554	216	0.3995745837167105	
371	199	0.5205559617488892	477	0.7164105747175913	248	0.7176788851699071	
372	0	0.20828961395022624	475	0.241907921381968	365	0.3753473060267788	
373	27	0.14479915875248922	341	0.24440976270591824	135	0.45034382604582174	
374	17	0.8763614958742835	415	0.9664487760685934	451	1.0552669172497335	
375	485	0.4303292778518231	482	0.4882295937462761	280	0.49099633316520414	
376	33	0.28133891666951716	158	0.4117803843014855	312	0.47638583567518056	
377	351	0.4230245362361977	471	0.4393661075904229	105	0.4639619828400352	
378	149	0.23473552355097746	171	0.23805156085327728	456	0.3749557384761024	
379	68	0.5708495952091457	27	0.626601278650214	421	0.6272157782286949	
380	274	0.06428749843472802	31	0.20096702041145276	159	0.47167552992391465	
381	407	0.264417995558452	329	0.3101161752868135	156	0.3553596584716707	
382	488	0.33753881681410025	424	0.5234712562577214	45	0.6810846591731927	
383	201	0.27756091611045924	203	0.41473945933630474	108	0.45138862733214746	
384	157	0.2526904185260532	193	0.5957140999148461	30	0.72298719512354	
385	162	0.33516181179155374	59	0.44980275541472714	134	0.4512835403073817	
386	141	0.7682738622936529	185	0.8211986476191079	152	0.8503139181905848	
387	156	0.3215182883439108	76	0.44827825301635127	257	0.4718127025219976	
388	122	0.270926962910728	182	0.3459496131727428	471	0.40565260746863857	
389	452	0.2518875674695798	264	0.3130854949271601	200	0.37965149136565474	
390	366	0.058784081497392435	239	0.3237472279951007	464	0.50658191381266	
391	173	0.583595210868783	118	0.6350217637454247	170	0.707697675296692	
392	197	0.20643918122377505	306	0.4454465429189116	363	0.7138439826232291	
393	457	0.39936563090378274	37	0.5695664094224409	448	0.6790175096960364	
394	245	0.4322317221668662	137	0.6067840666920687	217	0.7152252147865108	
395	47	0.30769113134815007	14	0.3223064961790547	226	0.3428590900683362	
396	186	0.4173280047466913	176	0.469977776860465	269	0.5528824232040794	
397	257	0.3211577117732155	42	0.351610941451425	26	0.37332849798864615	
398	429	0.45292822057200816	409	0.48160390654233975	363	0.5569332625652463	
399	49	0.23850020263328053	286	0.3772706572284574	212	0.5602638993625358	
400	408	0.17650644616206712	468	0.291920894674278	31	0.8096105535710343	
401	168	0.19983219457705526	431	0.23909014467395842	125	0.3181639885557844	
402	322	0.2585734648976071	23	0.41075332434294143	232	0.4212916422352654	
403	413	0.7147960205951168	177	0.741470269439769	45	0.7658630575974266	
404	337	0.332525292854963	493	0.4449475260034041	304	0.4990240625725948	
405	180	0.2690928625416306	121	0.42657653384402344	369	0.5045474395879396	
406	165	0.20963219245532458	341	0.38472125871803886	441	0.4058537633103042	
407	381	0.264417995558452	156	0.34519571418348854	369	0.4100022652069361	
408	400	0.17650644616206712	468	0.32643616055200075	31	0.716182448409815	
409	363	0.42919989129468655	91	0.47829494204078865	398	0.48160390654233975	
410	270	0.2542929682323669	355	0.26156112326152653	414	0.4462405117073303	
411	151	0.41091984029617956	85	0.47760062884517357	416	0.5100182481420567	
412	88	0.3466949865721909	12	0.4085615888328709	201	0.4742980532231246	
413	177	0.2826788864412698	45	0.35215984834364633	67	0.4427101317326446	
414	270	0.27416282243864804	410	0.4462405117073303	355	0.49861050152954384	
415	17	0.2822626718512138	362	0.45354171030579077	67	0.5776551792298829	
416	85	0.2348124357994201	296	0.36683532020281273	450	0.5022420928210712	
417	436	0.2584990838179677	228	0.289083365245132	119	0.3702158149005461	
418	35	0.2546412034994847	259	0.3010559908865193	41	0.32474012481857845	
419	79	0.5753160321381358	227	1.0756094474173759	181	1.218714913402045	
420	233	0.17798205452755442	475	0.19298151473057543	447	0.23879227255079874	
421	328	0.5874323192219838	68	0.6070427392404282	237	0.6181054578458849	
422	40	0.17679984804861124	222	0.1989394055859146	347	0.3680856781937546	
423	57	0.4818765420559089	470	0.515058238899487	273	0.5348490864529434	
424	382	0.5234712562577214	488	0.6360405389331498	448	0.896436664036072	
425	224	0.6040849599111752	103	0.7030262754345576	368	0.7171958625077184	
426	432	0.2974934696650823	344	0.370179692447135	245	0.7057857158623966	
427	218	0.4039752655635883	139	0.4646693038031996	333	0.5124481258189185	
428	235	0.3789104896575416	389	0.49119899306111897	200	0.5711906189874991	
429	114	0.15034359165557315	111	0.3092410360927411	398	0.45292822057200816	
430	495	0.18213924584192845	39	0.4210488586379509	319	0.5530686990491102	
431	168	0.22886166180241982	401	0.23909014467395842	442	0.3942675484212938	
432	426	0.2974934696650823	344	0.5047153301930992	239	0.56240700045078	
433	444	0.8525592683676122	445	0.9910310052843487	74	1.1253893799853707	
434	364	0.25221443959880513	279	0.35270758838383476	247	0.42000965851608224	
435	226	0.26273251526973646	326	0.3194718114882885	446	0.3825441613973632	
436	228	0.20188409493468032	119	0.2036347393909121	417	0.2584990838179677	
437	213	0.4825542647012485	318	0.5046486281486414	339	0.5952664461535921	
438	283	0.09730383581120255	490	0.284179201512916	302	0.33044470678087995	
439	12	0.9101590832346689	412	1.0859039447988987	278	1.1132451119340403	
440	477	0.3506867451640922	217	0.4357451633524914	54	0.6149882898273143	
441	161	0.2027928686697075	183	0.3345016287573091	406	0.4058537633103042	
442	292	0.2536581991742814	66	0.30958782531776313	140	0.38145979102472294	
443	94	0.18050511174861344	48	0.34602584033958383	240	0.4305344692714338	
444	309	0.33755818227362894	445	0.42058458849308844	480	0.5360348014253887	
445	311	0.3177942773187736	444	0.42058458849308844	309	0.46397802349415057	
446	326	0.17609647925903085	13	0.18801218202123668	32	0.1903910904709821	
447	420	0.23879227255079874	233	0.2514143006238211	53	0.30610416799633966	
448	457	0.48608561946296985	467	0.6577169505015976	393	0.6790175096960364	
449	96	0.10355974626481314	355	0.4328732858331639	410	0.4589216794450915	
450	466	0.45014194830460574	416	0.5022420928210712	480	0.5162269387049405	
451	393	0.9644447760225485	374	1.0552669172497335	37	1.0649350956648116	
452	335	0.16700342884932157	264	0.17445043198951068	389	0.2518875674695798	
453	476	0.1753459236566456	29	0.3729629380561464	463	0.4035955384371287	
454	284	0.32546345696085405	279	0.49132474574948337	266	0.5064413359052268	
455	62	0.4914610379400017	72	0.571435869641095	324	0.5964669069477752	
456	272	0.20411718038263577	149	0.24276166933351548	171	0.3255030078594526	
457	393	0.39936563090378274	467	0.40832015087602985	448	0.48608561946296985	
458	483	0.22608233671886133	29	0.3111901220180049	453	0.5531522159740743	
459	349	0.8995769447640024	437	0.9079051850369178	194	0.9177280545263311	
460	131	0.4714204921481785	383	0.5164975053010377	219	0.6114570213567673	
461	238	0.49479631694461007	346	0.5763694397854014	20	0.5818958135807378	
462	163	0.4488507455091853	267	0.5488668369552608	6	0.5831807963792751	
463	476	0.2318594188771376	200	0.24906829031801841	4	0.3794937086554816	
464	261	0.16028324925868168	135	0.30969948781387113	100	0.3646978212006186	
465	178	0.3253412032465957	219	0.33158656189633134	175	0.4577046200401279	
466	302	0.1939714236486095	283	0.2609174363293802	490	0.32770829648852695	
467	73	0.3061330208423494	301	0.35686013541665174	457	0.40832015087602985	
468	400	0.291920894674278	408	0.32643616055200075	144	0.7458953688433944	
469	263	0.5755727991794379	401	0.5832967462380669	125	0.6387713937230871	
470	57	0.4460633209285141	262	0.50926379126599	423	0.515058238899487	
471	351	0.2761148166945373	122	0.3243387620319036	272	0.36764871982503095	
472	4	0.30995390828736025	200	0.33866125092231925	463	0.5336791514677885	
473	335	0.31350773146476335	198	0.33344694642766765	452	0.3522097567937932	
474	132	0.23223084179170791	314	0.36527903298996245	172	0.5971868898583949	
475	0	0.13508774655714037	420	0.19298151473057543	372	0.241907921381968	
476	453	0.1753459236566456	463	0.2318594188771376	29	0.4265687082654731	
477	440	0.3506867451640922	346	0.4424535066737459	54	0.5163043626223319	
478	269	0.4318912574001018	55	0.47094120231260955	19	0.4738697668568747	
479	482	0.0761016040410806	266	0.17799958650946054	280	0.18936910130208864	
480	309	0.2283817843328733	492	0.42202469707256984	450	0.5162269387049405	
481	494	0.16815843384836768	331	0.48931837329173183	237	0.6758910166476885	
482	479	0.0761016040410806	280	0.18031661369410595	266	0.20169829651923546	
483	458	0.22608233671886133	29	0.4664593473501332	319	0.5287000895654136	
484	129	0.46803546029448795	96	0.529311838777409	270	0.5358146997008549	
485	359	0.30296825528785143	16	0.3442519203125841	327	0.35353048487320193	
486	240	0.5792161081488749	211	0.5901233500235508	48	0.6168531932000118	
487	83	0.22833244757471183	249	0.4788667956296849	292	0.5184801228828597	
488	382	0.33753881681410025	424	0.6360405389331498	67	0.6779042808443121	
489	229	0.24450660444881314	113	0.29998672243189145	12	0.5007669055701781	
490	302	0.17382116417386625	438	0.284179201512916	283	0.31524561118576394	
491	221	0.1585350977972702	35	0.3883025680232044	358	0.40863498460259157	
492	480	0.42202469707256984	302	0.4686817973648921	466	0.49996103908448014	
493	357	0.3491887826903839	404	0.4449475260034041	337	0.4479461971078347	
494	481	0.16815843384836768	331	0.43171300787045075	390	0.5226245762936219	
495	430	0.18213924584192845	319	0.4624016434016398	39	0.5602617253287568	
496	59	0.5801080259990111	385	0.704213222557876	134	0.7269155223056332	
497	374	1.1098884123422887	400	1.1892086346124089	408	1.2861199917458688	
498	282	0.40811055597723433	106	0.44445383697290963	268	0.4869104525773568	
499	207	0.27080999011101714	286	0.3747308295307909	473	0.4686157409737512	
