1.5984474278506660	1.8346822591603837	-1.3199867239147416	4
1.3615854929431710	-0.4417738685140726	0.6016319269223264	0
-0.3066158777157086	-1.5387572177321478	2.6080882244141614	2
-0.5130105780696531	-1.1780453937324300	1.1211686662576470	2
0.3002808584794246	0.9510267040574321	1.8281808866325555	3
-1.0140123936394816	-0.7328686644702781	3.4481624957192261	2
0.8101973636958533	2.0112729006506367	-1.2564474482939250	4
0.3539291872927624	-1.4443292473860752	4.5228438606385559	2
-1.3097558021376461	-3.8220547586101734	-0.1501724076538258	1
0.5933693097330326	0.0144892354837620	0.8046181816816689	2
-1.6423667604526329	-1.9359643888357834	-0.4516734378587922	1
0.3073208134763227	1.8477858092258197	1.0652800330692509	3
3.5944221102721929	0.1892637988638562	-0.4850662735043673	0
1.4123422016962386	0.4764731606627546	-1.4069071858832336	0
2.2140162258137601	0.3168564688596384	-1.0143414133609594	4
-1.4714105680486513	-3.5760894494736357	-1.8629496605301563	1
-1.8223368018120270	-1.7039055793890436	0.6448893677064740	1
2.1084602505296002	2.6164480735140021	-2.6283175349550776	4
-0.3377185285934560	0.9092142904437560	-0.7626581013788593	3
-0.2501636539725566	-0.6920901745351747	2.8622971424598949	2
-0.8862076832837624	-1.9440833368941672	-1.1475484668121059	1
2.2530676550546311	3.2970249047072029	-0.9238694871482978	4
-1.5609350619728684	-1.2906780090944174	1.4432967023272596	2
-0.3621309213626885	-1.3226168189365191	2.0262388262472992	2
0.8400909465084093	0.4335514596837264	2.8332071690390142	2
-0.3919611984636544	-1.1598770521199437	2.1733548678457106	2
1.7468165639056936	2.8303343646792301	-1.2192435792212188	4
0.1637124746962447	-0.0476350632733252	1.7626068384062883	2
-1.9129271482666992	1.7651538407121621	0.4445837469756722	3
-0.2911244247658363	1.1663551165559238	1.3198114105329717	3
0.0035864064097041	1.9118595266018272	0.1792732460741789	3
2.2291541501424046	3.4076499362685628	-1.2933044528011428	4
1.8812905604273604	0.6084252605829893	-1.0577136264169864	0
-0.1681353257376898	1.3725800133664450	0.9988895514543126	3
0.6253916183053143	0.9182854179522030	0.0963034158215289	0
2.4005988481585718	3.0428104010669785	-1.0631402671117678	4
0.1811936209644681	-0.1427366146748477	2.1599229539752183	2
2.7583776961375843	1.9192112839821409	-2.7236027057906922	0
1.2983374777866818	0.8693491289332630	-0.7746677416536507	0
-1.0680562926350432	1.5777740705371395	0.1697672315302517	3
-1.1476894609833859	-1.5823900774590185	-0.1900712104041525	1
1.8128434099452009	2.4363977676719215	-1.4274105275338396	4
1.4209244190488217	2.8927475922301342	-1.1451317155756131	4
2.4305386359878525	3.6055821226322609	-0.8324550807426068	4
-1.5989791667222044	-0.6353457508801896	0.1647773334567376	3
1.5659072029066179	2.2177285204275892	-2.4320452466934830	4
1.6496938593801509	1.0152512562776828	-1.0977683781625225	0
2.2827826488134595	0.3117142773722988	-1.2340510630345052	0
-0.3657407053342047	0.9228856810893076	2.1764893984824143	3
1.1314666244351219	1.6636088026328371	0.3537191341338087	3
1.0556966949693183	0.3647995191596342	-0.9496860322630736	0
0.0821639732477961	-0.1224470477666106	-1.4310674153420966	0
2.6160524149104187	2.1049750073759790	-1.3719719048082970	4
1.6680992563771351	1.2284871135744231	-0.9264319138602679	4
0.0045163940696263	-2.0163305031905194	0.0893576412221349	1
0.1830563780378432	-0.5227344569490616	2.9165708930374006	2
1.8317222794140400	3.2150509746125930	-1.6646694062996090	4
0.6894150365131642	0.4280644325005650	-1.0654154800327889	0
1.2828460387219864	2.1973960314762517	0.4725277945107599	3
-1.3303745083548426	-2.5681575770602976	-0.7946000055246583	1
1.6706377364722216	0.2643335024217537	0.5110436634255708	0
1.7296186072907278	3.2997970380566253	-0.8565768084227764	4
0.2433602661117588	3.2673709013186416	-1.6801947862517415	4
-1.3684092276241191	-1.8443154788826237	0.0504436041077949	1
1.8530027618649436	-0.5313758168519895	-1.0766610117379414	0
-1.6361017587222664	-0.2770584403846916	0.8214965985653536	3
-0.7837032218846802	-3.2273097757224698	0.1094643283839891	1
2.0735410638329812	2.3357322447108135	-2.1434595239183416	4
0.5833314302554909	0.1648081304344928	1.1535474200756080	2
-1.8851877057795083	-2.3161437128208591	1.3683341848768533	1
1.4512941435259386	0.9081689192584554	0.2607669794030030	0
-0.3470828833121193	-0.8964229042798386	1.5858678740229255	2
0.1833469603244194	3.0633749475247551	-1.4932366444280483	4
2.3245447474899956	1.1026009252564364	-1.6301470275171501	4
-2.8392218940223937	-2.2975198078191150	-0.3610470880533137	1
0.6757137555514159	2.2203327591064479	-0.2960210879156530	4
0.9874236674661017	2.5764540016474262	-1.7412775241388354	4
-0.0138232889100197	0.4337355991344964	1.8934993138885798	3
-1.0541962988619393	-0.6028984434747355	1.5929251022823248	2
1.1099212068725421	4.0170566154478520	-1.9471532758035883	4
-0.0259400972960782	-0.1551093853162713	0.6442475494284442	2
1.3289354243701386	-0.0292464108180474	-0.1376318476764606	0
2.0343391010190373	0.7441418745295968	-0.5883541448671930	0
-0.3714937348583918	-2.7294389336799467	0.0185604768530662	1
0.4420620082860918	-0.3623333259593589	0.9599152546464288	3
-1.4781944473346393	-2.8526712380705144	0.0113989517023557	1
-0.6013958193865339	0.2504084876316620	3.3403981829700267	2
1.0210279586363398	0.8780282048727920	-1.1995242740178980	0
2.7986054697908846	-0.0931121350612905	-0.6579488894885563	0
2.1901349264791889	-0.1630675930845131	-1.4097423256176556	0
-0.1230638598594977	-1.7458770044516034	1.7658843478931026	2
0.1273547433201372	2.1316626017063940	0.6711453815387521	3
1.9241126449971566	2.2423211328491357	-0.9972441898459609	4
1.8081341873646122	0.3057921660321526	-1.3824334039115145	0
-0.5378293203041258	0.7561391521890213	2.2460660289923959	3
1.3118251893077537	1.9934994732282068	-0.9633500201030105	4
-1.4127056965153373	-2.8148285345296307	0.9207794959376382	1
-1.3417193106036580	-2.4163298982438697	0.5340842518842107	1
0.6292125777976812	2.9748520121569193	-0.4653873952700516	4
0.6982106427196348	1.4458981859757891	-1.5549893254292204	0
-0.2356018793069697	-0.8168063256279396	1.3101635683163877	2
2.3816701399169120	1.1590674561086813	0.6872814009854737	0
1.0518214269855310	1.2412824635056916	-0.8683167939330486	0
-1.8913287599027346	0.4615375829732370	1.2774019003809021	3
-1.2608902815990297	-4.2234428297065643	0.4817758176914918	1
-0.7244602994924918	-0.1567389062143613	1.0816189316485114	2
-0.9590135809330365	-0.5381454324840024	1.5980539900767532	2
-0.9236122351275197	1.4853480043179770	-0.2576513127403112	3
2.5208288821868448	-0.5019137429104692	-0.0292395724115251	0
-0.0072310314842128	0.6298502340432494	-1.3838279934643860	0
2.3452571015044263	-0.0567084102947255	-0.0305982607343723	0
-0.7541713747329107	1.9871252276908271	2.3934303330402997	3
2.2259183036399857	2.7789089206564928	-1.4200852534599306	4
2.8688130865503538	0.2914930865471399	-0.7181454870236090	0
-1.1635586111851537	2.0135468149269831	1.7653184264676511	3
-0.6008671323856610	1.1755713830306744	-0.2532871607346059	3
0.2927980245060652	-2.3838399313955345	1.6801315261888392	2
-0.2655846359892920	0.1945475819906264	2.6777657004585844	3
0.4242844395185085	-0.3252524982528096	2.7249572403622744	2
0.5833591737441631	0.9131176576931399	-0.5425117611032476	0
0.4357577837420729	-4.5657850031196539	-1.8027919471089242	1
0.7139599623644828	1.6009562777804653	-1.5232000148776419	4
-0.8249821234377545	0.4918181044436820	1.5601563888968148	2
-0.1776985622415726	1.2121513622619331	0.2631681901214963	3
-1.9822097463780601	-1.3001370509375125	-0.0705427477592657	1
-0.7087618646239583	-3.2746054271490230	-0.3860073155789961	1
2.7680531820520007	0.3336197097436772	1.9692339404615709	3
1.8768423011080779	1.1843403692178514	0.4802231504470615	0
1.6510775534627327	3.9580799397110744	-1.4710513043501308	4
-0.9592198145263153	-2.8292218429125735	1.1117706521292765	1
-1.7191472553097489	0.8627889544402624	1.9404638317075076	3
1.3546051060739877	0.8689279883393382	0.0887521676933203	0
-0.1791324716932930	2.1422030924236641	-0.0617345106295275	3
1.7319310433260702	-1.4959745260379611	-0.6208615428189287	0
-1.7019283292717176	-2.9855814408612575	-0.5296886069646856	1
0.5650699951800527	-0.4504358857912769	1.6506719529833371	2
0.3938446518686755	2.6893192649545621	0.0949480058872338	3
0.7477600158861006	-1.2153491468950142	0.6595595737895186	2
3.1876585269570037	0.8780442184331230	-2.2360859057610707	0
1.4462165535027864	3.8771590392250950	-1.1989383958755093	4
-0.8197478221924821	-3.3457785944557088	-0.1055911192696793	1
-1.6389263472205828	0.2474733510920349	0.9182674222247785	2
2.1743419334775060	-0.4292817356138171	1.1697337040563300	2
1.2751851558678191	1.3118026158909482	-0.3136564585826878	0
2.9743934624018671	3.6613443620668322	-1.0234622624210026	4
0.3818837010175802	0.9563538849326646	-0.1556816498961283	0
2.6860275059331395	-0.3926795415620563	0.0127989908137431	0
-1.0324953069979890	2.6570300096167023	0.2142960859543898	3
-1.2719850195409965	1.0634691612874507	1.9753695717078141	3
-0.2876057237946664	0.1996620964953494	1.9535978517524017	2
-0.0692710215993671	1.3172265871668740	0.0655461591360682	3
-1.9571942234115318	-1.6810182833170488	0.2539704492038150	1
-0.6937431210756724	0.2845224999842449	0.9711115635699281	2
0.3903810415415636	0.4075347107313334	0.8214713132353073	2
-0.3406423957761618	2.1515712641266918	0.5832919689911752	3
-1.5595401261925657	-4.0693727019891011	0.6320251164832454	1
1.2594739531382340	2.6913119751585848	-1.3409437874504673	4
0.4640643311962653	2.5338173942389508	0.9885941354720794	3
-0.3663496943436878	1.9148428435121794	0.1308947644693423	3
1.9372891083665962	3.4820690573849182	-1.5332223449103513	4
1.0399877409306160	1.1288389424278762	-0.6752970290118699	0
-0.1026625354833352	0.4612650603294274	0.9405810506675610	3
-1.7103225378893900	-3.5514407731411275	-0.8301859487878244	1
0.5059960617157429	1.6612357535502777	-1.8506876637429626	4
1.0652209884475408	1.3654510058609739	-0.9705969036269487	0
0.0117567259750638	0.1444806032089833	1.3430285672684126	3
0.9145895178265019	3.1342361301813879	-1.7556028729688309	4
-0.7805961987951894	-1.2995907520751615	0.3213135952655274	1
-0.4278667547183680	-3.2206259387852323	-0.4126885080311177	1
-1.9642755338382145	-3.2279786473229515	1.1355923464837283	1
1.3674214957440833	-0.9247582827385632	2.4375050563921952	2
-0.0842408031509067	0.2080328106306127	1.9579952738882240	2
0.5369140450286926	1.5336077023078343	-0.3635372677478915	3
0.4997014624682987	-0.4940976774558929	2.5422479328393681	2
-1.0924575445020785	-4.1919451374086227	0.6397015749736100	1
1.7302566492196889	0.4557019396976185	-1.1746659241267561	0
-1.1089231605500627	-2.0603351718766003	2.3492246500764993	2
1.7328895742667394	2.7685376646483491	-2.1769950380210914	4
1.8671553191784127	-0.0786077412286300	-0.7488032014060685	0
-2.0458734522723638	-1.1631160821232074	1.4152444674690710	2
1.3515586770792358	1.9272408068354732	-1.0763888535025306	4
1.6347120962085393	3.6234444524838416	-1.8915994063758277	4
-1.0785634229228012	0.3559782139757663	2.0981376537509799	2
-0.0829719222550279	0.4885268323747648	0.7989253004151009	0
-1.9544454978315782	-1.9086311227126009	1.3226151777719206	1
-0.5791253412299722	0.6037773540889688	0.6607125888582470	3
-0.7415917046450076	-1.4505635047513834	2.4565124515411445	2
-0.3932144294829084	0.3829753820988370	2.0534623906663119	3
-1.2997018478332456	1.8651277249253426	0.4245826843627948	3
-1.9142229101437702	-0.6245061217576678	-0.4028887014469851	1
-1.7103441343728945	-0.7764496460385324	1.2287619601588147	2
0.8270408297498598	0.8841613692518194	1.3340516506937248	3
1.4768923641324783	0.7658472465666961	-1.6629073727681947	0
0.9988443529421157	2.8888104271095512	0.9576595791199527	3
2.2749733352911257	1.3688914008376225	-0.6357955544311407	4
2.5577223725355736	-0.0352007841647968	-1.4516822328123422	0
2.2419430619432559	0.8601933303254354	-0.5756531663902442	0
-0.7964015634042430	2.4711055517047322	1.0377329935422857	3
0.1407936918534858	1.6893639335976944	0.8778185790742972	3
-0.1412443277845084	-2.2986231336529492	0.5703256025256003	1
0.3827601733060077	1.2210645296160767	1.4084314859910998	3
2.7175473852688978	0.1527400601760927	-0.0601455204973160	0
-1.6260762896971683	-0.1837784230160359	2.3289729001886057	2
2.7574614178555459	0.2680242563992560	0.0548151894640641	0
1.5796094216161258	0.6398017322113306	0.4589591866911642	0
1.4524165664102833	1.4304427729239617	-1.7403642786109863	4
-0.9738567648221642	-1.2140976613694150	1.7956750312709242	2
0.8028103010125284	1.1086152757425727	0.6418282173437765	3
1.6849941063180114	0.9936722601994523	-0.0737087890322752	0
1.0883114131478919	0.4094331343508306	0.3440032874675595	0
-0.4420809831469829	-0.7920253234277701	1.3490479944525688	2
-1.1964583086325851	1.7438808077193795	2.4898434208905931	3
0.8993090521612817	1.8140472522045916	0.8685982734506448	3
2.6590884772362484	1.4543335452671351	-1.0035588771315656	0
2.0417045552201269	1.5801022265839428	-1.0725749190670837	4
0.1694844590190000	-0.4665910424666072	0.8432772319249595	2
1.4695607240106394	2.8051464108349906	-0.7706377111819295	4
-0.2432429089751460	-1.5922073610770293	0.8398739379799032	2
0.9101175445981515	3.9194456449289450	-0.8163051890859684	4
1.2116794871669245	-0.1203886733280537	-0.5790966865273497	0
1.3758763769283062	2.9939137832010614	-0.8725037670804489	4
1.8931016088054589	2.3262323131593559	-1.8665467113159337	4
-0.9771095912309229	-1.4758651668384717	-0.3502808778682556	1
-2.0493706372394751	-3.9710577249990329	-1.1846439197438021	1
-1.7129148923971711	1.6746154037624190	1.3317308530639631	3
-1.5960218715119048	-2.0539461397778349	0.4184053649318870	1
2.2041715676570082	0.5489809679313709	-1.4290459703556118	0
0.1357649616799067	3.5964215498051448	-1.5173424557855104	4
0.9631251206537724	0.8746997968165849	-0.8959903131747305	0
2.7796941506252084	0.1878514100832720	-1.1843305800516115	0
0.3502001058353977	0.6399677672307988	1.2537082317989683	3
1.6087497087415916	1.3117716501772714	-1.7924938234517107	0
-0.7570529249639052	-1.2629927097107929	1.8894971301825820	2
1.9363480465128207	1.5509428434892403	-1.2975500711775347	4
-0.6266642044269688	-2.4768643753809583	0.0370886170835324	1
0.7888311396065131	1.8334155512808672	1.9688627130396295	3
0.2036775774773172	-0.2497132330104953	0.1854801529239828	2
0.6993022766210191	-1.1243578165997339	2.0523605272844483	2
-0.9181753134548331	-1.6377602232561814	-0.4260209272232944	1
0.5828364691771706	-0.7264326782258059	1.4842595377907895	2
-0.0889814362944997	0.9065731043458639	2.4879715108443601	3
-2.2154346591664091	-3.2335561929282584	-0.2007077001297772	1
-0.8125476506174865	1.2492689572601678	3.2509145774657497	3
2.8465726175084591	0.7953049629418352	-1.0991984638087309	0
0.2246896736708389	-1.7123256447363622	1.8226610300892958	2
0.2381963511600300	-1.6811707558393518	1.5957558278675035	2
0.2706410156656665	1.3196000476941498	-0.5153368211288086	0
-0.3310508895538860	-2.6215520953801099	-0.0101554796700707	1
0.3438921528608956	-3.0547616490271965	0.3761686403118955	1
-0.6405868566800845	-2.7546835181254954	1.1132136829828014	1
1.3799751695068281	1.9613837710197493	-2.2771124053290976	4
3.7704676061014766	0.5904154566454020	-0.6933022212148131	0
1.6347159779543974	-0.4557104112523439	-0.4018208010505496	0
-0.1142679632532942	-2.4105491701570609	-0.9349728495114960	1
-1.6500493628735255	0.0529202211370439	2.1541292178351439	3
2.8685655871743050	0.7679648537789799	-1.3242448645507015	0
3.4370073823767617	0.9066888342797860	-0.4562730959561903	0
1.3048502220043918	3.1459775254464661	-1.4599849607745519	4
0.8061935497626842	1.7385251206759793	-2.2366531136902497	4
2.3108273997023581	2.8064334560501765	-1.5837791674203778	4
0.5596499114934378	1.1253639521877934	-0.2148505714912076	0
0.0665567403042382	-0.7554411184876146	1.7023847528244354	2
0.7001715153458111	-0.1957043553265929	-0.2242430469075858	0
-1.1471424624514253	-3.4115216780490241	-1.1279687096650912	1
0.2957905201926386	1.2790447485014802	1.2079699323006201	3
-2.1089276487580078	-1.4413835466544012	0.9180066605065319	1
-1.9911571540675816	-2.0793475937639267	0.7864482962312528	1
0.2098908727957045	1.8785736831509472	-1.3366638463261222	4
-0.8395668836054827	-0.5533794010564317	1.4507263245079132	2
-0.4208070828049035	-1.1869670250635860	2.3026567085395300	2
-1.3694186877071002	-3.0567892407122979	1.3960211782764511	1
-0.7998944723995691	-0.0425202616265281	2.1854116065722335	2
-0.5045838713593509	0.2301938752037649	1.7515622732087741	3
0.9116880724093477	-0.5551796960104070	-0.2347493558960442	2
2.1900947783092586	3.2941406996963902	-1.2210972812892327	4
0.7670512219606329	1.3263662569857684	-0.8145043524277188	0
2.3808719897614470	-0.8573053651549765	-0.4325245485841596	0
-1.4070084413248409	-0.4391752327038891	1.2352698412846790	2
3.2827412851407911	-0.7014902915217333	0.0852250867838992	0
-1.0183306669064078	-2.3837775727425523	0.1430290256987515	1
-1.5223764357975931	-2.2788747550563873	0.7261447169012984	1
-0.6243044579300570	-1.4786821523676188	1.2317592567106637	2
-0.6688903260243791	-0.7841843203021966	2.0038608931970296	2
-1.0140407784068928	-2.8686028352567625	0.4085183083130177	1
-0.9605526706686426	-2.0675479842271698	0.1541594397285531	1
1.1740528313212204	1.7482619829082688	-1.8817469415936072	4
0.9104222340656709	1.3926977723235032	0.5501183674065088	3
1.1490356671571162	2.2143227922987387	-2.5209689679297620	4
-1.1988234345425444	-2.5012310162501135	1.4497818397922912	1
0.4836404817378276	-0.5025126819604985	1.8598284115214019	2
0.5273260218889975	0.9322064754572092	1.3821736441761288	3
-0.9896221425115324	0.3825984473948779	2.6635339774594224	2
-0.6656303615451854	-3.0069836845130071	0.1916597100182765	1
-1.4267069706389524	-0.0989945702141384	1.9991379132772944	2
0.4181646042284614	-0.4538834588680278	2.0503004126838564	2
-1.9439274985466639	-2.9788402511593999	0.8390834955570667	1
-1.7632427562270065	-2.1444401872557162	0.0452857879135353	1
-2.7674576329044118	-2.3009600539050834	-1.2036226904994605	1
-0.4335181885987711	0.4372928767783539	0.5861668724493861	3
-2.8057483490932924	-2.3388598881346994	-0.7425952223233117	1
-0.5309997375873299	-1.6013648135148708	1.8482336904935706	2
2.3454341602953175	1.9181941811706309	-1.2537438585868166	0
-1.3575609862512525	-2.9393466234857049	0.2831600774470635	1
0.2777461205772391	2.7721497211870156	-0.6901521352424301	4
-0.3880267415482203	-0.5526144000754044	0.8046459890948808	2
1.0702993843621100	-0.1519020930468625	0.3842236412944955	3
-0.9901360806004567	2.5511868723776763	0.6547724954996093	3
2.1088102374425168	-1.2977560610809484	-2.4408804308308549	0
-1.4916458165356978	-1.8821277806010686	-0.0136619764523702	1
-2.2591192276378251	-3.0390524022734318	0.2882659526602382	1
-1.6874900242604460	-2.0990880019390676	2.5150643800179835	2
-2.4115319232371597	-2.7624761548553871	-0.2910617111296155	1
-0.2341403431842254	1.6917586632398980	0.4086484898346430	3
2.3994005230669524	1.7528256512828726	-1.5619104784137210	0
0.4337815892987522	2.0083833845203451	-0.1410402164342830	4
1.5534731815849179	2.3931561589599646	-0.3486356838879976	4
-0.2661836171342563	-1.3040999298482085	2.4455572859788708	2
-0.1159662978511804	0.4209070806554455	1.3279294221279967	2
2.7246038306578133	1.3088705351190866	-0.7692179072002139	0
-0.4907988593569822	1.8368502313229080	0.9567823336423394	3
0.0979657552496020	0.4009800195110045	2.1105432476626169	3
1.9209042569377059	2.2954029131260212	-3.6318223902355511	4
-0.1540684998093110	-0.8851430767331044	1.9467379086018948	2
2.5822520554530870	1.4403546829624925	0.8356852494589462	0
0.6427368135434784	2.8187914098843585	-1.5629559641290474	4
2.0105866972807060	1.0516237260364258	0.0863135084275110	0
1.8264340241628612	0.8554154111366351	-1.2920097422888830	0
-1.4707432334140877	-1.2288366871224428	0.8097382167845091	2
0.6129810189839161	-0.1222831349546252	0.9706977615609096	2
0.9501936183143186	2.9935199908554928	-1.3879996513406121	4
1.1959342968458082	2.1103780297046715	-0.3749549024426090	4
0.6988620308041996	-0.9744435231294138	0.6140015687220236	2
1.2590862543558567	1.4419435317015612	-1.5580266996932206	4
1.6664505390786339	3.7674869557935331	-1.1677480482417690	4
1.0377097061596121	1.5938941423981230	-3.0267903972781749	4
0.0495279238103425	1.1212053901237651	0.8896048463118613	3
0.8463624725860690	1.0873945684611024	-3.3464543773471460	4
-0.2348986046480009	-0.5156386581659570	0.2326080612612249	3
-0.0005103423502562	-1.7280892032923048	2.6797784624317647	2
1.8729620562132085	1.3357702171710690	-0.4757578194838086	0
2.1012157342579005	1.4843835590803138	-1.5053136761322947	0
0.1403416707393943	-0.0288544160818184	1.4960437942337723	2
1.1052403933103878	1.0415751050648299	2.0526803596999850	3
0.1363147155089480	0.9381939875385722	0.7734670788329939	3
0.1921915883693187	-1.2861432075073620	1.9868701332829728	2
1.4777618263351899	0.6438059807677982	-0.0308645299485372	0
-0.1898582838956621	-2.0010451169814858	-0.0515611958751790	1
-0.7692572966481696	-1.4051096540477443	0.3630766608997499	2
-1.5283477797037142	-2.2346224210358474	-0.3420996156618474	1
1.8253524537456522	2.3414401531349496	-0.8577019316513668	0
0.9307530548161695	2.3104957053075132	-0.7837567577514326	4
-0.7259308138946577	-0.0672581175484376	1.4545305684327177	2
-1.4869176855426662	-2.2625548275256206	0.2323831620435131	1
-0.2136033706673431	-1.3129191405364520	0.9735920747674308	2
2.1944343572778564	0.4258555794615884	0.7787152066000017	0
-1.6772420880940087	-2.4494090226292338	1.1177028353005740	1
1.9553028405967217	0.7303702546669402	-0.4213502769699392	0
0.1509818802508272	-0.6032789484412490	0.2940178481888756	2
2.0349131109514786	2.2963401460322115	-1.4640481179745950	0
-1.6910562391607193	-1.6239995345440876	0.6011116883807277	1
0.0726667541250365	1.0749661017033005	1.1200458643570252	3
2.8228356345117778	0.6686318288986535	-0.3852924592340897	0
2.3054040705262238	2.4160166747323792	-2.2482194352478349	4
-0.2614227526930217	2.3261717112622988	1.2486493466226085	3
-0.9719227645013886	-2.5972381869000758	-0.1043198445786754	1
1.6994807675260553	1.6950363200587542	-1.7462440309774920	4
0.4146918553586665	-0.8566143975720334	1.2619994405368671	3
-1.3529435887394703	-1.7665316181071944	0.1460632373143356	1
-0.9178755497177028	0.5241115783262641	1.1982389856996161	3
1.3334771737324393	2.5098774782090740	-1.5356083768803153	4
1.0736784971644600	2.5231163233257075	-0.4937607011960424	4
0.2985338112314772	-2.0396507660209471	0.5558861185563384	1
1.6641652695767357	1.9544150121589308	-1.4772438268315589	0
0.1436970343708447	-0.1731684652621178	1.6932703868881356	2
2.6756661046665240	3.1972595902831289	-2.9583856680309029	4
-1.5436885041673416	-1.9052638015199963	1.0440095471689894	1
-0.3494155758639313	1.5107262287596455	0.8339511383435994	3
-1.1101780099190219	-0.0039496838537506	1.2893158813483383	2
-0.1096159977591202	0.0663003930105367	2.0286650182512886	3
0.3264686682746532	-0.0136973489843005	1.2594590543357893	3
2.1557049390552265	3.2591359211520183	-1.1795655236797060	4
0.9523185578211372	2.5149439372079376	-1.3697598452332307	0
1.9758429197409022	1.7066628156809647	-2.6181658163693293	4
2.4825849078925022	0.0482047000024913	-0.1645727911242916	0
0.6199554107481560	2.3299559404146328	0.4549227961337898	3
-1.3203306784046096	-2.9455350376915979	-0.8888202467263477	1
-1.0661392612306466	0.1034578714774991	0.2284336558804537	2
1.3986161749463952	2.7158680424984802	-1.6297524635782545	4
-0.9575826946177044	0.4722449703476127	1.7956036232752193	3
0.7309896940442362	1.0389743482951113	1.7811990746103379	3
0.4337163547774361	-0.9121548537949018	1.2649817855727321	2
0.8770866064185250	-0.7236901774277260	2.9236284609623047	2
-0.8444933873401002	2.6714021647575708	1.0241102620090494	3
3.1381666497982321	1.4946148794898895	-2.8649320516143990	4
0.3785762794818944	-1.6536840372708561	1.1878805801826022	2
2.3478481449358268	0.5901783054822749	-1.1204812669907454	0
-0.7985173466264218	-1.3583059441037046	2.1482451917425691	2
1.5875413824916453	3.1561299336782347	-1.3079161861333615	4
-0.4043600193920658	2.2456379382647693	1.7808691397033980	3
0.8969193789272782	1.6926237577758352	0.3216556243625908	4
2.7076488344946092	3.6521397647855034	-1.8988924391846556	4
-0.5392806960863818	-3.2968177151222391	-0.5600474333696881	1
-0.4288085922684896	-1.0697857086720004	1.7094600211738440	2
0.7705935683550971	2.8161275148259546	-2.7571949503739459	4
-0.4330859980119718	-0.7550802620266519	0.3507712782134205	2
1.1541356589356802	1.9232993964260754	-0.8935786079966430	4
0.0327338581126950	0.0825113598289174	1.1438667513603205	2
1.1626585451406135	2.3602194182407894	-1.3281150455581610	4
2.3095466014803665	3.3295793643096658	-1.8291140207690950	4
0.1753943598898495	2.0921974753450896	1.7263832895561482	3
-1.5345906125536435	-2.8641249171088052	1.3797851890757866	1
-2.1483081282054228	-2.3033455424150877	0.5719465767685752	1
2.9465522252119078	-0.1458440054938568	-0.3488720040451984	0
1.6978958220715810	2.5141780421305802	-2.2952488860751750	4
-1.4809301845855978	-3.3019756173702195	1.4471492524901572	1
2.2398851896467731	2.3757676354592885	-2.6951952445183136	4
-1.9859450048046641	-2.4233053697571361	0.1301743655621517	1
1.3440644870815730	0.7063683274950724	-0.7728496436617647	3
2.1519297101482526	2.5681350693035743	-1.6765159604261635	4
0.6498125792029881	4.2893038252869777	-2.1596857305346697	4
1.8119326151550730	1.6515478843949682	-1.2195947126813305	0
0.6042542510028320	0.3384499728822049	1.6692972330745124	3
-0.8249924048928476	-1.7267740236682112	-0.0631373755265377	1
1.1052558982326683	-0.5281167357736032	-0.7326074062164160	0
2.0186572761456962	1.1905467067383539	-2.6944104824360089	4
-1.8339071482190756	0.9194708149905445	0.9506293421785458	3
0.9461860212736334	-0.9137619155823462	1.7066468817231184	2
1.2749126227797114	3.5436771238058240	-0.9244163798110990	4
0.9880889327643700	1.9615658164079850	2.1203219621791134	3
-0.6493542213188804	2.0545221211984868	2.1104090591059737	3
-1.2286906979456429	1.2893992691789811	0.4311456987621066	3
-0.8332550579718967	-2.6942236016070704	-0.9125693701765509	1
0.6576035113281649	-1.1484822523108740	1.8483827045608368	2
-3.3063371335345977	-2.6759716977405703	0.5903091946369264	1
-0.9932106553162535	-2.1081423658145035	-0.6588967976241009	1
1.8379439967141988	0.4709956882365469	-1.0877693849584302	0
0.8709375907124686	0.9513448488928898	-1.1423893774973868	0
2.7301930991443291	1.8056186101580556	-0.6804465834792607	4
-1.1110373951961190	-2.7653863592917070	0.1484097536094658	1
4.0172636432312210	-0.1524272513895375	-0.5297617426329867	0
-0.3775979069740585	-1.3223003127198560	0.8007587400679719	1
-0.6111913656657572	0.0620815968603238	0.9284046745842408	3
-0.6304027385359839	-3.0178799651732469	-0.0593039679377861	1
-0.6596003239860631	0.4277541302682444	2.4439088250242298	3
-2.4898022717934047	-2.8133427417196835	0.3871902100074790	1
-2.3930037099220636	-2.9481248320272733	0.2746050941325185	1
1.9836133920876895	0.4823628839749112	-0.8101630718400090	0
2.0697820139669880	1.1774102360712679	-1.5120455067027865	0
2.7642753250096384	1.0057670671321848	-2.2323402468403111	0
-1.3842224430849768	-2.7273534268845645	0.9683340000664631	1
-1.8144615067219818	-2.8649005738206981	-0.0366614981922498	1
3.3454713014437205	2.4160126473462600	-2.7247139342593281	4
0.3272190400151053	1.4503912141415634	1.2172214227614868	3
-0.1627593591134198	1.4491374652292563	1.5263493159215891	3
-1.1285092697193742	-1.6236743726624496	0.2917387798549261	1
0.0749184754740462	2.1974786904006636	-1.8544572710032861	4
-0.5683808675765325	0.5383651191697432	1.5626187497911941	2
2.8523973352376935	1.4812216514423810	-2.1827753497811608	4
-0.5934899553331113	1.1321798564819479	1.3849760448465867	3
2.2322397044489035	1.9632206360689759	0.0621810777056666	4
1.9731334007912071	-0.0122444873029700	-0.1047837398814111	0
-0.5558638736858331	-1.6593674472519440	-0.7623049496591846	2
0.4503868989366732	2.0837071218045429	-1.7096466918073883	4
0.1662555414410253	1.2743965167380937	1.6816044439525604	3
0.2252156110743257	-1.0940203267006932	1.9968812436606704	2
1.8791928954201698	-0.2731015836837198	-1.1859957230181299	0
-1.3891560815879203	-2.9373111434651662	0.0917899649320179	1
2.7796026383750361	1.4839446221955639	-1.7810056854828531	4
2.8997461911691191	3.4937810140519487	-1.7464492682250978	4
-0.8895071818541885	-3.6097840513648021	-1.1582237039088379	1
0.6801358568224218	-0.2373307333053520	-0.7314071486917257	0
-0.8167398977267450	0.1676712353511180	1.5676734048742307	2
0.5215805473502659	1.0589381890754073	2.0164705155808686	3
0.2901464978087074	1.3912924082990528	0.8719900937325485	3
0.1006778958278459	1.8600919615347689	-0.1191232091788332	3
2.0321223699103683	2.2601091923482226	-1.4905967094694279	0
-0.0114246617911520	1.3711717325532085	1.5683653468820076	3
-0.2864813690718675	-1.8937993697923607	0.1900651278691123	1
-0.3846807759714941	-1.1569915677158811	3.0800139928147638	2
-1.0102619675469171	-2.0966094609201766	1.0242851135375275	1
-2.0530177445605062	-3.1208955398407792	0.3428747332868822	1
1.0204334716257983	-0.7869252242306910	0.9315880395719590	0
-1.8695347490252057	-1.8995941261276728	0.3910313090265345	1
-0.7460282929176159	1.1459138770071058	1.2186731428170945	3
-1.1113077979430732	-3.2474938133587758	0.9669431819022909	1
-1.9048820583419621	-1.2409832177905646	0.6902562536997134	1
-0.2919203232466923	1.2295171296392329	2.7066172773094754	2
-0.5224664304343166	-2.9318233650691288	0.6842819314360703	1
2.1855387938118951	1.7010677449483991	-2.3537252967106306	4
2.9249691485051641	0.2839384768888307	-1.0127324151349337	0
-1.4532098751459377	-2.8565858794883594	0.5065935589086201	1
1.7683375607881224	2.3431243585947543	-1.7702037387806926	4
-1.6675238455660073	-3.2897527538407445	0.3114654980624559	1
-0.0316103242749523	-0.7676169915253908	0.5421829150264199	2
0.9934114896861399	-0.4720147257111545	1.1321252217742699	2
-1.2669306512290861	1.2927370099001541	0.6091942043318663	3
-1.6476790760873430	-2.7886278411064191	-1.2273077542373361	1
2.8519605998901096	4.2910129113258932	-2.8914811725655687	4
-0.6287888323088811	-0.4032000397538280	1.8631588176015534	2
0.7007877870620814	1.7101860979714369	1.1350248034051091	3
G3
0	372	0.20828961395022624	420	0.29865143619043044	180	0.3589722307847273	
1	305	0.4649081693457782	481	0.5868434171708888	494	0.6464439202291207	
2	316	0.28829692402352936	338	0.36699685252675174	186	0.46899607241874985	
3	281	0.3391151235698603	353	0.36002007413097875	440	0.3765748185237372	
4	472	0.30995390828736025	463	0.3794937086554816	389	0.4420997396758386	
5	478	0.8434879028444225	19	0.9635175112481443	86	1.071774016430818	
6	121	0.49877680398911695	407	0.5011275297380494	405	0.5076481888441261	
7	478	1.6461669561365573	391	1.8304382668908656	55	1.859743885901909	
8	140	0.6847877745883182	104	0.7502391500269016	492	0.7902233565101866	
9	328	0.21604103153785786	68	0.38006334026026356	84	0.4347485746441637	
10	348	0.33793989211024567	308	0.4663359557709652	296	0.5523057459066545	
11	198	0.29659833048657314	499	0.4226278183333739	452	0.42591617663946113	
12	251	0.48505348061995	439	0.5454772413025455	256	0.7350558652736958	
13	192	0.3917144122296519	175	0.3942550484480368	93	0.4317201221293778	
14	47	0.2302772095217811	395	0.3223064961790547	446	0.3495234389558992	
15	263	0.8200178984838027	469	0.9145411696566856	223	0.9747494335644892	
16	359	0.1598000229660681	482	0.3239839000669049	151	0.41415933325864124	
17	415	0.2822626718512138	362	0.4726882474247455	413	0.5384765863999195	
18	115	0.6321803885141919	109	0.7570457691498067	246	0.7743937115638726	
19	55	0.4683018206412916	478	0.5306870908743524	316	0.7405975207883472	
20	434	0.5264460606693655	461	0.5818958135807378	238	0.7845111660854219	
21	380	0.2762164669955378	274	0.3038392065781147	35	0.3252488538816873	
22	179	0.5022192902302869	190	0.5768700337891131	327	0.6429271106783735	
23	25	0.22139829906984207	269	0.3134495240868674	300	0.3713528644419858	
24	118	0.8720071931433903	342	1.0243139570360673	173	1.0300753368617532	
25	269	0.1352217352511268	23	0.22139829906984207	316	0.3327377268402775	
26	42	0.3399906901457129	397	0.37332849798864615	41	0.4504209866662662	
27	373	0.14479915875248922	341	0.26824385119707794	378	0.39809131755896104	
28	188	0.6216430560394076	495	0.8170592015823234	430	0.8334881603373081	
29	458	0.3111901220180049	453	0.3729629380561464	33	0.400806519631066	
30	474	0.3180362913536255	158	0.37309797145361273	132	0.3801698114291688	
31	274	0.140085177420553	380	0.20096702041145276	159	0.3850766198468182	
32	435	0.14720448553820223	175	0.24456797626945626	446	0.2960455399874046	
33	376	0.28133891666951716	335	0.35001376857529587	29	0.400806519631066	
34	145	0.3524794849417261	260	0.3795000595208305	207	0.6044006558698899	
35	21	0.3252488538816873	380	0.34687836156625673	274	0.3639083686316291	
36	378	0.38143852796319033	294	0.4061830955611708	27	0.40891318301640844	
37	393	0.5869375946566672	415	0.6914370291047409	457	0.7022598092992999	
38	417	0.16928380459098288	228	0.3565320748290206	160	0.37941282051612724	
39	430	0.4210488586379509	188	0.4485116508359535	107	0.4605358568584567	
40	222	0.25712290076234207	238	0.3337886544332965	422	0.37562256637371594	
41	358	0.26509130977399903	475	0.2883633431292234	491	0.35803335756183224	
42	220	0.29426165668523613	156	0.32401377788554736	26	0.3399906901457129	
43	21	0.3675052373852057	31	0.5404766463638333	274	0.5530386683238411	
44	189	0.6494157701421104	65	0.7490180751248271	124	0.8026136620060582	
45	413	0.35215984834364633	250	0.3525443758257825	287	0.426263890683627	
46	53	0.27416140041094433	326	0.307431766050683	32	0.46983912762383445	
47	14	0.2302772095217811	395	0.30769113134815007	226	0.31701450820208144	
48	94	0.2495191451886654	240	0.41699268516469484	187	0.5544308623505385	
49	399	0.23850020263328053	286	0.4010312552497267	58	0.5674152188007754	
50	57	0.3893045179066247	417	0.4807248097289561	228	0.521009615817509	
51	109	0.7590614138980325	57	0.8975065913620462	470	0.9275198776727204	
52	301	0.34942694183795375	313	0.45499876151414476	475	0.615721330702173	
53	46	0.27416140041094433	339	0.5065427626726549	214	0.5334527954666073	
54	346	0.24056865364076047	477	0.3314145058260749	371	0.5519410262127437	
55	118	0.3659315421601856	19	0.4683018206412916	173	0.49112305297667347	
56	159	0.31578686142773243	397	0.4363128001624529	181	0.507045826320493	
57	50	0.3893045179066247	228	0.5505499486720924	436	0.559193895490334	
58	49	0.5674152188007754	399	0.653067260519318	212	0.6715122716055217	
59	385	0.3890913519531144	431	0.5262481938120462	496	0.5801080259990111	
60	204	0.38984014467927236	354	0.6100002757081717	209	0.6229448909996607	
61	220	0.46792285598685773	397	0.4945031936795338	427	0.520420249434359	
62	72	0.2831418245861433	227	0.38258588623138434	324	0.6119396442351464	
63	367	0.1242281338417152	308	0.14396719232784938	454	0.4055340298860251	
64	465	0.2816834778701451	178	0.5591868819793626	89	0.6002101346762455	
65	277	0.49997389813718185	141	0.5333911987291247	190	0.6486667722186009	
66	140	0.2481590614684823	292	0.26313659490537694	442	0.30958782531776313	
67	362	0.26679708131552266	221	0.3306498925048788	413	0.4427101317326446	
68	379	0.33024227310660914	328	0.3416642948764643	9	0.38006334026026356	
69	355	0.3518765353122501	184	0.4158766409253227	375	0.6250043814539937	
70	131	0.201190745488706	204	0.35744357415500144	345	0.3945088576031768	
71	402	0.22805431872365534	210	0.27569394120966295	100	0.30786308326162504	
72	62	0.2831418245861433	324	0.5250913517330961	227	0.5357087053043621	
73	447	0.2906001593175245	340	0.4595837173559274	226	0.6011874871977962	
74	299	0.3852381850434039	311	0.6356107840044414	297	0.8456332481072567	
75	314	0.35703330514151127	330	0.5375406972297301	370	0.5377311381989455	
76	381	0.3782079355195274	369	0.4080260540779357	387	0.44827825301635127	
77	171	0.2450716301544715	320	0.24632861705189954	149	0.3651835984029045	
78	106	0.11523457690600913	268	0.2621801172016878	277	0.5283928305093398	
79	419	0.5753160321381358	181	0.6583481182259657	128	0.7231884449835135	
80	215	0.4181200718295263	236	0.5216720125350548	406	0.5563502480503719	
81	219	0.46577577305661616	252	0.5875109307082006	305	0.5952059886654084	
82	356	0.1852746066459972	196	0.2381777903962288	446	0.3468436788053806	
83	247	0.1187425777625617	234	0.3595124031520707	442	0.39534158976362466	
84	328	0.29487906822067406	215	0.3142811164548923	9	0.4347485746441637	
85	466	0.1468143697604354	302	0.3097081914251861	450	0.33990424934968544	
86	117	0.7449640250058854	291	0.7914158300987275	443	0.9157141531219916	
87	436	0.17654134143112854	228	0.30902537489948223	102	0.4925447075871043	
88	412	0.3466949865721909	113	0.3955678403185874	489	0.5329224083675222	
89	195	0.3914452798758284	465	0.3985661399832209	47	0.5146541020105238	
90	244	0.3539516993359179	245	0.4045238583834641	300	0.44054156205021194	
91	154	0.476587766458541	198	0.4883876817938573	11	0.5179922231593711	
92	349	0.1976112278705339	358	0.48280503762625676	41	0.48486045511361975	
93	175	0.267778223244638	435	0.33912787049692644	13	0.4317201221293778	
94	48	0.2495191451886654	443	0.40225200049385623	187	0.44414054920891605	
95	180	0.1369187305628946	405	0.1861775730836204	0	0.48431906179430023	
96	449	0.10355974626481314	490	0.41825142531394627	410	0.47746444100717006	
97	280	0.29735187151690906	352	0.3684465878121224	490	0.45498484942224493	
98	303	0.4638276378681927	370	0.634365927940282	136	0.6714929426815618	
99	121	0.15906480807748674	163	0.4132241769801321	332	0.5608977773722716	
100	210	0.21156492381432201	71	0.30786308326162504	3	0.49312100287698035	
101	323	0.3760044029968346	127	0.5462261309104954	325	0.7144294817657912	
102	164	0.16142675118147534	160	0.2236966946743972	275	0.3020415541670507	
103	141	0.48837285622680904	425	0.5654912831054767	130	0.7939145158029556	
104	174	0.23302840247316847	155	0.3681089318639691	8	0.7502391500269016	
105	441	0.29014974151954687	351	0.3834997559346791	152	0.4559243929095235	
106	78	0.11523457690600913	268	0.19027618963730059	498	0.44445383697290963	
107	115	0.44737568358456703	39	0.4605358568584567	430	0.7784022728208746	
108	146	0.20245971656095035	110	0.4785761009447179	276	0.55545468663566	
109	18	0.7570457691498067	51	0.7590614138980325	57	0.7920983414136509	
110	383	0.21866609685270424	460	0.3820426342655935	201	0.4281842567487679	
111	429	0.3092410360927411	211	0.513888181664503	114	0.7502136874387257	
112	259	0.1864479876814379	418	0.34008327782504844	35	0.47703983824754714	
113	489	0.29998672243189145	88	0.3955678403185874	229	0.48581099493753593	
114	429	0.62062281219474	111	0.7502136874387257	211	0.7737820190977481	
115	107	0.44737568358456703	18	0.6321803885141919	150	0.6358579304543883	
116	244	0.6898440723257551	245	0.7098200979658196	90	0.7663493651417659	
117	443	0.514123229133881	187	0.6644915519842439	378	0.6797832398894855	
118	173	0.2599598294856928	55	0.3659315421601856	391	0.6350217637454247	
119	260	0.39111695670369767	145	0.43829130996726384	246	0.5135747824178628	
120	469	1.7566255346359645	401	2.026176680742	263	2.072023989918244	
121	99	0.15906480807748674	163	0.3925949048720041	6	0.49877680398911695	
122	456	0.2608004837239352	388	0.270926962910728	471	0.3243387620319036	
123	150	0.2487002243451874	312	0.5043543946392989	343	0.6588337708323178	
124	151	0.5010040963619384	189	0.7560113724661608	308	0.763283434132543	
125	401	0.24394100685711986	168	0.2872764069037996	140	0.30986568973420237	
126	142	1.2544768989600705	354	1.324719165511409	101	1.5729139044136664	
127	325	0.436653268579198	101	0.5462261309104954	70	0.5527412732947916	
128	139	0.35008806948904814	333	0.35854550530061496	181	0.5376889840980213	
129	249	0.3272384543814282	449	0.45997660986273603	484	0.46803546029448795	
130	148	0.4913705538622645	103	0.7939145158029556	182	0.831904926733528	
131	70	0.201190745488706	345	0.28311773238933674	208	0.38873073882103976	
132	158	0.3519218789264684	30	0.3801698114291688	474	0.4014648112411713	
133	276	0.9297814110966114	252	1.0675106762933868	64	1.0737142015732366	
134	450	0.5199070279205898	385	0.5255435436117758	85	0.6004146218046075	
135	289	0.2304108992796855	239	0.32277386660424606	294	0.4257886628990596	
136	384	0.5566416476679562	98	0.6714929426815618	75	0.672499343187475	
137	331	0.2500041286312942	481	0.5761053351359134	390	0.7463821105650168	
138	448	0.4422448323403651	457	0.6921452865862608	467	0.8606526095785564	
139	333	0.24799962111333082	128	0.35008806948904814	427	0.4646693038031996	
140	66	0.2481590614684823	125	0.30986568973420237	442	0.38145979102472294	
141	103	0.48837285622680904	65	0.5333911987291247	377	0.6931560471628903	
142	354	0.9405099672420015	1	0.9916999113629349	60	1.0810608614421444	
143	160	0.46859090044578205	208	0.5715987956636716	102	0.6020901385038746	
144	43	0.5791124614557177	468	0.7458953688433944	21	0.8142225176464207	
145	260	0.25232159975565843	34	0.3524794849417261	119	0.43829130996726384	
146	108	0.20245971656095035	110	0.4805043090561095	412	0.5095162605291542	
147	306	0.4549907044407002	392	0.831474762321462	188	0.8618172761291786	
148	130	0.4913705538622645	388	0.6933330095167168	182	0.743658091151353	
149	171	0.2035846190777133	187	0.2339441931922641	378	0.23473552355097746	
150	123	0.2487002243451874	312	0.5340181443904458	474	0.5980704179409821	
151	482	0.27247983742912923	16	0.41415933325864124	359	0.4411208500059845	
152	441	0.2410780497487898	368	0.3990302468648592	105	0.4559243929095235	
153	9	0.44268839004329585	68	0.4543353233259164	183	0.48076093310231705	
154	91	0.476587766458541	312	0.5032600321428988	319	0.5109709820835604	
155	104	0.3681089318639691	174	0.4829586608171321	492	0.8498389354240311	
156	369	0.2762050972004824	387	0.3215182883439108	42	0.32401377788554736	
157	384	0.5921711065818243	91	0.613086890333204	193	0.642624829758283	
158	132	0.3519218789264684	30	0.37309797145361273	312	0.37999078406727793	
159	56	0.31578686142773243	31	0.3850766198468182	274	0.44345217297827394	
160	102	0.2236966946743972	228	0.345253665299079	275	0.3645408924613385	
161	183	0.14559284338162398	317	0.38967232066129265	406	0.45067907112244215	
162	134	0.640754164332398	223	0.6455017065303961	263	0.6522451404321785	
163	121	0.3925949048720041	99	0.4132241769801321	462	0.4488507455091853	
164	102	0.16142675118147534	275	0.33881811017325986	160	0.37924134965744427	
165	406	0.20963219245532458	341	0.2645614798413576	317	0.3048815383599836	
166	329	0.39522248467132615	324	0.45882686917266297	257	0.4897256656520034	
167	347	0.1140480733137023	454	0.4763909820299218	422	0.5764192220838651	
168	401	0.19983219457705526	125	0.2872764069037996	442	0.45498064544969047	
169	295	0.38781629885942415	414	0.5797982268863964	410	0.6137172092611274	
170	391	0.719147169315177	237	0.7965924762266072	426	0.843631386639683	
171	378	0.1603938635801796	149	0.2035846190777133	77	0.2450716301544715	
172	246	0.37382309560279836	260	0.43507196275984567	314	0.534371771043806	
173	118	0.2599598294856928	55	0.49112305297667347	294	0.5002777280825257	
174	104	0.23302840247316847	155	0.4829586608171321	8	0.8988538999920069	
175	435	0.1392173555064443	32	0.24456797626945626	93	0.267778223244638	
176	310	0.6031121070320046	186	0.7199059361257628	396	0.7934667911369739	
177	413	0.2826788864412698	67	0.5518048564276519	221	0.5636311591110538	
178	465	0.4786544253929282	64	0.5591868819793626	252	0.5626999708940332	
179	22	0.5022192902302869	190	0.5448546425398494	265	0.5732835687371344	
180	95	0.1369187305628946	405	0.2690928625416306	0	0.3589722307847273	
181	159	0.4898713798646574	56	0.507045826320493	128	0.5376889840980213	
182	388	0.3459496131727428	271	0.4940386238788607	443	0.5479412042491192	
183	161	0.14559284338162398	298	0.4132478090976839	153	0.48076093310231705	
184	69	0.4158766409253227	375	0.496340351069458	266	0.5638854352196492	
185	298	0.23340005980647227	152	0.4597917146146163	183	0.527781821922488	
186	396	0.32677314711490396	269	0.44278377044272615	2	0.46899607241874985	
187	149	0.2339441931922641	272	0.3562148542016101	171	0.36767319111757835	
188	39	0.4485116508359535	430	0.5801283576265301	495	0.6023176033283487	
189	44	0.6494157701421104	124	0.7560113724661608	151	1.2448005563464866	
190	277	0.45366168571295407	179	0.5448546425398494	22	0.5768700337891131	
191	290	0.3073321078866986	389	0.4828392049801488	230	0.5417219362467863	
192	13	0.3917144122296519	326	0.5174619604341864	231	0.5763787487283688	
193	157	0.642624829758283	384	0.8417953675229952	58	0.8911025038977667	
194	339	0.4339610096776081	318	0.47283359747772835	196	0.5133048146467348	
195	89	0.3914452798758284	229	0.4129172530435688	47	0.493259807465142	
196	82	0.2381777903962288	356	0.3504654464429787	194	0.5133048146467348	
197	392	0.20643918122377505	306	0.43658312396961435	363	0.5930378183658179	
198	11	0.29659833048657314	473	0.33344694642766765	452	0.4550347913999441	
199	371	0.5105683083100506	477	0.5740854522927202	54	0.5764247540219349	
200	264	0.2260757856398162	452	0.3037051761214525	290	0.32407982702684096	
201	203	0.16762917625214702	383	0.27756091611045924	110	0.4281842567487679	
202	254	0.2952478105597796	293	0.39462329590187073	182	0.8027406040920726	
203	201	0.16762917625214702	383	0.41473945933630474	110	0.5316569953564789	
204	70	0.35744357415500144	60	0.38984014467927236	131	0.49008062619847903	
205	231	0.2030772666017599	332	0.2659997550696521	365	0.36205667532340524	
206	232	0.2412409935599259	396	0.41933955028997166	282	0.5667198273631311	
207	286	0.31732300511403927	34	0.6044006558698899	473	0.6290508927968866	
208	325	0.36739085912249203	131	0.38873073882103976	345	0.40888538967131277	
209	204	0.554669525728044	305	0.5630624721650018	345	0.5891758107760845	
210	100	0.21156492381432201	71	0.27569394120966295	3	0.45384082047836727	
211	111	0.513888181664503	429	0.7347049359425103	114	0.7737820190977481	
212	499	0.3481105110719973	286	0.5282881198380156	399	0.5602638993625358	
213	318	0.2834915149411892	437	0.4825542647012485	194	0.538604366710754	
214	233	0.25012813239733134	420	0.28198306008638996	340	0.44717611251662354	
215	84	0.3142811164548923	80	0.4181200718295263	493	0.47086465310466996	
216	220	0.2340653137535636	42	0.38766637263113257	26	0.5279701304184317	
217	440	0.30402479988951364	353	0.3110642256347551	281	0.5582741084280561	
218	427	0.5347573843272793	139	0.6599988449296955	333	0.8477282141082543	
219	423	0.44847931306438704	81	0.46577577305661616	470	0.5651659519435625	
220	216	0.2340653137535636	42	0.29426165668523613	61	0.46792285598685773	
221	491	0.1585350977972702	67	0.3306498925048788	418	0.40202066583524615	
222	238	0.18820152354799485	40	0.25712290076234207	422	0.410543887729543	
223	162	0.6455017065303961	15	0.9747494335644892	263	1.0631596054475003	
224	114	0.7776020891119046	425	0.8544710864151369	28	0.9139103341707815	
225	352	0.30004261025278844	482	0.3152509749710144	280	0.38822679057894904	
226	47	0.31701450820208144	395	0.3428590900683362	93	0.4670750810186158	
227	62	0.38258588623138434	72	0.5357087053043621	324	0.9294136244098249	
228	436	0.27401734175693837	87	0.30902537489948223	160	0.345253665299079	
229	489	0.24450660444881314	195	0.4129172530435688	113	0.48581099493753593	
230	290	0.3650759029310231	153	0.4924107910244409	317	0.5203916654048187	
231	205	0.2030772666017599	365	0.39656396143802586	332	0.44066322991159335	
232	206	0.2412409935599259	396	0.27884488568968946	300	0.40902126547512835	
233	420	0.17798205452755442	214	0.25012813239733134	340	0.273454216181128	
234	247	0.33249627505713375	83	0.3595124031520707	364	0.39203275479731775	
235	428	0.28118688222636945	409	0.7085683013968469	389	0.8183520629989937	
236	357	0.37358530876850776	337	0.5150596460760412	80	0.5216720125350548	
237	432	0.2095894262323235	426	0.47415202375011267	464	0.47828493667892596	
238	222	0.18820152354799485	40	0.3337886544332965	422	0.385085682938118	
239	366	0.307602734122174	135	0.32277386660424606	390	0.3237472279951007	
240	48	0.41699268516469484	486	0.4396396325437422	94	0.5316136370443078	
241	311	0.5182030360298272	309	0.5280485765764746	450	0.5688563885999072	
242	486	0.7534603504213294	211	0.9855240135698968	86	1.0248485982196145	
243	255	0.22776535024159245	489	0.5245169937225813	395	0.5396813901318688	
244	245	0.22943196864058538	90	0.3539516993359179	344	0.4578779585461471	
245	244	0.22943196864058538	90	0.4045238583834641	394	0.4322317221668662	
246	172	0.37382309560279836	260	0.45994107110195404	119	0.5135747824178628	
247	83	0.1187425777625617	234	0.33249627505713375	442	0.4991020774979486	
248	83	0.8634207757757612	247	0.8902050064760758	199	0.9191299066298698	
249	129	0.3272384543814282	487	0.4788667956296849	484	0.6970188312504697	
250	45	0.3525443758257825	287	0.4204488379749876	285	0.49410399294727614	
251	12	0.48505348061995	256	0.5171144712997949	439	0.7996680942481083	
252	178	0.5626999708940332	219	0.5681789155133526	81	0.5875109307082006	
253	431	0.7732499863024208	461	0.8883102681928486	20	0.9266443212112718	
254	202	0.2952478105597796	293	0.3114197047215851	182	0.6492883657000094	
255	243	0.22776535024159245	489	0.5783622579294226	395	0.5867489370226546	
256	251	0.5171144712997949	361	0.6625076033345103	12	0.7350558652736958	
257	397	0.3211577117732155	329	0.39269134338413364	42	0.4203940821521636	
258	163	0.4950368740340428	285	0.5112471501213328	250	0.6168697427084403	
259	112	0.1864479876814379	418	0.3010559908865193	408	0.5778169883625508	
260	145	0.25232159975565843	34	0.3795000595208305	119	0.39111695670369767	
261	322	0.35384538895721024	71	0.4522718045559464	464	0.4759587173517166	
262	273	0.4172195549112211	470	0.50926379126599	219	0.627083696760526	
263	469	0.32649543818851584	385	0.5516608509425076	162	0.6522451404321785	
264	452	0.17445043198951068	200	0.2260757856398162	360	0.3149014937832403	
265	485	0.36560243787157354	16	0.47502124884132907	359	0.5553265141791495	
266	411	0.34768160337418746	16	0.4353113227778976	482	0.4510630912695096	
267	462	0.4889113102258404	121	0.6049403383815766	6	0.6200093836831344	
268	106	0.19027618963730059	78	0.2621801172016878	210	0.47464239183896634	
269	25	0.1352217352511268	316	0.24093382608463743	23	0.3134495240868674	
270	410	0.2542929682323669	414	0.27416282243864804	96	0.5350452364989381	
271	182	0.4940386238788607	498	0.5130437626754505	443	0.5546722128415016	
272	149	0.29804375690351237	187	0.3562148542016101	456	0.3670684232882518	
273	262	0.4172195549112211	423	0.5348490864529434	219	0.6305657510889128	
274	380	0.06428749843472802	31	0.140085177420553	21	0.3038392065781147	
275	102	0.3020415541670507	164	0.33881811017325986	160	0.3645408924613385	
276	108	0.55545468663566	146	0.7122570461155768	252	0.8479209993085837	
277	190	0.45366168571295407	65	0.49997389813718185	78	0.5283928305093398	
278	146	0.6757787751656709	412	0.7811569390709685	108	0.7958916174551441	
279	284	0.32165717094188057	364	0.3300008951952408	438	0.3927451535977875	
280	97	0.29735187151690906	225	0.38822679057894904	355	0.4542940311760464	
281	3	0.3391151235698603	353	0.5126432024348173	440	0.5206542493848394	
282	498	0.40811055597723433	402	0.47526757239475687	25	0.4965510828448907	
283	438	0.29617299810950276	302	0.37245872632582455	292	0.43308974782715437	
284	279	0.32165717094188057	422	0.4262879118298428	63	0.47637873278777965	
285	205	0.44551596676195615	332	0.45371408573980637	250	0.49410399294727614	
286	207	0.31732300511403927	399	0.3772706572284574	49	0.4010312552497267	
287	250	0.4204488379749876	45	0.426263890683627	258	0.6517358719244172	
288	410	0.4993306642111052	129	0.5284311119578097	449	0.5632904750981672	
289	294	0.20719911945041875	135	0.2304108992796855	239	0.44836590812282134	
290	191	0.3073321078866986	200	0.32407982702684096	230	0.3650759029310231	
291	443	0.39898451596622075	182	0.5729678795984168	271	0.6673256379826324	
292	442	0.2536581991742814	66	0.26313659490537694	283	0.43308974782715437	
293	254	0.3114197047215851	202	0.39462329590187073	182	0.5813820712610244	
294	289	0.20719911945041875	36	0.4061830955611708	135	0.4257886628990596	
295	169	0.38781629885942415	480	0.5275448062216319	96	0.5619347672314252	
296	352	0.3539944072172998	416	0.36683532020281273	308	0.3821616611571285	
297	299	0.46416473669786645	74	0.8456332481072567	311	1.082796270453015	
298	185	0.23340005980647227	183	0.4132478090976839	161	0.48543747126145126	
299	74	0.3852381850434039	297	0.46416473669786645	311	0.7339889941791119	
300	23	0.3713528644419858	232	0.40902126547512835	90	0.44054156205021194	
301	52	0.34942694183795375	313	0.35387255412588575	214	0.48926478250747113	
302	466	0.1939714236486095	490	0.2567500171992472	85	0.3097081914251861	
303	98	0.4638276378681927	75	0.7862693435418099	136	0.7979486105317329	
304	493	0.4920829626004018	404	0.4990240625725948	80	0.5611101800465427	
305	1	0.4649081693457782	209	0.5630624721650018	81	0.5952059886654084	
306	392	0.41481790751159187	197	0.43658312396961435	147	0.4549907044407002	
307	89	1.5353753340710132	64	1.5855190843178193	465	1.6362690951398622	
308	63	0.14396719232784938	367	0.24106622470136002	296	0.3821616611571285	
309	445	0.16241766124132873	480	0.2283817843328733	444	0.33755818227362894	
310	176	0.6031121070320046	186	1.1483623046896854	69	1.1837177431097445	
311	241	0.5182030360298272	445	0.5956405464705957	74	0.6356107840044414	
312	158	0.37999078406727793	30	0.39695264198054386	376	0.47638583567518056	
313	301	0.35387255412588575	340	0.40518949045066405	52	0.45499876151414476	
314	75	0.35703330514151127	474	0.36527903298996245	172	0.534371771043806	
315	330	0.4566072992746995	370	0.5178357405285561	349	0.5794319015216711	
316	269	0.24093382608463743	2	0.28829692402352936	25	0.3327377268402775	
317	165	0.3048815383599836	161	0.38967232066129265	406	0.412919443750856	
318	213	0.2834915149411892	194	0.47283359747772835	437	0.5046486281486414	
319	376	0.3760765885264284	154	0.5109709820835604	33	0.5669493883944976	
320	77	0.24632861705189954	171	0.3061024985875881	378	0.4022495258271921	
321	415	0.9927123118618348	17	1.0701725282926446	382	1.173513020273923	
322	261	0.35384538895721024	402	0.4072785481658951	71	0.40940074328887055	
323	101	0.3760044029968346	127	0.8303610986800625	459	0.9970988689659387	
324	329	0.39454971194084726	76	0.4575314475119648	166	0.45882686917266297	
325	208	0.36739085912249203	127	0.436653268579198	70	0.6031761399530249	
326	46	0.307431766050683	32	0.34483045682495644	175	0.4275400780764949	
327	485	0.45044422187394484	359	0.4982133326571172	16	0.6135826209896793	
328	9	0.21604103153785786	84	0.29487906822067406	68	0.3416642948764643	
329	257	0.39269134338413364	324	0.39454971194084726	166	0.39522248467132615	
330	370	0.44655816798528253	315	0.4566072992746995	350	0.526770473847009	
331	137	0.2500041286312942	481	0.48931837329173183	390	0.7056609317329032	
332	205	0.2659997550696521	231	0.44066322991159335	285	0.45371408573980637	
333	139	0.24799962111333082	128	0.35854550530061496	427	0.5124481258189185	
334	336	0.6287611965986506	287	0.8081958287430034	258	0.8359633828500636	
335	343	0.23348040972319747	360	0.23617057407656583	33	0.35001376857529587	
336	334	0.6287611965986506	258	1.2873396533948938	424	1.3453909138146283	
337	404	0.332525292854963	357	0.4004444169117502	493	0.4479461971078347	
338	2	0.36699685252675174	316	0.5524570141007218	269	0.7821018981351149	
339	194	0.4339610096776081	53	0.5065427626726549	208	0.5603627264897046	
340	233	0.273454216181128	447	0.3086519356060693	313	0.40518949045066405	
341	373	0.24440976270591824	165	0.2645614798413576	27	0.26824385119707794	
342	389	0.4623553157376964	472	0.5850396954768815	191	0.7865121123008092	
343	335	0.23348040972319747	360	0.3779874717192752	473	0.4885377985438383	
344	464	0.19519736098643534	244	0.4578779585461471	432	0.5047153301930992	
345	131	0.28311773238933674	70	0.3945088576031768	208	0.40888538967131277	
346	54	0.24056865364076047	477	0.28146216656116163	247	0.6377136469203143	
347	167	0.1140480733137023	454	0.4265226953523625	422	0.5368731449990464	
348	10	0.33793989211024567	296	0.46192633199322425	308	0.48318815019112915	
349	92	0.1976112278705339	41	0.5777034784019675	315	0.5794319015216711	
350	370	0.386953384911633	405	0.4603059941233714	330	0.526770473847009	
351	471	0.2761148166945373	105	0.3834997559346791	377	0.4230245362361977	
352	225	0.30004261025278844	296	0.3539944072172998	97	0.3684465878121224	
353	440	0.2384398790331107	217	0.3110642256347551	3	0.36002007413097875	
354	60	0.6100002757081717	204	0.7252768919907817	101	0.7622447344298069	
355	69	0.3518765353122501	449	0.43060962966155875	280	0.4542940311760464	
356	82	0.1852746066459972	196	0.3504654464429787	446	0.46204386447389517	
357	493	0.3491887826903839	236	0.37358530876850776	337	0.4004444169117502	
358	475	0.04500331044233745	41	0.26509130977399903	418	0.3642910222331714	
359	16	0.1598000229660681	482	0.3897957454657149	151	0.4411208500059845	
360	335	0.23617057407656583	264	0.3149014937832403	343	0.3779874717192752	
361	113	0.5051125569485394	203	0.5987110803967917	201	0.6188299154325188	
362	67	0.26679708131552266	415	0.45354171030579077	17	0.4726882474247455	
363	398	0.5569332625652463	197	0.5930378183658179	319	0.6141948081060412	
364	279	0.3300008951952408	438	0.3339145671460236	234	0.39203275479731775	
365	205	0.36205667532340524	372	0.3753473060267788	231	0.39656396143802586	
366	390	0.058784081497392435	239	0.307602734122174	261	0.5704150366297094	
367	63	0.1242281338417152	308	0.24106622470136002	454	0.3033155449767943	
368	122	0.37504168280130806	152	0.3990302468648592	456	0.5050963361092302	
369	387	0.23566567657511953	156	0.2762050972004824	407	0.3076199299958117	
370	350	0.386953384911633	330	0.44655816798528253	315	0.5178357405285561	
371	199	0.5105683083100506	54	0.5519410262127437	477	0.70522364409779	
372	0	0.20828961395022624	365	0.3753473060267788	420	0.4242013101366585	
373	27	0.14479915875248922	341	0.24440976270591824	36	0.4691446577605923	
374	17	0.8763614958742835	415	0.9664487760685934	451	1.0552669172497335	
375	280	0.49099633316520414	184	0.496340351069458	16	0.5267702773071101	
376	33	0.28133891666951716	319	0.3760765885264284	312	0.47638583567518056	
377	351	0.4230245362361977	471	0.4393661075904229	105	0.4639619828400352	
378	171	0.1603938635801796	149	0.23473552355097746	36	0.38143852796319033	
379	341	0.30140559889803836	406	0.32999671946787706	68	0.33024227310660914	
380	274	0.06428749843472802	31	0.20096702041145276	21	0.2762164669955378	
381	407	0.264417995558452	156	0.3553596584716707	76	0.3782079355195274	
382	488	0.33753881681410025	424	0.5234712562577214	45	0.6810846591731927	
383	110	0.21866609685270424	201	0.27756091611045924	203	0.41473945933630474	
384	136	0.5566416476679562	91	0.5733479503458576	157	0.5921711065818243	
385	59	0.3890913519531144	496	0.49633721857893576	134	0.5255435436117758	
386	298	0.7997676453438718	185	0.8211986476191079	441	0.8358522661363879	
387	369	0.23566567657511953	156	0.3215182883439108	76	0.44827825301635127	
388	122	0.270926962910728	182	0.3459496131727428	471	0.40565260746863857	
389	472	0.3156000579755139	4	0.4420997396758386	290	0.4605426844053576	
390	366	0.058784081497392435	239	0.3237472279951007	261	0.5921880892880778	
391	173	0.583595210868783	118	0.6350217637454247	170	0.719147169315177	
392	197	0.20643918122377505	306	0.41481790751159187	363	0.7138439826232291	
393	37	0.5869375946566672	457	0.7397170036966394	138	0.8820749974550136	
394	245	0.4322317221668662	244	0.6557942857008819	217	0.7152252147865108	
395	47	0.30769113134815007	14	0.3223064961790547	226	0.3428590900683362	
396	232	0.27884488568968946	186	0.32677314711490396	206	0.41933955028997166	
397	257	0.3211577117732155	42	0.351610941451425	26	0.37332849798864615	
398	429	0.45292822057200816	363	0.5569332625652463	409	0.6021858714913803	
399	49	0.23850020263328053	286	0.3772706572284574	212	0.5602638993625358	
400	468	0.291920894674278	408	0.5171069788376832	31	0.8096105535710343	
401	168	0.19983219457705526	125	0.24394100685711986	140	0.5362737341663187	
402	71	0.22805431872365534	322	0.4072785481658951	23	0.41075332434294143	
403	287	0.7491261983027001	45	1.047056571348472	166	1.060714200031383	
404	337	0.332525292854963	493	0.4449475260034041	304	0.4990240625725948	
405	95	0.1861775730836204	180	0.2690928625416306	350	0.4603059941233714	
406	165	0.20963219245532458	379	0.32999671946787706	341	0.38472125871803886	
407	381	0.264417995558452	369	0.3076199299958117	156	0.34519571418348854	
408	159	0.49938024742277237	400	0.5171069788376832	56	0.5181456031201722	
409	398	0.6021858714913803	363	0.6883188600852843	235	0.7085683013968469	
410	270	0.2542929682323669	414	0.4462405117073303	449	0.4589216794450915	
411	266	0.34768160337418746	416	0.48571064494264166	482	0.5229341614350939	
412	88	0.3466949865721909	201	0.4742980532231246	146	0.5095162605291542	
413	177	0.2826788864412698	45	0.35215984834364633	67	0.4427101317326446	
414	270	0.27416282243864804	410	0.4462405117073303	169	0.5797982268863964	
415	17	0.2822626718512138	362	0.45354171030579077	67	0.5776551792298829	
416	296	0.36683532020281273	411	0.48571064494264166	450	0.5022420928210712	
417	38	0.16928380459098288	228	0.4342970284798814	50	0.4807248097289561	
418	259	0.3010559908865193	112	0.34008327782504844	358	0.3642910222331714	
419	79	0.5753160321381358	227	1.0756094474173759	62	1.199775791369795	
420	233	0.17798205452755442	214	0.28198306008638996	0	0.29865143619043044	
421	68	0.5445981302621836	230	0.572861856791671	27	0.5931655706982258	
422	40	0.37562256637371594	238	0.385085682938118	222	0.410543887729543	
423	219	0.44847931306438704	470	0.515058238899487	273	0.5348490864529434	
424	382	0.5234712562577214	488	0.6360405389331498	448	0.896436664036072	
425	103	0.5654912831054767	141	0.7004608469480194	495	0.7598473226627301	
426	432	0.3980735421952393	239	0.4653721853726962	237	0.47415202375011267	
427	139	0.4646693038031996	333	0.5124481258189185	61	0.520420249434359	
428	235	0.28118688222636945	409	0.9125375482051701	342	0.9298831969939527	
429	111	0.3092410360927411	398	0.45292822057200816	114	0.62062281219474	
430	495	0.18213924584192845	39	0.4210488586379509	188	0.5801283576265301	
431	59	0.5262481938120462	385	0.5486019675424367	434	0.6583515642385233	
432	237	0.2095894262323235	426	0.3980735421952393	464	0.46040983236881206	
433	444	0.8525592683676122	445	1.0039493763458227	74	1.1253893799853707	
434	20	0.5264460606693655	238	0.5302082926369137	59	0.5862668496579366	
435	175	0.1392173555064443	32	0.14720448553820223	446	0.31371013845688117	
436	87	0.17654134143112854	228	0.27401734175693837	102	0.43806228284783066	
437	213	0.4825542647012485	318	0.5046486281486414	194	0.6324155304532264	
438	283	0.29617299810950276	302	0.33044470678087995	466	0.3318341989657945	
439	12	0.5454772413025455	251	0.7996680942481083	412	1.0859039447988987	
440	353	0.2384398790331107	217	0.30402479988951364	3	0.3765748185237372	
441	152	0.2410780497487898	105	0.29014974151954687	298	0.5380315749441652	
442	292	0.2536581991742814	66	0.30958782531776313	140	0.38145979102472294	
443	291	0.39898451596622075	94	0.40225200049385623	187	0.47477889504555376	
444	445	0.20052825677350672	309	0.33755818227362894	480	0.5360348014253887	
445	309	0.16241766124132873	444	0.20052825677350672	480	0.3874285969717219	
446	32	0.2960455399874046	435	0.31371013845688117	82	0.3468436788053806	
447	73	0.2906001593175245	340	0.3086519356060693	233	0.4509318400115435	
448	138	0.4422448323403651	457	0.48608561946296985	467	0.6577169505015976	
449	96	0.10355974626481314	355	0.43060962966155875	410	0.4589216794450915	
450	85	0.33990424934968544	466	0.45014194830460574	416	0.5022420928210712	
451	37	0.7690849958623002	393	0.9547827950058378	374	1.0552669172497335	
452	264	0.17445043198951068	200	0.3037051761214525	473	0.3522097567937932	
453	476	0.1753459236566456	29	0.3729629380561464	463	0.4035955384371287	
454	367	0.3033155449767943	63	0.4055340298860251	347	0.4265226953523625	
455	462	0.4181992475906476	267	0.6229189211499382	163	0.6880396664588397	
456	122	0.2608004837239352	272	0.3670684232882518	471	0.44623056024402785	
457	467	0.40832015087602985	448	0.48608561946296985	138	0.6921452865862608	
458	483	0.22608233671886133	29	0.3111901220180049	453	0.5531522159740743	
459	339	0.9011951585568796	315	0.9024073126979407	437	0.9079051850369178	
460	110	0.3820426342655935	383	0.5164975053010377	252	0.6319963556000767	
461	238	0.49479631694461007	20	0.5818958135807378	222	0.6171587131380377	
462	455	0.4181992475906476	163	0.4488507455091853	267	0.4889113102258404	
463	476	0.2318594188771376	200	0.35262164061609785	4	0.3794937086554816	
464	344	0.19519736098643534	322	0.43589046373329854	432	0.46040983236881206	
465	64	0.2816834778701451	89	0.3985661399832209	178	0.4786544253929282	
466	85	0.1468143697604354	302	0.1939714236486095	438	0.3318341989657945	
467	457	0.40832015087602985	313	0.514639063857824	73	0.6125838995069618	
468	400	0.291920894674278	408	0.618167613807145	144	0.7458953688433944	
469	263	0.32649543818851584	401	0.7605401827586014	385	0.8363096675799181	
470	262	0.50926379126599	423	0.515058238899487	219	0.5651659519435625	
471	351	0.2761148166945373	122	0.3243387620319036	272	0.36764871982503095	
472	4	0.30995390828736025	389	0.3156000579755139	463	0.5336791514677885	
473	198	0.33344694642766765	452	0.3522097567937932	264	0.35427933053302635	
474	30	0.3180362913536255	314	0.36527903298996245	132	0.4014648112411713	
475	358	0.04500331044233745	41	0.2883633431292234	418	0.3792093188798282	
476	453	0.1753459236566456	463	0.2318594188771376	29	0.4265687082654731	
477	346	0.28146216656116163	54	0.3314145058260749	199	0.5740854522927202	
478	19	0.5306870908743524	2	0.6120074107006612	316	0.6619801807537744	
479	375	0.5670503369404103	288	0.6167021111741726	280	0.6199754528565142	
480	309	0.2283817843328733	445	0.3874285969717219	492	0.42202469707256984	
481	494	0.3743180078909016	331	0.48931837329173183	137	0.5761053351359134	
482	151	0.27247983742912923	225	0.3152509749710144	16	0.3239839000669049	
483	458	0.22608233671886133	29	0.4664593473501332	368	0.6454356149854108	
484	129	0.46803546029448795	96	0.529311838777409	270	0.5358146997008549	
485	265	0.36560243787157354	359	0.44762677910718823	327	0.45044422187394484	
486	240	0.4396396325437422	48	0.6168531932000118	94	0.7047449160476904	
487	249	0.4788667956296849	292	0.5184801228828597	283	0.5671752381869052	
488	382	0.33753881681410025	424	0.6360405389331498	67	0.6779042808443121	
489	229	0.24450660444881314	113	0.29998672243189145	243	0.5245169937225813	
490	302	0.2567500171992472	96	0.41825142531394627	466	0.4274125387599247	
491	221	0.1585350977972702	41	0.35803335756183224	475	0.39326077123312136	
492	480	0.42202469707256984	302	0.4686817973648921	466	0.49996103908448014	
493	357	0.3491887826903839	404	0.4449475260034041	337	0.4479461971078347	
494	481	0.3743180078909016	328	0.5413855867334706	84	0.5879392254900053	
495	430	0.18213924584192845	39	0.5602617253287568	188	0.6023176033283487	
496	385	0.49633721857893576	59	0.5801080259990111	134	0.7269155223056332	
497	374	1.1098884123422887	400	1.1892086346124089	468	1.3960516547472241	
498	282	0.40811055597723433	106	0.44445383697290963	268	0.4869104525773568	
499	212	0.3481105110719973	11	0.4226278183333739	452	0.46238866191553873	
