2.2965820064334617	1.5609899151769486	-1.2034906303630086	4
1.3615854929431710	-0.4417738685140726	0.6016319269223264	0
-0.3066158777157086	-1.5387572177321478	2.6080882244141614	2
-0.9025767726319893	-0.8940877285276262	1.6164473434650202	2
0.3002808584794246	0.9510267040574321	1.8281808866325555	3
-1.0140123936394816	-0.7328686644702781	3.4481624957192261	2
0.8101973636958533	2.0112729006506367	-1.2564474482939250	4
0.3143662217583122	-1.7166973327363046	4.8953866775247672	2
-1.7424198970430376	-3.5348751733591630	-0.0757851707977198	1
0.5933693097330326	0.0144892354837620	0.8046181816816689	2
-1.3485938832180293	-1.5873573273782982	-0.6167830689969023	1
0.3073208134763227	1.8477858092258197	1.0652800330692509	3
3.5944221102721929	0.1892637988638562	-0.4850662735043673	0
1.0957243326816282	0.1858645467415014	-0.9688841471214086	0
2.2140162258137601	0.3168564688596384	-1.0143414133609594	4
-1.6677259244379237	-3.9342889708227435	-1.6208963319338694	1
-1.8223368018120270	-1.7039055793890436	0.6448893677064740	1
2.3675731931280239	2.5020856636456785	-2.1807836680251254	4
-0.3377185285934560	0.9092142904437560	-0.7626581013788593	3
-0.2501636539725566	-0.6920901745351747	2.8622971424598949	2
-0.5035635552494768	-2.1298973945117092	-1.1189591559368139	1
3.0221332387328168	3.2506751823052822	-0.8430756966187637	4
-2.0323924576531027	-0.9426363413950475	1.5696257167075096	2
-0.3950411636957341	-1.1012174500673524	1.7594135597731890	2
0.6593738197544329	0.0445153687991210	2.3780586304342259	2
-0.6111210208589644	-1.3742541223014717	2.1619835633385041	2
1.6999642917078996	2.3919345432216770	-0.9196754531152583	4
0.1637124746962447	-0.0476350632733252	1.7626068384062883	2
-1.7272328297341915	1.0458292431153016	0.0776026196337245	3
0.0634543091516813	1.0070956681440533	1.4511280164003848	3
0.4173426340470623	1.6249494526181092	0.3144782943922527	3
2.2291541501424046	3.4076499362685628	-1.2933044528011428	4
1.8180087711507320	1.0282133067402288	-0.8844592843831340	0
-0.2947538484283298	1.6793175347844858	0.7854256167419807	3
0.6253916183053143	0.9182854179522030	0.0963034158215289	0
2.4005988481585718	3.0428104010669785	-1.0631402671117678	4
0.1811936209644681	-0.1427366146748477	2.1599229539752183	2
2.7583776961375843	1.9192112839821409	-2.7236027057906922	0
0.9764645793798046	0.3741136614329019	-0.6654559954843636	0
-1.5403064364848666	1.5602243850332680	0.1402889507343723	3
-1.1476894609833859	-1.5823900774590185	-0.1900712104041525	1
1.7156141071746944	2.7864539020451593	-1.2376817317967888	4
1.8784693155389651	2.9433029681478424	-0.9612586940962869	4
2.4305386359878525	3.6055821226322609	-0.8324550807426068	4
-1.6992536059657033	-0.6582998694528923	-0.2542545406471820	3
1.5659072029066179	2.2177285204275892	-2.4320452466934830	4
1.4694419051965459	0.1882958415433480	-1.2536869751304007	0
2.6504952760302416	0.2931550792605628	-1.3065288103276385	0
-0.6553040781461282	0.6380757602150735	1.7583626967213069	3
1.3220772154066829	1.5042486623234912	0.0873246153413363	3
1.0556966949693183	0.3647995191596342	-0.9496860322630736	0
0.0821639732477961	-0.1224470477666106	-1.4310674153420966	0
2.3585030401503997	2.0993475258043937	-1.7274495696151506	4
1.6680992563771351	1.2284871135744231	-0.9264319138602679	4
0.0045163940696263	-2.0163305031905194	0.0893576412221349	1
0.6132960030866167	-0.8458290425773295	3.2213013566237838	2
1.8317222794140400	3.2150509746125930	-1.6646694062996090	4
0.2776915892150189	0.8500970802476795	-0.9299300265882031	0
1.3315467509142338	2.1898702338863543	0.5178911224866787	3
-1.4987232985031875	-2.3842601770476035	-0.6790774465031529	1
1.1432432613329855	0.4005581910725052	-0.1834720343585078	0
1.7296186072907278	3.2997970380566253	-0.8565768084227764	4
-0.0705810297319193	3.1660237726453353	-1.5380995654299388	4
-1.3684092276241191	-1.8443154788826237	0.0504436041077949	1
2.3356854399332789	-0.9229232180513217	-0.8779056736260996	0
-1.6361017587222664	-0.2770584403846916	0.8214965985653536	3
-1.0821809714932376	-3.1148594942337660	-0.0845378955107985	1
1.6923756504125396	2.7188324643251223	-2.5248953177862674	4
0.5833314302554909	0.1648081304344928	1.1535474200756080	2
-1.8851877057795083	-2.3161437128208591	1.3683341848768533	1
1.8512157680740104	0.7376500829269731	0.6583889594320804	0
-0.1758239236241066	-1.0292130639319075	1.6769879624601121	2
0.1833469603244194	3.0633749475247551	-1.4932366444280483	4
2.3245447474899956	1.1026009252564364	-1.6301470275171501	4
-3.1441571781139790	-2.5294218168731515	0.0219994106577986	1
0.6757137555514159	2.2203327591064479	-0.2960210879156530	4
1.3786393580657048	2.8398986123379539	-2.2242827160835832	4
-0.0138232889100197	0.4337355991344964	1.8934993138885798	3
-1.0541962988619393	-0.6028984434747355	1.5929251022823248	2
1.0762731854942125	4.0364901136773810	-1.6826262961745888	4
-0.0259400972960782	-0.1551093853162713	0.6442475494284442	2
1.3289354243701386	-0.0292464108180474	-0.1376318476764606	0
2.0343391010190373	0.7441418745295968	-0.5883541448671930	0
-0.5449993663775931	-2.6968796986569501	-0.1944596373727112	1
0.2044494993779910	-0.5727640420151509	1.3386033346485935	3
-2.0161157065213620	-2.4331286567167800	0.5266612486456077	1
-1.0759441086444554	0.4110430580758115	3.7405256014023998	2
1.1156142020177513	0.6185511062613788	-0.7699737368442308	0
3.2880624806800380	-0.3180480176205343	-0.3593603743432033	0
2.1901349264791889	-0.1630675930845131	-1.4097423256176556	0
-0.1230638598594977	-1.7458770044516034	1.7658843478931026	2
-0.0219917951620937	2.3951774683473763	0.1806747561594521	3
1.5705817359333589	2.2811233621673530	-1.0402193006781406	4
1.8081341873646122	0.3057921660321526	-1.3824334039115145	0
-0.3038738207854487	0.7509666085069066	2.5058681974989834	3
1.2075168421935087	1.9203472234052477	-0.6431774747873651	4
-1.4127056965153373	-2.8148285345296307	0.9207794959376382	1
-1.3417193106036580	-2.4163298982438697	0.5340842518842107	1
0.6292125777976812	2.9748520121569193	-0.4653873952700516	4
0.7085526069824469	1.4648972547358419	-1.7404482331448681	0
-0.2496261643459808	-1.1748925619225923	1.5207779359299813	2
2.3816701399169120	1.1590674561086813	0.6872814009854737	0
1.0518214269855310	1.2412824635056916	-0.8683167939330486	0
-2.6306042970294010	0.3221399375583245	1.3225554205883134	3
-1.2608902815990297	-4.2234428297065643	0.4817758176914918	1
-0.7244602994924918	-0.1567389062143613	1.0816189316485114	2
-1.4151877238923956	-0.9505040768495325	1.6430667553439793	2
-0.9977110557170854	1.5367459864642874	0.1529233227312400	3
2.1829948385499929	-0.3445051111965274	0.3744962503322137	0
-0.0072310314842128	0.6298502340432494	-1.3838279934643860	0
2.2487290927495227	-0.2783022860855943	-0.3898560054362006	0
-0.7541713747329107	1.9871252276908271	2.3934303330402997	3
2.3761334969199579	3.0526204694324570	-1.2595104661362617	4
2.8688130865503538	0.2914930865471399	-0.7181454870236090	0
-1.1635586111851537	2.0135468149269831	1.7653184264676511	3
-0.2362967394456861	1.4830218762984919	0.2263883922451582	3
0.2927980245060652	-2.3838399313955345	1.6801315261888392	2
-0.2655846359892920	0.1945475819906264	2.6777657004585844	3
0.3798132720247632	-0.4935468423865473	2.3765076531073497	2
0.5833591737441631	0.9131176576931399	-0.5425117611032476	0
0.4357577837420729	-4.5657850031196539	-1.8027919471089242	1
0.6686471621921986	1.5919246282709278	-1.8118742685305071	4
-0.5776942351397737	0.2394101550553308	1.8538472828078616	2
-0.1776985622415726	1.2121513622619331	0.2631681901214963	3
-1.7320208054658921	-1.0460733055253533	-0.2349045365850426	1
-0.3084513273313354	-3.0433231410838157	-0.6421714617901857	1
2.9646442558105908	0.3409838913380320	2.2084747900420805	3
2.0974365093491918	1.1036901235720635	-0.3089476425468377	0
1.6510775534627327	3.9580799397110744	-1.4710513043501308	4
-1.4197759065963258	-2.6105449981291433	0.7058302743067697	1
-1.4450219660333126	0.5490978877523121	2.2119879286661526	3
1.3546051060739877	0.8689279883393382	0.0887521676933203	0
-0.1791324716932930	2.1422030924236641	-0.0617345106295275	3
1.7319310433260702	-1.4959745260379611	-0.6208615428189287	0
-1.7019283292717176	-2.9855814408612575	-0.5296886069646856	1
0.5650699951800527	-0.4504358857912769	1.6506719529833371	2
0.3938446518686755	2.6893192649545621	0.0949480058872338	3
0.5089401974955575	-1.0533054395375339	0.6205911316559403	2
2.8821482168410482	0.9298271594317156	-1.8118546113655638	0
1.4462165535027864	3.8771590392250950	-1.1989383958755093	4
-1.2777088138004473	-3.2555957569173746	-0.2082583747568255	1
-1.6389263472205828	0.2474733510920349	0.9182674222247785	2
2.1743419334775060	-0.4292817356138171	1.1697337040563300	2
1.2440230855230439	0.8146997593748877	-0.4781339452973696	0
2.9743934624018671	3.6613443620668322	-1.0234622624210026	4
0.3818837010175802	0.9563538849326646	-0.1556816498961283	0
2.6860275059331395	-0.3926795415620563	0.0127989908137431	0
-1.4503484612187607	2.5097546980248504	-0.1001174005952088	3
-1.2719850195409965	1.0634691612874507	1.9753695717078141	3
-0.2876057237946664	0.1996620964953494	1.9535978517524017	2
-0.0692710215993671	1.3172265871668740	0.0655461591360682	3
-1.9571942234115318	-1.6810182833170488	0.2539704492038150	1
-0.6937431210756724	0.2845224999842449	0.9711115635699281	2
0.3903810415415636	0.4075347107313334	0.8214713132353073	2
-0.7430121724651201	1.9574201540211325	0.6988614876160487	3
-1.3629252726441137	-4.1159181825055811	1.3952299226643061	1
1.5943500330008131	2.6738806622336897	-0.9201873083573521	4
0.6890885853985879	2.6679478091497746	1.1357549591142775	3
-0.3175506449242841	2.4068118056913255	-0.2875623534057685	3
1.9372891083665962	3.4820690573849182	-1.5332223449103513	4
0.8130914634212590	1.2801676807594291	-0.7480700980092125	0
-0.1026625354833352	0.4612650603294274	0.9405810506675610	3
-1.5814247188509718	-3.6521175275110536	-0.5151125434092492	1
0.7898716972004229	1.6229047678620678	-2.1462517629347913	4
0.9794220166923657	0.9406138286227405	-1.3426666099843336	0
-0.2605992335082642	-0.2711811851742321	1.4683051384207424	3
0.4734020011050357	3.1714984071626029	-1.8564146883495320	4
-0.7805961987951894	-1.2995907520751615	0.3213135952655274	1
-0.4278667547183680	-3.2206259387852323	-0.4126885080311177	1
-1.4778702295435964	-3.7168824183313598	1.4101332199468282	1
1.3674214957440833	-0.9247582827385632	2.4375050563921952	2
-0.0842408031509067	0.2080328106306127	1.9579952738882240	2
0.8357369894410615	1.8374501878577996	0.0055277957007093	3
0.8545828172311805	-0.0459926911535173	2.7927296658668128	2
-1.4321032952098003	-4.4315679996451500	0.7808006249215746	1
1.7302566492196889	0.4557019396976185	-1.1746659241267561	0
-1.1089231605500627	-2.0603351718766003	2.3492246500764993	2
2.1209636547034334	2.5623766227253522	-1.7128993400817070	4
1.4183374727834464	0.3506363586810469	-1.2320964271612163	0
-2.2909039639602495	-1.1402207477936674	1.8386135489793225	2
1.3331178281496223	1.2991615451168652	-0.8285166504539330	4
1.1825920098865819	4.0755105210436362	-1.5435302533641089	4
-1.1540670253824965	0.2453336052332044	2.5027169254569062	2
-0.0829719222550279	0.4885268323747648	0.7989253004151009	0
-2.4249224633607751	-1.6110320205395761	1.1220786247198293	1
-0.5791253412299722	0.6037773540889688	0.6607125888582470	3
-0.5665611235752278	-1.8496231064408659	2.3991250737665455	2
-0.3252081493488932	0.5832669586365108	1.5638279489681746	3
-0.9011549946579307	1.3704432255854933	0.4452241295770608	3
-2.2297093238751238	-0.8277243175949734	-0.4949128410597665	1
-1.2998862880153998	-0.8518351113229921	1.5447692057721780	2
0.8217551452339121	1.0211673724303134	1.7373278559111487	3
1.4345425866944508	0.3030532234905757	-1.4574094057625504	0
0.6071383349888799	2.4678122715195370	0.9444419730227033	3
2.5025807458509042	1.2736879862495563	-0.5390554640888987	4
2.5577223725355736	-0.0352007841647968	-1.4516822328123422	0
1.8621027863561872	0.9172307229586149	-1.0532729986937344	0
-1.0755923708302544	2.0751747625985475	1.1011623207903278	3
0.4528973163902154	1.2906633769455347	0.4925015514536862	3
-0.1604085663089021	-2.4075147216677903	0.6839366751044008	1
0.3827601733060077	1.2210645296160767	1.4084314859910998	3
2.7175473852688978	0.1527400601760927	-0.0601455204973160	0
-1.6260762896971683	-0.1837784230160359	2.3289729001886057	2
2.7574614178555459	0.2680242563992560	0.0548151894640641	0
1.4335686879306309	0.9936004656491945	0.0563518937032729	0
1.4524165664102833	1.4304427729239617	-1.7403642786109863	4
-0.8859758591995033	-1.0694312495828453	1.3799542878431754	2
1.0533246920127055	0.9353301978331172	0.7189272343609595	3
1.6849941063180114	0.9936722601994523	-0.0737087890322752	0
1.0883114131478919	0.4094331343508306	0.3440032874675595	0
-0.1701077361776596	-0.2711769265753142	1.5288582180970760	2
-1.6166027990749650	1.8236607742959379	2.2361102933019916	3
0.8993090521612817	1.8140472522045916	0.8685982734506448	3
2.6590884772362484	1.4543335452671351	-1.0035588771315656	0
2.0417045552201269	1.5801022265839428	-1.0725749190670837	4
0.1694844590190000	-0.4665910424666072	0.8432772319249595	2
1.4695607240106394	2.8051464108349906	-0.7706377111819295	4
-0.6488688520759590	-1.2178482774999031	1.1834362743983429	2
0.9491711233166472	3.8509938257629592	-1.0272496964011761	4
1.2116794871669245	-0.1203886733280537	-0.5790966865273497	0
2.1890128102006114	2.7597598639010914	-1.5818203012098992	4
1.8931016088054589	2.3262323131593559	-1.8665467113159337	4
-0.5598968511355827	-1.8401041852756770	-0.3718002818298030	1
-2.0493706372394751	-3.9710577249990329	-1.1846439197438021	1
-1.5134888161062481	1.8037721268536129	1.4355417080649071	3
-1.5960218715119048	-2.0539461397778349	0.4184053649318870	1
2.3140272910788946	0.2495109991768762	-1.3817483264916244	0
0.1026621122768151	3.7666594969727600	-1.9266328990563135	4
1.6595978581051161	1.4607715416522828	-1.0943930760345479	0
3.0757857026222810	-0.2233262653194809	-1.4990247379075612	0
0.6269827316727378	0.3945663831041540	0.8558976062043551	3
1.6087497087415916	1.3117716501772714	-1.7924938234517107	0
-0.7570529249639052	-1.2629927097107929	1.8894971301825820	2
1.9363480465128207	1.5509428434892403	-1.2975500711775347	4
-0.1783174641884852	-2.8286981669042781	0.2272998775023334	1
0.7888311396065131	1.8334155512808672	1.9688627130396295	3
0.2036775774773172	-0.2497132330104953	0.1854801529239828	2
0.6993022766210191	-1.1243578165997339	2.0523605272844483	2
-0.6989368675399119	-2.0538231204485156	-0.7821181408064307	1
0.5017960991288740	-0.8023548060674484	0.9169859192703447	2
-0.0889814362944997	0.9065731043458639	2.4879715108443601	3
-2.2154346591664091	-3.2335561929282584	-0.2007077001297772	1
-1.1212663877873066	1.4341917784767628	3.5820254482570535	3
2.8465726175084591	0.7953049629418352	-1.0991984638087309	0
0.2246896736708389	-1.7123256447363622	1.8226610300892958	2
-0.0086944050318800	-1.6400538648543006	1.7756935874419932	2
0.2706410156656665	1.3196000476941498	-0.5153368211288086	0
-0.2994489667750930	-2.4977770164644473	-0.1826596820204601	1
0.3438921528608956	-3.0547616490271965	0.3761686403118955	1
-0.6405868566800845	-2.7546835181254954	1.1132136829828014	1
1.1854120797513952	1.7329480819902428	-1.9797193675334861	4
3.7704676061014766	0.5904154566454020	-0.6933022212148131	0
1.6347159779543974	-0.4557104112523439	-0.4018208010505496	0
-0.1142679632532942	-2.4105491701570609	-0.9349728495114960	1
-1.6500493628735255	0.0529202211370439	2.1541292178351439	3
3.2628455014701303	0.3271766780519645	-0.9616378998174214	0
3.4370073823767617	0.9066888342797860	-0.4562730959561903	0
1.3048502220043918	3.1459775254464661	-1.4599849607745519	4
0.4699769131272648	1.7412327894025070	-2.4498675160352259	4
2.1543376364816043	2.6815257975939781	-1.5714787544695161	4
0.9205857576440015	0.7675381692578198	-0.0018073028195043	0
0.0665567403042382	-0.7554411184876146	1.7023847528244354	2
0.7001715153458111	-0.1957043553265929	-0.2242430469075858	0
-1.1471424624514253	-3.4115216780490241	-1.1279687096650912	1
0.2957905201926386	1.2790447485014802	1.2079699323006201	3
-1.7075560599888708	-1.7084107925429315	0.8891650830777315	1
-1.9911571540675816	-2.0793475937639267	0.7864482962312528	1
0.2098908727957045	1.8785736831509472	-1.3366638463261222	4
-0.8395668836054827	-0.5533794010564317	1.4507263245079132	2
-0.2295713929861788	-1.5590359034969392	2.1382343704819124	2
-0.9606754018484717	-2.5608203934996308	1.0014502434665764	1
-0.7998944723995691	-0.0425202616265281	2.1854116065722335	2
-0.3378573119272973	0.0159889701394640	1.5978962711429803	3
0.6944717336646781	-0.1155842990990232	-0.3900359348943951	2
2.1900947783092586	3.2941406996963902	-1.2210972812892327	4
0.5118648195931218	1.6520453835712021	-0.7420076280814998	0
2.3808719897614470	-0.8573053651549765	-0.4325245485841596	0
-1.4070084413248409	-0.4391752327038891	1.2352698412846790	2
2.8428146656991284	-1.1366881687606540	-0.0278441588468822	0
-1.0183306669064078	-2.3837775727425523	0.1430290256987515	1
-1.5223764357975931	-2.2788747550563873	0.7261447169012984	1
-0.3059604391326723	-1.5086556097660835	1.2047337616600096	2
-0.7278631448423175	-0.9561964528196779	1.8077585247556280	2
-1.0140407784068928	-2.8686028352567625	0.4085183083130177	1
-0.9605526706686426	-2.0675479842271698	0.1541594397285531	1
1.1740528313212204	1.7482619829082688	-1.8817469415936072	4
0.9685754855166125	1.5226373511184050	0.3971441857229641	3
1.5094789139092319	2.2409737473225677	-2.6925517267786612	4
-1.1988234345425444	-2.5012310162501135	1.4497818397922912	1
0.3783401997221517	-0.9205717064590228	1.6725361606057425	2
0.2754056643651243	1.0403130759888226	1.2852796582998245	3
-0.7657360349470717	-0.0289711704512419	3.0313531005116823	2
-0.6656303615451854	-3.0069836845130071	0.1916597100182765	1
-1.4267069706389524	-0.0989945702141384	1.9991379132772944	2
0.0768168967559950	-0.3302401030404658	1.5812435140052927	2
-2.2675171733058912	-3.0224310074043017	1.0120700860615097	1
-1.7632427562270065	-2.1444401872557162	0.0452857879135353	1
-2.7615424299343303	-3.0095584925682135	-0.5982582628918802	1
-0.4335181885987711	0.4372928767783539	0.5861668724493861	3
-2.8057483490932924	-2.3388598881346994	-0.7425952223233117	1
-0.5309997375873299	-1.6013648135148708	1.8482336904935706	2
2.5144442126525317	2.2453190567241776	-1.4100441871291398	0
-1.3575609862512525	-2.9393466234857049	0.2831600774470635	1
0.2777461205772391	2.7721497211870156	-0.6901521352424301	4
-0.4213876406661665	-0.2917367350053652	0.6216060707706345	2
1.0702993843621100	-0.1519020930468625	0.3842236412944955	3
-1.3827448703522727	2.7050017991457351	0.3989720111824185	3
2.1088102374425168	-1.2977560610809484	-2.4408804308308549	0
-1.9874948113472455	-2.1567619770222466	-0.2304939188980806	1
-2.2591192276378251	-3.0390524022734318	0.2882659526602382	1
-1.5427435022788321	-1.8586010184175685	2.5878367762576242	2
-2.4115319232371597	-2.7624761548553871	-0.2910617111296155	1
-0.2341403431842254	1.6917586632398980	0.4086484898346430	3
2.0270667675391141	2.1758953315735821	-1.3442309569559421	0
0.3939665135201459	1.5323491540483776	-0.2703392827509266	4
1.5534731815849179	2.3931561589599646	-0.3486356838879976	4
-0.2661836171342563	-1.3040999298482085	2.4455572859788708	2
-0.1159662978511804	0.4209070806554455	1.3279294221279967	2
2.7246038306578133	1.3088705351190866	-0.7692179072002139	0
-0.2574848058494988	1.8809705959748722	1.1758013151614786	3
-0.1688008008558776	0.5352118907354146	2.4701809353735635	3
1.9209042569377059	2.2954029131260212	-3.6318223902355511	4
-0.1540684998093110	-0.8851430767331044	1.9467379086018948	2
2.5341366571385726	1.2595922081665800	0.7869048548865748	0
0.4044264185313456	2.3305842589987060	-1.2255767502118200	4
2.0105866972807060	1.0516237260364258	0.0863135084275110	0
1.8264340241628612	0.8554154111366351	-1.2920097422888830	0
-1.4707432334140877	-1.2288366871224428	0.8097382167845091	2
0.1537017137805959	-0.5995695214223516	0.7512034044268306	2
1.3950493378669184	2.8563388744565663	-0.6374333799330852	4
1.1959342968458082	2.1103780297046715	-0.3749549024426090	4
0.6988620308041996	-0.9744435231294138	0.6140015687220236	2
1.2590862543558567	1.4419435317015612	-1.5580266996932206	4
1.9021178969236729	3.8153264018356960	-0.9435094706408923	4
1.0377097061596121	1.5938941423981230	-3.0267903972781749	4
0.0495279238103425	1.1212053901237651	0.8896048463118613	3
0.7174005416977475	1.0967037529538848	-2.8796278278506255	4
0.2454416641319043	-0.3810939868653810	-0.1850546502974484	3
-0.0005103423502562	-1.7280892032923048	2.6797784624317647	2
1.8729620562132085	1.3357702171710690	-0.4757578194838086	0
2.1685048784113130	1.5200133616186089	-1.1243065837240094	0
0.1403416707393943	-0.0288544160818184	1.4960437942337723	2
1.5010342695019498	1.0474561268835441	2.5444133585408522	3
0.1363147155089480	0.9381939875385722	0.7734670788329939	3
-0.1228439656173468	-1.2597769075496066	2.1980885534245220	2
1.4777618263351899	0.6438059807677982	-0.0308645299485372	0
-0.3730754897803054	-1.9501571125802486	0.1974387951154079	1
-0.9375897963614694	-1.0661882531163909	0.2260659443104787	2
-1.5283477797037142	-2.2346224210358474	-0.3420996156618474	1
1.8253524537456522	2.3414401531349496	-0.8577019316513668	0
0.9307530548161695	2.3104957053075132	-0.7837567577514326	4
-0.7259308138946577	-0.0672581175484376	1.4545305684327177	2
-1.6443770869808163	-1.8677529635500543	0.5573249556365423	1
-0.3570192039057895	-1.4442605835239255	1.0555833171751576	2
2.1944343572778564	0.4258555794615884	0.7787152066000017	0
-1.7008755950521897	-2.9484835917479204	1.5575472240152277	1
1.9553028405967217	0.7303702546669402	-0.4213502769699392	0
0.1509818802508272	-0.6032789484412490	0.2940178481888756	2
1.7272793188516351	2.4760869662317422	-1.6319533798168204	0
-1.6910562391607193	-1.6239995345440876	0.6011116883807277	1
-0.0506600235937305	0.5967634541915342	0.9185523724873903	3
2.5315837467256399	0.7475582074686105	-0.6827280980485954	0
2.1890185422123229	1.9643258645233921	-1.9570241781402942	4
0.1680783511284729	2.0189834779369509	1.5041279822365659	3
-0.9719227645013886	-2.5972381869000758	-0.1043198445786754	1
1.4459266092198724	1.2302743431020429	-2.0085498648995879	4
0.1046823407415933	-0.1692449347740194	1.1461213754184665	3
-1.3529435887394703	-1.7665316181071944	0.1460632373143356	1
-0.9374871749938986	0.6289382037002221	0.9719876613888935	3
1.7597379431574218	2.6255202132157440	-1.2215070541055568	4
1.0736784971644600	2.5231163233257075	-0.4937607011960424	4
0.2985338112314772	-2.0396507660209471	0.5558861185563384	1
0.9149603721861220	1.2606749619644217	-2.3492750919916814	0
0.3028580013700014	-0.1363995252076515	1.6398347879956394	2
2.6756661046665240	3.1972595902831289	-2.9583856680309029	4
-1.5436885041673416	-1.9052638015199963	1.0440095471689894	1
-0.6313418672855713	1.7541963407667478	1.1557373903351107	3
-1.1101780099190219	-0.0039496838537506	1.2893158813483383	2
-0.1096159977591202	0.0663003930105367	2.0286650182512886	3
0.2948285106023284	0.1343346807684117	1.0929665910674544	3
2.1557049390552265	3.2591359211520183	-1.1795655236797060	4
0.9523185578211372	2.5149439372079376	-1.3697598452332307	0
1.9758429197409022	1.7066628156809647	-2.6181658163693293	4
2.4214430749433742	0.0802914846951335	-0.2533417449954096	0
0.4541208529312164	2.6572469746929359	0.6257031833486647	3
-1.3203306784046096	-2.9455350376915979	-0.8888202467263477	1
-0.7217769438910286	0.5386220793355028	0.6064191831516564	2
1.3986161749463952	2.7158680424984802	-1.6297524635782545	4
-0.7712637950097169	0.0125980072019877	2.4342621087111476	3
0.7309896940442362	1.0389743482951113	1.7811990746103379	3
0.4337163547774361	-0.9121548537949018	1.2649817855727321	2
0.3968405523949302	-0.4840808474035118	3.2812321652491798	2
-0.8444933873401002	2.6714021647575708	1.0241102620090494	3
2.6482439197404446	1.6513181630563110	-2.4905438515605729	4
0.3785762794818944	-1.6536840372708561	1.1878805801826022	2
2.6889030110310772	0.4348509995403038	-0.9461255283269713	0
-0.7985173466264218	-1.3583059441037046	2.1482451917425691	2
1.7029579631328819	3.3671960075175686	-1.7978731121646914	4
-0.4043600193920658	2.2456379382647693	1.7808691397033980	3
0.8969193789272782	1.6926237577758352	0.3216556243625908	4
2.7076488344946092	3.6521397647855034	-1.8988924391846556	4
-0.5392806960863818	-3.2968177151222391	-0.5600474333696881	1
0.0462026084253166	-0.9545945546506854	1.5266010248002280	2
0.7705935683550971	2.8161275148259546	-2.7571949503739459	4
-0.4330859980119718	-0.7550802620266519	0.3507712782134205	2
1.4719550542387423	2.2568863703557640	-1.0266503226362298	4
0.1591963967488286	-0.3578693853618601	1.4980502055236515	2
1.1626585451406135	2.3602194182407894	-1.3281150455581610	4
2.3095466014803665	3.3295793643096658	-1.8291140207690950	4
-0.3168161206904737	2.5001330341101120	1.6002706601616410	3
-1.4705612772728087	-2.7002250758895014	1.4506174905190647	1
-2.5491358349609916	-2.6844092375561703	0.2863521009490103	1
2.9465522252119078	-0.1458440054938568	-0.3488720040451984	0
1.6978958220715810	2.5141780421305802	-2.2952488860751750	4
-1.1303711216339598	-3.5195950056925156	1.6377716482619569	1
2.2398851896467731	2.3757676354592885	-2.6951952445183136	4
-1.7358903963369667	-2.1960671744172986	0.1132743149307377	1
1.3440644870815730	0.7063683274950724	-0.7728496436617647	3
2.2322496189536070	2.4223323316505239	-1.6494371664474112	4
0.5849689732481433	3.6762472408814073	-1.6677750846149140	4
1.8119326151550730	1.6515478843949682	-1.2195947126813305	0
0.6910581655938243	0.1976343858896844	1.7914013882738713	3
-0.9541723782792624	-1.2736894054189545	-0.1507119090885021	1
1.1939247197132583	-0.6209811804443226	-1.0369068485418893	0
1.5836317160795086	1.3956549298510805	-2.7956928876323133	4
-1.8339071482190756	0.9194708149905445	0.9506293421785458	3
1.0863613694960308	-0.6804700306665152	1.7096133754277392	2
1.0407029880853416	3.1187369169188273	-0.9638969612059389	4
0.9530339495004239	1.7946976193875779	2.2507432257581250	3
-0.6493542213188804	2.0545221211984868	2.1104090591059737	3
-1.0197748810208789	1.5348127048296123	-0.0110849493613392	3
-0.8245514181604899	-2.8354997470139267	-0.8573877898552585	1
0.8841850283405294	-0.6610955430495253	1.5222812421916432	2
-3.5825508483174384	-2.3333242780026642	1.0364163367038051	1
-0.9932106553162535	-2.1081423658145035	-0.6588967976241009	1
1.6743175200880518	0.6153378545671490	-0.6576852160218116	0
0.8709375907124686	0.9513448488928898	-1.1423893774973868	0
3.0265845197713284	1.7758488326635775	-0.7705879073632903	4
-1.1110373951961190	-2.7653863592917070	0.1484097536094658	1
4.0172636432312210	-0.1524272513895375	-0.5297617426329867	0
-0.3775979069740585	-1.3223003127198560	0.8007587400679719	1
-0.1237506200614406	0.1700229335100599	0.9548470431608397	3
-0.6304027385359839	-3.0178799651732469	-0.0593039679377861	1
-0.6596003239860631	0.4277541302682444	2.4439088250242298	3
-2.4898022717934047	-2.8133427417196835	0.3871902100074790	1
-2.3930037099220636	-2.9481248320272733	0.2746050941325185	1
1.9836133920876895	0.4823628839749112	-0.8101630718400090	0
2.0697820139669880	1.1774102360712679	-1.5120455067027865	0
2.7642753250096384	1.0057670671321848	-2.2323402468403111	0
-1.3842224430849768	-2.7273534268845645	0.9683340000664631	1
-1.8144615067219818	-2.8649005738206981	-0.0366614981922498	1
3.6336755072210543	2.0820487367914091	-2.6580670576814032	4
0.3388493682543971	0.9611656010814426	1.5079851444360552	3
-0.1627593591134198	1.4491374652292563	1.5263493159215891	3
-1.1285092697193742	-1.6236743726624496	0.2917387798549261	1
-0.2550727263317796	1.7248408174242975	-1.4019108476774680	4
-0.5683808675765325	0.5383651191697432	1.5626187497911941	2
3.3487913966501486	1.1417649623545467	-2.5992525486148228	4
-0.5083541163767079	1.0891513271251696	0.9416065155006064	3
2.6309765997770111	2.1455885041320877	0.1419863518178784	4
1.9731334007912071	-0.0122444873029700	-0.1047837398814111	0
-0.1583736662539817	-2.1387717034033393	-0.3088176037967250	2
0.6313828505893415	1.6818331604901489	-1.2918620129552632	4
0.1662555414410253	1.2743965167380937	1.6816044439525604	3
0.1328498167122255	-1.0119129702457241	2.3726884611084982	2
1.8791928954201698	-0.2731015836837198	-1.1859957230181299	0
-1.2187259616149828	-2.1761151145324442	-0.1451479719761630	1
2.7796026383750361	1.4839446221955639	-1.7810056854828531	4
3.4502893265977885	3.6076993750549833	-1.6504743323445923	4
-0.8895071818541885	-3.6097840513648021	-1.1582237039088379	1
0.6801358568224218	-0.2373307333053520	-0.7314071486917257	0
-0.8167398977267450	0.1676712353511180	1.5676734048742307	2
0.5215805473502659	1.0589381890754073	2.0164705155808686	3
0.2901464978087074	1.3912924082990528	0.8719900937325485	3
0.6010542043368274	2.7438322336558256	0.2354942250454157	3
2.2626343028206612	2.1059772994911223	-1.2971062684650052	0
-0.0114246617911520	1.3711717325532085	1.5683653468820076	3
-0.6561209544947264	-2.0450521906149679	0.6220170956011619	1
-0.6431647889566526	-1.5707166331299329	2.9646090443778421	2
-1.1553182292907964	-2.4129509525800841	0.7544003926705676	1
-2.0530177445605062	-3.1208955398407792	0.3428747332868822	1
1.0204334716257983	-0.7869252242306910	0.9315880395719590	0
-1.7366515201246360	-2.4666098773535872	0.3698488116757228	1
-0.3240936282256179	0.7251737134268540	1.2832915964189575	3
-1.3472937737741055	-3.2643458914737398	0.9757774173740470	1
-1.4989628116095355	-0.8777075394082291	0.9076408707655215	1
-0.2919203232466923	1.2295171296392329	2.7066172773094754	2
-0.5224664304343166	-2.9318233650691288	0.6842819314360703	1
2.1855387938118951	1.7010677449483991	-2.3537252967106306	4
2.9506759114701446	0.6096340877890649	-1.3482773389688059	0
-1.2164749564814294	-3.2043614753194980	0.1575002774982537	1
1.7683375607881224	2.3431243585947543	-1.7702037387806926	4
-1.6355199900940205	-3.6093482713956990	-0.0736624913239770	1
-0.0316103242749523	-0.7676169915253908	0.5421829150264199	2
1.0233915925384978	-0.8462834426613098	0.8671640301972232	2
-1.2669306512290861	1.2927370099001541	0.6091942043318663	3
-1.9593530892767688	-2.3083947598214372	-0.7746762413382203	1
3.0921231306009376	4.3215436560193368	-2.4596728729785378	4
-0.9246123180315180	-0.2284069531862157	1.5677435971007228	2
0.2076726397957843	1.3636053150964234	1.5204254119980736	3
G3
0	340	0.1560542915335831	214	0.2871701917825764	233	0.3724468122241688	
1	305	0.4649081693457782	481	0.5868434171708888	494	0.5903477006962048	
2	316	0.28829692402352936	338	0.36699685252675174	186	0.4559328129628369	
3	282	0.26642506161287066	206	0.2948726946670239	78	0.3291397519201608	
4	472	0.30995390828736025	452	0.3226695531033154	463	0.3794937086554816	
5	291	0.854893504657229	19	0.9635175112481443	478	1.0360217684924704	
6	462	0.37650944727148705	407	0.5011275297380494	324	0.5172647325208471	
7	55	1.9105842704852234	391	2.0326436491986892	478	2.1601107077644954	
8	492	0.13030095243326606	162	0.48236268236040186	140	0.5581241198011051	
9	68	0.38006334026026356	230	0.38499101243682016	379	0.4320119728623132	
10	40	0.47166754256454335	434	0.6318922859726733	422	0.6864242237296235	
11	363	0.49120731629443065	473	0.4960263933069721	319	0.5764733918308066	
12	251	0.48505348061995	439	0.5454772413025455	255	0.5967273454076821	
13	50	0.1843597129234575	38	0.3764694690749589	178	0.4477830864826746	
14	446	0.3495234389558992	226	0.3866852276444793	395	0.4940582708705108	
15	223	0.5807932465470887	263	0.8872826066611263	469	0.961765987537823	
16	359	0.1598000229660681	352	0.25726086305609025	265	0.2699361790482624	
17	177	0.5323222788159451	415	0.5448667181138271	418	0.554077763883865	
18	57	0.640471978001886	109	0.7570457691498067	246	0.7743937115638726	
19	464	0.6990726716420602	316	0.7405975207883472	391	0.7983663798973798	
20	238	0.39676176202306196	253	0.5139722152729446	434	0.6722238744746243	
21	144	0.45107380169111894	43	0.6899680483695014	35	0.6913329018150491	
22	179	0.42216377207829425	106	0.6216085350072107	190	0.7385309729969188	
23	71	0.24502001767157988	100	0.28899914378732644	282	0.36624963674548544	
24	173	0.4671726974460311	36	0.5579451417245019	118	0.6063558761021387	
25	396	0.18857483966075317	232	0.3285180038010149	300	0.3955220206344185	
26	349	0.14870303282741656	92	0.20868584707801752	405	0.28577936257665104	
27	373	0.20570265836357704	341	0.26824385119707794	294	0.3468560297949826	
28	39	0.5508842116351368	495	0.7452725365643836	430	0.8645617733406983	
29	290	0.2711686763720923	452	0.2849293643116288	463	0.36761014767891687	
30	198	0.3803992585164356	399	0.48438123402335465	172	0.5618369957066929	
31	274	0.140085177420553	380	0.20096702041145276	159	0.3850766198468182	
32	196	0.20678367009781712	53	0.25366151057805403	326	0.4427498993252675	
33	312	0.3818242816476831	319	0.4409604568878111	376	0.505993220987457	
34	260	0.3456732937342636	145	0.3524794849417261	198	0.5704319339023842	
35	112	0.19813138549327178	380	0.34687836156625673	274	0.3639083686316291	
36	378	0.38143852796319033	27	0.40891318301640844	118	0.45763141670191726	
37	393	0.37176955560929476	415	0.6914370291047409	488	0.7159192059077933	
38	50	0.2952138126753278	87	0.3000603942101085	13	0.3764694690749589	
39	430	0.5426904378692496	107	0.5432500435210775	28	0.5508842116351368	
40	422	0.366461622569619	63	0.418532564200891	367	0.43476859465261275	
41	369	0.16765495906918151	42	0.35711782957481547	156	0.35802293072097985	
42	41	0.35711782957481547	156	0.3936991292352701	61	0.40025348519943205	
43	31	0.5404766463638333	274	0.5530386683238411	380	0.5621780777349225	
44	124	0.38963617612297363	189	0.6066336042855862	422	0.9718906282999934	
45	287	0.2675595607317011	413	0.35215984834364633	67	0.5250910078321235	
46	178	0.17155832325600015	192	0.23641076093520705	93	0.3809113954615717	
47	226	0.3475247994539602	195	0.37080170000644186	395	0.3891573121613797	
48	456	0.2362489137185096	187	0.38705438251279667	122	0.4172227925808651	
49	286	0.470414480115488	399	0.5207258244944716	204	0.5235945365432478	
50	13	0.1843597129234575	38	0.2952138126753278	87	0.31666462500927184	
51	109	0.7590614138980325	470	0.9275198776727204	57	1.1114008331596537	
52	362	0.3156902674075911	418	0.35545048349856423	301	0.3825853028430339	
53	32	0.25366151057805403	228	0.2867739201862204	180	0.35608261869841884	
54	346	0.3982914563496199	461	0.4472902245831151	371	0.5519410262127437	
55	391	0.4258009167065631	173	0.9389521872051196	118	0.9446127967460386	
56	397	0.23973232456471444	159	0.31578686142773243	408	0.5181456031201722	
57	119	0.49749088217254017	109	0.5794074019059893	246	0.6263946623667158	
58	212	0.671615848175637	399	0.688958185384734	286	0.7691083682349314	
59	348	0.36989610215457225	496	0.47652334177134575	434	0.5763604225579493	
60	345	0.4408641603997979	260	0.4661037899685456	81	0.4704411737239397	
61	42	0.40025348519943205	380	0.5362132026794739	333	0.5505304874415705	
62	72	0.27754078459482195	166	0.6302951903203553	227	0.7360262297841107	
63	367	0.1242281338417152	454	0.4055340298860251	466	0.41322166324567516	
64	276	0.45245096247850347	110	0.8131974119881197	465	0.8518057749408711	
65	277	0.49997389813718185	141	0.5333911987291247	485	0.6220990810199548	
66	140	0.2708220628684624	490	0.29090884520041554	438	0.42098547773742573	
67	413	0.30765465771960065	76	0.45106031706708594	45	0.5250910078321235	
68	379	0.2963656569615742	230	0.37853626310147187	9	0.38006334026026356	
69	410	0.5711428114406214	375	0.6250043814539937	266	0.6370974127837781	
70	354	0.47905450433517466	325	0.6717505960441785	101	0.6780923360468947	
71	100	0.22598862639285974	23	0.24502001767157988	402	0.2783521759928656	
72	62	0.27754078459482195	166	0.4772011114749603	419	0.7532438890107308	
73	447	0.2906001593175245	138	0.6113837168404258	467	0.6125838995069618	
74	411	0.6692935411624421	444	0.801346214142911	311	0.8300971958213428	
75	172	0.5129700068822258	330	0.5375406972297301	370	0.5377311381989455	
76	67	0.45106031706708594	413	0.4615785707212018	387	0.6076585197390382	
77	171	0.2450716301544715	149	0.3651835984029045	378	0.4030566230740695	
78	268	0.2621801172016878	3	0.3291397519201608	190	0.3530609377123398	
79	181	0.17937110619254945	419	0.6094057062875411	128	0.6175048129226491	
80	215	0.4181200718295263	304	0.4189969317266129	441	0.4601629804926087	
81	219	0.46577577305661616	60	0.4704411737239397	252	0.5875109307082006	
82	356	0.1852746066459972	446	0.3468436788053806	435	0.38860366920807576	
83	247	0.316348092688278	442	0.3586111571883409	364	0.4475680964676949	
84	406	0.27138692191693514	294	0.3660357890508963	390	0.41613645189240256	
85	482	0.32219770949239956	266	0.43962857042952186	416	0.5528228720161189	
86	291	0.8903747561071653	242	1.0363443981572462	5	1.1823052701677896	
87	417	0.2447645152610403	38	0.3000603942101085	50	0.31666462500927184	
88	412	0.382614012150549	12	0.6058246238578051	146	0.7117011790480287	
89	195	0.3914452798758284	465	0.3985661399832209	226	0.43168747582662664	
90	245	0.15612536710068692	244	0.3539516993359179	269	0.42999766387803706	
91	132	0.3839941141734406	136	0.5165156560092946	158	0.5538378663942853	
92	405	0.10246351194092518	26	0.20868584707801752	349	0.31915329220247046	
93	175	0.267778223244638	46	0.3809113954615717	192	0.3810506354162212	
94	320	0.2570377397028671	240	0.26591805100951504	443	0.48460975537640555	
95	330	0.3289212839187799	350	0.4985745347816942	405	0.5746630233947367	
96	449	0.10355974626481314	129	0.29662251936526124	484	0.45756895129919806	
97	129	0.2707564097475432	479	0.28861043342089465	280	0.29735187151690906	
98	303	0.4638276378681927	370	0.634365927940282	427	0.6622227804195784	
99	121	0.1510962497285766	163	0.44300753202194526	462	0.5042280788008632	
100	71	0.22598862639285974	23	0.28899914378732644	402	0.3688899336812212	
101	323	0.2080290778165152	70	0.6780923360468947	325	0.7144294817657912	
102	160	0.2701172402955215	180	0.28993396630436463	436	0.43806228284783066	
103	425	1.0629485085636634	141	1.07352179339422	65	1.2645686766466706	
104	174	0.40254914945958503	492	0.908829610078821	155	0.9254032045789292	
105	351	0.3834997559346791	152	0.4559243929095235	377	0.4639619828400352	
106	190	0.18081038168533164	78	0.503645381862247	3	0.516392665322484	
107	430	0.16549701894508184	188	0.34988489948251045	39	0.5432500435210775	
108	460	0.6197969459972298	146	0.6214398987342368	110	0.770024789942571	
109	57	0.5794074019059893	18	0.7570457691498067	51	0.7590614138980325	
110	383	0.42077993701184857	460	0.477499669431905	276	0.5954216282407774	
111	429	0.3092410360927411	114	0.7502136874387257	398	0.7512842480952298	
112	35	0.19813138549327178	274	0.3072751197528793	380	0.31245571645537495	
113	395	0.32387347178148157	255	0.46456799050122516	361	0.5683074991600369	
114	224	0.5246039001693388	429	0.62062281219474	197	0.6727848066691554	
115	312	0.27711809655954794	123	0.279566334307081	150	0.28505419181593133	
116	244	0.6898440723257551	90	0.7663493651417659	245	0.808237282857284	
117	320	0.41050056844187155	443	0.514123229133881	94	0.5836239767739372	
118	36	0.45763141670191726	464	0.5742029057738635	24	0.6063558761021387	
119	145	0.43829130996726384	160	0.4793296091676277	57	0.49749088217254017	
120	469	1.7566255346359645	401	2.026176680742	125	2.053966220097061	
121	99	0.1510962497285766	163	0.3570202595107647	462	0.5290415097452207	
122	149	0.30932414806876557	471	0.37971672311546184	272	0.4158722111148008	
123	150	0.2487002243451874	115	0.279566334307081	312	0.5043543946392989	
124	44	0.38963617612297363	189	0.6024736179140278	10	0.7653991184570333	
125	168	0.3136219897213262	401	0.3525422706439408	431	0.5965466744039422	
126	142	1.5155427874076828	354	1.6262345949115748	342	1.6595517266491144	
127	339	0.3634220481552618	325	0.4080259514764192	356	0.4149747661456402	
128	139	0.35008806948904814	181	0.4883869818311251	159	0.5588995012860126	
129	97	0.2707564097475432	449	0.28951073181090103	96	0.29662251936526124	
130	182	0.5113226636854914	254	0.5399779076238885	148	0.5920370248043688	
131	204	0.15109021018198887	345	0.28311773238933674	208	0.38873073882103976	
132	158	0.3744002889832521	91	0.3839941141734406	312	0.6535948414991719	
133	64	0.8711939268556381	276	0.9297814110966114	252	1.0675106762933868	
134	450	0.5199070279205898	385	0.5255435436117758	140	0.5968143114563614	
135	432	0.40335600925580767	373	0.40925714362906584	406	0.4433907223915582	
136	474	0.25624344305823016	91	0.5165156560092946	384	0.5351288729075201	
137	331	0.20574967063530622	239	0.3884290523448239	328	0.5908724308159163	
138	448	0.44324830270499294	467	0.5643699269370143	489	0.5675592793197485	
139	128	0.35008806948904814	181	0.4770584435725947	333	0.5262254705219138	
140	66	0.2708220628684624	490	0.37437137790230207	492	0.5208509683368138	
141	65	0.5333911987291247	377	0.6931560471628903	425	0.7004608469480194	
142	108	0.799790320408668	354	0.9405099672420015	1	0.9916999113629349	
143	417	0.32954714992143236	87	0.3743442258288951	435	0.5070869041150162	
144	21	0.45107380169111894	43	0.5791124614557177	468	0.7889859276439276	
145	34	0.3524794849417261	119	0.43829130996726384	246	0.5231391325447341	
146	412	0.5095162605291542	201	0.5511777811958234	383	0.6037693301733655	
147	306	0.540168415350889	39	0.983613474065637	430	1.0695009469059094	
148	130	0.5920370248043688	48	0.7799659690954438	211	0.874436061903225	
149	171	0.2035846190777133	378	0.23473552355097746	122	0.30932414806876557	
150	123	0.2487002243451874	115	0.28505419181593133	312	0.5340181443904458	
151	16	0.41415933325864124	359	0.4411208500059845	352	0.47407632109131886	
152	368	0.4219408825108695	386	0.44536841354464546	105	0.4559243929095235	
153	230	0.23944458010563682	379	0.39683526610646586	9	0.44268839004329585	
154	376	0.5123531651291952	33	0.5345745414307405	197	0.5350903629841706	
155	169	0.41552856998841836	414	0.6844773575600336	174	0.6942216993086345	
156	216	0.23487901227959077	26	0.3010784742620639	369	0.3471101886043545	
157	193	0.28873990997441445	384	0.5616735325085079	11	0.9074023655461804	
158	132	0.3744002889832521	91	0.5538378663942853	303	0.8061814708578972	
159	56	0.31578686142773243	397	0.37168122338999254	31	0.3850766198468182	
160	102	0.2701172402955215	275	0.4786097265436101	119	0.4793296091676277	
161	183	0.14559284338162398	360	0.1467969299556521	441	0.2923528728903825	
162	492	0.44680382286369186	8	0.48236268236040186	140	0.5862016260253595	
163	121	0.3570202595107647	372	0.4336773928067573	99	0.44300753202194526	
164	436	0.2280241112883826	102	0.5662605854207614	332	0.6131260272215003	
165	210	0.1088824437894323	272	0.3243907681549006	294	0.36068362510892427	
166	72	0.4772011114749603	419	0.5502758167599481	62	0.6302951903203553	
167	347	0.29697782949145685	454	0.4763909820299218	422	0.5035947245589135	
168	401	0.19983219457705526	125	0.3136219897213262	442	0.45498064544969047	
169	155	0.41552856998841836	414	0.45988825515499393	484	0.6407062370309221	
170	237	0.7965924762266072	426	0.8176171744063655	432	1.0680216073698143	
171	378	0.1603938635801796	149	0.2035846190777133	77	0.2450716301544715	
172	399	0.3530648434608084	75	0.5129700068822258	286	0.5197274142755812	
173	24	0.4671726974460311	118	0.7739196361683588	391	0.8000524392605518	
174	104	0.40254914945958503	155	0.6942216993086345	169	0.9533779982658316	
175	93	0.267778223244638	178	0.33411167537487335	46	0.3818045030269674	
176	310	0.5346330557776758	186	0.583991614628268	396	0.7934667911369739	
177	259	0.1879099001290222	418	0.18980099257941632	220	0.24652088327863025	
178	46	0.17155832325600015	192	0.23085211456174393	175	0.33411167537487335	
179	22	0.42216377207829425	184	0.8677825248354272	106	0.9171204374855942	
180	102	0.28993396630436463	53	0.35608261869841884	228	0.4509958698474323	
181	79	0.17937110619254945	139	0.4770584435725947	128	0.4883869818311251	
182	388	0.45319999306098724	130	0.5113226636854914	443	0.5303140196340552	
183	161	0.14559284338162398	360	0.16452921160083714	441	0.356958296790638	
184	266	0.7211931343766534	265	0.7604905652300287	16	0.7742380541193168	
185	386	0.16595922232038818	298	0.23340005980647227	152	0.4597917146146163	
186	2	0.4559328129628369	269	0.5158167892746466	25	0.5331016333643611	
187	456	0.24728649020997456	483	0.31438736347709556	317	0.35467026568572596	
188	107	0.34988489948251045	495	0.4083090402027523	430	0.49930549633401056	
189	124	0.6024736179140278	44	0.6066336042855862	151	1.1675620987144093	
190	106	0.18081038168533164	78	0.3530609377123398	3	0.40592842977297844	
191	389	0.10237255173759725	472	0.41164553714589336	4	0.5339563823920086	
192	178	0.23085211456174393	46	0.23641076093520705	93	0.3810506354162212	
193	157	0.28873990997441445	384	0.40111628317051923	11	0.699231862050213	
194	318	0.32172474594146816	127	0.4959745308181703	213	0.5223896138941192	
195	47	0.37080170000644186	226	0.3812333190489101	89	0.3914452798758284	
196	32	0.20678367009781712	326	0.2491758939272986	53	0.38808062454243214	
197	154	0.5350903629841706	376	0.5507849810925813	224	0.6141842248941046	
198	30	0.3803992585164356	473	0.4250006877888953	343	0.5508183377713539	
199	371	0.6019542680294137	477	0.61720652341333	234	0.6214767800077572	
200	264	0.2260757856398162	290	0.24364410775146025	499	0.2520241245962444	
201	203	0.16762917625214702	383	0.3609035048913934	412	0.4742980532231246	
202	254	0.2952478105597796	293	0.39462329590187073	182	0.6611481412690248	
203	201	0.16762917625214702	383	0.49306451565755	412	0.6082808741301109	
204	131	0.15109021018198887	208	0.28307336038448355	345	0.3632023123413422	
205	231	0.2030772666017599	332	0.2659997550696521	365	0.3347133527881234	
206	3	0.2948726946670239	217	0.3418576847331658	282	0.46993426642418695	
207	209	0.6468073577110951	286	0.6750232964072785	131	0.7016407599136161	
208	204	0.28307336038448355	325	0.36739085912249203	131	0.38873073882103976	
209	260	0.525315215746349	60	0.5304021942816006	305	0.5630624721650018	
210	165	0.1088824437894323	294	0.25923821552958803	272	0.3396622221686645	
211	114	0.6804048254419107	224	0.8074268458809535	148	0.874436061903225	
212	286	0.5585575405237756	399	0.5602638993625358	11	0.624717599830408	
213	318	0.2834915149411892	0	0.4275034836892318	340	0.509476313835416	
214	340	0.14954985383606362	233	0.25012813239733134	420	0.28198306008638996	
215	328	0.16251141689985638	80	0.4181200718295263	366	0.42933506442111957	
216	329	0.16098449881947288	156	0.23487901227959077	42	0.4718366557204455	
217	206	0.3418576847331658	353	0.39087738247036113	281	0.45012072506241824	
218	139	0.526512856055416	181	0.6094576853603593	79	0.692879711472619	
219	81	0.46577577305661616	13	0.5090882998960449	273	0.5507003814258628	
220	259	0.08619677715769107	177	0.24652088327863025	418	0.3468411763565548	
221	491	0.1585350977972702	358	0.32401771568361526	177	0.3623434304474141	
222	238	0.4830824513561757	461	0.504370867630378	434	0.5848330774685327	
223	15	0.5807932465470887	162	0.8769084878176124	263	1.0631596054475003	
224	114	0.5246039001693388	197	0.6141842248941046	211	0.8074268458809535	
225	352	0.237286279456658	416	0.3645086424195378	280	0.38822679057894904	
226	47	0.3475247994539602	195	0.3812333190489101	14	0.3866852276444793	
227	419	0.5547987493577491	166	0.704695242716479	62	0.7360262297841107	
228	420	0.27436643558346735	53	0.2867739201862204	233	0.35495675107567576	
229	195	0.5531926639326492	47	0.6961893480834819	255	0.7917256297216484	
230	153	0.23944458010563682	68	0.37853626310147187	9	0.38499101243682016	
231	205	0.2030772666017599	365	0.28254802396141543	332	0.44066322991159335	
232	396	0.27884488568968946	282	0.318837240803343	25	0.3285180038010149	
233	420	0.17798205452755442	214	0.25012813239733134	340	0.2913189547403161	
234	292	0.5201247996947328	247	0.540600119470421	442	0.5677258249359438	
235	428	0.3285091543284466	363	0.797337977159809	389	0.8183520629989937	
236	357	0.37358530876850776	337	0.3953494426654913	80	0.5216720125350548	
237	289	0.5374123026284349	464	0.660395501193251	426	0.6814152316934278	
238	434	0.3236219121212642	20	0.39676176202306196	222	0.4830824513561757	
239	390	0.3712034819818603	137	0.3884290523448239	331	0.40031115977984577	
240	94	0.26591805100951504	320	0.3802588414603794	486	0.4396396325437422	
241	311	0.5182030360298272	309	0.5280485765764746	450	0.5688563885999072	
242	86	1.0363443981572462	486	1.223129622079179	111	1.3613421670492314	
243	489	0.327645320040859	395	0.42215884228049505	361	0.5243522736974033	
244	245	0.24879163777761046	90	0.3539516993359179	269	0.5739663706317427	
245	90	0.15612536710068692	244	0.24879163777761046	269	0.4321878911277642	
246	314	0.3471241197133952	275	0.4691358861270599	119	0.5135747824178628	
247	83	0.316348092688278	461	0.40583602162712484	234	0.540600119470421	
248	234	0.5881917124788903	199	0.8763383841709824	487	0.9276986669599198	
249	270	0.390551730568711	487	0.4788667956296849	288	0.6993885699299196	
250	285	0.09981054218252998	163	0.4430516492814109	205	0.4691393359145664	
251	12	0.48505348061995	256	0.5171144712997949	255	0.6316477594964178	
252	219	0.5681789155133526	81	0.5875109307082006	460	0.6319963556000767	
253	20	0.5139722152729446	461	0.6840165905943951	238	0.7017519249376435	
254	202	0.2952478105597796	293	0.3114197047215851	130	0.5399779076238885	
255	113	0.46456799050122516	489	0.571596096158335	395	0.5841612581373525	
256	251	0.5171144712997949	12	0.7350558652736958	255	0.7883909467760619	
257	387	0.4718127025219976	427	0.5626891817478186	397	0.5670941660836561	
258	163	0.45663630942975963	372	0.6626197553068838	121	0.6846883807292437	
259	220	0.08619677715769107	177	0.1879099001290222	418	0.2816541208621196	
260	34	0.3456732937342636	131	0.45481172799801	60	0.4661037899685456	
261	402	0.26641377753072637	322	0.35384538895721024	289	0.35407340355895484	
262	273	0.18422538540637717	337	0.4926299660962403	470	0.50926379126599	
263	469	0.32649543818851584	385	0.5516608509425076	431	0.7134986202195865	
264	200	0.2260757856398162	290	0.25176407118942007	499	0.3354753002256021	
265	16	0.2699361790482624	375	0.2993000017607004	359	0.3006197976860079	
266	16	0.4353113227778976	85	0.43962857042952186	352	0.46639704937888127	
267	462	0.46730025131025354	455	0.4940466715842283	324	0.5044779302962563	
268	78	0.2621801172016878	498	0.35571457641841614	3	0.38407794345358237	
269	344	0.3233097796601617	316	0.40097403906842394	300	0.4204178611167669	
270	479	0.34754112074822474	249	0.390551730568711	449	0.45631352481108944	
271	388	0.2564845251886437	122	0.4886641035333384	443	0.5546722128415016	
272	165	0.3243907681549006	210	0.3396622221686645	149	0.40346580264408705	
273	262	0.18422538540637717	470	0.3627147876999986	219	0.5507003814258628	
274	380	0.06428749843472802	31	0.140085177420553	112	0.3072751197528793	
275	246	0.4691358861270599	160	0.4786097265436101	314	0.5006977390839095	
276	64	0.45245096247850347	110	0.5954216282407774	278	0.6746940081555113	
277	65	0.49997389813718185	190	0.5268331688207851	78	0.5283928305093398	
278	276	0.6746940081555113	146	0.7614347749004924	88	0.98910076076252	
279	284	0.32165717094188057	364	0.3300008951952408	438	0.3927451535977875	
280	97	0.29735187151690906	129	0.3477710386306594	225	0.38822679057894904	
281	353	0.17029260687097844	217	0.45012072506241824	440	0.45061740046984494	
282	3	0.26642506161287066	232	0.318837240803343	23	0.36624963674548544	
283	438	0.29617299810950276	302	0.37245872632582455	292	0.43308974782715437	
284	279	0.32165717094188057	466	0.4099087662421511	63	0.47637873278777965	
285	250	0.09981054218252998	205	0.44551596676195615	332	0.45371408573980637	
286	399	0.1993200917020311	49	0.470414480115488	172	0.5197274142755812	
287	45	0.2675595607317011	413	0.5176785346274869	67	0.5384318351612511	
288	410	0.3368097226262914	270	0.5111424455286473	449	0.5632904750981672	
289	261	0.35407340355895484	402	0.36437617596943733	390	0.4113853796211335	
290	200	0.24364410775146025	452	0.2447185319966164	264	0.25176407118942007	
291	388	0.5985617805635624	117	0.6520246192045993	182	0.710985424374084	
292	442	0.2536581991742814	283	0.43308974782715437	438	0.5085540796308438	
293	254	0.3114197047215851	202	0.39462329590187073	271	0.6563391991137528	
294	406	0.12029499506124973	210	0.25923821552958803	373	0.3034825991345985	
295	444	0.6954160102801099	480	0.7095968498064156	309	0.7240436587579543	
296	416	0.08964338905298767	308	0.3556617176725689	225	0.4187722718473419	
297	311	0.527187592629674	299	0.6874765007879635	241	0.7116566004838019	
298	185	0.23340005980647227	386	0.3062203020413418	183	0.4132478090976839	
299	297	0.6874765007879635	311	0.7339889941791119	496	0.8475507369261495	
300	25	0.3955220206344185	232	0.40902126547512835	269	0.4204178611167669	
301	475	0.3091590682327095	52	0.3825853028430339	418	0.41021517129419993	
302	490	0.32546662626431244	438	0.33044470678087995	283	0.37245872632582455	
303	98	0.4638276378681927	324	0.7054838577901241	75	0.7862693435418099	
304	80	0.4189969317266129	404	0.5368198584782656	105	0.5671765884443684	
305	1	0.4649081693457782	209	0.5630624721650018	81	0.5952059886654084	
306	147	0.540168415350889	392	0.8256157865753301	197	0.9920161212579599	
307	89	1.5353753340710132	64	1.6232258343736898	465	1.6362690951398622	
308	296	0.3556617176725689	416	0.42781570656617285	348	0.47888837630411	
309	445	0.16241766124132873	480	0.2283817843328733	444	0.33755818227362894	
310	176	0.5346330557776758	186	0.9942961058215857	396	0.9987034060802722	
311	241	0.5182030360298272	297	0.527187592629674	445	0.5956405464705957	
312	115	0.27711809655954794	33	0.3818242816476831	123	0.5043543946392989	
313	475	0.2502025802310493	418	0.44269857446535227	301	0.496676764993993	
314	246	0.3471241197133952	275	0.5006977390839095	145	0.5874205624367609	
315	330	0.4566072992746995	370	0.5178357405285561	329	0.5683664763461528	
316	2	0.28829692402352936	344	0.2893986171264943	269	0.40097403906842394	
317	187	0.35467026568572596	483	0.3713323376045668	161	0.38967232066129265	
318	213	0.2834915149411892	194	0.32172474594146816	437	0.5561141464442991	
319	376	0.3952763277109167	33	0.4409604568878111	363	0.5549323891044491	
320	94	0.2570377397028671	240	0.3802588414603794	117	0.41050056844187155	
321	415	0.9927123118618348	287	1.0268703551115417	382	1.173513020273923	
322	71	0.306585213473056	261	0.35384538895721024	23	0.3739603872289224	
323	101	0.2080290778165152	70	0.8690919733864995	325	0.898990369670342	
324	267	0.5044779302962563	6	0.5172647325208471	381	0.5957877576242305	
325	208	0.36739085912249203	127	0.4080259514764192	204	0.5807014553255154	
326	196	0.2491758939272986	175	0.4275400780764949	32	0.4427498993252675	
327	485	0.36561311878072006	359	0.4982133326571172	265	0.5407219844886666	
328	215	0.16251141689985638	493	0.32599090270361836	239	0.43563220152719234	
329	216	0.16098449881947288	156	0.3911029919698612	370	0.4847249987894583	
330	95	0.3289212839187799	370	0.44655816798528253	315	0.4566072992746995	
331	137	0.20574967063530622	239	0.40031115977984577	494	0.4310866207216694	
332	205	0.2659997550696521	231	0.44066322991159335	285	0.45371408573980637	
333	139	0.5262254705219138	61	0.5505304874415705	43	0.579270418412146	
334	336	0.6094694955733957	424	0.6250885419448753	372	0.7649375203879684	
335	343	0.23348040972319747	473	0.36215269576278897	264	0.4323365094537682	
336	372	0.5892287063950971	334	0.6094694955733957	258	0.8132220215980647	
337	236	0.3953494426654913	262	0.4926299660962403	357	0.5364692598157499	
338	2	0.36699685252675174	316	0.5524570141007218	269	0.6118153206776734	
339	127	0.3634220481552618	53	0.5065427626726549	32	0.5144395048047693	
340	214	0.14954985383606362	0	0.1560542915335831	233	0.2913189547403161	
341	373	0.24218455381289175	27	0.26824385119707794	294	0.3195742816033909	
342	428	0.9720680766952773	191	1.055224258549857	389	1.084221671041232	
343	335	0.23348040972319747	360	0.41543243084638926	473	0.4885377985438383	
344	316	0.2893986171264943	269	0.3233097796601617	464	0.3966118625319201	
345	131	0.28311773238933674	204	0.3632023123413422	208	0.40888538967131277	
346	54	0.3982914563496199	477	0.5190246084474119	461	0.5813500480230229	
347	167	0.29697782949145685	422	0.4304570373938563	454	0.5929198429149004	
348	59	0.36989610215457225	466	0.37158945773709373	296	0.46192633199322425	
349	26	0.14870303282741656	92	0.31915329220247046	405	0.40072761693810216	
350	370	0.386953384911633	95	0.4985745347816942	330	0.526770473847009	
351	471	0.2761148166945373	498	0.2797507411494729	105	0.3834997559346791	
352	225	0.237286279456658	359	0.25201578395968	16	0.25726086305609025	
353	281	0.17029260687097844	440	0.28325493071159413	217	0.39087738247036113	
354	70	0.47905450433517466	101	0.7622447344298069	108	0.8700456430016728	
355	410	0.35512102665987966	288	0.6809586009432155	69	0.6852928212247885	
356	82	0.1852746066459972	435	0.38475889441406114	127	0.4149747661456402	
357	493	0.3491887826903839	236	0.37358530876850776	328	0.4572086943353621	
358	491	0.19615808934168943	221	0.32401771568361526	387	0.4068405962162587	
359	16	0.1598000229660681	352	0.25201578395968	265	0.3006197976860079	
360	161	0.1467969299556521	183	0.16452921160083714	343	0.41543243084638926	
361	395	0.43807916532194624	82	0.5061327415349856	243	0.5243522736974033	
362	52	0.3156902674075911	488	0.4761183924677219	221	0.47616098227823245	
363	11	0.49120731629443065	319	0.5549323891044491	499	0.6567753422899848	
364	279	0.3300008951952408	438	0.3339145671460236	83	0.4475680964676949	
365	231	0.28254802396141543	205	0.3347133527881234	332	0.5316806240551308	
366	379	0.36213475390384775	341	0.3787172886786549	406	0.40299487232609915	
367	63	0.1242281338417152	454	0.3033155449767943	40	0.43476859465261275	
368	152	0.4219408825108695	386	0.4339679923720253	185	0.47534034441730627	
369	41	0.16765495906918151	156	0.3471101886043545	26	0.38631265833590406	
370	350	0.386953384911633	330	0.44655816798528253	329	0.4847249987894583	
371	54	0.5519410262127437	199	0.6019542680294137	394	0.7448450254596163	
372	163	0.4336773928067573	336	0.5892287063950971	365	0.6316193654994716	
373	27	0.20570265836357704	341	0.24218455381289175	406	0.2996505021284143	
374	415	0.9664487760685934	17	1.0875904104164336	400	1.153457745274448	
375	265	0.2993000017607004	280	0.49099633316520414	352	0.49840460000816417	
376	319	0.3952763277109167	33	0.505993220987457	154	0.5123531651291952	
377	498	0.40291150971517975	351	0.4230245362361977	471	0.4393661075904229	
378	171	0.1603938635801796	149	0.23473552355097746	36	0.38143852796319033	
379	68	0.2963656569615742	366	0.36213475390384775	153	0.39683526610646586	
380	274	0.06428749843472802	31	0.20096702041145276	112	0.31245571645537495	
381	407	0.264417995558452	6	0.5354648879118344	387	0.55420954586906	
382	488	0.33753881681410025	424	0.5311039393161248	45	0.6810846591731927	
383	201	0.3609035048913934	110	0.42077993701184857	460	0.4812628709297101	
384	193	0.40111628317051923	474	0.4258514388434799	136	0.5351288729075201	
385	431	0.5088151328603336	134	0.5255435436117758	263	0.5516608509425076	
386	185	0.16595922232038818	298	0.3062203020413418	368	0.4339679923720253	
387	358	0.4068405962162587	257	0.4718127025219976	41	0.5091065814980347	
388	271	0.2564845251886437	443	0.4300190651774411	182	0.45319999306098724	
389	191	0.10237255173759725	472	0.3156000579755139	4	0.4420997396758386	
390	239	0.3712034819818603	289	0.4113853796211335	84	0.41613645189240256	
391	55	0.4258009167065631	19	0.7983663798973798	173	0.8000524392605518	
392	197	0.6440736565160182	154	0.7911103044910351	409	0.7998357439192814	
393	37	0.37176955560929476	488	0.4850673885247483	382	0.6866392803184039	
394	244	0.6557942857008819	281	0.6999341352170332	245	0.704051486886578	
395	113	0.32387347178148157	47	0.3891573121613797	243	0.42215884228049505	
396	25	0.18857483966075317	232	0.27884488568968946	300	0.4697341652755361	
397	56	0.23973232456471444	159	0.37168122338999254	257	0.5670941660836561	
398	409	0.32411031890700304	429	0.45292822057200816	363	0.6750137781310735	
399	286	0.1993200917020311	172	0.3530648434608084	30	0.48438123402335465	
400	408	0.5171069788376832	468	0.7843477574116304	31	0.8096105535710343	
401	168	0.19983219457705526	125	0.3525422706439408	442	0.5803908279250665	
402	261	0.26641377753072637	71	0.2783521759928656	289	0.36437617596943733	
403	76	0.8088758847425654	287	0.9385798615487034	67	0.9555687588836732	
404	493	0.4449475260034041	304	0.5368198584782656	347	0.6056927314842137	
405	92	0.10246351194092518	26	0.28577936257665104	349	0.40072761693810216	
406	294	0.12029499506124973	84	0.27138692191693514	373	0.2996505021284143	
407	381	0.264417995558452	405	0.44409799424439483	6	0.5011275297380494	
408	159	0.49938024742277237	400	0.5171069788376832	56	0.5181456031201722	
409	398	0.32411031890700304	363	0.689834008095288	319	0.7530315760731422	
410	288	0.3368097226262914	355	0.35512102665987966	449	0.4907012399411377	
411	444	0.17410526830780365	445	0.30669389854636064	309	0.4581321530216876	
412	88	0.382614012150549	201	0.4742980532231246	146	0.5095162605291542	
413	67	0.30765465771960065	45	0.35215984834364633	76	0.4615785707212018	
414	169	0.45988825515499393	155	0.6844773575600336	484	0.7419190717658225	
415	17	0.5448667181138271	67	0.668178297613868	413	0.6876532591876494	
416	296	0.08964338905298767	225	0.3645086424195378	482	0.37285976693850387	
417	87	0.2447645152610403	143	0.32954714992143236	435	0.3614089902106722	
418	177	0.18980099257941632	259	0.2816541208621196	220	0.3468411763565548	
419	166	0.5502758167599481	227	0.5547987493577491	79	0.6094057062875411	
420	233	0.17798205452755442	228	0.27436643558346735	214	0.28198306008638996	
421	373	0.5340884342375214	27	0.5823055095935882	24	0.6071375881505306	
422	40	0.366461622569619	347	0.4304570373938563	167	0.5035947245589135	
423	219	0.6786002021750838	470	0.7102793308474707	465	0.7828410943298711	
424	382	0.5311039393161248	334	0.6250885419448753	488	0.8067865078663164	
425	141	0.7004608469480194	495	0.7598473226627301	28	0.8885502354170676	
426	432	0.27630412924209624	135	0.5728302506192325	237	0.6814152316934278	
427	329	0.5486278685858487	257	0.5626891817478186	216	0.565338041253843	
428	235	0.3285091543284466	472	0.8845211587373321	389	0.9170021939607814	
429	111	0.3092410360927411	398	0.45292822057200816	114	0.62062281219474	
430	107	0.16549701894508184	188	0.49930549633401056	39	0.5426904378692496	
431	385	0.5088151328603336	125	0.5965466744039422	401	0.61855067712131	
432	426	0.27630412924209624	135	0.40335600925580767	390	0.5763296051306258	
433	74	1.1223568749173103	411	1.3243124995308382	444	1.3586801465354763	
434	238	0.3236219121212642	466	0.5651683853489307	59	0.5763604225579493	
435	417	0.3614089902106722	446	0.3695886575030919	356	0.38475889441406114	
436	164	0.2280241112883826	102	0.43806228284783066	160	0.5166800977155923	
437	213	0.5410183860677314	318	0.5561141464442991	194	0.7618088625388278	
438	283	0.29617299810950276	302	0.33044470678087995	364	0.3339145671460236	
439	12	0.5454772413025455	88	0.7669427618720771	251	0.7996680942481083	
440	353	0.28325493071159413	281	0.45061740046984494	217	0.48056242945036903	
441	161	0.2923528728903825	183	0.356958296790638	360	0.4344732562572701	
442	292	0.2536581991742814	83	0.3586111571883409	168	0.45498064544969047	
443	388	0.4300190651774411	94	0.48460975537640555	320	0.5031118821610604	
444	411	0.17410526830780365	445	0.20052825677350672	309	0.33755818227362894	
445	309	0.16241766124132873	444	0.20052825677350672	411	0.30669389854636064	
446	82	0.3468436788053806	14	0.3495234389558992	435	0.3695886575030919	
447	73	0.2906001593175245	233	0.4509318400115435	326	0.45968973128361823	
448	138	0.44324830270499294	467	0.6577169505015976	457	0.7034053615835161	
449	96	0.10355974626481314	129	0.28951073181090103	479	0.44386218955316803	
450	480	0.5162269387049405	134	0.5199070279205898	302	0.5626598796444979	
451	37	0.8927246021579269	457	0.9842518373880493	393	1.088424671414482	
452	290	0.2447185319966164	200	0.2817561760875993	29	0.2849293643116288	
453	476	0.1753459236566456	499	0.380224548339411	463	0.4035955384371287	
454	367	0.3033155449767943	63	0.4055340298860251	167	0.4763909820299218	
455	267	0.4940466715842283	462	0.894295194235795	324	0.9126653017479228	
456	48	0.2362489137185096	187	0.24728649020997456	483	0.41544839006673967	
457	448	0.7034053615835161	393	0.873057164546055	138	0.9395046573351796	
458	483	0.5321469019823177	335	0.5612165422690242	185	0.5652414156736403	
459	437	1.0611337472439235	323	1.1001305770476446	194	1.1137836250380238	
460	110	0.477499669431905	383	0.4812628709297101	108	0.6197969459972298	
461	247	0.40583602162712484	54	0.4472902245831151	222	0.504370867630378	
462	6	0.37650944727148705	267	0.46730025131025354	99	0.5042280788008632	
463	499	0.18881807668348488	476	0.2318594188771376	200	0.35262164061609785	
464	344	0.3966118625319201	316	0.49991075836297766	322	0.5289863887071522	
465	89	0.3985661399832209	93	0.6154308051482305	46	0.6207781919558184	
466	348	0.37158945773709373	279	0.40783324126428094	284	0.4099087662421511	
467	138	0.5643699269370143	73	0.6125838995069618	448	0.6577169505015976	
468	400	0.7843477574116304	144	0.7889859276439276	21	0.9811607751823054	
469	263	0.32649543818851584	401	0.7605401827586014	431	0.833209266862535	
470	273	0.3627147876999986	262	0.50926379126599	219	0.5651659519435625	
471	351	0.2761148166945373	122	0.37971672311546184	498	0.41050504920691766	
472	4	0.30995390828736025	389	0.3156000579755139	191	0.41164553714589336	
473	264	0.35427933053302635	335	0.36215269576278897	198	0.4250006877888953	
474	136	0.25624344305823016	384	0.4258514388434799	91	0.7160667825229979	
475	313	0.2502025802310493	301	0.3091590682327095	52	0.44094231543495616	
476	453	0.1753459236566456	499	0.2244083679199221	463	0.2318594188771376	
477	346	0.5190246084474119	284	0.5586371959523023	199	0.61720652341333	
478	2	0.49131829699046237	186	0.635160659536569	316	0.6947042523797204	
479	97	0.28861043342089465	129	0.3336769790083705	270	0.34754112074822474	
480	309	0.2283817843328733	445	0.3874285969717219	450	0.5162269387049405	
481	494	0.08765045098861302	331	0.48931837329173183	239	0.5190722667061625	
482	85	0.32219770949239956	416	0.37285976693850387	97	0.43066553871522045	
483	187	0.31438736347709556	317	0.3713323376045668	456	0.41544839006673967	
484	96	0.45756895129919806	449	0.5383122124788209	169	0.6407062370309221	
485	327	0.36561311878072006	277	0.5550738082105181	65	0.6220990810199548	
486	240	0.4396396325437422	94	0.519089279820138	320	0.7437205962934372	
487	249	0.4788667956296849	292	0.5184801228828597	283	0.5671752381869052	
488	382	0.33753881681410025	362	0.4761183924677219	393	0.4850673885247483	
489	243	0.327645320040859	47	0.43818981774567745	395	0.510686066135118	
490	66	0.29090884520041554	302	0.32546662626431244	140	0.37437137790230207	
491	221	0.1585350977972702	358	0.19615808934168943	177	0.41916644849822543	
492	8	0.13030095243326606	162	0.44680382286369186	140	0.5208509683368138	
493	328	0.32599090270361836	357	0.3491887826903839	404	0.4449475260034041	
494	481	0.08765045098861302	331	0.4310866207216694	239	0.5258077638158635	
495	188	0.4083090402027523	107	0.5832689676711198	39	0.6051082156698486	
496	59	0.47652334177134575	308	0.5656136997959496	348	0.6150857435606985	
497	400	0.954147131679129	468	1.136951608286156	374	1.2985243805440916	
498	351	0.2797507411494729	268	0.35571457641841614	78	0.3970768094331204	
499	463	0.18881807668348488	476	0.2244083679199221	200	0.2520241245962444	
