2.4151186215607083	1.7908638499625174	-1.3235950566811401	4
1.7569932126341872	-0.3241188876346182	1.0666254733151526	0
-0.2665433556307026	-1.6258241975919381	2.7428490483836021	2
-0.5149025978356893	-0.4252268314847898	1.1809666995388555	2
0.3002808584794246	0.9510267040574321	1.8281808866325555	3
-1.0140123936394816	-0.7328686644702781	3.4481624957192261	2
1.0349964304177350	1.7348773088558613	-1.0725967986306750	4
0.3143662217583122	-1.7166973327363046	4.8953866775247672	2
-1.6367128787845862	-3.3369911233678953	0.1360956307787568	1
0.5933693097330326	0.0144892354837620	0.8046181816816689	2
-1.3485938832180293	-1.5873573273782982	-0.6167830689969023	1
0.3073208134763227	1.8477858092258197	1.0652800330692509	3
3.1147902300348465	0.5464905275707920	-0.3515036744785970	0
1.0957243326816282	0.1858645467415014	-0.9688841471214086	0
2.2140162258137601	0.3168564688596384	-1.0143414133609594	4
-1.6677259244379237	-3.9342889708227435	-1.6208963319338694	1
-1.8223368018120270	-1.7039055793890436	0.6448893677064740	1
2.3675731931280239	2.5020856636456785	-2.1807836680251254	4
-0.3377185285934560	0.9092142904437560	-0.7626581013788593	3
-0.2501636539725566	-0.6920901745351747	2.8622971424598949	2
-0.8323376539917718	-2.5899219775683617	-1.2524750035727912	1
2.6018144902540810	2.5338501880371327	-0.3724367083196021	4
-2.0323924576531027	-0.9426363413950475	1.5696257167075096	2
-0.0253609891126995	-0.7130980199633534	2.0670678895870740	2
1.0826974217570342	0.2077097534497744	2.3763996254228497	2
-0.4069152769812272	-1.4525789053539264	1.7265215913240781	2
1.6999642917078996	2.3919345432216770	-0.9196754531152583	4
0.5347171142533443	-0.0635844627723240	1.4245380401764431	2
-1.7272328297341915	1.0458292431153016	0.0776026196337245	3
0.0634543091516813	1.0070956681440533	1.4511280164003848	3
0.6982916331559502	1.5483485427409009	0.1417674519598714	3
2.2291541501424046	3.4076499362685628	-1.2933044528011428	4
2.1972476706019397	0.9687297400384447	-1.0322145591081369	0
-0.1368972109931915	1.5580121929785586	0.5045589130679227	3
0.9453811137160375	0.4595761931623403	-0.1249454795311383	0
2.6983110385546230	2.7631790588913820	-0.7983266650877265	4
0.1811936209644681	-0.1427366146748477	2.1599229539752183	2
2.7583776961375843	1.9192112839821409	-2.7236027057906922	0
0.4896498906124119	0.4699412224192185	-0.5153128357384983	0
-1.5403064364848666	1.5602243850332680	0.1402889507343723	3
-1.1476894609833859	-1.5823900774590185	-0.1900712104041525	1
1.7156141071746944	2.7864539020451593	-1.2376817317967888	4
1.8784693155389651	2.9433029681478424	-0.9612586940962869	4
2.7880021341013723	3.1488527359761909	-0.9185815022329721	4
-1.7896293943850734	-0.5303595090747166	-0.6857057400794468	3
1.5659072029066179	2.2177285204275892	-2.4320452466934830	4
1.4694419051965459	0.1882958415433480	-1.2536869751304007	0
2.6504952760302416	0.2931550792605628	-1.3065288103276385	0
-1.1055071339919884	0.6155171521636928	2.0846006298999455	3
1.0937258583789835	1.5522827905519132	0.3861309979201351	3
0.6895575215587308	0.3596885662438077	-0.6613353502041128	0
0.0821639732477961	-0.1224470477666106	-1.4310674153420966	0
2.1281926387452206	1.5572225369096881	-1.4711284494840848	4
1.6680992563771351	1.2284871135744231	-0.9264319138602679	4
0.0045163940696263	-2.0163305031905194	0.0893576412221349	1
0.6132960030866167	-0.8458290425773295	3.2213013566237838	2
1.4472399443142789	2.7919227727501501	-1.6253773383783483	4
0.2776915892150189	0.8500970802476795	-0.9299300265882031	0
1.3315467509142338	2.1898702338863543	0.5178911224866787	3
-1.0663370062284183	-1.9515920952850627	-0.3130627232458335	1
1.1432432613329855	0.4005581910725052	-0.1834720343585078	0
1.7296186072907278	3.2997970380566253	-0.8565768084227764	4
-0.0705810297319193	3.1660237726453353	-1.5380995654299388	4
-1.1032546115590758	-2.0067271986769604	-0.3111977369624915	1
2.3356854399332789	-0.9229232180513217	-0.8779056736260996	0
-2.0890643891902672	-0.0691525473247887	0.8758193386909826	3
-1.5778058789244342	-3.4525409627205876	0.6596560814577511	1
1.7378597851295114	2.9056686039427899	-2.8955601943056255	4
0.3654479365036076	0.4467308573913105	1.2231142146032341	2
-1.5865081409919100	-2.2214603738161456	0.8980035141340829	1
1.4430453930745355	0.5164588436790353	1.2289175418685760	0
-0.1758239236241066	-1.0292130639319075	1.6769879624601121	2
0.1833469603244194	3.0633749475247551	-1.4932366444280483	4
2.3245447474899956	1.1026009252564364	-1.6301470275171501	4
-2.6060608863357722	-2.4053016482574363	-0.1782645055236629	1
0.6757137555514159	2.2203327591064479	-0.2960210879156530	4
1.5795238668993992	2.9871779295709695	-2.6266951376409180	4
-0.0138232889100197	0.4337355991344964	1.8934993138885798	3
-1.0541962988619393	-0.6028984434747355	1.5929251022823248	2
1.1809702499913124	4.0296060626678756	-1.7030243336245872	4
-0.0259400972960782	-0.1551093853162713	0.6442475494284442	2
1.0604251820231942	-0.4354866016171128	0.1445681840627125	0
2.0343391010190373	0.7441418745295968	-0.5883541448671930	0
-0.8981879672712965	-2.9965379619936265	-0.3793354437976351	1
0.2044494993779910	-0.5727640420151509	1.3386033346485935	3
-2.0110049036120605	-2.9111069045105142	0.1498573891562472	1
-1.0759441086444554	0.4110430580758115	3.7405256014023998	2
0.7288030057017579	1.0742423830956269	-0.6366476716672786	0
3.2526510362123009	-0.3243648172238627	-0.5483135643791425	0
2.0152242225718089	-0.2092817260127319	-1.3482008314101406	0
-0.1230638598594977	-1.7458770044516034	1.7658843478931026	2
0.3244459828216975	2.2884922372917256	0.2828272232580320	3
1.4692367506776502	2.1375853682530312	-0.6631857533605985	4
2.0923432399425685	0.1145380312926661	-1.0322314783110262	0
-0.3038738207854487	0.7509666085069066	2.5058681974989834	3
1.2075168421935087	1.9203472234052477	-0.6431774747873651	4
-1.7354361460184831	-3.0957618036348138	0.6423107397455161	1
-1.2377335652538122	-3.1059117919306254	0.7730015490544633	1
0.6292125777976812	2.9748520121569193	-0.4653873952700516	4
0.7085526069824469	1.4648972547358419	-1.7404482331448681	0
-0.1393266602333876	-0.8627954806943017	1.5959568168386196	2
2.3816701399169120	1.1590674561086813	0.6872814009854737	0
0.8820443795118905	0.9256146075159508	-1.2429423396554047	0
-2.3971425951148713	0.1630377093565193	1.3867539063710035	3
-1.2608902815990297	-4.2234428297065643	0.4817758176914918	1
-1.0952108837311156	0.1971388343010117	1.5125347223501711	2
-1.4151877238923956	-0.9505040768495325	1.6430667553439793	2
-0.7850204328544595	1.4744990589003772	0.4903002296700023	3
2.1482003668087488	-0.2492095998961184	0.7976368068781711	0
-0.1900276927726396	0.8512087335643721	-1.4469391281960222	0
2.2487290927495227	-0.2783022860855943	-0.3898560054362006	0
-0.7541713747329107	1.9871252276908271	2.3934303330402997	3
2.3761334969199579	3.0526204694324570	-1.2595104661362617	4
2.8298403750993133	-0.0375432200115529	-0.7386416803538762	0
-0.4588304738667877	1.5463640327573251	1.2322875705751439	3
-0.6283404629040041	1.0934866971526622	0.2383009886069148	3
0.6434538379769695	-1.9115392900976103	1.7363464797766515	2
-0.2655846359892920	0.1945475819906264	2.6777657004585844	3
0.3798132720247632	-0.4935468423865473	2.3765076531073497	2
1.0530742155722435	1.1281222293605184	-0.4984383722432956	0
0.4357577837420729	-4.5657850031196539	-1.8027919471089242	1
0.7586093665880068	1.8348977331457332	-1.3691908219544908	4
0.0403056882793045	0.5960099967034619	2.4693032882433483	2
-0.0342455244234113	1.3620254790624535	-0.1975255562613216	3
-2.1907126494461453	-0.9096489967430429	-0.2097865505376466	1
-0.3084513273313354	-3.0433231410838157	-0.6421714617901857	1
3.2227982964243340	0.5388425906873041	1.9595820748609145	3
2.0974365093491918	1.1036901235720635	-0.3089476425468377	0
1.6510775534627327	3.9580799397110744	-1.4710513043501308	4
-1.3539994657926322	-2.8686950154779107	0.7296081130068258	1
-2.3225328521241115	0.4991114984011257	3.0485665315694099	3
1.3546051060739877	0.8689279883393382	0.0887521676933203	0
-0.1791324716932930	2.1422030924236641	-0.0617345106295275	3
1.5007789766154707	-1.8433408145958152	-0.6242915922199530	0
-1.6347291640649777	-3.4100443684682769	-0.3852659978313475	1
0.5650699951800527	-0.4504358857912769	1.6506719529833371	2
0.7543573739842773	3.1879990833874894	0.4042172143500707	3
0.3911450506570053	-0.5610874018471006	0.1306637306202059	2
2.8821482168410482	0.9298271594317156	-1.8118546113655638	0
1.9422135867934012	3.2646436025423462	-0.9868848276945867	4
-1.2777088138004473	-3.2555957569173746	-0.2082583747568255	1
-1.5055502560979477	0.1277167617882806	0.8043367993850407	2
2.1743419334775060	-0.4292817356138171	1.1697337040563300	2
1.2440230855230439	0.8146997593748877	-0.4781339452973696	0
2.5298326578714141	4.1071339696849414	-0.9375359603002307	4
0.3818837010175802	0.9563538849326646	-0.1556816498961283	0
2.6860275059331395	-0.3926795415620563	0.0127989908137431	0
-1.4503484612187607	2.5097546980248504	-0.1001174005952088	3
-1.1922339371092834	1.4515792025832366	1.6343958575424165	3
-0.2443520091828218	0.0862572347139851	1.5103135008050566	2
0.1970903611484104	1.2802503917166073	0.4318923770252827	3
-2.3220323528360489	-1.5852539368195009	0.0648008970475575	1
-0.6937431210756724	0.2845224999842449	0.9711115635699281	2
0.3903810415415636	0.4075347107313334	0.8214713132353073	2
-0.2638061897232984	1.5524907159414811	0.3023782951612956	3
-1.6219811983117425	-4.2187760565684140	1.2592821968745731	1
1.3686234841740350	1.7654606892400213	-0.9707256282531009	4
0.6890885853985879	2.6679478091497746	1.1357549591142775	3
-0.0802284286026177	2.2869658392527059	-0.2786463687648093	3
1.9372891083665962	3.4820690573849182	-1.5332223449103513	4
0.3556871268194685	0.7805629563341605	-0.3148259142256944	0
-0.1026625354833352	0.4612650603294274	0.9405810506675610	3
-1.3659375999557537	-3.5319871025670238	-1.0066647176809755	1
0.7898716972004229	1.6229047678620678	-2.1462517629347913	4
0.9794220166923657	0.9406138286227405	-1.3426666099843336	0
0.1742894361094957	-0.7595351919362155	1.3720476282258303	3
0.2153890452708488	3.2153962829130673	-1.5198621075314869	4
-0.3362184552513515	-1.6155538218242356	0.7613917429844269	1
-0.4278667547183680	-3.2206259387852323	-0.4126885080311177	1
-1.9279411050842064	-3.7326992695420493	1.8201824599548815	1
1.6231105310503047	-0.7354025105182277	2.7539330953933048	2
-0.0842408031509067	0.2080328106306127	1.9579952738882240	2
0.8357369894410615	1.8374501878577996	0.0055277957007093	3
1.3136216121003328	0.1014532568651243	3.0174654856032568	2
-1.5049796543290259	-4.2118830485246574	0.5043383858135539	1
1.7302566492196889	0.4557019396976185	-1.1746659241267561	0
-0.4527250341212316	-2.2520026047887636	2.9811688148185840	2
1.6690548131784038	2.6219464742489378	-1.9576311141954235	4
1.6999108062581954	0.3043826438088885	-1.0838288484075711	0
-2.2909039639602495	-1.1402207477936674	1.8386135489793225	2
1.4532078883014974	1.4590099335384479	-0.6875102543155449	4
1.3916336866529373	4.4208413767888421	-0.8051125478674135	4
-1.5936735580784669	0.0073534086309789	2.2236578452053619	2
-0.0298934294804889	0.5871983294212889	0.8783016793694794	0
-2.3784892022373905	-1.4806017588906188	1.3739962404337116	1
-0.5791253412299722	0.6037773540889688	0.6607125888582470	3
-0.5665611235752278	-1.8496231064408659	2.3991250737665455	2
-0.4254277049553408	0.6327461522931290	1.7883264727662642	3
-1.3959264549854917	1.7269222130719397	0.1187980081256546	3
-2.4852360557610380	-0.6710395171997305	-0.6171321611537260	1
-0.8774723030431302	-0.5023977755470043	1.7252480993188390	2
0.9770645709716647	1.2829801704249144	1.3615352224753736	3
1.4345425866944508	0.3030532234905757	-1.4574094057625504	0
0.6071383349888799	2.4678122715195370	0.9444419730227033	3
1.5601368268503237	1.6282779366213600	-0.4640721663711247	4
2.5577223725355736	-0.0352007841647968	-1.4516822328123422	0
2.3369564270792238	1.1836887322033571	-0.6847731152907712	0
-1.1463721026550027	1.9975537116795636	0.7841172431511059	3
0.7691801033848006	1.6899797404075287	0.3983030659792309	3
-0.5275225981844738	-2.7450801691752149	0.8956984972012729	1
0.8395276403736627	0.8930379076575686	1.2767940565328830	3
2.5678942421142290	0.1190516993127622	-0.0804694147180649	0
-1.6659362086034175	-0.3995008085834133	1.8977260798798419	2
2.7574614178555459	0.2680242563992560	0.0548151894640641	0
1.4335686879306309	0.9936004656491945	0.0563518937032729	0
1.4524165664102833	1.4304427729239617	-1.7403642786109863	4
-1.1992351911124510	-0.5857481121815282	1.1527948751971457	2
1.0533246920127055	0.9353301978331172	0.7189272343609595	3
1.6849941063180114	0.9936722601994523	-0.0737087890322752	0
1.0883114131478919	0.4094331343508306	0.3440032874675595	0
-0.1701077361776596	-0.2711769265753142	1.5288582180970760	2
-1.6279981538048811	2.0549481981426272	1.7421014704075355	3
0.8993090521612817	1.8140472522045916	0.8685982734506448	3
2.5397421476489592	1.9416124467864813	-1.2245547677554076	0
2.2390271324669899	1.1889991286279331	-1.4940140424942923	4
0.1694844590190000	-0.4665910424666072	0.8432772319249595	2
1.4695607240106394	2.8051464108349906	-0.7706377111819295	4
-0.6488688520759590	-1.2178482774999031	1.1834362743983429	2
1.4487514101633228	4.1098248227188643	-0.8496665699248478	4
1.2116794871669245	-0.1203886733280537	-0.5790966865273497	0
2.1890128102006114	2.7597598639010914	-1.5818203012098992	4
1.4883317178346029	1.9584593805689292	-1.8799294228407728	4
-0.5598968511355827	-1.8401041852756770	-0.3718002818298030	1
-2.0493706372394751	-3.9710577249990329	-1.1846439197438021	1
-1.5134888161062481	1.8037721268536129	1.4355417080649071	3
-1.5960218715119048	-2.0539461397778349	0.4184053649318870	1
2.3140272910788946	0.2495109991768762	-1.3817483264916244	0
0.1026621122768151	3.7666594969727600	-1.9266328990563135	4
1.4496557475931289	1.8194083914521197	-1.2231957029192833	0
3.4328907387903209	0.2711232904944797	-1.6836895711821653	0
0.6269827316727378	0.3945663831041540	0.8558976062043551	3
1.5781208682022967	0.8383727503515408	-1.5754004807616682	0
-1.0056580572029117	-1.3246481538681767	1.6533236030103684	2
2.2216427379726547	1.0782192569569728	-1.1181345908212394	4
0.0869552485584902	-2.9272656300977342	0.1803712471979310	1
0.7888311396065131	1.8334155512808672	1.9688627130396295	3
0.2193883536812577	0.0218454070814894	0.4388365743613578	2
0.6993022766210191	-1.1243578165997339	2.0523605272844483	2
-0.6989368675399119	-2.0538231204485156	-0.7821181408064307	1
0.5017960991288740	-0.8023548060674484	0.9169859192703447	2
0.2889702943262774	0.6972154472756776	2.0974482626059254	3
-2.2154346591664091	-3.2335561929282584	-0.2007077001297772	1
-1.1212663877873066	1.4341917784767628	3.5820254482570535	3
2.8465726175084591	0.7953049629418352	-1.0991984638087309	0
0.2246896736708389	-1.7123256447363622	1.8226610300892958	2
-0.7235135474916412	-1.7985234924395181	1.7604388168020160	2
0.2706410156656665	1.3196000476941498	-0.5153368211288086	0
-0.0013281536099538	-2.1241163415435724	0.1844556327662476	1
0.0848471277704804	-3.4252294551014173	0.4359065949887271	1
-0.7011058753044984	-2.3034446838696794	1.1785496308701053	1
1.1854120797513952	1.7329480819902428	-1.9797193675334861	4
3.9889532141587143	0.9446576329490780	-0.8621209592145477	0
1.2059773420950366	-0.1270705396826253	-0.5531429944454196	0
-0.1142679632532942	-2.4105491701570609	-0.9349728495114960	1
-1.5484313690180760	0.5081301331132080	1.8035943158004484	3
3.0273916919785040	-0.0182791935586992	-0.2365666474266606	0
2.9539875832629487	0.9837101978982223	-0.5165862653805581	0
1.1940797294736329	3.5514157213870496	-1.1202734517946857	4
0.4699769131272648	1.7412327894025070	-2.4498675160352259	4
2.7836178754977516	2.5597881560330249	-1.2704178433680484	4
0.4902629002620228	0.5817979613313425	0.4323692831768527	0
0.0665567403042382	-0.7554411184876146	1.7023847528244354	2
0.7001715153458111	-0.1957043553265929	-0.2242430469075858	0
-1.1471424624514253	-3.4115216780490241	-1.1279687096650912	1
0.2957905201926386	1.2790447485014802	1.2079699323006201	3
-1.7075560599888708	-1.7084107925429315	0.8891650830777315	1
-2.2699170457035804	-1.3451044518016804	0.6107421734295028	1
0.2098908727957045	1.8785736831509472	-1.3366638463261222	4
-1.2425930198073902	-0.7725883016146937	1.8551862750799835	2
-0.2295713929861788	-1.5590359034969392	2.1382343704819124	2
-0.6861458881205049	-2.4867123739720918	0.8738471852413783	1
-0.7978801313218676	-0.3922177405215215	2.4561906016357047	2
-0.5425330953710104	-0.2714885390292120	1.8832676257141603	3
0.6944717336646781	-0.1155842990990232	-0.3900359348943951	2
2.1900947783092586	3.2941406996963902	-1.2210972812892327	4
1.3612524066762208	2.0075183952062314	0.0572770604192204	0
2.3808719897614470	-0.8573053651549765	-0.4325245485841596	0
-0.7919097948289315	-0.5714521320750934	1.4529961199106851	2
1.9476120944753199	-1.7603347302129224	-0.6092407734355934	0
-1.0183306669064078	-2.3837775727425523	0.1430290256987515	1
-1.5223764357975931	-2.2788747550563873	0.7261447169012984	1
-0.6917855004660232	-2.0046280222154418	1.0600500434330669	2
-1.3053870759719186	-1.1444431591133750	2.3714327096138086	2
-1.3793565490261450	-3.2564602216095713	0.3610964113639860	1
-0.9605526706686426	-2.0675479842271698	0.1541594397285531	1
1.2535788903481122	1.5391760696490080	-2.1090939035265821	4
0.9685754855166125	1.5226373511184050	0.3971441857229641	3
1.5094789139092319	2.2409737473225677	-2.6925517267786612	4
-1.1811513093182753	-2.4339338604768774	1.3942564954299210	1
0.3783401997221517	-0.9205717064590228	1.6725361606057425	2
0.2754056643651243	1.0403130759888226	1.2852796582998245	3
-0.7657360349470717	-0.0289711704512419	3.0313531005116823	2
-0.5827540999399029	-3.1550086610324750	0.0956383440994679	1
-1.4267069706389524	-0.0989945702141384	1.9991379132772944	2
0.5139207549823755	-0.8275604568915197	1.3524464197730242	2
-2.2675171733058912	-3.0224310074043017	1.0120700860615097	1
-1.7471417077078319	-2.2847955617440898	-0.0847391285096065	1
-2.9836378833652311	-3.0495412116420164	-0.7178792283511753	1
-0.4335181885987711	0.4372928767783539	0.5861668724493861	3
-2.8057483490932924	-2.3388598881346994	-0.7425952223233117	1
-0.5821330807723126	-1.4485853965807851	1.8103482942959768	2
2.5144442126525317	2.2453190567241776	-1.4100441871291398	0
-1.2803251561704994	-2.5188205595125481	-0.1591469769385961	1
0.6155478429150790	2.6940298792632147	-0.5833464661646075	4
-0.4213876406661665	-0.2917367350053652	0.6216060707706345	2
1.0464193696720447	-0.4570943395493565	0.4417765568000362	3
-1.3827448703522727	2.7050017991457351	0.3989720111824185	3
1.7700223068404053	-0.9355337570911484	-2.1225581539980496	0
-2.0257299466043417	-2.3351748701988568	0.0628743883166847	1
-2.2591192276378251	-3.0390524022734318	0.2882659526602382	1
-1.5427435022788321	-1.8586010184175685	2.5878367762576242	2
-2.4115319232371597	-2.7624761548553871	-0.2910617111296155	1
-0.0097418212643623	1.9718545696213037	0.5597983368394464	3
2.0270667675391141	2.1758953315735821	-1.3442309569559421	0
0.3939665135201459	1.5323491540483776	-0.2703392827509266	4
1.5534731815849179	2.3931561589599646	-0.3486356838879976	4
-0.2661836171342563	-1.3040999298482085	2.4455572859788708	2
0.0670292067756758	0.2548490239806454	0.9469144569912498	2
2.8088220696779529	1.2978790293621900	-0.9433222455426450	0
0.1924446588699290	2.1547579151116105	1.1095562018571652	3
-0.0892758891370595	0.3647469556257366	2.2283143637258744	3
1.9944124651081905	2.5611520668309762	-3.7304511654319157	4
-0.1540684998093110	-0.8851430767331044	1.9467379086018948	2
2.5341366571385726	1.2595922081665800	0.7869048548865748	0
-0.0654897289095682	2.0395637503839978	-1.3667912914897817	4
2.0105866972807060	1.0516237260364258	0.0863135084275110	0
1.5815609388253089	0.4060895402934027	-1.4350190033164600	0
-1.2937282624061053	-1.5921566856629812	1.0142308201717012	2
0.1537017137805959	-0.5995695214223516	0.7512034044268306	2
1.5014338401069152	2.6801680466397078	-0.7731734725648650	4
1.1959342968458082	2.1103780297046715	-0.3749549024426090	4
0.6988620308041996	-0.9744435231294138	0.6140015687220236	2
1.2590862543558567	1.4419435317015612	-1.5580266996932206	4
1.4412983660642333	3.2807896720809269	-1.6345900512696931	4
0.5576054237902461	1.8796638579027927	-2.9238818541449487	4
-0.2687333936429269	0.7126239348672172	1.2981474315254213	3
0.7174005416977475	1.0967037529538848	-2.8796278278506255	4
0.2454416641319043	-0.3810939868653810	-0.1850546502974484	3
-0.1804327782636775	-1.5202197600309713	2.6738195520734327	2
1.8729620562132085	1.3357702171710690	-0.4757578194838086	0
2.1685048784113130	1.5200133616186089	-1.1243065837240094	0
0.1403416707393943	-0.0288544160818184	1.4960437942337723	2
1.9961554869959741	0.5906068854849263	2.4248619538237333	3
0.3664595530877802	1.0945662824894371	0.3862334373488991	3
-0.5851308652940514	-1.6011690919219743	1.7894046859794237	2
1.4777618263351899	0.6438059807677982	-0.0308645299485372	0
-0.3730754897803054	-1.9501571125802486	0.1974387951154079	1
-0.9375897963614694	-1.0661882531163909	0.2260659443104787	2
-1.5283477797037142	-2.2346224210358474	-0.3420996156618474	1
1.8253524537456522	2.3414401531349496	-0.8577019316513668	0
0.9307530548161695	2.3104957053075132	-0.7837567577514326	4
-0.4080687216708646	0.3317040300970610	1.3100485487979496	2
-1.6443770869808163	-1.8677529635500543	0.5573249556365423	1
-0.3570192039057895	-1.4442605835239255	1.0555833171751576	2
2.1944343572778564	0.4258555794615884	0.7787152066000017	0
-1.9291496102053793	-2.9782347462743832	1.4334211192444535	1
1.9428559329947941	0.4078041824802969	-0.4162411933131854	0
0.1509818802508272	-0.6032789484412490	0.2940178481888756	2
1.7272793188516351	2.4760869662317422	-1.6319533798168204	0
-1.6910562391607193	-1.6239995345440876	0.6011116883807277	1
-0.1829903633659369	0.3817916132123502	0.9151253451178039	3
2.0720430850938527	0.9097080631499188	-0.7667413627049106	0
1.3735152557665171	2.5460563089666124	-1.8846605588106715	4
-0.0423829592178606	2.4983067432476398	1.3326132500648775	3
-0.7690590414547093	-3.0469050747356770	0.2894645962697226	1
1.4459266092198724	1.2302743431020429	-2.0085498648995879	4
0.0987550790648001	-0.2065982875891242	0.9008115912944018	3
-1.3529435887394703	-1.7665316181071944	0.1460632373143356	1
-0.9374871749938986	0.6289382037002221	0.9719876613888935	3
1.7176852351083671	2.8545432232883545	-0.9946761843417070	4
1.0736784971644600	2.5231163233257075	-0.4937607011960424	4
0.0007090732728563	-1.9716500808739545	0.1170100589273930	1
0.4967098790901890	1.4290308772467162	-2.7822557008931161	0
0.4666806877438586	-0.4366255282827459	1.6031973492324814	2
3.0186124562796706	3.4886998444673449	-3.2063501274173092	4
-1.5436885041673416	-1.9052638015199963	1.0440095471689894	1
-0.6506135990086768	2.1740183922006264	1.2344753799608759	3
-1.1101780099190219	-0.0039496838537506	1.2893158813483383	2
-0.1096159977591202	0.0663003930105367	2.0286650182512886	3
0.3407710879795066	0.0428776070496510	0.8712110238261656	3
2.1557049390552265	3.2591359211520183	-1.1795655236797060	4
0.6995302066994342	2.4370240302591162	-1.1936686976450233	0
1.9758429197409022	1.7066628156809647	-2.6181658163693293	4
2.4214430749433742	0.0802914846951335	-0.2533417449954096	0
0.1636344966775386	2.3174413739551096	0.2740963166188433	3
-1.1334048379469501	-3.2909443006955796	-0.7065197072575802	1
-0.7217769438910286	0.5386220793355028	0.6064191831516564	2
1.7790207541251539	3.0880876283938048	-1.1806844286015297	4
-0.4255238386494423	-0.0604706838731465	2.5815579299938358	3
0.7309896940442362	1.0389743482951113	1.7811990746103379	3
0.9010754625283934	-1.1611122589077738	1.4719106182424748	2
0.3968405523949302	-0.4840808474035118	3.2812321652491798	2
-1.3189092597233869	2.6488221506100924	1.1267682568928268	3
1.9056770243996963	2.1359002652938033	-2.6499895504608952	4
0.2437299113931074	-0.8329896146126301	1.3500708018271439	2
3.0905869871220002	0.8922689473376139	-1.2314393033316380	0
-0.6536615789909850	-1.0581339664364913	2.0751617262405406	2
1.7029579631328819	3.3671960075175686	-1.7978731121646914	4
-0.4043600193920658	2.2456379382647693	1.7808691397033980	3
0.8969193789272782	1.6926237577758352	0.3216556243625908	4
2.8137088347055190	3.2570271548806855	-1.6290784287446456	4
-0.4686916958203927	-3.4456317681270718	-0.1439946267537904	1
-0.3362664850945213	-1.3088207208124052	1.4118691903844600	2
1.0010670227069955	2.7360196443097782	-2.3421820450710746	4
-0.4330859980119718	-0.7550802620266519	0.3507712782134205	2
1.0262853244868757	2.5519839002531515	-0.8201141139640260	4
0.0723055816963796	0.0781427734028169	1.1047717155431767	2
1.1626585451406135	2.3602194182407894	-1.3281150455581610	4
2.3095466014803665	3.3295793643096658	-1.8291140207690950	4
-0.3168161206904737	2.5001330341101120	1.6002706601616410	3
-1.4705612772728087	-2.7002250758895014	1.4506174905190647	1
-2.5491358349609916	-2.6844092375561703	0.2863521009490103	1
2.9465522252119078	-0.1458440054938568	-0.3488720040451984	0
1.6978958220715810	2.5141780421305802	-2.2952488860751750	4
-1.3990121815618974	-3.0664870794467065	1.1391296743501806	1
2.2830564564639828	2.4977622948081333	-2.3811400870855626	4
-1.7358903963369667	-2.1960671744172986	0.1132743149307377	1
1.3440644870815730	0.7063683274950724	-0.7728496436617647	3
2.2322496189536070	2.4223323316505239	-1.6494371664474112	4
0.5849689732481433	3.6762472408814073	-1.6677750846149140	4
1.4263181461925580	1.5780734169329504	-1.5716012038897311	0
0.4519051816629955	0.4004723567774380	1.9545172421023489	3
-0.1299479248333467	-1.0042821977866074	-0.2801231640359302	1
1.2617904510282472	-0.2583025896325706	-1.1100340107465279	0
1.7284444027290982	1.0164543908527288	-3.1366392327545185	4
-1.8339071482190756	0.9194708149905445	0.9506293421785458	3
1.0863613694960308	-0.6804700306665152	1.7096133754277392	2
1.0407029880853416	3.1187369169188273	-0.9638969612059389	4
0.6206828169190992	1.9276827445385418	2.1236306643349327	3
-0.5893801566863428	2.5206719801878967	1.9934715264313068	3
-1.7959966530347851	1.4210928281344759	-0.6677446236029584	3
-1.1880819059303345	-2.2163944670525639	-0.2607825045989046	1
0.5238088527474167	-1.1575455544647746	1.8412012736766510	2
-3.5162838166767174	-1.9540007139280837	1.3319818108362085	1
-0.9932106553162535	-2.1081423658145035	-0.6588967976241009	1
1.6743175200880518	0.6153378545671490	-0.6576852160218116	0
0.5326464670833340	1.2609669390473903	-1.2406940382185927	0
3.1201325695411466	2.2234835725854007	-1.1330140016945669	4
-1.4024970797355016	-2.3671441130555575	-0.1225477787265830	1
4.0172636432312210	-0.1524272513895375	-0.5297617426329867	0
-0.3775979069740585	-1.3223003127198560	0.8007587400679719	1
-0.1237506200614406	0.1700229335100599	0.9548470431608397	3
-0.4612912425337257	-3.4780420277931743	-0.4457711307210682	1
-0.6596003239860631	0.4277541302682444	2.4439088250242298	3
-2.7116971810213086	-2.7700792062011814	-0.0043375121710683	1
-2.3930037099220636	-2.9481248320272733	0.2746050941325185	1
2.0296960507965123	0.8489107272634987	-0.9843735240423263	0
1.8420852692559662	0.9823740269907620	-1.1333153564578931	0
2.7642753250096384	1.0057670671321848	-2.2323402468403111	0
-1.3842224430849768	-2.7273534268845645	0.9683340000664631	1
-2.1482309990231498	-2.8832355867909145	0.3875945362547252	1
3.6336755072210543	2.0820487367914091	-2.6580670576814032	4
0.3388493682543971	0.9611656010814426	1.5079851444360552	3
0.3206029574834010	1.0320543068291439	1.3613767499002392	3
-1.0100548547794483	-1.5320073096513476	0.7677489365145808	1
-0.2550727263317796	1.7248408174242975	-1.4019108476774680	4
-0.5683808675765325	0.5383651191697432	1.5626187497911941	2
3.3487913966501486	1.1417649623545467	-2.5992525486148228	4
-1.0061739949249722	1.4265062741605492	0.5299936073662603	3
2.6309765997770111	2.1455885041320877	0.1419863518178784	4
1.9731334007912071	-0.0122444873029700	-0.1047837398814111	0
-0.1583736662539817	-2.1387717034033393	-0.3088176037967250	2
0.6082229395365117	1.2980188547835203	-1.0310468507020674	4
-0.1859871539700220	1.4010657626576251	1.7677307591066942	3
0.0921291885675130	-0.4403237471757485	2.4051486064374474	2
1.4072772598306313	-0.0174048760837504	-1.5253876828661335	0
-1.6076082284693998	-1.6886267778043023	-0.1152384079047413	1
2.6906012100631660	1.1258233836087710	-1.5971587983717139	4
3.4502893265977885	3.6076993750549833	-1.6504743323445923	4
-1.2147939396370413	-3.8520111174608118	-1.3884043977410596	1
0.6796187739723160	-0.4098099609697345	-0.4246868096406193	0
-0.6514309520457722	0.3839166170298068	1.9767428831572365	2
0.5215805473502659	1.0589381890754073	2.0164705155808686	3
0.2901464978087074	1.3912924082990528	0.8719900937325485	3
1.0762980470588919	2.4470769569110322	0.1399608423679226	3
2.2626343028206612	2.1059772994911223	-1.2971062684650052	0
-0.0114246617911520	1.3711717325532085	1.5683653468820076	3
-0.6561209544947264	-2.0450521906149679	0.6220170956011619	1
-0.6431647889566526	-1.5707166331299329	2.9646090443778421	2
-1.1553182292907964	-2.4129509525800841	0.7544003926705676	1
-1.6893855664246480	-2.7190964362207017	0.5056566182135023	1
1.0290377739479362	-0.5068355415073612	0.8934591824242795	0
-1.7366515201246360	-2.4666098773535872	0.3698488116757228	1
-0.3189435925621867	1.1867208377833585	1.1061027152724305	3
-1.0646508267951411	-3.5082814467646215	1.3967073793670173	1
-1.4989628116095355	-0.8777075394082291	0.9076408707655215	1
-0.6095159131163660	1.1781085655944035	2.6904167365886811	2
-0.0856173731442712	-2.9088478118576266	0.8644858136259025	1
2.1537553984914153	1.5248489264208525	-2.4223316866184579	4
2.9506759114701446	0.6096340877890649	-1.3482773389688059	0
-1.4339814181022335	-2.8437389358353991	0.4117718946399562	1
1.7683375607881224	2.3431243585947543	-1.7702037387806926	4
-1.2082254493027125	-3.7098101487928101	-0.4037043139193462	1
-0.0316103242749523	-0.7676169915253908	0.5421829150264199	2
1.0233915925384978	-0.8462834426613098	0.8671640301972232	2
-1.2669306512290861	1.2927370099001541	0.6091942043318663	3
-1.9593530892767688	-2.3083947598214372	-0.7746762413382203	1
3.2086471410783504	3.8511415227549977	-2.2303845205507780	4
-0.4637265529910715	-0.5061621697398431	1.9788533726476476	2
0.2076726397957843	1.3636053150964234	1.5204254119980736	3
G3
0	213	0.21923763711907573	475	0.3510692373828732	52	0.39834769331782466	
1	142	0.4425725778120765	108	0.4806343116532509	481	0.7702538936066773	
2	338	0.15274946850279464	316	0.4380513963688919	478	0.44052019650044694	
3	277	0.41486724535278896	210	0.5134621490559387	304	0.5826224902014024	
4	472	0.30995390828736025	452	0.3226695531033154	240	0.3702067026597173	
5	291	0.854893504657229	19	0.9635175112481443	478	1.0360217684924704	
6	156	0.35017151441533334	121	0.4175666521634031	228	0.44918580033009586	
7	55	1.9105842704852234	391	2.0326436491986892	176	2.130542361709206	
8	283	0.3512020185999887	140	0.5040722224871652	134	0.5264586019154456	
9	379	0.26276675569426267	230	0.38499101243682016	153	0.44268839004329585	
10	40	0.47166754256454335	59	0.5518894447107788	466	0.5734901740270985	
11	319	0.3307397523909775	473	0.4960263933069721	264	0.5864808173842627	
12	256	0.494237587754087	255	0.5829355560836951	203	0.6085411764123312	
13	46	0.46987592622178026	423	0.4947582083188176	219	0.5090882998960449	
14	93	0.2367638487908778	226	0.3866852276444793	178	0.5189301324428531	
15	469	0.5157223356363656	223	0.5807932465470887	162	0.7938535519499259	
16	359	0.1598000229660681	352	0.25726086305609025	265	0.2699361790482624	
17	415	0.217495896405348	418	0.554077763883865	220	0.6760450566456957	
18	57	0.640471978001886	109	0.7024370087604224	246	0.7743937115638726	
19	464	0.6241277978002238	388	0.7130980863598883	316	0.7405975207883472	
20	238	0.7255572567224401	434	0.7812341540371304	253	0.8053609765995785	
21	35	0.4932398707699518	459	0.6451578478340152	43	0.8433078373948726	
22	179	0.42216377207829425	106	0.6216085350072107	184	0.668924987588434	
23	322	0.2462608965965137	261	0.3784647899248199	464	0.450009240852004	
24	173	0.6896244353566635	421	0.7829693587623333	240	0.9733614127983907	
25	300	0.1942785191647069	344	0.24040408285935266	402	0.35307761304675117	
26	349	0.14870303282741656	329	0.37941497467905855	92	0.4286206563819944	
27	341	0.4023073942313971	373	0.41917507154136985	135	0.44912344338020893	
28	39	0.5508842116351368	495	0.7452725365643836	188	0.758517374689915	
29	290	0.2711686763720923	453	0.2735025609061522	452	0.2849293643116288	
30	198	0.30148813015467096	399	0.30434860544113934	172	0.34789686849877366	
31	274	0.140085177420553	380	0.20096702041145276	159	0.3850766198468182	
32	233	0.14129871010258704	446	0.2114684509754429	361	0.2993923255254406	
33	154	0.23877474290237494	312	0.436446330928576	150	0.44043131365260774	
34	60	0.21461107066092322	209	0.49280456868037764	345	0.5711576515152298	
35	43	0.4138235175450074	21	0.4932398707699518	259	0.5210712008976143	
36	378	0.38143852796319033	464	0.3957602748809265	118	0.45763141670191726	
37	488	0.7822109810436739	382	0.817712947982502	415	0.8233663815234393	
38	50	0.2710005236806077	160	0.3932262572121172	34	0.6001541921334436	
39	188	0.22157528189033546	28	0.5508842116351368	495	0.6051082156698486	
40	59	0.39756164816612666	367	0.43476859465261275	63	0.4435178505122194	
41	369	0.25237302021456387	387	0.31345175118349883	42	0.35711782957481547	
42	369	0.18667228364633337	387	0.28106986173010545	139	0.32860285171315723	
43	35	0.4138235175450074	112	0.543257748997647	274	0.6856512197103536	
44	189	0.7129949703632922	124	0.7288534612116555	10	1.147391408630054	
45	287	0.2675595607317011	413	0.35215984834364633	393	0.41187269207892435	
46	192	0.23641076093520705	326	0.3047721728818874	178	0.3089398699271298	
47	226	0.3475247994539602	195	0.37080170000644186	489	0.43818981774567745	
48	471	0.5210156239668539	254	0.5354235691466891	443	0.602652648450533	
49	286	0.1290843066076456	399	0.2501708440864069	198	0.35275849575186613	
50	38	0.2710005236806077	13	0.5383052393382007	273	0.5472767295977434	
51	109	1.0111111683880978	50	1.09264318280422	57	1.1114008331596537	
52	340	0.3511338860919557	214	0.3852226807609099	0	0.39834769331782466	
53	447	0.3655728968157435	180	0.39547772376859597	339	0.5065427626726549	
54	371	0.052682938746639624	247	0.14385956236126082	346	0.3982914563496199	
55	391	0.4258009167065631	118	0.9446127967460386	19	0.9476720132530345	
56	362	0.36484714074889346	358	0.42215820765609585	177	0.43415014643103067	
57	462	0.5657822034737043	436	0.5747958781546322	87	0.5828869243527712	
58	275	0.4962861404759914	474	0.5235823677508313	212	0.671615848175637	
59	63	0.0663797211746365	431	0.29610021607370407	434	0.3865962459745867	
60	34	0.21461107066092322	345	0.4408641603997979	143	0.5181654690519987	
61	139	0.2518185243875859	387	0.39026554512224765	42	0.40025348519943205	
62	72	0.27754078459482195	166	0.2907733368756907	227	0.7360262297841107	
63	59	0.0663797211746365	431	0.2317277043271046	434	0.3785357911955929	
64	276	0.45245096247850347	110	0.8131974119881197	89	0.9127744006198771	
65	141	0.619964532707125	103	0.6402176416765039	485	1.0014957099208621	
66	96	0.39043505265435285	283	0.4086167766724995	97	0.498646323151534	
67	76	0.3224941113593391	413	0.7177991676790175	287	0.7315664786226594	
68	153	0.40432043957617375	317	0.4496205982274272	230	0.45383875875225765	
69	280	0.1922101271281768	375	0.35090106199926513	479	0.4931685697631463	
70	200	0.7129780009989521	207	0.7664369184210217	354	0.8806114181037364	
71	100	0.1886608300797717	322	0.306585213473056	261	0.36653030068400544	
72	166	0.15762644735713757	62	0.27754078459482195	419	0.7532438890107308	
73	214	0.182510552123101	467	0.36827277882795056	52	0.5201171680980913	
74	444	0.4176988060205168	311	0.42206439702991116	411	0.5449863290839093	
75	172	0.5129700068822258	330	0.5375406972297301	370	0.5377311381989455	
76	67	0.3224941113593391	413	0.5895739402033369	403	0.6918384961044253	
77	171	0.2450716301544715	320	0.35007662791416155	378	0.4030566230740695	
78	190	0.24257190788879895	277	0.2989367839628688	268	0.3647860950965108	
79	128	0.529082554383689	419	0.6937740902985312	257	0.7539472469742813	
80	366	0.2898708361383235	236	0.3656401456206428	215	0.4181200718295263	
81	305	0.2983217624366886	262	0.5685947186533247	137	0.6811055638338973	
82	361	0.24628388643444643	435	0.38860366920807576	356	0.38873523279660893	
83	140	0.49032068854225586	385	0.4990507096219412	168	0.5220439552504894	
84	165	0.19212395121919823	394	0.2634232377852311	373	0.39662183957349356	
85	450	0.2759107876175261	309	0.3115889899142798	445	0.4035534721406199	
86	291	0.8903747561071653	242	1.0363443981572462	5	1.1823052701677896	
87	119	0.3565903333401861	462	0.46921868468850747	246	0.5336938402768387	
88	412	0.40662402573511663	255	0.49154483153473394	113	0.545215806363603	
89	93	0.4589588327502056	226	0.5485430455874905	195	0.5790654690662663	
90	244	0.3539516993359179	25	0.41005466530822093	269	0.42999766387803706	
91	384	0.1636295062639698	312	0.5372652033643682	132	0.6274667817642113	
92	95	0.34071990444545225	330	0.3981350197637725	315	0.4139492137446091	
93	14	0.2367638487908778	226	0.43534302308614586	178	0.4389834626836806	
94	122	0.37922035624492884	443	0.48460975537640555	320	0.5217796691914786	
95	330	0.3289212839187799	92	0.34071990444545225	156	0.39652614213286186	
96	66	0.39043505265435285	480	0.4033259275348196	129	0.4524092159582233	
97	129	0.26771729296169944	414	0.40201356216581396	449	0.4504666397114617	
98	303	0.3048969296478536	370	0.634365927940282	427	0.6622227804195784	
99	163	0.44300753202194526	121	0.5265340431249799	436	0.5677013290960374	
100	71	0.1886608300797717	261	0.25542090607454576	322	0.3518012382318048	
101	323	0.2080290778165152	325	0.7144294817657912	354	0.7622447344298069	
102	164	0.14018670032959593	436	0.4842986086417723	462	0.5084907104479776	
103	65	0.6402176416765039	254	1.006556234479872	425	1.0390523795416207	
104	174	0.24540236327500858	66	0.8522714195537338	155	0.857277433841773	
105	377	0.30081100042751824	254	0.6219646960721206	456	0.6296774199631651	
106	268	0.32624782851175776	78	0.503645381862247	232	0.5548004516859953	
107	458	0.2297558914075923	115	0.4829313101100604	495	0.5285931121775385	
108	142	0.4142046069992991	1	0.4806343116532509	354	0.6769110762966115	
109	57	0.6971807324227137	18	0.7024370087604224	436	0.8559770823006879	
110	383	0.42077993701184857	460	0.477499669431905	276	0.5954216282407774	
111	429	0.6868735907206875	398	0.7512842480952298	486	0.8738615943144181	
112	274	0.3072751197528793	380	0.31245571645537495	31	0.38573421449981843	
113	412	0.42103576648850183	255	0.53988606594794	88	0.545215806363603	
114	483	0.4059977647228822	476	0.5863553312260703	463	0.6182673148817488	
115	107	0.4829313101100604	458	0.5820178695097228	154	0.5896404216155265	
116	244	0.47169874220820546	432	0.7705945780161899	90	0.7847712148357902	
117	388	0.3160234161728025	320	0.5119170881043221	443	0.514123229133881	
118	464	0.2939645113718878	36	0.45763141670191726	23	0.5550872622490406	
119	87	0.3565903333401861	143	0.367569565362781	180	0.5525774202935596	
120	469	1.8454027182350712	442	1.9568820179112547	125	2.053966220097061	
121	6	0.4175666521634031	99	0.5265340431249799	267	0.55141416211599	
122	320	0.3582591814794417	94	0.37922035624492884	240	0.4586423329979799	
123	246	0.4424474201879218	314	0.46655925932917475	154	0.5821331172330578	
124	189	0.5564251675503584	44	0.7288534612116555	151	0.7410028110105142	
125	168	0.3136219897213262	442	0.5009128069683954	83	0.6473491560389623	
126	342	1.312942302580677	323	1.539125312236473	354	1.5699506414530735	
127	339	0.3634220481552618	325	0.4080259514764192	196	0.45278510834119234	
128	79	0.529082554383689	159	0.5588995012860126	218	0.6708810371133176	
129	97	0.26771729296169944	449	0.27907153594538264	490	0.32869405274834396	
130	182	1.2056269034033533	86	1.4284771261296618	254	1.466038969453306	
131	204	0.15109021018198887	345	0.28311773238933674	208	0.38873073882103976	
132	158	0.2789068246007473	384	0.5108620111640225	91	0.6274667817642113	
133	278	0.45472670078522276	64	1.2682891850071403	276	1.335516461286484	
134	140	0.4273752481596255	492	0.5216367637156616	8	0.5264586019154456	
135	373	0.11011366760574334	27	0.44912344338020893	294	0.48350558999758964	
136	474	0.849966366755355	157	0.8999226714637297	98	0.9040492636241234	
137	357	0.29350135050829307	337	0.3915420824521032	262	0.5957859911896475	
138	467	0.34813656489130634	448	0.44324830270499294	489	0.5675592793197485	
139	61	0.2518185243875859	380	0.2876364765640654	387	0.3088077038441841	
140	134	0.4273752481596255	83	0.49032068854225586	492	0.4993373277292782	
141	65	0.619964532707125	377	0.6394215948015347	368	0.7759029639564127	
142	108	0.4142046069992991	1	0.4425725778120765	354	0.9405099672420015	
143	417	0.32954714992143236	119	0.367569565362781	435	0.5070869041150162	
144	31	0.8403908009200012	274	0.9256278445558425	380	0.9579407861929199	
145	160	0.23856992255152437	246	0.5231391325447341	343	0.5594752299803248	
146	412	0.5095162605291542	201	0.5334072800199071	255	0.5647020007353374	
147	306	0.540168415350889	188	0.814685467180694	39	0.983613474065637	
148	224	0.5165147877359341	211	0.7520273242358463	114	0.8417576126029226	
149	351	0.3565856731756379	210	0.36553426415329493	341	0.4018003783555486	
150	343	0.2554393281584776	33	0.44043131365260774	473	0.4633311712671454	
151	266	0.5986983026945905	124	0.7410028110105142	466	0.7439770998209753	
152	368	0.4219408825108695	386	0.44536841354464546	351	0.44577375339351716	
153	230	0.23944458010563682	379	0.3713623426891922	317	0.37895291303850576	
154	33	0.23877474290237494	150	0.5507397953122452	312	0.5537868027961759	
155	174	0.763987586753585	169	0.8028021004965344	104	0.857277433841773	
156	228	0.2705877323359918	6	0.35017151441533334	95	0.39652614213286186	
157	193	0.28873990997441445	319	0.7146365733591606	363	0.7762614885075624	
158	132	0.2789068246007473	384	0.6049151682564458	91	0.6921100372712575	
159	397	0.37168122338999254	31	0.3850766198468182	274	0.44345217297827394	
160	145	0.23856992255152437	38	0.3932262572121172	87	0.5736133788012939	
161	360	0.11582996880791982	183	0.15821899741150236	317	0.2672881955652012	
162	263	0.27766506653002326	385	0.44973341550694146	469	0.5205621571874517	
163	99	0.44300753202194526	250	0.4430516492814109	258	0.45663630942975963	
164	102	0.14018670032959593	436	0.5591358622729538	462	0.6021909846398258	
165	394	0.10344328260886376	84	0.19212395121919823	294	0.3469309395317482	
166	72	0.15762644735713757	62	0.2907733368756907	419	0.6089755146257699	
167	440	0.29876351866698864	353	0.34106117773328015	477	0.5533821013994461	
168	442	0.2616767073889255	125	0.3136219897213262	401	0.35283239773250313	
169	155	0.8028021004965344	355	0.8478222172261484	484	0.9874029611295839	
170	173	0.930354925308278	55	1.1181916166179777	24	1.150668758631607	
171	378	0.1603938635801796	77	0.2450716301544715	320	0.3125013370580938	
172	30	0.34789686849877366	399	0.3530648434608084	198	0.4247937910269581	
173	24	0.6896244353566635	170	0.930354925308278	342	1.0277658822171238	
174	104	0.24540236327500858	155	0.763987586753585	66	0.7784777767170491	
175	178	0.1790803557582953	326	0.30390052699508935	46	0.3818045030269674	
176	2	0.6953843010298179	478	0.7075960015417996	186	0.7166887974921446	
177	362	0.3137318108431972	491	0.3503253590673453	413	0.35557221298109515	
178	175	0.1790803557582953	46	0.3089398699271298	326	0.384298723415552	
179	22	0.42216377207829425	184	0.5825801662257426	106	0.9171204374855942	
180	194	0.3000167227191076	53	0.39547772376859597	156	0.42576699628582415	
181	218	0.3193411845128446	128	0.8514303818030265	257	0.9456505335652776	
182	293	0.299327469101355	202	0.5262924665756075	254	0.6551927595679299	
183	161	0.15821899741150236	360	0.2588176435021558	317	0.3529274309241172	
184	179	0.5825801662257426	22	0.668924987588434	266	0.7827542425316018	
185	386	0.16595922232038818	298	0.23340005980647227	152	0.4597917146146163	
186	2	0.5081759374576217	269	0.5158167892746466	338	0.5771123981438675	
187	456	0.2833502467396659	471	0.38534964515281284	77	0.469131881336426	
188	39	0.22157528189033546	458	0.6412788296132035	495	0.6675665789219883	
189	124	0.5564251675503584	44	0.7129949703632922	151	1.152152832551696	
190	78	0.24257190788879895	277	0.29361639473822154	272	0.43643271997807265	
191	200	0.4220810831768347	389	0.5442512609786471	264	0.6983782056715649	
192	326	0.1809204481678713	46	0.23641076093520705	465	0.3287215201196161	
193	157	0.28873990997441445	319	0.5451940788770816	11	0.699231862050213	
194	180	0.3000167227191076	339	0.42843546136217714	95	0.49165438405926765	
195	47	0.37080170000644186	226	0.3812333190489101	89	0.5790654690662663	
196	361	0.38982467772188745	32	0.43178867728424697	127	0.45278510834119234	
197	458	0.640569674253022	376	0.6926317411148671	107	0.7003496530109449	
198	399	0.14899377050849205	286	0.26031391947403104	30	0.30148813015467096	
199	270	0.30396175013087057	487	0.4723074214148687	249	0.5524290178787922	
200	191	0.4220810831768347	389	0.5361924586947135	453	0.5438406179834913	
201	383	0.22985895931729453	203	0.2764605957675402	255	0.5043451463312859	
202	293	0.3972643799146141	182	0.5262924665756075	268	0.5658828217473689	
203	201	0.2764605957675402	255	0.4896278109092002	383	0.49306451565755	
204	131	0.15109021018198887	208	0.28307336038448355	345	0.3632023123413422	
205	420	0.2257363727398438	332	0.2659997550696521	365	0.3347133527881234	
206	78	0.4637294803253008	485	0.4849509661030158	277	0.5062006922479345	
207	200	0.5989267136954578	209	0.6468073577110951	286	0.6750232964072785	
208	204	0.28307336038448355	325	0.36739085912249203	131	0.38873073882103976	
209	34	0.49280456868037764	60	0.5304021942816006	345	0.5891758107760845	
210	149	0.36553426415329493	341	0.3951908649760284	3	0.5134621490559387	
211	224	0.41252962935519233	148	0.7520273242358463	392	0.9093168751970835	
212	198	0.5034916811266762	286	0.5585575405237756	399	0.5602638993625358	
213	0	0.21923763711907573	475	0.3302548753996179	301	0.35676885393001423	
214	73	0.182510552123101	52	0.3852226807609099	233	0.3922496135490817	
215	328	0.16251141689985638	366	0.27551602546048143	80	0.4181200718295263	
216	329	0.12900355472779276	369	0.3379335075777535	42	0.4718366557204455	
217	353	0.39087738247036113	402	0.3977157557735981	440	0.48056242945036903	
218	181	0.3193411845128446	257	0.6707506793964748	128	0.6708810371133176	
219	252	0.027399925713126536	13	0.5090882998960449	273	0.5507003814258628	
220	418	0.3468411763565548	112	0.47398851827413857	358	0.5442255556991494	
221	250	0.3906068176374829	491	0.48827261150936174	420	0.49356403333366655	
222	238	0.4830824513561757	461	0.504370867630378	59	0.5218824441932508	
223	15	0.5807932465470887	162	0.8315890357024946	469	0.8672996548719563	
224	211	0.41252962935519233	148	0.5165147877359341	197	0.7724505274780601	
225	352	0.237286279456658	416	0.3645086424195378	280	0.38822679057894904	
226	47	0.3475247994539602	195	0.3812333190489101	14	0.3866852276444793	
227	419	0.5547987493577491	166	0.6943061064367776	62	0.7360262297841107	
228	156	0.2705877323359918	420	0.4244686168278743	6	0.44918580033009586	
229	489	0.6779543237496105	395	0.8411445120739776	138	0.8681211839145159	
230	153	0.23944458010563682	9	0.38499101243682016	379	0.45369218744381684	
231	326	0.45451905019895383	447	0.5346520642698691	192	0.5666600502407427	
232	300	0.46839150234081334	344	0.521368400901833	106	0.5548004516859953	
233	32	0.14129871010258704	446	0.32759419331531453	447	0.3917660472925274	
234	248	0.5597059309638577	487	0.7057855664357422	292	0.712430462903558	
235	428	0.24721100480240724	389	0.8183520629989937	472	0.8206732397811248	
236	80	0.3656401456206428	379	0.4495817903020713	9	0.5231749736023361	
237	432	0.27656391332146096	289	0.5374123026284349	390	0.6156179046189464	
238	434	0.3236219121212642	222	0.4830824513561757	59	0.6045221494347833	
239	331	0.40031115977984577	328	0.43563220152719234	294	0.43635785728123994	
240	421	0.36746906793915224	4	0.3702067026597173	472	0.4376165756232869	
241	311	0.5182030360298272	85	0.5183251396403985	309	0.5280485765764746	
242	86	1.0363443981572462	486	1.0594495056249824	111	1.3613421670492314	
243	395	0.2939943307030289	489	0.327645320040859	318	0.5275444924560686	
244	90	0.3539516993359179	116	0.47169874220820546	269	0.5739663706317427	
245	344	0.24277056599398728	300	0.38070469296651854	25	0.47017284099374257	
246	314	0.3471241197133952	123	0.4424474201879218	145	0.5231391325447341	
247	54	0.14385956236126082	371	0.16673037025809154	346	0.41064151981485164	
248	234	0.5597059309638577	487	0.6923787216537816	292	0.796550788933698	
249	281	0.3215904521158256	270	0.35588541389630807	288	0.5422181252478808	
250	285	0.24275929930103446	221	0.3906068176374829	163	0.4430516492814109	
251	395	0.9727294030518803	12	1.0878547596479888	256	1.0918210405590865	
252	219	0.027399925713126536	13	0.5319067591489591	273	0.5370045009623635	
253	461	0.6840165905943951	238	0.7017519249376435	125	0.7237698044396462	
254	48	0.5354235691466891	105	0.6219646960721206	293	0.6493493151342078	
255	412	0.18820279954447194	203	0.4896278109092002	88	0.49154483153473394	
256	12	0.494237587754087	318	0.5494348712656738	243	0.6216683047930932	
257	427	0.4849628639842369	333	0.6315671597987743	61	0.6478038060864891	
258	163	0.45663630942975963	372	0.456800384036649	334	0.5015291709768651	
259	301	0.43685328322186184	437	0.4951996848359568	35	0.5210712008976143	
260	153	0.4378863505599893	230	0.4828293866293833	343	0.5295159452038225	
261	100	0.25542090607454576	165	0.3474848357424321	322	0.35384538895721024	
262	273	0.18422538540637717	470	0.294009060343995	337	0.4926299660962403	
263	162	0.27766506653002326	385	0.4385736972126203	469	0.5161728549839774	
264	290	0.25176407118942007	453	0.2918108754105072	499	0.3354753002256021	
265	16	0.2699361790482624	375	0.2993000017607004	359	0.3006197976860079	
266	16	0.574658467924188	151	0.5986983026945905	359	0.6426157847202483	
267	324	0.32040589959510657	455	0.4940466715842283	121	0.55141416211599	
268	106	0.32624782851175776	78	0.3647860950965108	190	0.4724404594309381	
269	316	0.40097403906842394	90	0.42999766387803706	25	0.4607508634456785	
270	199	0.30396175013087057	249	0.35588541389630807	479	0.4897254018942003	
271	388	0.5142200747805054	498	0.5937110214903892	272	0.638763168318789	
272	498	0.26536544441509985	190	0.43643271997807265	210	0.51410774501082	
273	262	0.18422538540637717	470	0.29663114070434277	252	0.5370045009623635	
274	380	0.06428749843472802	31	0.140085177420553	112	0.3072751197528793	
275	330	0.4740618647037989	58	0.4962861404759914	474	0.5303275629554396	
276	64	0.45245096247850347	110	0.5954216282407774	146	0.7122570461155768	
277	190	0.29361639473822154	78	0.2989367839628688	3	0.41486724535278896	
278	133	0.45472670078522276	64	0.961269884449776	276	1.017056928173662	
279	284	0.32165717094188057	302	0.42212327257615134	438	0.4673238104097682	
280	69	0.1922101271281768	225	0.38822679057894904	479	0.39179910275494206	
281	249	0.3215904521158256	477	0.44133766734377017	270	0.5168255332651351	
282	268	0.6393195677467142	396	0.7210907680344713	106	0.7616990962660367	
283	8	0.3512020185999887	66	0.4086167766724995	490	0.4193933006831641	
284	279	0.32165717094188057	63	0.49053064510456573	59	0.4928819771554259	
285	250	0.24275929930103446	365	0.3775275159803484	205	0.4328058312094441	
286	49	0.1290843066076456	399	0.1993200917020311	198	0.26031391947403104	
287	45	0.2675595607317011	393	0.4120981900406357	413	0.5176785346274869	
288	410	0.39729800241734803	249	0.5422181252478808	449	0.5556463797927631	
289	432	0.32521631880774443	261	0.35407340355895484	294	0.35984805362421474	
290	453	0.08889190021196634	452	0.2447185319966164	264	0.25176407118942007	
291	388	0.5648471061062914	117	0.6520246192045993	271	0.6810236513608273	
292	364	0.2897663414432944	401	0.39356826997459854	168	0.5354361824218153	
293	182	0.299327469101355	202	0.3972643799146141	254	0.6493493151342078	
294	394	0.2702558256054175	165	0.3469309395317482	289	0.35984805362421474	
295	355	0.5422016326245956	450	0.6508258359970325	96	0.6520809761548448	
296	416	0.21727549909798766	308	0.31927923816256065	348	0.34150043532510893	
297	299	0.7330235401019737	311	0.7693404769340747	444	0.8131374661184735	
298	185	0.23340005980647227	386	0.3062203020413418	360	0.4172028981366916	
299	74	0.602294569288441	297	0.7330235401019737	311	0.7339889941791119	
300	344	0.1540435182840512	25	0.1942785191647069	245	0.38070469296651854	
301	475	0.3091590682327095	213	0.35676885393001423	418	0.41021517129419993	
302	438	0.19816968644864769	431	0.3321146475214153	348	0.41923200225378937	
303	98	0.3048969296478536	405	0.49491540485757646	370	0.4971124110814094	
304	80	0.4189969317266129	404	0.5368198584782656	3	0.5826224902014024	
305	81	0.2983217624366886	481	0.45474553470369955	494	0.5770207440153615	
306	147	0.540168415350889	392	0.7327472370225055	197	0.8394591898815722	
307	89	1.089584900395279	465	1.153757852784515	423	1.3199040927684127	
308	296	0.31927923816256065	416	0.3254198342565349	482	0.4416727231314614	
309	445	0.16241766124132873	450	0.2155023126356195	85	0.3115889899142798	
310	282	0.7830646468683914	186	0.9942961058215857	478	1.0168955810599636	
311	444	0.41517195791480416	74	0.42206439702991116	241	0.5182030360298272	
312	33	0.436446330928576	384	0.48074445530955146	91	0.5372652033643682	
313	475	0.2502025802310493	418	0.44269857446535227	301	0.496676764993993	
314	246	0.3471241197133952	123	0.46655925932917475	30	0.5125443587377361	
315	92	0.4139492137446091	330	0.4566072992746995	329	0.5150885853380933	
316	338	0.3258291722480643	269	0.40097403906842394	2	0.4380513963688919	
317	441	0.20893858876680013	406	0.2370060193393999	161	0.2672881955652012	
318	243	0.5275444924560686	256	0.5494348712656738	196	0.5500402361503516	
319	11	0.3307397523909775	363	0.4721485510785366	193	0.5451940788770816	
320	171	0.3125013370580938	77	0.35007662791416155	122	0.3582591814794417	
321	67	0.9389109945122371	393	1.1645215217307612	287	1.1894998739463583	
322	23	0.2462608965965137	71	0.306585213473056	100	0.3518012382318048	
323	101	0.2080290778165152	325	0.898990369670342	354	0.9003229914392294	
324	267	0.32040589959510657	455	0.36908755149580197	121	0.849136770819958	
325	208	0.36739085912249203	127	0.4080259514764192	204	0.5807014553255154	
326	192	0.1809204481678713	175	0.30390052699508935	46	0.3047721728818874	
327	454	0.3805809619519487	375	0.4017498737314214	265	0.4476716453088304	
328	215	0.16251141689985638	493	0.32599090270361836	366	0.42406147297862634	
329	216	0.12900355472779276	369	0.3552953973749386	26	0.37941497467905855	
330	95	0.3289212839187799	92	0.3981350197637725	370	0.44655816798528253	
331	239	0.40031115977984577	494	0.4310866207216694	481	0.6370006308421742	
332	420	0.2160604509496693	205	0.2659997550696521	250	0.5176255774231089	
333	397	0.32030166642862895	56	0.4889897971248558	159	0.5447895183376377	
334	372	0.47627336468062964	258	0.5015291709768651	336	0.8003245744645955	
335	351	0.405778195667402	456	0.4360043826251208	161	0.46756232788640706	
336	372	0.4106422009622678	334	0.8003245744645955	258	0.8132220215980647	
337	137	0.3915420824521032	262	0.4926299660962403	470	0.4967473620157491	
338	2	0.15274946850279464	316	0.3258291722480643	269	0.5392335145285748	
339	127	0.3634220481552618	194	0.42843546136217714	180	0.4860253931912753	
340	52	0.3511338860919557	0	0.417006259904902	233	0.4450210742525901	
341	210	0.3951908649760284	149	0.4018003783555486	27	0.4023073942313971	
342	24	0.9916473405121637	173	1.0277658822171238	126	1.312942302580677	
343	150	0.2554393281584776	260	0.5295159452038225	145	0.5594752299803248	
344	300	0.1540435182840512	25	0.24040408285935266	245	0.24277056599398728	
345	131	0.28311773238933674	204	0.3632023123413422	208	0.40888538967131277	
346	371	0.382943375537061	54	0.3982914563496199	247	0.41064151981485164	
347	404	0.6056927314842137	40	0.6955403108827609	454	0.71809403434775	
348	438	0.2856630998919967	296	0.34150043532510893	431	0.35032213134885043	
349	26	0.14870303282741656	92	0.45410539625478635	329	0.47624039569880106	
350	405	0.2622304715270682	370	0.386953384911633	381	0.4873409699313202	
351	149	0.3565856731756379	456	0.3635938617349792	335	0.405778195667402	
352	225	0.237286279456658	359	0.25201578395968	16	0.25726086305609025	
353	440	0.28325493071159413	167	0.34106117773328015	402	0.3817253661965499	
354	108	0.6769110762966115	101	0.7622447344298069	70	0.8806114181037364	
355	410	0.5365522818089576	295	0.5422016326245956	414	0.6127329125296277	
356	82	0.38873523279660893	435	0.4165072872808453	460	0.5237970554910181	
357	137	0.29350135050829307	493	0.3491887826903839	328	0.4572086943353621	
358	491	0.19615808934168943	177	0.36156752593380176	56	0.42215820765609585	
359	16	0.1598000229660681	352	0.25201578395968	265	0.3006197976860079	
360	161	0.11582996880791982	441	0.22345723122122485	183	0.2588176435021558	
361	446	0.22989855374286558	82	0.24628388643444643	32	0.2993923255254406	
362	177	0.3137318108431972	56	0.36484714074889346	358	0.4403471807202487	
363	409	0.3833502114697143	319	0.4721485510785366	398	0.6291281743011145	
364	292	0.2897663414432944	283	0.6492361082556521	401	0.6611281391457998	
365	205	0.3347133527881234	285	0.3775275159803484	332	0.5316806240551308	
366	215	0.27551602546048143	80	0.2898708361383235	379	0.34883543995881816	
367	466	0.3730975645398804	40	0.43476859465261275	225	0.46461208905711154	
368	152	0.4219408825108695	386	0.4339679923720253	185	0.47534034441730627	
369	42	0.18667228364633337	41	0.25237302021456387	387	0.30480174209105027	
370	405	0.3310377619538579	350	0.386953384911633	330	0.44655816798528253	
371	54	0.052682938746639624	247	0.16673037025809154	346	0.382943375537061	
372	336	0.4106422009622678	258	0.456800384036649	334	0.47627336468062964	
373	135	0.11011366760574334	84	0.39662183957349356	27	0.41917507154136985	
374	497	1.058293918234845	67	1.4411256762022644	321	1.477840451389058	
375	265	0.2993000017607004	69	0.35090106199926513	327	0.4017498737314214	
376	409	0.5929398816208095	398	0.6035862204672978	114	0.6563044632845937	
377	105	0.30081100042751824	152	0.5982375826935806	206	0.6042007761061925	
378	171	0.1603938635801796	320	0.3596441740165078	36	0.38143852796319033	
379	9	0.26276675569426267	366	0.34883543995881816	317	0.35439738841267726	
380	274	0.06428749843472802	31	0.20096702041145276	139	0.2876364765640654	
381	350	0.4873409699313202	407	0.48832635272095815	405	0.509438618185168	
382	488	0.3210298222880879	393	0.43609722662578115	45	0.6810846591731927	
383	201	0.22985895931729453	110	0.42077993701184857	460	0.4812628709297101	
384	91	0.1636295062639698	312	0.48074445530955146	132	0.5108620111640225	
385	263	0.4385736972126203	162	0.44973341550694146	83	0.4990507096219412	
386	185	0.16595922232038818	298	0.3062203020413418	368	0.4339679923720253	
387	42	0.28106986173010545	369	0.30480174209105027	139	0.3088077038441841	
388	117	0.3160234161728025	271	0.5142200747805054	443	0.5586613878100709	
389	472	0.3156000579755139	4	0.4420997396758386	452	0.4842252449994729	
390	294	0.5248021216794777	432	0.5279378793259856	426	0.5673186227006997	
391	55	0.4258009167065631	19	0.7983663798973798	118	0.904934238609688	
392	306	0.7327472370225055	197	0.7558633258297939	376	0.8268364551043098	
393	45	0.41187269207892435	287	0.4120981900406357	382	0.43609722662578115	
394	165	0.10344328260886376	84	0.2634232377852311	294	0.2702558256054175	
395	243	0.2939943307030289	489	0.33631636816194266	318	0.5717713234600177	
396	300	0.47717376195407174	322	0.5440696367409965	25	0.5813952967367718	
397	333	0.32030166642862895	159	0.37168122338999254	408	0.608556309957357	
398	409	0.32411031890700304	429	0.3937968388184052	376	0.6035862204672978	
399	198	0.14899377050849205	286	0.1993200917020311	49	0.2501708440864069	
400	408	0.5472272092834674	112	0.6081404017828372	31	0.6907500014032649	
401	442	0.30360212447739027	168	0.35283239773250313	292	0.39356826997459854	
402	25	0.35307761304675117	353	0.3817253661965499	217	0.3977157557735981	
403	362	0.6197819499419034	76	0.6918384961044253	413	0.7327938274130437	
404	493	0.4449475260034041	304	0.5368198584782656	347	0.6056927314842137	
405	350	0.2622304715270682	370	0.3310377619538579	329	0.4943690029681691	
406	317	0.2370060193393999	441	0.2633579417028975	366	0.35125030962183384	
407	381	0.48832635272095815	405	0.5598537473067869	350	0.5937832513420739	
408	159	0.49938024742277237	400	0.5472272092834674	31	0.5474028256815263	
409	398	0.32411031890700304	363	0.3833502114697143	429	0.4788735984156562	
410	288	0.39729800241734803	414	0.4860985373033412	449	0.4907012399411377	
411	445	0.30669389854636064	444	0.3438982203159538	309	0.4581321530216876	
412	255	0.18820279954447194	88	0.40662402573511663	113	0.42103576648850183	
413	45	0.35215984834364633	177	0.35557221298109515	287	0.5176785346274869	
414	449	0.3800020171241004	97	0.40201356216581396	129	0.45700738982543815	
415	17	0.217495896405348	393	0.5879110460831618	413	0.5916584683866862	
416	296	0.21727549909798766	308	0.3254198342565349	225	0.3645086424195378	
417	143	0.32954714992143236	435	0.3614089902106722	119	0.5812514410591189	
418	220	0.3468411763565548	301	0.41021517129419993	313	0.44269857446535227	
419	227	0.5547987493577491	166	0.6089755146257699	79	0.6937740902985312	
420	332	0.2160604509496693	205	0.2257363727398438	228	0.4244686168278743	
421	240	0.36746906793915224	77	0.47088495320819607	171	0.5696469017368291	
422	337	0.7337021957437112	404	0.7429818930889754	357	0.7545615039800878	
423	13	0.4947582083188176	465	0.5017138555708739	46	0.5130355341721224	
424	382	0.898002438427449	488	0.9744689412078674	336	1.0462812773329626	
425	495	0.7598473226627301	141	0.8695367947606638	28	0.8885502354170676	
426	390	0.5673186227006997	135	0.5728302506192325	373	0.6743802038248267	
427	257	0.4849628639842369	216	0.565338041253843	405	0.5848849101184553	
428	235	0.24721100480240724	472	0.8809209158383778	499	0.9233728008016232	
429	398	0.3937968388184052	409	0.4788735984156562	111	0.6868735907206875	
430	28	0.8373134028766537	39	0.8588674718609318	188	0.9339363402207886	
431	63	0.2317277043271046	59	0.29610021607370407	438	0.29632442012922905	
432	237	0.27656391332146096	289	0.32521631880774443	390	0.5279378793259856	
433	184	1.2330646242480983	179	1.5557857612213442	266	1.5634485601976376	
434	238	0.3236219121212642	63	0.3785357911955929	59	0.3865962459745867	
435	417	0.3614089902106722	82	0.38860366920807576	356	0.4165072872808453	
436	462	0.22591279486069918	102	0.4842986086417723	164	0.5591358622729538	
437	259	0.4951996848359568	213	0.6516778999124853	301	0.6663939508128197	
438	302	0.19816968644864769	348	0.2856630998919967	431	0.29632442012922905	
439	88	0.7839254654923538	255	1.041059818237979	412	1.0859039447988987	
440	353	0.28325493071159413	167	0.29876351866698864	217	0.48056242945036903	
441	317	0.20893858876680013	360	0.22345723122122485	406	0.2633579417028975	
442	168	0.2616767073889255	401	0.30360212447739027	125	0.5009128069683954	
443	471	0.4692893387296413	94	0.48460975537640555	117	0.514123229133881	
444	411	0.3438982203159538	311	0.41517195791480416	74	0.4176988060205168	
445	309	0.16241766124132873	450	0.2772920990205725	411	0.30669389854636064	
446	32	0.2114684509754429	361	0.22989855374286558	447	0.2742151111219997	
447	446	0.2742151111219997	53	0.3655728968157435	32	0.36952384107257824	
448	138	0.44324830270499294	467	0.6506126857184213	457	0.7034053615835161	
449	129	0.27907153594538264	414	0.3800020171241004	479	0.44386218955316803	
450	309	0.2155023126356195	85	0.2759107876175261	445	0.2772920990205725	
451	37	0.8927246021579269	457	0.9842518373880493	17	1.4167729259534472	
452	453	0.16386629139935283	290	0.2447185319966164	29	0.2849293643116288	
453	290	0.08889190021196634	452	0.16386629139935283	29	0.2735025609061522	
454	327	0.3805809619519487	217	0.633993051151309	477	0.6400953250178795	
455	324	0.36908755149580197	267	0.4940466715842283	109	0.8772066007427229	
456	187	0.2833502467396659	351	0.3635938617349792	335	0.4360043826251208	
457	448	0.7034053615835161	138	0.9395046573351796	37	0.9841108079656884	
458	107	0.2297558914075923	495	0.30358027674303484	115	0.5820178695097228	
459	21	0.6451578478340152	323	1.1001305770476446	35	1.127005141840759	
460	110	0.477499669431905	383	0.4812628709297101	356	0.5237970554910181	
461	54	0.4472902245831151	371	0.4843203000838424	222	0.504370867630378	
462	436	0.22591279486069918	87	0.46921868468850747	102	0.5084907104479776	
463	476	0.266668866392575	499	0.4664024582565341	29	0.5636229019339848	
464	118	0.2939645113718878	36	0.3957602748809265	23	0.450009240852004	
465	192	0.3287215201196161	46	0.3464080007012991	326	0.46678562500370224	
466	367	0.3730975645398804	40	0.4779241127166777	416	0.5711130669186637	
467	138	0.34813656489130634	73	0.36827277882795056	214	0.4674924202386348	
468	497	0.6737587487259367	400	0.7270925067353076	43	1.0884997373943117	
469	15	0.5157223356363656	263	0.5161728549839774	162	0.5205621571874517	
470	262	0.294009060343995	273	0.29663114070434277	337	0.4967473620157491	
471	187	0.38534964515281284	456	0.4497226413911061	443	0.4692893387296413	
472	4	0.30995390828736025	389	0.3156000579755139	240	0.4376165756232869	
473	264	0.35427933053302635	150	0.4633311712671454	11	0.4960263933069721	
474	58	0.5235823677508313	275	0.5303275629554396	330	0.6267513255660303	
475	313	0.2502025802310493	301	0.3091590682327095	213	0.3302548753996179	
476	499	0.2244083679199221	463	0.266668866392575	29	0.38974713933982147	
477	281	0.44133766734377017	270	0.5092971708643983	346	0.5190246084474119	
478	2	0.44052019650044694	338	0.5488436724126392	186	0.635160659536569	
479	280	0.39179910275494206	449	0.44386218955316803	270	0.4897254018942003	
480	482	0.2905637504994889	490	0.2993014751232925	96	0.4033259275348196	
481	494	0.34051166205135064	305	0.45474553470369955	239	0.6048710000808176	
482	480	0.2905637504994889	416	0.37285976693850387	225	0.43866364932947005	
483	114	0.4059977647228822	335	0.513974815016145	29	0.5454684365034825	
484	414	0.6110041347462699	97	0.762146925631439	66	0.8998220517619107	
485	206	0.4849509661030158	106	0.7437532069802891	327	0.7509462165064096	
486	94	0.5567095323318074	443	0.7913952092915847	111	0.8738615943144181	
487	199	0.4723074214148687	248	0.6923787216537816	234	0.7057855664357422	
488	382	0.3210298222880879	393	0.6976780929624481	37	0.7822109810436739	
489	243	0.327645320040859	395	0.33631636816194266	47	0.43818981774567745	
490	480	0.2993014751232925	129	0.32869405274834396	283	0.4193933006831641	
491	358	0.19615808934168943	177	0.3503253590673453	362	0.45843908284053925	
492	140	0.4993373277292782	134	0.5216367637156616	385	0.5222488726923702	
493	328	0.32599090270361836	357	0.3491887826903839	404	0.4449475260034041	
494	481	0.34051166205135064	331	0.4310866207216694	239	0.5258077638158635	
495	458	0.30358027674303484	107	0.5285931121775385	39	0.6051082156698486	
496	348	0.6150857435606985	296	0.7222214426860879	311	0.8028316293137974	
497	468	0.6737587487259367	400	0.9330150931247033	374	1.058293918234845	
498	272	0.26536544441509985	190	0.48529923862495333	322	0.49045493248271754	
499	476	0.2244083679199221	264	0.3354753002256021	453	0.38467623354086583	
