-1.0983927949706460	-0.3218613946538419	2.9216631253491987	3
-1.4969807672678341	-0.7026937628727232	-1.5771306208343892	0
1.1120818003243111	3.3605079602792776	2.0700452758151413	2
-3.2842151412251366	2.5745499916526531	3.7588200292382998	4
-0.6564564850950370	3.4081724705223362	1.3333846262941740	2
0.5168518377738687	0.7396588632894980	-2.3677996575091540	1
-1.4197353938705934	-0.4539833775410027	-2.4268686688886865	0
-3.2368818482866333	1.9213581851439858	2.9680919470871436	4
2.1178666581981167	1.5346690694996530	-2.6124730589342615	1
-0.4746461949701138	-0.2596276667812147	-0.8394157200626821	0
-0.7146684523482748	0.3471348881480633	-0.3252184010250434	0
-2.5324241520753952	1.7128699823853490	3.3897564113160570	4
-2.6891731391356499	3.2435322055393496	3.9887111473185515	4
2.0216035759116489	0.5041793922972195	-2.8894209388466998	1
-1.6371891598596560	2.2839138909195471	2.6891107943724717	4
-1.7147168510620199	-0.7719076460667296	-0.3997680656890600	0
-0.7978539932404195	-0.0017112130172393	-0.6626559194406905	0
-0.6031942839410824	-0.9112962661979329	-1.6841702944582193	0
-1.5735864626244369	-0.2783232530091195	1.2776403050921177	3
-1.9190212486749960	-0.5519930308039664	-0.6193441177214248	0
0.7783381067946027	0.8620136240712439	-1.8941678479244539	1
-1.0811412702268024	-0.2355270635302548	-2.1660878298437645	0
-1.9523569279591924	0.5089108129433704	-1.8214303973680583	0
-1.0191121222505641	0.7255790290903664	2.4427024733910638	3
1.1619286972812648	2.4874561480923436	2.3713651465220233	2
-1.6067376472578376	2.2557989381428145	2.6863082889783954	4
0.9557399234431565	1.4027529835432060	-1.2467315626958488	1
-0.6917992783407880	3.0397628085871418	1.9263021936334774	2
-0.9287174790439201	-0.6006981727469639	-2.1341296858610264	0
0.5126681668109041	2.3488234764372828	1.4377555707291805	2
-1.4791065865421198	2.5198000268519900	1.5638062703835591	4
-2.2290685978688187	-0.4851313188607483	-1.1763331900643332	0
-0.9929981724058854	-0.9719043938756564	-1.5937255656729763	0
-1.6371414886509705	-1.5546358428050544	2.2708850699276208	3
0.1824293849877552	2.6853668962722130	1.8432060317466790	2
-1.0686753577553310	-0.9447465254015638	-1.0039841325670018	0
-1.5085398670466996	4.6507981873458224	1.4124924078010384	4
-0.6799128130492542	2.4995645154936073	1.1686541409780109	2
0.5019174044012047	3.0328518105785132	2.1473766732063058	2
-1.2805322378383375	3.0371247184179291	1.9363136741265126	4
0.9109540218315464	1.9001196445358290	-2.5096544249045021	1
-3.1205520511186728	-0.1121521228757172	-2.6994187770172773	0
-0.8162167614251324	2.6525081729831914	1.0510316503425929	2
-1.5227813560659496	-0.1017825151325442	-1.1413959006449033	0
1.6596770100761993	0.9015522883564314	-2.8149750021596307	1
-2.9242402926224722	3.2055033068994945	1.2865114006149321	4
-0.7645111482341782	-0.4249617152833985	-1.4057918455022984	0
-0.9623045515996278	-0.2189214966297234	-0.9351473992945335	0
2.1439481649932044	1.7494117425902216	-1.0468796741716466	1
-2.2820717733857299	2.1349651655281576	1.6865825034759054	4
-1.9198355270325800	-0.1771951110113423	3.1139301698099580	3
0.3936581872395313	0.5193689673056980	3.2306826078050026	3
-2.9394472560142058	2.0444733847124739	3.1626695362941057	4
-0.9266524769902840	0.0985538703083268	2.1746968039976493	3
-1.3148015993516764	-0.8183561956378791	-0.4932404046407345	0
-2.5304490830791950	1.4973270275492538	-1.5461115001384820	0
-2.8509869150320801	-0.8868643850386285	-0.8462569404927623	0
-0.2349128553788320	1.7987775662598136	1.6513850287378853	2
-0.3432479024190498	0.4516524043908405	1.7885143335724907	2
1.1839766612484386	2.6531108904492466	2.2789816829788561	2
-1.3111466294788603	0.5620071084421709	2.5931857057853800	3
-2.4534296829428950	1.8429019433976892	2.7440432383594731	3
-0.3319219292723750	3.3299772980257796	1.2202932391437096	2
-0.4830295782448689	2.1419361677418065	0.9634791358236048	2
2.3796070457501206	1.4050061318014899	-2.4743210142185879	1
-1.1354022263479411	0.8038821298711234	3.0752342253717901	3
-0.2736035735813084	2.2640165377160768	0.1447837614072915	2
-2.6134379371840475	1.5428773060711252	-0.9952626489980076	0
-0.1932601136746691	1.4928601700023516	-0.6585276560794239	1
-0.8084353991715321	-0.5113446291004923	-2.2077807466697381	0
-1.1708414124817219	2.9971663305644043	2.1002404784385189	4
0.3260028331044922	2.3053598750793567	2.7876659238389534	2
0.0998289202974698	2.5993003820407194	1.4988958097729372	2
-2.7986972014097788	1.7080900110623163	3.1329194418119903	4
-0.9863069173009010	0.7638453008049709	2.1420770844528056	3
-2.6968870865844319	3.2393568153997299	2.2125007582544116	4
-1.3665725335626298	1.0588971285859103	3.0091825270501267	4
-2.2491785649142759	0.4491032715029480	-1.8635419923922965	0
-0.1661948280209368	3.2424535267182120	2.1697134722445068	2
0.3070058377827102	2.6442647617119319	1.5194967057534785	2
-1.4740016015819615	0.0687549138221294	-1.6728188438863358	0
-1.7777225514237032	2.5951978410527170	3.8938659705397027	4
-0.1081144863710247	1.1503783707761635	1.6405519680658851	2
1.5091120291558955	0.1971652909083559	-1.2284377865362694	1
-1.5877982321465685	-0.3683804580952784	3.4347414521020507	3
1.7133463852922020	3.3800582892796323	0.8705836209912011	2
1.7163789215478737	0.0391487313035980	-1.7476701074457752	1
0.7596695939759720	1.0959408735320055	-1.1391841394340765	1
-1.5061653961016042	1.5392022410382342	3.6175964842473318	4
-0.7779910376778557	-0.0383252539369345	3.0387204947802391	3
-2.1557503593012655	-0.2004429845291318	1.3317441984319482	3
1.9241791061748028	1.5559195915567352	-2.3545269900318693	1
1.8991506003915186	3.9572760876980286	1.5983676873927335	2
0.4369055113912674	2.6921053301740132	1.2772319379006154	2
-2.9689487696547943	1.7843471785554181	4.0485598409699097	4
-1.4961582130250366	2.0705199373544980	3.5156798067828969	4
0.2014902988690925	0.5878381840683848	-1.1521131847686132	1
-1.3898636218506537	3.1086150894636861	2.8903838777020736	4
-0.1899804488685608	-0.0391268108695494	2.0609667904066655	3
-0.8569132763773393	0.1389824482090475	-2.2802666454149976	0
1.9748135691045066	1.1979388555341768	-0.9121985496941054	1
1.4297649698547052	1.8867813616725291	-0.5951044158303138	1
-2.8799192434805949	-1.1840392428573372	1.8247252333716322	3
-1.9975413185485726	2.3700915535644480	1.5903286028934343	4
1.4474785148242919	2.3856108373020866	1.9018660827233407	2
0.9662022583300306	1.7498853744278513	0.2712596742159420	1
-2.8253937812767145	2.7381297465897827	4.7046413027314795	4
-2.0334988567038996	-1.8682107489170274	-1.9047077510283041	0
-2.2519401885820125	-1.9596977745243294	-1.4561657518117039	0
1.1072263030211347	1.6952540442445523	-0.1968094688174169	1
0.7011435880381307	1.3656341831589003	-1.7167030467349822	1
-1.4854118192130319	2.6064418634108097	3.4355511244695607	4
-1.3735049840602889	-0.1651757556420885	2.5086061189772835	3
1.7557193209297461	1.4330527149168046	-2.3844258793865309	1
1.2170857365291101	1.8458046385085416	1.1968378655355432	2
-1.5206127636136224	0.0323768283528804	1.1831984532803173	3
-1.7525114867546769	0.2728075391187167	-1.1458613915365370	0
-1.8115080856799002	0.9533365354904392	3.4340709603283073	3
-1.9379930141796611	1.9372612599807684	1.8023250620089017	4
1.6055140495933622	1.3275970936152635	-1.4556358581323430	1
-1.5938077252375233	-0.2527468453745754	-2.2050247868701258	0
-1.1808233121845924	0.8476280141881911	-1.3333679991762677	0
1.2843464431813765	0.7492771905664984	-1.0976918295488927	1
0.8342566009444429	2.6664951743948642	2.3216595261842330	2
-2.2116587148657976	1.9741544891133329	3.4898768550652104	4
0.2516531972511948	2.0586739469082307	-2.2543218572541752	1
-1.7489365988188468	1.7194376425553353	2.6239703681565683	3
-2.4179226466898713	3.2019887531801947	4.3704669651653862	4
-1.9652795744193623	3.7532834510398123	2.3470977147176870	4
0.5566351420228794	2.6939955106258235	2.0979338324654555	2
-0.2944090695258474	2.7958754735921483	1.6729176142628805	2
-0.3880846290254408	1.0114140825999898	3.1037456709743871	3
-1.9862734404683440	-0.0328831328436311	-0.7546137606471570	0
-1.4116213659647383	1.4553060276729719	2.1803852180290821	4
-2.9210310245582312	2.8685090830488211	2.0591202533870008	4
-1.3756814695321202	0.9234376350805897	1.9099120040639013	3
2.1464031812569773	0.9702327926664653	-2.3682008279025379	1
-1.2459186470695256	-0.8407185118186158	-1.2185190532616390	0
0.5748864241761602	2.9207603625803049	-0.7450763325317522	1
-0.1530717417018159	3.0758451200420818	1.7883690244705883	2
1.7238829841729642	0.6929077940554242	-2.8758313924670347	1
0.3783290738489001	3.0171812853637126	2.5890976977595579	2
-1.5001546634695131	-0.9577330266263157	0.6204848246087139	3
-1.0045020193803202	0.5114419930045896	-0.7324872694905141	0
-0.9728223149742834	1.0453843930287210	4.5435809508341389	4
2.5123302043980242	0.6932620667387744	-2.3175132106297940	1
-0.3600057341954696	4.2127304642951966	1.9590856496840781	4
-1.1363001775576267	0.1295772562484235	3.4360353301073818	3
-1.1448144056116849	-1.3624425406411840	3.0692763268572509	3
2.7889906855458242	0.6818784445529932	-2.0663335205905233	1
2.0204023785044773	1.0265027426007260	-0.7549708289574227	1
-1.7089008583846343	2.4163540501554790	3.6779908197547901	4
0.6797045130394684	3.0875305760104905	1.8205010232157837	2
-1.6226749574495003	-0.2435030733506904	2.1431513824003967	3
0.1802138862669325	1.7966838977722124	0.7788989743507305	2
-0.3089295725630119	-0.6969076186459081	-1.1428917775352971	0
1.7710951547696610	-0.4488380069662924	-0.9422141554336843	1
0.9336943903585773	1.0719638987365512	2.4156852997427785	2
-2.1982313932299125	0.4763067972305047	2.3410071125581413	3
-2.8328546074750243	0.6756101291906389	-3.1215243425287253	0
-3.0759076594857833	-0.6103769995187380	-2.0316788003968753	0
0.2616695101602872	0.9651870796907003	1.2735552356584734	2
0.8589911028395665	0.8534717799524857	-1.9413285286218516	1
-0.9675785245577879	0.0974681243759970	2.1398491542388052	3
-1.6950271811756754	2.5699163587768421	3.5189348987708322	4
0.1478174747978349	1.0122106458381952	-1.7175981716775262	1
-1.7771796493308847	1.2516489535379756	1.2453419573053655	4
-0.7864914877360324	0.6359844692641399	3.5589546182997043	3
-2.3923016044617174	1.6664843456385836	3.5113505968070435	4
-1.7699202130717442	0.6892636571672066	-2.0094257074642945	0
-0.7057808322794936	2.3772952095293522	3.6478116815560417	4
0.1591423747544762	1.2559750294433438	-2.2120599928749969	1
1.2988546509144387	1.7402712994590552	-2.6594886634227413	1
-2.2263724074178808	1.0238238203559380	1.9236199243042256	3
2.6365096159671095	0.7624935059819923	0.0544870436327883	1
-1.1566840432554597	-0.6568297199738012	3.0656733091801258	3
-2.9193003752314208	-0.1072484608966469	-0.1531040232442574	0
0.6001628516265453	0.9009792651878640	1.4964002102742904	2
2.0214339038657245	0.4477699248254506	-2.8672595367353182	1
1.9683252698667020	1.9452641178302323	-1.0517745292278966	1
-2.2830271465007401	-0.0989207655933148	1.4373391406275104	3
0.1508024045717455	2.1966664071444422	0.6037459538312804	2
-0.4311262683667088	1.3202027896695148	3.0389476129799675	3
-1.8673990258595539	0.0380615500741053	-2.8137178709200494	0
0.5331461418849291	3.7444194815747220	2.0461139455971020	2
-2.1646506871516507	0.0916960353973502	2.3789512499493570	3
0.1922600794595168	1.0767210683346529	-2.1434558925100426	1
-2.5864244602618012	1.6499844389418699	3.0064831769769582	4
-3.5940002778747786	2.1949958339791720	1.6277011470956042	4
0.5751532527903537	1.2236166097262589	-0.5588430700793738	1
-1.6247605910303913	0.0196045137776118	3.2930760318623227	3
0.8208028758981969	0.9617410751070313	0.4109291700856946	1
0.7981305394399779	1.1328966859590905	-3.0382184512797541	1
-0.7824004207128905	1.9845706059836656	2.7201605633336117	4
-0.4295618332242959	-0.2571374013476305	-1.6988625823226999	0
1.8773699267964528	1.9451814930530009	2.3107514111524972	2
1.9227624027373231	0.9277226785035008	-2.5114267871021143	1
-0.9313925190982076	3.6998250223050695	3.2082859812013544	4
-0.5537815105266298	-0.7987923523146749	0.5661564645872503	3
-2.7782478892394047	-0.5958279797238508	-1.6347373695986680	0
-1.1325401022534620	1.9842176453113534	2.5212522405742819	2
-2.4127742692154235	0.2163493703288454	-2.3529590898612485	0
-1.0494644707317318	2.8463486544022083	3.2474165834738686	4
-2.1279154169707266	1.1405575800673284	1.7129276313891375	3
-1.4239203553260860	0.4053277683169619	-0.8960775082627651	0
-3.4236334686454608	1.9161761911673212	2.5021063404514092	4
-1.8751144233176609	-0.9610319091082550	-0.9695498483697087	0
-1.6719538850572910	-0.3298588098656392	1.0076127099916359	3
-2.9755067324238182	-0.3590349586970744	-1.8790403097229005	0
-0.3830020317164333	1.6997583390058966	1.8034862019456130	2
1.3591383524024516	1.4511782791301953	-1.1979694817777784	1
-0.4837869937227544	0.1334355753046355	1.9530748832203098	3
-1.9032774681434081	0.3195250838868116	-0.8616460082407532	0
-2.5722455618119420	3.4918156049915341	2.3925997793430893	4
0.3263724536087810	2.8154874888256702	2.4795813053301186	2
0.0722580511011972	0.5782168354902560	2.2968065073133399	3
1.6758813234233076	1.2092616260276854	-2.6781360691325986	1
-2.2295650831265856	1.0095752517270640	2.9913482108703202	4
-2.5048280765462394	2.0327986467608423	2.8526347626786825	4
1.0163282070864759	2.0706356134768269	0.7854037619371860	2
-2.3062586524710231	2.9125095673026609	4.1936604967112068	4
-1.7583518084574357	2.2455521863106753	1.3643565583593746	2
-1.2617491636192895	-0.3622013690179323	-2.7484404531001734	0
-1.5808748435253706	-0.7193223843646809	3.0011643501940837	3
-2.2066054119149117	-2.0240977951718628	-0.1391085371478900	0
-1.9377345143302827	3.9602193845357849	2.8372959992871065	4
-2.1391601156351712	-0.1435108208328110	1.6334683673952761	3
-2.2602108501359295	1.4508102882179430	-1.3834071689745748	0
-1.4154998172432673	1.1317853447687498	-0.0865582772529595	0
0.2839673282537561	1.0166558061604949	-1.4043878413459501	1
-0.7354302179790149	2.3554193960601002	0.9846640035213513	2
0.8413711491797844	1.6377388095785510	2.1389254573076144	2
-3.1392436206139855	-0.9444183534790851	-1.7068400271008290	0
-2.5007250462620019	1.9376100854126967	2.8992535549933094	4
0.7445704209237091	2.2003848640660606	1.6965759062131225	2
-2.9885242922110056	0.5017273689290987	-1.4138316155951989	0
-1.9792463817876889	-1.1111755163870760	-0.3034354980138950	0
0.4571442310405979	1.2968171982667220	2.2888825052480919	2
0.7800116297600314	2.6999900715087857	2.1873699465767875	2
0.3132970844183029	2.2528361601334703	2.2514352534277045	2
0.7639946098101699	0.5548297407190338	2.2663692588606041	3
0.0479075692164856	3.1415794933731953	-1.6890444209463769	1
1.2438768595215177	0.3501242730332024	-1.9825757958598809	1
0.7419082771085093	1.3162371436136924	-2.0451800520238859	1
-3.0572425977292297	3.0579066036970830	3.5140981282317041	4
-0.5633472354649354	2.1201881060558248	1.5456444593534937	2
1.2016169032977384	1.6655525229186385	1.8706264453952033	2
-1.2161138454460079	1.7698146169197704	2.1777908312309524	2
0.1387095727312588	0.8846616037543521	-2.0189062780842475	1
1.2649295819465189	3.5443760440203764	1.6525865326170819	2
1.3502804219251165	0.2611859736614865	-1.7971893081207138	1
1.1141469090081728	0.7470903145172961	-2.2787172161750657	1
-0.6816104119717556	-0.6648685540728870	2.6146174871861012	3
-0.2023828165667865	2.3296415579957839	1.5131064859701353	2
-0.8195453734317001	-0.3105892998633415	1.1805030203262719	3
-1.9869355186301834	0.3957999759061236	-2.7788014646514974	0
1.2260278691289268	-0.3394292114674330	-1.5724134839308825	1
-1.2585820531292495	0.5897188878758829	2.6666684363982416	3
-0.6128970185864091	1.0816986624071991	-2.0695067470520909	1
-0.9069692049663173	-0.2959634812697273	2.7338411275379011	3
-1.9161485297738801	-0.6056420834066329	-2.7384541199403696	0
-2.8584696339936735	-0.2791086589867614	-1.9777506581887163	0
-1.3560983235057777	0.4078980684088583	1.8347300307444054	3
0.2353272024506604	1.3075409827374671	-0.5051491670297721	1
-1.9371184089553788	3.1175058680133905	2.8840777792382077	4
-1.4391609634820837	2.6863030027362322	1.5451398525587416	2
0.5815056262869632	1.3296227751247702	-0.9438211378239174	1
-1.9629754533701878	-1.3443982464382112	-0.2831098009145017	0
-1.5061212007489262	1.2026464769025962	2.4755622216065065	4
0.8467315451902608	1.3146477394407592	-2.1274073161203826	1
2.0685735482282603	1.8315079908077188	1.1627937632551346	2
-0.1882943329981533	1.6792709354733135	2.1025306634182677	2
1.0132029211217668	2.7952517716730170	0.9643799757223288	2
-1.0088566710886613	0.1680792909392398	2.8925581720294291	3
-1.2379707142104381	-0.9406030829826010	1.7845093825499709	3
-0.9358820333337367	-0.1676423468364162	2.8221636319525238	3
-2.3898621180568624	2.4305783981464928	2.0554061101966301	4
-1.0275553080116513	-0.6163425793458484	2.7906960983886391	3
-1.6142665950130288	-0.0083168963285206	1.1507642987698132	3
-1.6718675591222893	-0.6896175388330859	1.2529232996653152	3
0.4286193939944056	2.7967141270996123	1.7774162385124423	2
2.1736861789417317	0.5532564535131188	-1.4715544406582139	1
1.3627202874729551	1.5769888647973009	1.6203594309989553	2
-0.5797608875359243	0.2818615627939849	1.9781775479473229	3
0.2237860860510386	0.2962838841226687	1.6474948772291360	2
-1.5234191660160168	-0.9932633044759938	-0.6583621248672112	0
1.3794890499140682	-0.0068710675592256	-1.1588726409147878	1
-2.4441507299814318	3.0786186216432321	2.1254322586125936	4
-2.6975235622020239	0.0119933165144966	2.2318404734104917	3
-2.2154471516626790	0.8342444833259247	2.5648985772747968	3
-1.2755178996480940	0.5408774255157266	1.7035661387676213	3
0.0001981088732481	0.5682156912427936	-0.8146707930423215	1
1.0573677023402708	0.8870628521545066	-3.4211680129963269	1
-0.6477051440228947	2.4512753877981917	1.5015899619676980	3
0.4953310155861412	1.0526236593837779	-1.3338151885498732	1
2.6193413211106691	1.9195709921938953	-1.2210665355070738	1
-2.6484387241424505	0.8970291084343736	-0.6548705997571961	0
-0.0925825194246893	0.5843337468710055	3.0007317398534665	3
1.1838462007271764	1.5959807094790697	2.1647397514693716	2
-2.2501349872008181	-0.5261061886296775	-0.7852707677086386	0
0.9041355841632464	1.2705049614191359	2.0622692002277536	2
-1.8151044038400168	1.7052243898567574	2.9891638784738936	4
-1.5008207720325939	1.1680314572351267	3.8710205700606157	4
-1.5717505028785648	3.1837498534396005	3.1434860228128230	4
-0.1025496279311646	-0.7867600721461863	1.4382405065683499	3
-0.9445204489365340	0.3972207536080169	1.4503126299178821	3
-0.9475550478006252	2.2186051231242101	1.7030848723839807	4
-0.2287941574158021	1.2380273335550975	3.0594410129948915	3
1.6201435412268101	0.6858107011363925	-0.8263193404052563	1
-3.1527475936366072	0.1559324382335889	-2.5516399972271619	0
-1.8504627585849585	-0.1918358008276285	-2.1990021442331611	0
-2.3134173350290146	3.3361002052768534	3.1815459733990288	4
-2.9775483566024561	2.3824649253425703	3.7109757702804478	4
-2.1057606597895377	2.5635535516215899	3.2100581233600640	4
-1.0775191782173295	2.9350459762412329	3.0573786706476351	4
-0.7956897876387556	-0.3621432908438489	2.3537712830622439	3
1.5736944218939388	2.2703612394177313	1.7491314699216161	2
-1.1711944302902373	0.4871301311662801	3.1324399042748783	3
1.5145349355856976	2.1512015167221583	-2.2334995819332448	1
-2.2291605996315207	0.5027043815181019	-1.2390933953801866	0
-1.0171538100651443	-1.2128126679508391	3.4935443557312746	3
1.6695480751245189	0.2393121076843875	-2.8137126897347122	1
-0.1411150010720614	0.3271460417304975	1.2537668465894838	3
-0.9850002395747088	2.0321488969306167	1.9246299697092555	4
-1.7872695759315751	-0.6455259861436280	-2.2194673430825613	0
1.3423414852385969	1.8030123960975835	-1.7141078644017171	1
-0.3007252418337991	1.6202833988034375	1.6651603265260007	2
0.5502612528595761	2.3672525438064937	1.8828034535253506	2
1.9634123805673911	1.3096020398407362	-2.3566780905133542	1
-1.4211537926515909	0.1844258723422139	-1.6064322526128603	0
-2.3773989176827666	-1.3237888414246641	-1.9997390602503051	0
-2.9371899286646430	1.6394554913473063	2.1575738022605120	4
-1.7014287665861763	3.1622149988502928	3.1638149428701077	4
-3.1628471138421803	2.8873656469667131	1.7498442759388788	4
1.9018942509957477	2.5251489383050725	-0.4801215598029918	1
-0.2685432253270374	0.1166775647373563	-0.6411858473817886	0
1.1889432173070187	2.4923544170391825	1.0004676396523191	2
-1.1833469774113330	2.1994618120991714	2.1017239124043767	4
-0.6360504389811488	2.9234904185233410	1.6333022012575096	4
0.4073792380921716	2.9398932031846572	0.7827532556949504	2
1.7993584397223661	0.0846346949701761	-2.9226939670325169	1
0.3124016886510265	1.3348881203263299	0.4898950074754806	2
-2.1905206055521687	-0.2126810019249065	1.7007225976324407	3
-1.9412227420528811	-0.3336531592925970	-1.7854931356295476	0
1.4650615945490115	2.5153805995829122	-1.1203917759759945	1
0.5482562752370754	3.5051506046555141	3.5672799637954324	2
-1.9166385160212305	-1.4071351035753712	-1.9094491122340131	0
1.1872877463572586	2.5439300762865513	-1.8983059808723506	1
-1.9016024319278229	0.1123124371290574	-1.2373180449501908	0
-1.9916723610918368	-0.5243280050312346	3.4377108304665973	3
0.7471824192770147	2.0133061916437240	2.0012826055982096	2
-1.7444277680119984	0.9313505633582232	2.3365092988666829	3
0.9808189022166492	-0.1303435215542414	-0.3163584000252266	1
-2.8973417862070878	3.5067494782673840	3.8280788816821305	4
-0.6094145076061123	2.7592265321110259	-1.2520481846399127	1
1.8451520767308813	0.6566099968235325	-1.0798875567616966	1
-3.4630209028112455	2.2838298680510367	2.3125779499414656	4
-2.2807755208390947	2.4398958127587993	1.9857504344609376	4
0.0182535495021174	2.4866348428136300	1.4917495557458524	2
-0.9525091995163177	-0.4750862913954763	1.9171593846067396	3
-1.8255097633971540	-0.4034083559797971	-0.2823346191947699	0
1.5624998505925813	1.0951051237944007	-1.3463178239902100	1
-1.7286333889768568	-0.2549117583586143	3.3759878508120642	3
0.8117161657779076	1.6230285799816575	-2.0295656799494739	1
-3.3220074607190684	2.4228796973780988	2.9445215866916685	4
-2.2010422542463384	0.7420610992080801	1.1783938814776880	3
0.4554733485199844	0.0262990207472442	-1.9647362266537360	1
1.4653575063582911	0.2162788782285773	-1.8936328237318212	1
-0.6281585370498258	0.7598323468644859	2.5934223240124541	2
-1.4253348072383702	0.6625546902652791	3.0270170081680448	4
-3.2469321849269184	0.0361565095256378	-1.1903873496831605	0
-2.1988726741245319	1.4572717655160123	-0.7581514681473628	0
-1.6935868727261862	2.7798854220474536	3.5419550203115908	4
-1.0588816211311185	0.1321449685615363	2.8467000112343150	3
2.1115289465036367	1.6128442711812259	-0.6612552417818387	1
-0.3937643578241380	0.5415423042028827	2.0938059894638008	3
1.1393517578212591	2.6277955226840786	2.1662920107090597	2
0.0225356618401341	2.8450816461408044	1.1774416572268085	2
0.9502461049807852	1.0283556346846632	-1.6399974008333471	1
1.3369217961204301	2.2610458820829771	2.1335617645785105	2
-2.3693112117717079	-0.4573679370516870	-1.3300943493851394	0
-0.8674767809694313	1.6127416662059049	1.9646528307342586	2
-3.1253523379519801	0.4322116388918512	-3.0237523949383416	0
1.1099417173837249	1.2029755649858145	-1.1719102733637539	1
-1.3229961462373954	1.7696475052600127	-0.6876141936330261	0
-3.0725111078320850	0.7761930239659819	-0.6035608728517693	0
2.2172632952620743	1.8324654469912396	1.9662733070514218	2
1.5790021500301794	2.0096607841945628	-1.8668722801061763	1
1.8638134173609493	1.8164191842759068	-1.6041575134709345	1
-1.7369383956711917	0.5199383827053060	2.0032979260370101	4
-1.6931580892718241	-0.6509918205746010	-1.2561194157479392	0
-1.6200581657828956	0.0296797155194942	-2.0428211253498589	0
-1.8078819817981311	0.0486056347792707	-0.7077941345998799	0
-2.3002895983328151	1.6986259365686029	2.9185138734104688	4
0.2719753548585593	2.2029259263332208	1.5472085178435497	2
0.5147396907761110	1.0853432550084230	2.1303446617694637	2
-1.2602452915422937	2.0954904045233271	3.8171419803586852	4
-1.3797609640166644	0.7830422615585825	3.0055175018850595	3
-1.7142425571363613	-0.0774245228793386	-1.7293996222587169	0
-2.0535907461698488	2.2391437557678069	2.3747223084806581	4
-2.2214859957474644	1.7499028458313974	3.2288565625911634	4
-1.2263145622922944	1.5187080864230182	1.5386598365173909	3
-2.0108280674516088	2.9617812270854209	3.0264109927643856	4
-1.1544709380552927	-0.2026728014815237	-2.4874248146715034	0
0.4748597713937316	1.8270233855194875	2.1758785792999209	2
-0.4638700750152944	-1.0154011747569802	1.6362859704330723	3
-1.5650442457813756	-0.8152500875995795	-0.4237621468557471	0
-1.5987743324441666	0.1016984413410812	2.8457760993903358	3
-2.4096641001909980	-0.4985827376507028	-1.7084122955873582	0
2.1854354327715222	0.7196153573965800	-3.4091511634279783	1
1.6416089829696499	2.4916796431729655	1.1517568149311417	2
0.3635119338870849	1.4555264258010265	1.4390590659829305	2
-0.7630892185585598	-0.1029222921122392	2.7250287949146608	3
-1.4241945378046954	-1.0306359489986106	2.6580915417366731	3
-0.1651818177872333	2.9746789906153825	2.2275943610610320	4
0.2668582222763014	0.1048663704860808	1.6033456042922722	3
-2.4553396584036653	-0.3450075417112909	2.6878702394164313	3
1.4754533438933530	0.9219498918374426	-1.6245507101565222	1
0.6132421788921927	3.3736461079380140	1.5624974986056532	2
-0.9645424829578965	1.2975568509207431	-1.7982991544812612	0
-1.2207529194065552	0.8253420139732657	2.3033234731446046	3
0.4906243702069403	3.3513234325895613	2.1254839751063783	2
-0.1809474996309084	1.6381803766468721	1.0208682223931222	2
2.0526458476760134	2.7434000127846678	-1.9473697891105517	1
0.4514402108922766	2.8247628740524000	0.7333767499836590	2
0.1606579537317638	3.0461715809279908	2.5521480214012349	2
-0.0295933864497475	0.2652624442453697	-1.4189367696889206	0
-1.7280998931812057	0.4115520322627180	2.5683308208938493	3
-0.4500635607224452	-0.3083518971709938	1.9078071883248664	3
-0.8599320217606552	-0.1327406558445165	1.0445899280833322	3
0.4227695432932870	2.4754532775933580	1.7341467334681977	2
1.9654041319141839	0.4295112606902329	-1.5399221154411826	1
1.9903190109572975	1.9213841708261405	-1.7325710793604798	1
-0.2479887195056073	2.0756603232026798	1.6719645864284765	2
-0.7915465312490430	-1.1753314661736196	2.4205034780750747	3
0.8319202332720320	0.6908715770674875	-1.7456579411648958	1
-2.0660578670081242	0.7157979448499763	2.7880905140486458	4
-2.0690574274570790	-0.1697787139801822	-1.2406939861669197	0
-0.7848180327732133	-0.2792463996295774	2.3980488574510579	3
-0.9021880637018571	2.4889686775908233	1.9040737530456577	4
-3.2127856139078648	3.3311716970268686	1.8240061593363630	4
-1.6875426370764757	2.6287604173699770	2.9805087596190827	4
0.1094242972603377	2.5445351932020901	1.7932017593905072	2
-0.9403067697222641	1.5462143896197409	2.5192017759770380	4
-1.5628373149360213	3.1910786492592136	3.1224024997835214	4
-1.8577486537056609	-0.5720001262897250	-2.9879666673928273	0
1.8883226613358917	0.3957598357775401	-0.4612567227859057	1
1.9956799571468891	2.4404098741682207	1.6650761487579804	2
-1.1508120385538532	-0.3159690705924987	2.1872331718146905	3
-2.7405852493197620	-0.6154926641851670	3.2874668686865451	3
-2.7710160091266558	1.8462855557996973	3.5530898959701416	4
-1.6758443733803952	-0.8462140439276606	-1.2426559731448243	0
-2.7293141979997517	3.4726054736252387	1.7767795468790863	4
-1.2099691620293631	-0.4375056168905047	3.0432317907932966	3
0.1210937349383293	2.2996829422807767	1.7122835482584651	2
1.8377611608337918	2.0785919321651298	-1.5279700731128369	1
-0.2136822916554970	2.2367545540219140	2.8048642074464158	2
-1.7756947993971177	2.3434409591787344	1.9102933527346184	4
-0.2623168191841549	1.6763198796487309	-1.5261037986478478	1
0.0849480765887461	2.7714144990117551	1.9943225758216412	2
2.0583362132668817	1.4213783950096568	-2.2398708018573159	1
-2.2034126864909949	0.0148378836934515	-1.8382796304576012	0
-2.6970944637657110	2.5645493947139459	1.4528476075131840	4
-1.7296243628818417	0.1032705302475635	-1.5246876178962006	0
1.8087956647760328	-0.1874829721853133	-2.0033764037787920	1
-0.3535408970747406	3.1411120046800880	3.4773158388837446	2
-1.4745113485598584	2.8019940962306427	3.0718905461002572	4
-1.3901309740752894	-0.1292749887167255	2.6247520342649695	3
-2.9510491717117655	2.4869185357649064	2.5757924440831923	4
-1.3283265827095712	0.4658945014704716	3.0204154680670410	3
-1.8191062478477993	0.9185770804014646	2.4043003373509153	3
-0.9612969844720525	-0.0862240295125129	-0.1424695285126916	0
-0.6794777094321212	0.3865739888764428	1.3248432561111012	3
-1.7422762347897691	1.8362271443746896	3.1220814979799330	4
-0.6421233940157325	1.8423407009311439	2.4821576387894524	4
-2.8358371734994692	2.0902094735345509	3.1765338707985822	4
1.0585794838018223	1.7503174227532441	-1.2230508113066527	1
0.6083278291569194	1.9657653844453842	-1.2907382134919327	1
-1.5413956552678103	-0.8936714006328488	-1.8078465649773976	0
-0.5476641149018632	2.1898054156739457	1.1018114685420586	2
-2.7540531549040224	3.1836378317590621	3.4362763417052151	4
-0.8454114290848551	0.5472892568746265	2.6952732436346079	3
-0.2729089018061563	3.5948542312420750	1.3077417251201735	2
1.1467746594177171	2.6282907703990519	-0.1820158785030015	1
-1.4057776400549060	-0.6384635881246578	-1.0434692825964584	0
0.6595446619597971	2.1058479205235501	2.0064902812460148	2
-2.2748459164345660	0.0356279019151436	-1.7691275059249234	0
-1.5408476934953050	0.4039725507379587	-1.5955660275797365	0
-1.0330365567740052	0.2444693338042107	1.6796446911649301	3
-2.2518449573163206	-0.5046753042106867	-1.6681773704214391	0
-1.6570042898338264	0.1151630303193353	2.7848709111409642	3
0.8667846049668610	1.0204747867977666	1.8984260716983112	2
1.8587461486486221	1.1842043808363540	0.2088918339413165	1
-3.2935298337969057	1.2455580218381948	2.1841079078602443	4
-1.2026876791735848	0.7667846767334690	0.9422598058893406	3
-1.7630253370941495	3.3440268595145142	3.0590683187763639	4
-1.6764039910713895	3.0309251045971113	2.9254322294625594	4
0.7745372250263796	0.7268772837779703	-1.1812813786641427	1
-1.2584084249760632	-0.8300930020708935	0.0320492977918148	0
-1.6849119470214542	-0.5015829389038950	-1.0154969525291473	0
G3
0	453	0.20149891374546725	275	0.24513957563746566	259	0.269426790779283	
1	478	0.30277877614239734	390	0.37974573901113146	451	0.4055410590960379	
2	249	0.48108389999869794	152	0.5689807596812043	421	0.6239929025045671	
3	312	0.3650072089772864	244	0.5874001691694963	364	0.8291646948055198	
4	62	0.3524582596172134	482	0.42733638601549273	338	0.5703364358164809	
5	186	0.5189420627868597	248	0.5345502385748275	20	0.5546826546979989	
6	120	0.34642751971365215	222	0.369854023147655	403	0.37039071795929857	
7	52	0.3761450880533297	475	0.4824889888140673	205	0.5020414388871652	
8	64	0.32311993956967805	91	0.3232686606503639	328	0.37408870283312484	
9	16	0.4496979042655744	335	0.4726300284440499	47	0.4986303435287011	
10	16	0.49242005985363896	143	0.5261827177948717	471	0.5310581274945438	
11	168	0.191235722581757	450	0.31843934538604773	400	0.35205501183099214	
12	353	0.3720487105869701	127	0.4701491173509746	220	0.5460803301157121	
13	178	0.060606802857386156	140	0.35276144367864803	321	0.4470229223163557	
14	25	0.04154033251985871	441	0.45427675884048585	399	0.5236742939504451	
15	406	0.1576584026956941	19	0.37190908501445613	285	0.3904664124556578	
16	47	0.38532570644145775	9	0.4496979042655744	10	0.49242005985363896	
17	32	0.4047229491490641	46	0.5831286195700767	28	0.6363175151737704	
18	207	0.2919708299339934	278	0.30109106064342334	115	0.3290288995193034	
19	299	0.3712655244084513	15	0.37190908501445613	360	0.3799963230988685	
20	162	0.09381896756956988	435	0.23284294478513165	378	0.34903386728194236	
21	403	0.3312311889553669	69	0.39010526899615644	28	0.3969940479301246	
22	77	0.3057015090138233	169	0.3180448710115153	487	0.48100582373150336	
23	420	0.26464725568226016	74	0.30482144527084104	481	0.3546141109211608	
24	59	0.1909510689068313	376	0.24951923630923184	379	0.37206806052056957	
25	14	0.04154033251985871	441	0.48185436419327493	399	0.5450145964558644	
26	383	0.2632250663543687	476	0.3632324222374826	87	0.3796626044228507	
27	338	0.320119036162195	70	0.5114199381556822	130	0.5306635047709203	
28	69	0.1669620114243297	21	0.3969940479301246	403	0.5781057588952064	
29	394	0.3019918417505927	430	0.3346111032242893	79	0.3691397564352805	
30	265	0.1722420649387765	221	0.4392834615947185	457	0.48899937320128667	
31	380	0.20995544822525775	437	0.35943448935300015	299	0.3937671277427457	
32	17	0.4047229491490641	137	0.4711246428611476	1	0.5716189394718971	
33	413	0.6854568873347942	274	0.8791671323330477	434	0.9387695724574306	
34	442	0.16632419751073324	459	0.19935647799247647	280	0.2780935512402767	
35	137	0.29708962185573495	484	0.45717202831253817	285	0.5732367584250181	
36	146	1.345287388023577	128	1.3739108202114412	4	1.5087818937819355	
37	42	0.23623204484663865	230	0.24023398674616278	293	0.3379577409910485	
38	421	0.3194229122617151	129	0.3467884330951462	152	0.37609269328696787	
39	70	0.20124797414934412	265	0.5488678415366877	27	0.58882398631522	
40	172	0.4454982497148867	363	0.5631277059090424	269	0.702150076789435	
41	309	0.3078058683967036	382	0.6336775549072153	261	0.7857267667897249	
42	37	0.23623204484663865	230	0.3149489982841964	293	0.5214341676638535	
43	116	0.4394469049829861	348	0.4455817701266166	499	0.44941879411967933	
44	140	0.22662398891795316	216	0.33715354047245244	196	0.40254233568248665	
45	452	0.5913565803098357	333	0.610591630433988	440	0.6228575779148116	
46	194	0.4756537614211136	47	0.5505279255986525	17	0.5831286195700767	
47	16	0.38532570644145775	9	0.4986303435287011	46	0.5505279255986525	
48	179	0.2631074187205487	374	0.41037529510252285	295	0.5341290909236238	
49	103	0.3814535508527506	118	0.4133683184053211	357	0.42718360317435833	
50	362	0.3335751235391838	190	0.3973569554748649	349	0.480099669916084	
51	297	0.5417821047920967	131	0.9323857636186872	307	0.9660437115060002	
52	475	0.11410109022574437	73	0.3658543700177784	7	0.3761450880533297	
53	163	0.05376317426865937	283	0.43881123841255754	438	0.4612333393341953	
54	406	0.2597272767810924	285	0.3184006412267561	15	0.41331193360089136	
55	227	0.31884982195668565	67	0.5589243549728684	371	0.8558202796190724	
56	299	0.7034833535526185	380	0.8065837341457259	31	0.8106307298734104	
57	326	0.19073855629104985	209	0.23424341699496964	433	0.27795423635858585	
58	375	0.3222345442558438	283	0.3474758364347901	211	0.38482900228353684	
59	376	0.12381927187334332	24	0.1909510689068313	123	0.35256865705338875	
60	257	0.09450232327577532	23	0.36699472730334304	420	0.4019159230525727	
61	233	0.1878742290602862	218	0.2247101955122801	393	0.27332664369948767	
62	482	0.28511324918420455	4	0.3524582596172134	377	0.6021629639782062	
63	479	0.16001538207866753	230	0.3312551438555753	37	0.45690023637861277	
64	8	0.32311993956967805	460	0.3980576602494624	328	0.4428993086327136	
65	397	0.2549625743517296	317	0.32386015538396073	369	0.3261276539672801	
66	181	0.628731078009272	63	0.8538295990729436	154	0.9090941571181251	
67	371	0.4851951957652978	227	0.5328244356152566	55	0.5589243549728684	
68	263	0.491482705306285	189	0.8202976369576208	266	0.8416060655856816	
69	28	0.1669620114243297	21	0.39010526899615644	403	0.5414976418275381	
70	39	0.20124797414934412	27	0.5114199381556822	439	0.6073885580498287	
71	239	0.5389466657945764	456	0.5443000137090229	214	0.5959416507407076	
72	358	0.13928077324724217	79	0.2129987499801445	442	0.29951175126844337	
73	187	0.2538150965001001	52	0.3658543700177784	11	0.36998569409061344	
74	420	0.29111367453277526	23	0.30482144527084104	135	0.48060678276194746	
75	287	0.3119188300037969	213	0.33422538433947546	134	0.45966740671228307	
76	397	0.2761942699803278	65	0.35047851197814167	369	0.4010715671027197	
77	22	0.3057015090138233	486	0.42489385668038954	461	0.4374004225051761	
78	414	0.27396062794680925	139	0.41635821646473214	425	0.5400143771895186	
79	72	0.2129987499801445	93	0.27902484286741647	430	0.2966027428763679	
80	329	0.14345675674086444	398	0.28685454314211956	463	0.29745114554350566	
81	151	0.2886582888151102	164	0.384773941664814	372	0.4062383929345328	
82	326	0.5084439101723566	161	0.5529218932021841	411	0.5967798634008582	
83	286	0.25153978176339536	86	0.5809741826176306	355	0.5882852387522232	
84	362	0.1901622278053238	190	0.414689818617678	349	0.4329466094503031	
85	249	0.9163004462713937	272	0.917059043691627	410	0.9345700823055965	
86	367	0.3401352001470097	464	0.3539611467937319	250	0.43102296882580926	
87	294	0.33110800405099816	266	0.3528687190908706	383	0.36771998239580533	
88	302	0.449466442602505	95	0.5410967078788589	473	0.624105137748152	
89	275	0.2975724312885192	412	0.32062021788814576	273	0.342440069833577	
90	180	0.19405265603633579	226	0.3074963114976436	342	0.370815045771724	
91	113	0.21063929406619467	460	0.22191328134736255	328	0.24943178092658805	
92	249	0.7587242117422388	85	0.9472978625900111	2	1.0945726295509561	
93	79	0.27902484286741647	29	0.3864585977276745	72	0.41396649472495683	
94	450	0.5371258759955783	312	0.6868637395442256	11	0.7935267419872213	
95	396	0.3836116171992072	151	0.43727054744563265	473	0.5199873288573656	
96	291	0.3934093996233105	426	0.4781731935320368	229	0.5043109316126942	
97	496	0.2989473263015593	444	0.3009198866580857	303	0.3206068715848752	
98	211	0.3574083470731999	428	0.40445424447701794	283	0.5116799635141821	
99	21	0.4511899483966981	403	0.49818006659649183	69	0.6561475577774084	
100	150	0.2370426892529909	374	0.5037957345359206	355	0.5813507022175505	
101	109	0.5471314007986934	179	0.708530184245791	374	0.7377123973318288	
102	342	1.1975742014068198	416	1.2764252116956176	288	1.2765206172633923	
103	221	0.35183098306503824	49	0.3814535508527506	457	0.3902609042444045	
104	316	0.22921777190613313	379	0.28534558890866996	376	0.4727754134955509	
105	109	0.4918954015627897	219	0.608060416017536	341	0.8046609936947998	
106	127	0.7020472857324287	220	0.7490066674957473	12	0.8868729876860451	
107	346	0.4756780113246536	108	0.5072242269335915	330	0.6509173642109568	
108	107	0.5072242269335915	346	0.789441905262221	330	0.8459267140541299	
109	105	0.4918954015627897	101	0.5471314007986934	189	0.7978796456005044	
110	243	0.334662472342511	363	0.4199538042757508	378	0.42625419566409056	
111	164	0.2285291366023629	372	0.29110360696513055	151	0.380601804026248	
112	467	0.12269947941137514	448	0.419060070849081	153	0.44919707125568653	
113	91	0.21063929406619467	328	0.24320036181250584	460	0.3355733060190534	
114	219	0.510029974155327	282	0.5223426643853321	336	0.6762986641415277	
115	278	0.10714006600261808	18	0.3290288995193034	207	0.43005714257717453	
116	348	0.2373838814008196	212	0.32510197513278116	463	0.41566323820377843	
117	302	0.5775339624035576	217	0.6115046027674045	76	0.6242121955602556	
118	49	0.4133683184053211	457	0.4505328072009669	103	0.48562388972788695	
119	361	0.2604864102704098	210	0.37731320555113806	417	0.45825502366227355	
120	310	0.26385267426104625	391	0.3267474188694672	6	0.34642751971365215	
121	487	0.6286457917508621	204	0.6677938703861088	419	0.6821835049220486	
122	308	0.43638367774279707	383	0.49169868896874597	361	0.5087053789445126	
123	238	0.14865435150917802	376	0.34455737208359566	59	0.35256865705338875	
124	400	0.34426293446639394	168	0.3574267649907201	11	0.4256573298098807	
125	40	0.724576955330515	363	0.7442934593802129	171	0.8091167218387744	
126	301	0.37141149006389623	473	0.5116628243659311	25	0.558381587806867	
127	220	0.35711003059066476	12	0.4701491173509746	106	0.7020472857324287	
128	225	0.5327997457788078	213	0.6624527018993505	264	0.8326786751272492	
129	238	0.24069027512822513	38	0.3467884330951462	123	0.3576075068794018	
130	139	0.3341979522508882	338	0.3668429915381663	72	0.4736548824580178	
131	307	0.28051724113277576	182	0.31843655043148056	297	0.5294629165011109	
132	392	0.20163335328856785	212	0.3775391167365695	348	0.5111304719066033	
133	247	0.3703317082457989	268	0.3998706425966698	443	0.5875359043009641	
134	333	0.39304226396898295	75	0.45966740671228307	287	0.5253171571546567	
135	420	0.43404860387827376	290	0.4460534393983469	74	0.48060678276194746	
136	196	0.2689534960019371	328	0.3857329290345683	145	0.46171918287046354	
137	35	0.29708962185573495	484	0.31161574736633735	451	0.4306378082780674	
138	483	0.8541848107110274	344	1.0476670598448274	477	1.1004002109064714	
139	130	0.3341979522508882	78	0.41635821646473214	459	0.43789074234801234	
140	44	0.22662398891795316	13	0.35276144367864803	178	0.3856197627862251	
141	425	0.2226801121630259	214	0.23531620887534316	38	0.45895218088771317	
142	498	0.6488371050691555	279	0.7080604903961116	207	0.757369793596267	
143	204	0.4625297130240755	10	0.5261827177948717	16	0.5575894878921048	
144	302	0.8638067716802371	167	1.0825047295406829	88	1.1771822890101533	
145	149	0.37384735570982025	136	0.46171918287046354	196	0.6634489026024596	
146	482	0.9020010009143432	78	1.0116145919185393	184	1.0122299020341563	
147	317	0.47035289923865775	190	0.5206965916647193	273	0.5595459546533476	
148	320	0.467642691358772	413	0.5976803493810896	175	0.7057218451517256	
149	145	0.37384735570982025	136	0.7662837607361392	281	0.8653932090971662	
150	100	0.2370426892529909	355	0.5225937156696056	308	0.5304420929958583	
151	164	0.22152346952067228	81	0.2886582888151102	111	0.380601804026248	
152	38	0.37609269328696787	280	0.38661898897485636	418	0.39095416378614517	
153	112	0.44919707125568653	448	0.4794258432155446	467	0.5468673947119822	
154	181	0.43764097575101346	422	0.4627202501198546	341	0.5605820618211163	
155	9	0.5574706025468326	46	0.5921364641564713	17	0.6523316989414845	
156	286	0.6289920637178064	83	0.7535777239096365	256	0.8403688618973151	
157	300	0.4064421434733818	395	0.5070713235389106	491	0.5241041471182691	
158	185	0.3879340916972336	289	0.42254367518485964	436	0.5241272924684546	
159	382	0.39288306294559927	309	0.8349638268174361	41	0.9388888609923365	
160	208	0.3107276564365167	261	0.39990780548864063	232	0.4702289854572719	
161	177	0.4103172776909931	411	0.5274429556516208	82	0.5529218932021841	
162	20	0.09381896756956988	435	0.25584885528986684	378	0.3601559198959129	
163	53	0.05376317426865937	448	0.4546977896981642	283	0.4588476522743669	
164	372	0.21123211880516424	151	0.22152346952067228	111	0.2285291366023629	
165	248	0.32731985427554566	229	0.3415512451635549	186	0.4330029308358681	
166	203	0.5949733057624347	365	0.6661991699058842	401	0.6788286255313523	
167	317	0.5933538314194111	65	0.6196077359832922	147	0.6276332816850559	
168	11	0.191235722581757	400	0.3404988953321319	124	0.3574267649907201	
169	22	0.3180448710115153	487	0.5523993747886319	77	0.5555606510332002	
170	396	0.6446064960909607	202	0.706006949013319	111	0.8398733290602188	
171	186	0.19476983217369953	248	0.41904596052566906	165	0.55139987368093	
172	40	0.4454982497148867	113	0.6154414030255769	318	0.6299589877158998	
173	203	0.2602148956498934	470	0.6387458496841635	351	0.6413264179327159	
174	492	0.8981074057906034	446	0.9799331286071026	150	1.0509572077739955	
175	453	0.2268170800966009	277	0.30647333534348287	0	0.3692432553768279	
176	385	1.0034210278435685	299	1.0113648725492292	56	1.0454322956128128	
177	161	0.4103172776909931	491	0.4969820241143667	411	0.6056518942756574	
178	13	0.060606802857386156	140	0.3856197627862251	321	0.41248704563877925	
179	48	0.2631074187205487	455	0.5114542879463938	374	0.5324617932921212	
180	90	0.19405265603633579	226	0.24729065730200472	342	0.301446009945989	
181	154	0.43764097575101346	66	0.628731078009272	424	0.7083024817424969	
182	307	0.21934235376149813	131	0.31843655043148056	368	0.7425156773977951	
183	255	0.3787940203426974	445	0.6345321282037396	260	0.6499196212607592	
184	421	0.40327683590640595	418	0.6146325223601885	2	0.6950735654317665	
185	158	0.3879340916972336	288	0.5585226986753876	427	0.5733664415869524	
186	171	0.19476983217369953	248	0.2350895598688705	165	0.4330029308358681	
187	73	0.2538150965001001	393	0.3032783422410255	233	0.3187022025314954	
188	356	0.7029248305316037	333	0.8247350803229775	205	0.9334611320629851	
189	263	0.3541300327556252	266	0.3993566981983141	87	0.6222082694380008	
190	362	0.3049969041520791	50	0.3973569554748649	84	0.414689818617678	
191	341	0.6355675322299713	105	0.8135231926872004	109	0.9946989035449859	
192	292	0.5237256412383949	5	0.8265682380963597	172	0.8735358087373051	
193	474	0.3107287920386801	200	0.4026939806273478	443	0.507419965805634	
194	46	0.4756537614211136	17	0.6769696534755796	69	0.6834941050350976	
195	386	0.4968878879302405	379	0.6505771784050696	316	0.7165037600123292	
196	136	0.2689534960019371	44	0.40254233568248665	216	0.40988587559392475	
197	314	0.7931034019484374	97	0.8128878669033167	444	0.8154271117999565	
198	254	0.8284891923238487	429	0.8753579707139747	498	0.884731193563298	
199	408	0.3882507454913442	208	0.39327587336980735	261	0.47371380875898284	
200	193	0.4026939806273478	247	0.41342347398618	337	0.4742524728839325	
201	77	0.566098073016051	461	0.591044920034776	486	0.6265331579797221	
202	314	0.21158612862111043	466	0.46199736468741426	111	0.5319774097904219	
203	173	0.2602148956498934	166	0.5949733057624347	365	0.6707259569910315	
204	116	0.4335040151412698	143	0.4625297130240755	212	0.4881914280871231	
205	356	0.415501632855479	7	0.5020414388871652	331	0.6571942887534936	
206	451	0.35704152469469225	390	0.45973370655707013	285	0.4707082069759226	
207	18	0.2919708299339934	278	0.356664272059144	115	0.43005714257717453	
208	261	0.17271256088823697	160	0.3107276564365167	199	0.39327587336980735	
209	326	0.17949870217964728	57	0.23424341699496964	271	0.3574330868584292	
210	383	0.3526792204772763	119	0.37731320555113806	26	0.40921026658061155	
211	283	0.17852564474676166	98	0.3574083470731999	58	0.38482900228353684	
212	116	0.32510197513278116	392	0.32583438391703323	132	0.3775391167365695	
213	75	0.33422538433947546	287	0.5084471625676591	452	0.6358255612453997	
214	141	0.23531620887534316	425	0.29315929816382735	38	0.4340774075257841	
215	375	0.50963822179356	58	0.6685990476485036	240	0.6928007281677349	
216	44	0.33715354047245244	113	0.3777859617199755	196	0.40988587559392475	
217	436	0.3928783616795604	289	0.461301944859015	117	0.6115046027674045	
218	233	0.10607077291090772	61	0.2247101955122801	393	0.39730019700209157	
219	336	0.5038801072967383	114	0.510029974155327	105	0.608060416017536	
220	127	0.35711003059066476	12	0.5460803301157121	81	0.6855026620286888	
221	103	0.35183098306503824	30	0.4392834615947185	457	0.5549143849649832	
222	403	0.32417147475480385	6	0.369854023147655	21	0.6227360344801627	
223	175	0.4335949422280677	453	0.4677193437887511	413	0.4890437665778629	
224	267	0.7362631304198349	236	0.9550510801781531	108	1.3194098344839114	
225	128	0.5327997457788078	495	0.6777901490832255	311	0.8057110998137341	
226	342	0.10929567860451221	180	0.24729065730200472	90	0.3074963114976436	
227	55	0.31884982195668565	67	0.5328244356152566	371	0.6282903898216229	
228	384	0.8813020365071363	143	0.9853777584963076	10	1.078795437409028	
229	294	0.22571839559705692	165	0.3415512451635549	96	0.5043109316126942	
230	37	0.24023398674616278	479	0.27641929839449153	42	0.3149489982841964	
231	298	0.3459758338950523	300	0.38036332010626267	350	0.41093543280992667	
232	160	0.4702289854572719	199	0.5069831949526102	208	0.6317724469900788	
233	218	0.10607077291090772	61	0.1878742290602862	393	0.3125040032557025	
234	327	0.3166726617718357	485	0.3349828849863487	350	0.35756317604145904	
235	370	0.5774584003307299	319	0.7792096109298573	385	0.8596068040325086	
236	267	0.2346715127292795	15	0.4408611165123732	406	0.5230810370265457	
237	395	0.27050455351844527	300	0.5018437940102284	231	0.5351121246142846	
238	123	0.14865435150917802	129	0.24069027512822513	376	0.3671262179353398	
239	485	0.4488774520223366	327	0.4529155880262078	404	0.4616576998734354	
240	157	0.5643766764948667	395	0.6017269268697889	491	0.6023066337183445	
241	354	0.8770586127564898	138	1.1034235605803866	125	1.2384406661227492	
242	250	0.23151649838310412	367	0.273640492114406	251	0.5119683964641188	
243	269	0.13323575607830923	363	0.31502053165544064	110	0.334662472342511	
244	480	0.33732537765310144	353	0.5706243152155961	3	0.5874001691694963	
245	433	0.34262295827647976	293	0.3444936045962792	253	0.4185985904801152	
246	298	0.3027518322075012	282	0.3105340567914451	231	0.4500388492152139	
247	133	0.3703317082457989	200	0.41342347398618	323	0.4316517057698847	
248	186	0.2350895598688705	165	0.32731985427554566	171	0.41904596052566906	
249	2	0.48108389999869794	418	0.679677288441722	92	0.7587242117422388	
250	367	0.1567186468972034	242	0.23151649838310412	86	0.43102296882580926	
251	162	0.4361795823953366	242	0.5119683964641188	20	0.5233097890780277	
252	277	0.3911985667692021	315	0.4155688043579402	259	0.4484326200652731	
253	358	0.2716310291159565	433	0.30302188384855544	454	0.38105918197966376	
254	429	0.22745019275792946	472	0.7255961034426734	18	0.7609564468892085	
255	183	0.3787940203426974	201	0.6283970794880009	310	0.836724490073887	
256	286	0.5524140493598114	86	0.6438014425635871	250	0.6532239038982224	
257	60	0.09450232327577532	23	0.3549148888840736	469	0.38122662615502545	
258	419	0.49376396023753377	248	0.778650420955704	171	0.8042005377218577	
259	275	0.1584396729753214	412	0.24092324173125382	0	0.269426790779283	
260	445	0.2584547119703067	324	0.536234822623706	6	0.6054022281667399	
261	208	0.17271256088823697	160	0.39990780548864063	199	0.47371380875898284	
262	290	0.20342241932524904	488	0.3938645947160163	389	0.43128566857476613	
263	189	0.3541300327556252	68	0.491482705306285	266	0.5592496800582387	
264	402	0.2234771156527318	496	0.2778100553250215	495	0.33502514262154454	
265	30	0.1722420649387765	39	0.5488678415366877	221	0.573434108819356	
266	87	0.3528687190908706	189	0.3993566981983141	294	0.4860554837180312	
267	236	0.2346715127292795	15	0.6348125486109387	285	0.6762542301910589	
268	351	0.38694600143827873	133	0.3998706425966698	470	0.4286412461297422	
269	243	0.13323575607830923	363	0.3254194299311313	110	0.4387179818541168	
270	410	0.7862869481311775	447	0.7926932407729574	386	0.8171223500152304	
271	209	0.3574330868584292	326	0.455426229303105	57	0.46902825620858246	
272	336	0.352042296656778	424	0.6081206607818053	339	0.6487925277445661	
273	373	0.07679024718677235	89	0.342440069833577	275	0.35069888380043396	
274	359	0.5619521177704491	279	0.7306462748232823	448	0.748298559811859	
275	259	0.1584396729753214	412	0.20852150701498692	0	0.24513957563746566	
276	357	0.1297636816285861	49	0.4848059349655976	399	0.5016856509209668	
277	175	0.30647333534348287	0	0.3299840599895112	259	0.34701046445628553	
278	115	0.10714006600261808	18	0.30109106064342334	207	0.356664272059144	
279	18	0.4235954365164187	207	0.43543499621239456	278	0.6913211250984719	
280	34	0.2780935512402767	79	0.3233467974793688	430	0.32421444175958525	
281	431	0.2517308539213828	355	0.5215549435788286	86	0.7414017393735286	
282	246	0.3105340567914451	114	0.5223426643853321	298	0.5733293664108144	
283	211	0.17852564474676166	375	0.3397038901911955	58	0.3474758364347901	
284	415	0.20110950188062873	322	0.537705345209818	58	0.604610129122886	
285	406	0.29741974099097934	54	0.3184006412267561	15	0.3904664124556578	
286	83	0.25153978176339536	256	0.5524140493598114	156	0.6289920637178064	
287	75	0.3119188300037969	213	0.5084471625676591	134	0.5253171571546567	
288	185	0.5585226986753876	416	0.6277466077298973	158	0.6905049119841824	
289	436	0.2935325901623119	158	0.42254367518485964	470	0.4358783014018359	
290	262	0.20342241932524904	488	0.3837019600282128	305	0.44083317877158007	
291	96	0.3934093996233105	335	0.5533584830529192	426	0.6766133117169144	
292	192	0.5237256412383949	44	0.8546674279121921	140	0.8827971665067135	
293	37	0.3379577409910485	245	0.3444936045962792	306	0.4297041025899574	
294	229	0.22571839559705692	87	0.33110800405099816	497	0.4553387439792075	
295	48	0.5341290909236238	179	0.6731580936691478	432	0.8107461086370491	
296	385	0.4439272845781957	371	0.7257054539674036	67	0.730897870201239	
297	131	0.5294629165011109	51	0.5417821047920967	307	0.6703101478785242	
298	246	0.3027518322075012	231	0.3459758338950523	300	0.4412172995990846	
299	19	0.3712655244084513	31	0.3937671277427457	132	0.5602068820399717	
300	491	0.30125529810185353	231	0.38036332010626267	157	0.4064421434733818	
301	473	0.2003316187566239	126	0.37141149006389623	400	0.47391428073951347	
302	88	0.449466442602505	117	0.5775339624035576	144	0.8638067716802371	
303	444	0.02403478959324945	332	0.133016792289917	495	0.26344094145619157	
304	405	0.4712231159881146	428	0.7550716416228216	254	0.8984709874318116	
305	488	0.2894154313691536	472	0.293434100142978	290	0.44083317877158007	
306	323	0.291976534711644	439	0.33992814678939587	245	0.42671891915361077	
307	182	0.21934235376149813	131	0.28051724113277576	297	0.6703101478785242	
308	355	0.34026219673692876	122	0.43638367774279707	150	0.5304420929958583	
309	41	0.3078058683967036	382	0.547695912731685	201	0.7685602315306744	
310	120	0.26385267426104625	391	0.35573573200656006	343	0.44647422989173996	
311	402	0.5057092292056968	264	0.5271353645745314	480	0.5313118308799496	
312	3	0.3650072089772864	450	0.5958790784915906	475	0.6253986348320104	
313	402	0.448691148975943	441	0.4815092525140518	164	0.5139526613972275	
314	202	0.21158612862111043	97	0.39442686192039533	466	0.41894651283520246	
315	438	0.09460757485848666	448	0.39494153264594517	259	0.4015170763439319	
316	104	0.22921777190613313	379	0.45159130156364047	447	0.46265929922476023	
317	469	0.1941415452709545	65	0.32386015538396073	369	0.32630521625308034	
318	387	0.3982529085238117	347	0.6112946871580078	172	0.6299589877158998	
319	348	0.5096110039455702	212	0.5312447651766337	116	0.5373445277400638	
320	148	0.467642691358772	175	0.7153036815871681	223	0.8965222436795512	
321	340	0.2294618738754862	178	0.41248704563877925	13	0.4470229223163557	
322	284	0.537705345209818	472	0.5462764342759485	415	0.5814255851394949	
323	306	0.291976534711644	337	0.3141612715341172	247	0.4316517057698847	
324	120	0.43807708057737077	310	0.458526975160541	6	0.4634493023402579	
325	387	0.3493548243093237	388	0.5331058034109928	476	0.5695916634481	
326	209	0.17949870217964728	57	0.19073855629104985	271	0.455426229303105	
327	430	0.22374171541825097	485	0.3091499182109956	234	0.3166726617718357	
328	460	0.18747914623334674	113	0.24320036181250584	91	0.24943178092658805	
329	80	0.14345675674086444	487	0.25029072843447464	463	0.32927567106246397	
330	346	0.4768637351136896	107	0.6509173642109568	108	0.8459267140541299	
331	493	0.5318245981856511	205	0.6571942887534936	61	0.7869948117178971	
332	303	0.133016792289917	444	0.1474981058448731	495	0.21868137880387997	
333	134	0.39304226396898295	440	0.4527224854233216	45	0.610591630433988	
334	344	0.7751542684510786	101	0.802271947774982	179	0.8169862928701325	
335	9	0.4726300284440499	16	0.5428137394369229	291	0.5533584830529192	
336	272	0.352042296656778	410	0.47727891769829195	219	0.5038801072967383	
337	323	0.3141612715341172	247	0.43755748891556745	439	0.4493663821645106	
338	27	0.320119036162195	130	0.3668429915381663	293	0.49037840630588586	
339	424	0.13279458319694612	93	0.5538770603499689	377	0.5593502872398574	
340	321	0.2294618738754862	178	0.42925246999744354	13	0.47593880701166563	
341	154	0.5605820618211163	191	0.6355675322299713	422	0.7856921593616838	
342	226	0.10929567860451221	180	0.301446009945989	90	0.370815045771724	
343	398	0.34687115865291956	489	0.3734939402907558	461	0.4392903231829688	
344	455	0.7041373267981421	179	0.7635544880436581	334	0.7751542684510786	
345	465	0.9766554080292502	141	1.1062684375542855	425	1.179570711540695	
346	107	0.4756780113246536	330	0.4768637351136896	478	0.6440304778462665	
347	318	0.6112946871580078	387	0.6632284131889735	325	0.7790568765302139	
348	116	0.2373838814008196	437	0.32806705113579726	463	0.33502161686674764	
349	362	0.3815551612020224	84	0.4329466094503031	50	0.480099669916084	
350	485	0.127559664382247	234	0.35756317604145904	404	0.3732889798005442	
351	470	0.10166445847100845	268	0.38694600143827873	389	0.5294769986228703	
352	286	0.9402199634459729	156	1.0571994699038634	446	1.058935002419972	
353	12	0.3720487105869701	480	0.5276760353686597	244	0.5706243152155961	
354	241	0.8770586127564898	458	1.1697307821991463	138	1.2983382973002127	
355	308	0.34026219673692876	281	0.5215549435788286	150	0.5225937156696056	
356	205	0.415501632855479	468	0.6104440435658931	364	0.6622479942707575	
357	276	0.1297636816285861	49	0.42718360317435833	103	0.49137833980449275	
358	72	0.13928077324724217	253	0.2716310291159565	454	0.30685885795745477	
359	448	0.37092068756441143	315	0.4774708359556099	428	0.5294709073553358	
360	19	0.3799963230988685	15	0.40231506381665755	406	0.5074028412915449	
361	119	0.2604864102704098	417	0.33907722959090425	210	0.43606332284898686	
362	84	0.1901622278053238	190	0.3049969041520791	50	0.3335751235391838	
363	243	0.31502053165544064	269	0.3254194299311313	110	0.4199538042757508	
364	7	0.5092403744939725	468	0.5269461126281693	52	0.5806308427949454	
365	166	0.6661991699058842	203	0.6707259569910315	173	0.7971158652261539	
366	426	0.7683035222926081	435	0.7945843157439455	5	0.8216506028647083	
367	250	0.1567186468972034	242	0.273640492114406	86	0.3401352001470097	
368	481	0.3205417196370856	23	0.4203979887335095	74	0.5761934495887242	
369	397	0.13060037822520884	469	0.21938415123874466	65	0.3261276539672801	
370	235	0.5774584003307299	208	0.839101288399697	199	0.9036129170584879	
371	67	0.4851951957652978	227	0.6282903898216229	296	0.7257054539674036	
372	164	0.21123211880516424	111	0.29110360696513055	151	0.3884524620034717	
373	273	0.07679024718677235	275	0.32496671672664756	89	0.38056731695273444	
374	48	0.41037529510252285	100	0.5037957345359206	179	0.5324617932921212	
375	58	0.3222345442558438	283	0.3397038901911955	211	0.44097666764884413	
376	59	0.12381927187334332	24	0.24951923630923184	123	0.34455737208359566	
377	72	0.411965350211323	93	0.452837968351548	358	0.47675140521345405	
378	20	0.34903386728194236	162	0.3601559198959129	435	0.37290836789289716	
379	104	0.28534558890866996	24	0.37206806052056957	376	0.4178641979475381	
380	31	0.20995544822525775	489	0.361021380303612	408	0.3826898010280144	
381	323	0.43739686545669804	247	0.4377756523934762	209	0.5179405045408527	
382	159	0.39288306294559927	309	0.547695912731685	41	0.6336775549072153	
383	26	0.2632250663543687	210	0.3526792204772763	87	0.36771998239580533	
384	228	0.8813020365071363	371	0.9325844744473009	121	1.134606114046864	
385	296	0.4439272845781957	235	0.8596068040325086	370	0.9604384773374496	
386	195	0.4968878879302405	447	0.7137333748885929	316	0.8081362491716749	
387	325	0.3493548243093237	318	0.3982529085238117	455	0.4319287380315883	
388	432	0.20859376193243115	455	0.27425862953471786	387	0.43298824758403176	
389	262	0.43128566857476613	351	0.5294769986228703	135	0.5495808801019473	
390	451	0.19645036405058752	499	0.2833552233320981	484	0.3577213417309344	
391	120	0.3267474188694672	398	0.3443472898942687	310	0.35573573200656006	
392	132	0.20163335328856785	212	0.32583438391703323	116	0.4952123859828209	
393	61	0.27332664369948767	187	0.3032783422410255	233	0.3125040032557025	
394	454	0.24367385791527485	29	0.3019918417505927	430	0.3632574031062295	
395	237	0.27050455351844527	491	0.42653226395685556	300	0.4365183704860646	
396	95	0.3836116171992072	151	0.5688658385281965	88	0.6401184450384209	
397	369	0.13060037822520884	65	0.2549625743517296	76	0.2761942699803278	
398	463	0.27348547841273874	80	0.28685454314211956	391	0.3443472898942687	
399	357	0.4931667355023492	276	0.5016856509209668	14	0.5236742939504451	
400	393	0.3242713584821823	168	0.3404988953321319	124	0.34426293446639394	
401	381	0.5648689215679614	133	0.6709470156557578	166	0.6788286255313523	
402	264	0.2234771156527318	496	0.3561138150901768	332	0.3934227621078462	
403	222	0.32417147475480385	21	0.3312311889553669	6	0.37039071795929857	
404	350	0.3732889798005442	485	0.3748920186416753	231	0.41415549490589776	
405	304	0.4712231159881146	428	0.7575177044381386	359	0.7807677260009245	
406	15	0.1576584026956941	54	0.2597272767810924	285	0.29741974099097934	
407	490	0.08533150092226388	467	0.38174915029198747	427	0.43555737971819003	
408	489	0.16298113519083357	380	0.3826898010280144	199	0.3882507454913442	
409	13	0.5859804081398566	178	0.6280469534778756	140	0.7058143770459623	
410	336	0.47727891769829195	447	0.6256928818909869	316	0.6406642661112446	
411	161	0.5274429556516208	82	0.5967798634008582	177	0.6056518942756574	
412	275	0.20852150701498692	259	0.24092324173125382	89	0.32062021788814576	
413	223	0.4890437665778629	277	0.5886812747097736	148	0.5976803493810896	
414	78	0.27396062794680925	459	0.3978657353884502	139	0.45088816350505684	
415	284	0.20110950188062873	322	0.5814255851394949	98	0.6624596272310209	
416	185	0.6088029519642589	288	0.6277466077298973	50	0.70459403268823	
417	361	0.33907722959090425	119	0.45825502366227355	378	0.5361002016133714	
418	152	0.39095416378614517	421	0.5766170319754585	184	0.6146325223601885	
419	258	0.49376396023753377	121	0.6821835049220486	458	0.8430140132470806	
420	23	0.26464725568226016	74	0.29111367453277526	60	0.4019159230525727	
421	38	0.3194229122617151	184	0.40327683590640595	152	0.4453679069484197	
422	154	0.4627202501198546	63	0.5901838582498659	57	0.6528821945923893	
423	455	0.8148873139737037	318	0.8497838965231849	432	0.8518997386526443	
424	339	0.13279458319694612	93	0.5599890595910055	272	0.6081206607818053	
425	141	0.2226801121630259	214	0.29315929816382735	414	0.4654222014616218	
426	96	0.4781731935320368	291	0.6766133117169144	194	0.7150068654701973	
427	490	0.3738858595514827	407	0.43555737971819003	60	0.4439645474169912	
428	98	0.40445424447701794	211	0.4453791698888466	359	0.5294709073553358	
429	254	0.22745019275792946	472	0.6170845865278606	305	0.6727742625167313	
430	327	0.22374171541825097	79	0.2966027428763679	280	0.32421444175958525	
431	281	0.2517308539213828	86	0.5074994462352218	355	0.5269404026154947	
432	388	0.20859376193243115	455	0.2997494780930746	387	0.44160064885875333	
433	57	0.27795423635858585	253	0.30302188384855544	245	0.34262295827647976	
434	252	0.5570804102508594	413	0.6911066349586379	277	0.7107821708797685	
435	20	0.23284294478513165	162	0.25584885528986684	378	0.37290836789289716	
436	289	0.2935325901623119	217	0.3928783616795604	470	0.4993990185719133	
437	348	0.32806705113579726	31	0.35943448935300015	380	0.4252673525744447	
438	315	0.09460757485848666	259	0.35771052310043694	412	0.3721266071683969	
439	306	0.33992814678939587	337	0.4493663821645106	323	0.4647200517717695	
440	333	0.4527224854233216	452	0.5059431549959571	134	0.5953621351755797	
441	466	0.2893836005704909	496	0.4060713351880526	14	0.45427675884048585	
442	34	0.16632419751073324	454	0.2581405769145255	72	0.29951175126844337	
443	474	0.42187247587228677	200	0.4783353536354664	247	0.49257287568472796	
444	303	0.02403478959324945	332	0.1474981058448731	495	0.25976839245706984	
445	260	0.2584547119703067	183	0.6345321282037396	222	0.6757245874388276	
446	308	0.5378849874657151	355	0.6727634165428743	150	0.7082016961002204	
447	316	0.46265929922476023	104	0.5996642632618284	410	0.6256928818909869	
448	359	0.37092068756441143	315	0.39494153264594517	112	0.419060070849081	
449	416	0.716968176733712	349	0.7692559764369148	50	0.9464934429829038	
450	11	0.31843934538604773	168	0.42130184496480233	73	0.44317882117599416	
451	390	0.19645036405058752	206	0.35704152469469225	484	0.39467914820404026	
452	75	0.49528721784548685	440	0.5059431549959571	45	0.5913565803098357	
453	0	0.20149891374546725	175	0.2268170800966009	277	0.35920989576590023	
454	394	0.24367385791527485	442	0.2581405769145255	358	0.30685885795745477	
455	388	0.27425862953471786	432	0.2997494780930746	387	0.4319287380315883	
456	71	0.5443000137090229	193	0.6278628522955381	474	0.6657804406528574	
457	103	0.3902609042444045	118	0.4505328072009669	30	0.48899937320128667	
458	165	0.8036922971103753	419	0.8430140132470806	229	0.8650998981938303	
459	34	0.19935647799247647	442	0.3041757511455603	414	0.3978657353884502	
460	328	0.18747914623334674	91	0.22191328134736255	113	0.3355733060190534	
461	486	0.10157237579781415	77	0.4374004225051761	343	0.4392903231829688	
462	333	0.639799097238921	49	0.6414190869362166	357	0.6876375503873324	
463	398	0.27348547841273874	80	0.29745114554350566	329	0.32927567106246397	
464	86	0.3539611467937319	367	0.5413104967285824	250	0.6738346750574853	
465	202	0.7899675440653071	197	0.8476141796025901	170	0.8582295152672893	
466	441	0.2893836005704909	496	0.3385558804751812	97	0.36623263344664203	
467	112	0.12269947941137514	407	0.38174915029198747	490	0.3957390131718876	
468	364	0.5269461126281693	356	0.6104440435658931	134	0.643010565678178	
469	317	0.1941415452709545	369	0.21938415123874466	397	0.32163666878281905	
470	351	0.10166445847100845	268	0.4286412461297422	289	0.4358783014018359	
471	10	0.5310581274945438	16	0.5517697969637377	47	0.8037088028621275	
472	305	0.293434100142978	488	0.520655019992294	322	0.5462764342759485	
473	301	0.2003316187566239	400	0.4984925214472684	126	0.5116628243659311	
474	193	0.3107287920386801	443	0.42187247587228677	200	0.5120214868090106	
475	52	0.11410109022574437	73	0.38638954378026197	450	0.4533156748743319	
476	26	0.3632324222374826	210	0.4247928128310993	477	0.5037121808358049	
477	476	0.5037121808358049	26	0.6630344728144025	266	0.7250850345649701	
478	1	0.30277877614239734	324	0.5398720186882248	451	0.5828971295208231	
479	63	0.16001538207866753	230	0.27641929839449153	37	0.3433778690322759	
480	244	0.33732537765310144	353	0.5276760353686597	311	0.5313118308799496	
481	368	0.3205417196370856	23	0.3546141109211608	257	0.41632736296953476	
482	62	0.28511324918420455	4	0.42733638601549273	139	0.7174496521229582	
483	334	0.8183586208600762	138	0.8541848107110274	101	0.8947412244344165	
484	137	0.31161574736633735	499	0.31214535829671924	390	0.3577213417309344	
485	350	0.127559664382247	327	0.3091499182109956	234	0.3349828849863487	
486	461	0.10157237579781415	77	0.42489385668038954	343	0.49793650045649	
487	329	0.25029072843447464	80	0.3504386704272533	463	0.3620525997571996	
488	305	0.2894154313691536	290	0.3837019600282128	262	0.3938645947160163	
489	408	0.16298113519083357	380	0.361021380303612	343	0.3734939402907558	
490	407	0.08533150092226388	427	0.3738858595514827	467	0.3957390131718876	
491	300	0.30125529810185353	395	0.42653226395685556	177	0.4969820241143667	
492	174	0.8981074057906034	150	0.9899665531136184	109	0.9952624698549266	
493	331	0.5318245981856511	205	0.7535109076619878	7	1.0366030237024346	
494	305	0.6792241780498701	472	0.7514512199611912	290	0.7974494715326467	
495	332	0.21868137880387997	444	0.25976839245706984	303	0.26344094145619157	
496	332	0.27329396951656715	264	0.2778100553250215	444	0.2781075964201345	
497	87	0.3717541624326206	294	0.4553387439792075	122	0.5171019314035047	
498	54	0.5284384677737612	406	0.5495542846549808	15	0.6309272151159341	
499	390	0.2833552233320981	484	0.31214535829671924	451	0.412860799893513	
