-0.8165546429338724	-0.0113212694335293	3.3297581578958360	3
-1.2139735893097334	-0.7149348694688309	-1.9302010191078878	0
0.2867585100329939	2.8799142523692538	2.0774019575742577	2
-3.2842151412251366	2.5745499916526531	3.7588200292382998	4
-0.7074423149469682	3.4704825479487811	1.0278919634690906	2
0.1066758369772378	1.0674250114886270	-2.0133246944769603	1
-1.0725622459854622	-0.0239856149074951	-2.5971604853928847	0
-3.2368818482866333	1.9213581851439858	2.9680919470871436	4
2.1178666581981167	1.5346690694996530	-2.6124730589342615	1
-0.2688344493946156	-0.2392096182070563	-1.0095981764936544	0
-0.7146684523482748	0.3471348881480633	-0.3252184010250434	0
-2.1153195095742534	2.1953919091791514	3.4902467909780626	4
-2.6891731391356499	3.2435322055393496	3.9887111473185515	4
2.4719279066444835	0.4126917843215236	-2.8245251715543125	1
-1.6371891598596560	2.2839138909195471	2.6891107943724717	4
-1.4675546057242961	-0.8332823391293096	-0.8135625305417072	0
-0.7978539932404195	-0.0017112130172393	-0.6626559194406905	0
-0.5947899158567043	-1.1043695363225949	-1.5820361298944530	0
-1.5735864626244369	-0.2783232530091195	1.2776403050921177	3
-2.1983230891638801	-0.5621022759938146	-0.4170707179703953	0
0.7783381067946027	0.8620136240712439	-1.8941678479244539	1
-1.0900297914916082	-0.4518783261649075	-2.6642741265519883	0
-2.0701450589431287	0.2105460872328205	-1.5610170773389915	0
-0.6651135494157393	0.9643497409762012	2.7611286716809023	3
1.8011185921349158	2.1464962010940973	2.7503771352794804	2
-1.3959116892675145	2.2889008360506731	2.1222305309834599	4
0.9557399234431565	1.4027529835432060	-1.2467315626958488	1
-0.6917992783407880	3.0397628085871418	1.9263021936334774	2
-1.5458732277278486	-0.7752781054972490	-2.0520518237404550	0
0.5126681668109041	2.3488234764372828	1.4377555707291805	2
-1.2539167170778778	2.3564461518899713	1.4627303158909553	4
-1.7484550674096042	-0.8286176063290711	-1.4918821298256759	0
-1.4535172192070309	-1.0530766276227137	-2.1214339941521487	0
-1.3793580856906864	-1.0782091501957307	2.0560869327920277	3
0.1824293849877552	2.6853668962722130	1.8432060317466790	2
-0.9104638477794627	-0.6481401373146983	-1.3469022602067766	0
-1.1280542370050175	4.6529064276139440	0.9624853405550401	4
-0.6799128130492542	2.4995645154936073	1.1686541409780109	2
0.5019174044012047	3.0328518105785132	2.1473766732063058	2
-1.2805322378383375	3.0371247184179291	1.9363136741265126	4
1.1841776273536047	1.6075421697666692	-2.9831908399114373	1
-3.1205520511186728	-0.1121521228757172	-2.6994187770172773	0
-1.3108345799798360	2.7101874831747121	1.3731116624448729	2
-1.6986907794544024	0.3066908961671046	-1.0175506372201459	0
1.0889959970018501	1.3686190236823468	-2.2455544392968498	1
-2.9073459634461143	3.0915553890919916	1.7106526103141992	4
-0.7645111482341782	-0.4249617152833985	-1.4057918455022984	0
-1.4503859468320024	-0.1034445815868122	-0.5992954954763248	0
2.3513244530335964	1.6883755520596924	-1.1733535306652922	1
-2.2820717733857299	2.1349651655281576	1.6865825034759054	4
-1.9198355270325800	-0.1771951110113423	3.1139301698099580	3
0.1310416379340642	0.6449211999780807	2.7777735710582911	3
-3.4198723154015696	2.1178839518407235	2.9260364991968952	4
-0.9266524769902840	0.0985538703083268	2.1746968039976493	3
-1.3148015993516764	-0.8183561956378791	-0.4932404046407345	0
-2.7365676862359405	1.6160642208092286	-1.5932100379963081	0
-2.8509869150320801	-0.8868643850386285	-0.8462569404927623	0
-0.2349128553788320	1.7987775662598136	1.6513850287378853	2
-0.3110958418096991	0.6037561461047298	1.8697244117740974	2
1.5095455719654427	2.2129778360866741	2.2872552282084273	2
-1.3076018386096990	1.1430262845509698	1.9294703387497880	3
-2.4534296829428950	1.8429019433976892	2.7440432383594731	3
0.3293549683447402	3.4019853209793931	0.8798519045664055	2
-0.4830295782448689	2.1419361677418065	0.9634791358236048	2
2.1170952238578087	1.5064613079240350	-2.6571516412143619	1
-0.9791855828156709	0.9482874727813663	2.9102563169675189	3
-0.6798740131842557	1.8229020116946286	0.1079825609916091	2
-2.6134379371840475	1.5428773060711252	-0.9952626489980076	0
-0.2731726280345897	1.7121466532736234	-0.8175398765458003	1
-0.8001882122542507	-0.1442112119880971	-1.3596644652100074	0
-1.1708414124817219	2.9971663305644043	2.1002404784385189	4
0.1681610416887158	2.5505173221924968	2.3670528943247766	2
0.0998289202974698	2.5993003820407194	1.4988958097729372	2
-2.7986972014097788	1.7080900110623163	3.1329194418119903	4
-0.9863069173009010	0.7638453008049709	2.1420770844528056	3
-2.9619115486485943	2.8576873179957678	1.9744694296142125	4
-1.3665725335626298	1.0588971285859103	3.0091825270501267	4
-2.3893124547348372	0.1707507956779158	-1.4991531530728828	0
-0.1661948280209368	3.2424535267182120	2.1697134722445068	2
0.6007907107771246	2.1726694594417588	1.7930409784654762	2
-1.4740016015819615	0.0687549138221294	-1.6728188438863358	0
-1.5842277092355082	2.2514650980644673	3.0304619837534004	4
0.2598818497369572	1.4738438531506866	1.7828151190838089	2
1.3524586198634154	0.1870213630114922	-0.8675948699502608	1
-1.5877982321465685	-0.3683804580952784	3.4347414521020507	3
1.7133463852922020	3.3800582892796323	0.8705836209912011	2
1.6142758592440885	-0.0481450442624537	-2.1123897861863443	1
0.8180716731123457	0.2723202526520094	-0.6183911056057291	1
-1.5061653961016042	1.5392022410382342	3.6175964842473318	4
-0.7779910376778557	-0.0383252539369345	3.0387204947802391	3
-2.1503255451398307	-0.1119375107435404	2.1126895947239479	3
2.3267325359427402	1.9610369057101185	-2.4078893387183427	1
1.8991506003915186	3.9572760876980286	1.5983676873927335	2
0.4369055113912674	2.6921053301740132	1.2772319379006154	2
-2.6215945192668957	1.3510705046919433	3.7786623204844334	4
-1.7668951562259063	2.5494107254978955	3.6885846474569437	4
-0.2599467744880101	1.0461320020343958	-1.5200981478653732	1
-0.8379420066776360	3.2188361610804122	3.1901293121197192	4
-0.2616682320932535	0.3933767566261798	1.4083385528421486	3
-0.8569132763773393	0.1389824482090475	-2.2802666454149976	0
1.5427224753733708	1.8049050595568215	-0.8334944458082720	1
1.4793597291936034	2.3341996583401716	-0.9907959804434152	1
-3.2838316745887108	-0.8803599367479986	2.0275428286254971	3
-1.8333924686605902	2.5157908171705392	1.4402863806453197	4
1.4339769850260820	2.0525649565014530	2.2775759385055538	2
1.2074004157753728	1.7634773070232752	0.5366483063890876	1
-2.1313734303419989	2.3322160071380500	4.3050594524026025	4
-2.2788652729938712	-1.5360611968051483	-2.0072242171080488	0
-2.2519401885820125	-1.9596977745243294	-1.4561657518117039	0
0.7777315256706859	1.3349025636870611	0.0645170299672053	1
1.0606635150554158	1.3174913652470301	-1.8215032624777945	1
-1.4854118192130319	2.6064418634108097	3.4355511244695607	4
-1.3735049840602889	-0.1651757556420885	2.5086061189772835	3
1.5271750568649787	0.9977359395926190	-2.1574171102753894	1
1.2067613114462148	1.3571427471602560	1.2303062345252114	2
-1.8191381499782584	0.4372230394575940	1.5424336392751796	3
-2.2050060476705795	-0.0299078922522765	-0.7993715075301810	0
-1.5116987484015687	1.1846678714457084	3.5616658567722244	3
-2.3601075694900375	2.4773840148520869	1.6467016040426206	4
1.6055140495933622	1.3275970936152635	-1.4556358581323430	1
-1.5938077252375233	-0.2527468453745754	-2.2050247868701258	0
-0.7059646712414421	1.2205847386343152	-1.6095852397319341	0
1.2843464431813765	0.7492771905664984	-1.0976918295488927	1
0.8342566009444429	2.6664951743948642	2.3216595261842330	2
-2.2509971795614856	1.6161320435293285	3.9544435655797381	4
-0.2318806977853305	1.8338561705223710	-2.1340848690334489	1
-1.7489365988188468	1.7194376425553353	2.6239703681565683	3
-2.3565111110511827	3.4495675806028081	4.2824205106547035	4
-1.9871922086823597	3.0003951502427086	2.4690090578079795	4
0.6503613737575296	2.0888608097168051	2.5825035792464792	2
-0.2944090695258474	2.7958754735921483	1.6729176142628805	2
0.1892713491875554	1.3186986360451307	3.6841283569764083	3
-1.7611357459153874	-0.2241893021117173	-0.5860759254622464	0
-1.4116213659647383	1.4553060276729719	2.1803852180290821	4
-2.9210310245582312	2.8685090830488211	2.0591202533870008	4
-1.3756814695321202	0.9234376350805897	1.9099120040639013	3
2.5614728761674121	0.5985331581228353	-2.1132642330042701	1
-1.2459186470695256	-0.8407185118186158	-1.2185190532616390	0
0.3729773435866087	2.9974407153508729	-0.7612911633242910	1
-0.0237751507195255	3.5990906164483802	1.7187545803693758	2
1.7238829841729642	0.6929077940554242	-2.8758313924670347	1
0.2080835179382610	2.4440235651748683	2.8636670846477741	2
-1.5001546634695131	-0.9577330266263157	0.6204848246087139	3
-1.1362014481903744	0.1169107500918295	-1.0503369946924488	0
-0.7507159022841585	1.1007041681080993	5.1652455276362952	4
2.8884368356664352	0.8006464196372554	-2.5533877789183825	1
-0.3600057341954696	4.2127304642951966	1.9590856496840781	4
-0.3623532316946917	0.2981477427161527	3.5189754371633124	3
-1.5521113341728892	-1.0386080387728898	3.3810743187610388	3
2.8355002307398016	0.1931971443643470	-2.2567060621376811	1
2.4127445512957770	1.0253384812592823	-0.5370717935313911	1
-1.3708014727129578	2.0443056395497008	3.6263219469960104	4
0.6836211788834151	3.9523624595815248	1.4926304406133966	2
-1.6226749574495003	-0.2435030733506904	2.1431513824003967	3
0.6684960473908232	2.1483821252971329	0.2965872962234246	2
-0.7224748241494025	-0.4586445841337043	-0.8260204363334338	0
2.2535634712919124	-0.7828825376678480	-1.0757275374370514	1
0.5160889372031680	1.3592719820037149	2.5426552014293784	2
-2.5599704269579435	0.9090790894243193	2.0093837046657654	3
-2.6270932386725905	1.1094223886470278	-3.0543453458424765	0
-3.0759076594857833	-0.6103769995187380	-2.0316788003968753	0
0.2616695101602872	0.9651870796907003	1.2735552356584734	2
1.1235851286160097	0.6917398945047041	-1.9952531113401983	1
-0.9675785245577879	0.0974681243759970	2.1398491542388052	3
-1.3602572751417674	2.4105042989993386	3.7464482453870698	4
0.5392786247864438	0.7312121803354749	-1.2767991696077834	1
-1.7803663717633480	1.3738680968250545	1.5872345503287209	4
-0.7864914877360324	0.6359844692641399	3.5589546182997043	3
-2.0469902609313904	2.0284599860876029	3.2484635463420943	4
-1.7699202130717442	0.6892636571672066	-2.0094257074642945	0
-0.7057808322794936	2.3772952095293522	3.6478116815560417	4
0.6415421698243710	1.5498316870425768	-2.4032637315916840	1
0.8853910890637248	1.7603493108547581	-2.6367290648136974	1
-2.2263724074178808	1.0238238203559380	1.9236199243042256	3
2.6365096159671095	0.7624935059819923	0.0544870436327883	1
-1.1040219901761592	-0.5563990047803604	3.1866926570351168	3
-2.8164265422884434	0.0340161970799906	-0.3304859261132439	0
0.9013798000614451	0.9398535443730012	1.8855668578620244	2
1.5990378369079745	0.1095457345242510	-3.2025472849424386	1
2.9620171964580884	1.7194589120992254	-1.1265140537768934	1
-2.2830271465007401	-0.0989207655933148	1.4373391406275104	3
0.1835881949043643	2.6975822907240135	1.2708051068217014	2
-0.1035209376741917	1.3106728319796164	3.0164530016972795	3
-1.1828934902474342	0.1190830805666006	-3.1256665066344533	0
0.5510493587134083	3.6366751712747942	2.2756135135880093	2
-2.5757791533958878	0.3587029998632949	2.5461797201139005	3
0.1922600794595168	1.0767210683346529	-2.1434558925100426	1
-2.5864244602618012	1.6499844389418699	3.0064831769769582	4
-3.6241722476443439	1.7261480395301219	1.9114191670619078	4
0.4417527067365958	1.6467483914910312	-0.1103623690136228	1
-1.5429188446341962	-0.0529995188993154	3.5645328624081500	3
1.3991741306963648	0.8949842958914512	0.6287731665722617	1
0.8035529805558476	1.4150498870766475	-2.8764206329286290	1
-0.6786279370505498	2.2438096400149949	2.9737478849698284	4
0.0228524576905467	-0.7477699863100367	-1.5430196209005445	0
1.4145894688732361	2.3245869115020792	2.3434755570665278	2
1.9227624027373231	0.9277226785035008	-2.5114267871021143	1
-0.9313925190982076	3.6998250223050695	3.2082859812013544	4
0.0948617787365444	-0.6465436362805959	0.4650238282014336	3
-2.9766660554097708	-1.2001542891691466	-2.2081001072850870	0
-1.1325401022534620	1.9842176453113534	2.5212522405742819	2
-2.2635662455958303	-0.2667888408303737	-2.3787937039627973	0
-0.6748440666852827	2.7552953186966764	3.8266989840964989	4
-2.5123829247414351	1.0963643827214975	2.1399184976170593	3
-1.5465273889435727	0.1209032794617148	-1.2900196112315796	0
-3.4236334686454608	1.9161761911673212	2.5021063404514092	4
-1.8751144233176609	-0.9610319091082550	-0.9695498483697087	0
-1.6719538850572910	-0.3298588098656392	1.0076127099916359	3
-2.5002169271257846	-0.3663369643733256	-2.0470679790113198	0
-0.3830020317164333	1.6997583390058966	1.8034862019456130	2
1.5191054193686526	1.9705274415095098	-1.1440830705988385	1
-0.2838098062140556	0.1676056031806590	1.9100352815634936	3
-2.3250836527030154	0.0358106243619354	-0.5286287806139067	0
-2.3713065363451626	3.8083191134884435	2.3823974792370697	4
0.3263724536087810	2.8154874888256702	2.4795813053301186	2
0.4440389352675582	0.7523631350793341	1.9045633063903957	3
1.6758813234233076	1.2092616260276854	-2.6781360691325986	1
-1.8675568705077632	1.2423543381785476	2.6705525291513910	4
-2.7719097288399297	2.4214993144427721	2.8951013303656548	4
0.8588711084226716	1.6853296181957413	0.8738950883933334	2
-2.7079939757315610	2.8192125423240908	4.5242954545097414	4
-1.6061853887111672	2.9794784395299505	0.9951763572984096	2
-1.7313730716493294	-0.5181221169560540	-2.9904692022050519	0
-2.5477762017924039	-0.7017761927048369	2.5572919857687415	3
-1.8266458733012916	-2.1529088935208565	-0.6342489038460996	0
-2.1574051073431209	4.2841311896094503	2.6850377422784928	4
-2.1391601156351712	-0.1435108208328110	1.6334683673952761	3
-2.2602108501359295	1.4508102882179430	-1.3834071689745748	0
-1.1798558203877154	1.1639157530032804	0.1201812838786578	0
0.0652432798936274	0.7700398247085680	-1.2932387872645112	1
-0.7354302179790149	2.3554193960601002	0.9846640035213513	2
1.3901973722194712	1.1741782915878369	2.5282526679506434	2
-2.9827121575124953	-1.3213053612331844	-1.3338668327034962	0
-2.9671709116355967	1.6489243436944681	3.2150232669179699	4
0.7445704209237091	2.2003848640660606	1.6965759062131225	2
-2.7273089310922831	0.1978837374133334	-1.7652824895345351	0
-1.6241050069174006	-0.7308258205445961	0.1877411230850886	0
0.4490102213367902	1.0471140160563124	1.8975626054231225	2
1.2339406217230375	2.4431712266201311	1.8410659123742448	2
0.4587868663219365	2.7404739396454447	1.9342717373445233	2
0.9888272758556967	0.3122348892448303	2.5692094539978196	3
0.4823360634091289	3.4153195680156236	-1.6476520616265109	1
0.9568476211545569	0.5323499400763434	-2.3283198607253213	1
0.7419082771085093	1.3162371436136924	-2.0451800520238859	1
-3.2794119253427092	2.5818946508663254	3.5734802920831799	4
-0.1678192423855435	2.6057423606932870	2.0300788632850875	2
1.3631341128949401	1.5320949186407218	1.5539996224957924	2
-1.2161138454460079	1.7698146169197704	2.1777908312309524	2
0.1387095727312588	0.8846616037543521	-2.0189062780842475	1
1.2649295819465189	3.5443760440203764	1.6525865326170819	2
1.8210761855848192	-0.0883676927678354	-1.5922750009690323	1
1.5301685393725688	0.8015164581309261	-2.5338143686445855	1
-0.7975150867027518	-0.8197059825366965	2.7343418726978497	3
-0.2023828165667865	2.3296415579957839	1.5131064859701353	2
-1.2344932867959297	-0.2653875804037841	1.5953009275073660	3
-1.9869355186301834	0.3957999759061236	-2.7788014646514974	0
1.2260278691289268	-0.3394292114674330	-1.5724134839308825	1
-1.3629498705840253	0.3721110487817446	2.7043919405035819	3
-1.0437689123938729	1.2586676797660574	-1.6396661089110716	1
-1.3702161622266851	0.0647858248538618	2.4153602369243483	3
-1.9161485297738801	-0.6056420834066329	-2.7384541199403696	0
-2.8584696339936735	-0.2791086589867614	-1.9777506581887163	0
-1.3449947436051108	0.6755902806448993	1.7804504839432784	3
0.3622933537228751	1.0739471621352168	-0.4184350552034225	1
-2.3735926204484055	2.6591527625582874	3.0963319462267402	4
-1.4391609634820837	2.6863030027362322	1.5451398525587416	2
1.0314951240616557	1.6964254894225899	-1.2014657774359998	1
-1.9629754533701878	-1.3443982464382112	-0.2831098009145017	0
-1.7475811124094442	1.0856816931000350	2.0295351317112873	4
0.8467315451902608	1.3146477394407592	-2.1274073161203826	1
2.0685735482282603	1.8315079908077188	1.1627937632551346	2
-0.1882943329981533	1.6792709354733135	2.1025306634182677	2
1.0132029211217668	2.7952517716730170	0.9643799757223288	2
-1.5504784806508829	-0.3836823106789976	2.6004343221393231	3
-0.8820626600536962	-1.0982043190278195	1.7563678034071182	3
-1.3218011690381728	-0.3706192937564078	2.7947743780062799	3
-2.3898621180568624	2.4305783981464928	2.0554061101966301	4
-1.2185622685652824	-0.1751146351458014	2.4372879562703589	3
-1.6142665950130288	-0.0083168963285206	1.1507642987698132	3
-1.8039697069170331	-0.8092718598111424	1.6361393308780618	3
0.4345513759388502	2.5763331745962486	1.6970504582084704	2
2.1736861789417317	0.5532564535131188	-1.4715544406582139	1
1.2247159581394769	1.4803007104751513	1.9937713513108957	2
-0.8764588828880669	0.3632843161699217	1.7888697009616732	3
-0.2593754024202878	0.6328488032460660	1.4369461105413555	2
-1.5234191660160168	-0.9932633044759938	-0.6583621248672112	0
1.3794890499140682	-0.0068710675592256	-1.1588726409147878	1
-2.2002959461049949	3.0528361144119125	2.2211618973195173	4
-2.7011107310486508	0.4008603672747277	2.2884189753133306	3
-2.2154471516626790	0.8342444833259247	2.5648985772747968	3
-1.2755178996480940	0.5408774255157266	1.7035661387676213	3
-0.2803163748816533	0.5983644678964568	-0.5019366800563972	1
1.1923827306981432	0.1562145102863075	-3.1194598188826159	1
0.1570083248212776	2.5661297677799109	1.9260303384848152	3
0.9017476888052356	0.6954068210190636	-1.6528840692574487	1
2.6193413211106691	1.9195709921938953	-1.2210665355070738	1
-2.8910448511689650	0.6014610009491063	-0.7267307505081156	0
-0.2255630341253314	0.4516145007166279	2.7612126869251084	3
1.1838462007271764	1.5959807094790697	2.1647397514693716	2
-2.2501349872008181	-0.5261061886296775	-0.7852707677086386	0
0.9041355841632464	1.2705049614191359	2.0622692002277536	2
-1.8151044038400168	1.7052243898567574	2.9891638784738936	4
-1.5008207720325939	1.1680314572351267	3.8710205700606157	4
-1.5717505028785648	3.1837498534396005	3.1434860228128230	4
0.2619246054699694	-0.1477044700207137	0.5664825782276296	3
-0.9445204489365340	0.3972207536080169	1.4503126299178821	3
-1.4148718464027406	2.6413533029558538	1.7578470997579556	4
-0.9285261669254168	0.9787083130756480	3.4277061153247153	3
1.2925370820628861	1.1349573259200643	-0.9287444552875059	1
-2.8590061197128631	0.5822557092399870	-2.7209044430536080	0
-1.8504627585849585	-0.1918358008276285	-2.1990021442331611	0
-2.6251823669734748	3.0019930020102090	2.8489116614697858	4
-2.9775483566024561	2.3824649253425703	3.7109757702804478	4
-2.1057606597895377	2.5635535516215899	3.2100581233600640	4
-1.0775191782173295	2.9350459762412329	3.0573786706476351	4
-0.7905727831264787	-0.5630182812174597	1.7920223025999227	3
1.5736944218939388	2.2703612394177313	1.7491314699216161	2
-1.1711944302902373	0.4871301311662801	3.1324399042748783	3
1.5145349355856976	2.1512015167221583	-2.2334995819332448	1
-2.3880051751941815	0.2027637297164958	-1.5334407143153224	0
-1.0171538100651443	-1.2128126679508391	3.4935443557312746	3
1.4772723975143853	0.8167357482121730	-2.7233387242701736	1
-0.1411150010720614	0.3271460417304975	1.2537668465894838	3
-1.0383934083243700	1.0972307991332995	1.7565960188156218	4
-1.9135020265027594	-0.1006429256750705	-2.3420674198948692	0
1.3423414852385969	1.8030123960975835	-1.7141078644017171	1
0.1566622743944424	2.3316718389349367	0.9809877701409276	2
0.1949309154043511	1.9081250722738348	2.0306402919480382	2
1.9359891790094643	1.1909503971453059	-2.7649834109551055	1
-1.0854681068894276	-0.1901839835190389	-1.9703178036415738	0
-2.5293740229402673	-1.1691442849242795	-2.2976780749156140	0
-2.9371899286646430	1.6394554913473063	2.1575738022605120	4
-1.7014287665861763	3.1622149988502928	3.1638149428701077	4
-2.7023173056108130	3.0116982271622996	2.1812758007517381	4
1.9018942509957477	2.5251489383050725	-0.4801215598029918	1
-0.5907438384139154	-0.1946464218067422	-1.0304346319436639	0
1.1889432173070187	2.4923544170391825	1.0004676396523191	2
-1.4515563794760711	1.9449298411421996	1.8943458595994782	4
-0.6360504389811488	2.9234904185233410	1.6333022012575096	4
0.4073792380921716	2.9398932031846572	0.7827532556949504	2
1.8477034998558763	-0.1982964651397773	-2.8688140730960692	1
0.3124016886510265	1.3348881203263299	0.4898950074754806	2
-2.1214926011073700	-0.6454457401283533	1.5796288679947046	3
-2.4613355534949721	0.1294950049462283	-1.7746970231172423	0
1.2845610554151197	2.4355986650983348	-1.0889070901691200	1
0.9377570215471162	3.5897613450013512	3.7089261667441034	2
-1.9166385160212305	-1.4071351035753712	-1.9094491122340131	0
1.4318183128598028	2.6764900827448761	-1.4252432773139849	1
-1.9016024319278229	0.1123124371290574	-1.2373180449501908	0
-1.9523306992416609	-0.5003207755854289	3.4880143979530978	3
0.6506288265087223	2.1063542718387676	1.8669297254403827	2
-1.9889332001358979	0.8745870422931251	2.1719484672510228	3
1.3268905377684561	-0.9470643912235701	-1.1792025116022649	1
-2.9221384313222147	3.8005476479653053	3.5482054083667292	4
-0.2849592658310462	2.3849823056978754	-1.2040445760369152	1
2.2599405127353727	0.4530993229601835	-1.0600006768938364	1
-3.4630209028112455	2.2838298680510367	2.3125779499414656	4
-2.1190820487842528	2.2659603068134788	2.0997005858539635	4
-0.4611653903918005	2.8868160022047489	1.3398361334068203	2
-1.4228864366249994	-0.3815202697082021	2.1335870534364023	3
-1.3930915378539250	-0.5246589960489431	-0.3982797091249010	0
1.5624998505925813	1.0951051237944007	-1.3463178239902100	1
-1.3109288824550085	0.0598970474066183	2.9380868753739557	3
0.8117161657779076	1.6230285799816575	-2.0295656799494739	1
-3.7173501620168969	3.2618634223196445	3.0105978420841177	4
-1.7022028692466296	0.6955296401156730	1.3287465377159018	3
0.4554733485199844	0.0262990207472442	-1.9647362266537360	1
2.2841068333128245	0.6370477086678753	-2.0807374061076063	1
-0.5572208633088007	0.6453000592010815	3.3034629548991004	2
-1.4253348072383702	0.6625546902652791	3.0270170081680448	4
-3.2469321849269184	0.0361565095256378	-1.1903873496831605	0
-2.6464500501835251	1.8147093988131466	-1.1009811145818098	0
-1.8740774923747048	2.9923185653545392	4.0008053460494137	4
-1.0588816211311185	0.1321449685615363	2.8467000112343150	3
2.1775908382872129	1.6015797607685682	-0.9261623428935815	1
-0.6203836410890252	0.5251200470997084	1.6224417036703451	3
1.1393517578212591	2.6277955226840786	2.1662920107090597	2
-0.4399760287011968	3.6044478871256116	0.3923143470363678	2
0.8358549659724780	1.2616933269809603	-2.0166710883313845	1
1.3369217961204301	2.2610458820829771	2.1335617645785105	2
-2.2069034207746143	0.1504824782620829	-0.3443465470930115	0
-0.8674767809694313	1.6127416662059049	1.9646528307342586	2
-2.6849454012207583	0.2706017636533911	-3.3576171255002083	0
1.1099417173837249	1.2029755649858145	-1.1719102733637539	1
-1.4184492621092262	1.7207643150476764	-0.0934876662802397	0
-2.5899346124306750	0.5585985285361935	-0.1728326209858762	0
1.9539375101129370	1.4490259731514894	1.7725117612819741	2
1.5790021500301794	2.0096607841945628	-1.8668722801061763	1
1.6547951525901485	1.7121835813985378	-1.5484285601939620	1
-1.7872433127386314	-0.3314840101817980	1.4560570261125267	4
-1.6430266763063315	-0.2853681667912426	-1.0333862435695005	0
-1.2516045859069354	-0.0598552608110079	-2.4840556978913551	0
-1.6212769853441613	0.5334891904806045	-0.8889833261573512	0
-2.4310267261218592	1.0825784978717512	2.3380450698225790	4
0.2719753548585593	2.2029259263332208	1.5472085178435497	2
0.2785363336810970	1.2608717800296927	1.8742492886652997	2
-1.2602452915422937	2.0954904045233271	3.8171419803586852	4
-0.6072921170341991	1.0057264822967702	3.8724491010484128	3
-1.4796079507542699	-0.5501106320665563	-1.7621983964793193	0
-1.6953323576194970	2.4841153435454446	1.8760134108063078	4
-2.2214859957474644	1.7499028458313974	3.2288565625911634	4
-0.7092473368416509	1.3535412411892971	1.0949985264669184	3
-2.0108280674516088	2.9617812270854209	3.0264109927643856	4
-0.7418879246223586	0.3669610770322337	-2.4347929315113550	0
0.0887451782102706	2.0002169004568398	1.7186764148556311	2
0.0279988934749039	-0.9745580495005153	1.2552051912650950	3
-1.1537549547389849	-0.7773854617772644	-0.3131178165085785	0
-1.7878662634633180	-0.6325466312550163	2.6470690648423982	3
-2.4282321398990199	-0.6717576343629510	-1.3490132404782849	0
2.1854354327715222	0.7196153573965800	-3.4091511634279783	1
1.1619922254015309	2.0847113608861907	1.0651590521133185	2
0.7912213468161857	1.3366635097932809	1.0919159443639792	2
-0.3314484351018655	-0.3362067844091120	2.8857427021788284	3
-0.4801000703160440	-0.5200297477053303	3.3900038572157545	3
0.0512993167478901	3.3522729987352751	1.8581530781137063	4
0.6083864274078050	0.1674706327985623	1.5870571905217670	3
-2.1121396910940438	-0.1355389407964188	2.6615631461383957	3
1.4754533438933530	0.9219498918374426	-1.6245507101565222	1
0.6132421788921927	3.3736461079380140	1.5624974986056532	2
-1.4090609595462795	1.3714253617521215	-2.5211548775645292	0
-0.4844071711661875	1.0528078432243899	2.0622310953878307	3
0.1977143584888899	3.8082240571324046	2.5947236629534465	2
-0.0101887905702206	1.4555675874983449	1.3356140468063264	2
2.0526458476760134	2.7434000127846678	-1.9473697891105517	1
0.8263323685173330	2.5508291829761292	0.3400340178984040	2
0.1606579537317638	3.0461715809279908	2.5521480214012349	2
-0.5503353739007439	0.0371954874795635	-2.0909381528786199	0
-1.7280998931812057	0.4115520322627180	2.5683308208938493	3
-0.5217651667313820	-0.1435643293196717	1.1743775646820342	3
-0.6696175483041107	-0.4629716320324705	1.3573551587404817	3
0.4325179916684028	2.8724729388556005	1.5018127313295246	2
1.9673068388289208	0.0219757061232029	-1.6759948286605812	1
1.9903190109572975	1.9213841708261405	-1.7325710793604798	1
-0.2479887195056073	2.0756603232026798	1.6719645864284765	2
-0.7405469229115682	-1.3756822243372526	2.1643102100238654	3
0.4170117356900315	0.8401216830011929	-1.5373176667634545	1
-2.0660578670081242	0.7157979448499763	2.7880905140486458	4
-2.0690574274570790	-0.1697787139801822	-1.2406939861669197	0
-0.7848180327732133	-0.2792463996295774	2.3980488574510579	3
-1.1444854033693694	2.4269195891719049	2.1656150396022955	4
-3.3304761237486784	3.2286677791570968	2.2840369513175949	4
-0.8829035970786937	3.1878295715404423	3.5051805626582513	4
-0.0114956137397702	2.4227289749450049	1.8854848068476731	2
-0.9403067697222641	1.5462143896197409	2.5192017759770380	4
-1.0773334545741871	3.4389879688915963	2.7204384041435858	4
-1.8577486537056609	-0.5720001262897250	-2.9879666673928273	0
1.8883226613358917	0.3957598357775401	-0.4612567227859057	1
2.0168608945784654	1.6809891465939080	2.0928621849461826	2
-1.4727247831142325	-0.6010170432021487	2.1475952398924769	3
-2.5251110939272556	-0.5709106225910711	3.0648560476790889	3
-2.7710160091266558	1.8462855557996973	3.5530898959701416	4
-1.7543106468291603	-0.6098362611234688	-1.3484688967566556	0
-3.5274019266926548	2.7885455461300857	2.2369132450119737	4
-1.2099691620293631	-0.4375056168905047	3.0432317907932966	3
0.1210937349383293	2.2996829422807767	1.7122835482584651	2
1.6300344539930558	2.4201386532658069	-1.7974166918031358	1
-0.1513644433187439	2.8580395325089656	2.3897904652866617	2
-1.7756947993971177	2.3434409591787344	1.9102933527346184	4
-0.2664899564372170	1.3145911216368105	-1.5009202115039693	1
0.0849480765887461	2.7714144990117551	1.9943225758216412	2
2.0583362132668817	1.4213783950096568	-2.2398708018573159	1
-2.2034126864909949	0.0148378836934515	-1.8382796304576012	0
-2.7728900588493675	2.4033798877897041	0.7552194754108876	4
-1.7296243628818417	0.1032705302475635	-1.5246876178962006	0
1.8087956647760328	-0.1874829721853133	-2.0033764037787920	1
-0.8303825085457643	3.3289921257059785	3.4771407773239384	2
-1.4320580812382440	2.6203761434983877	3.4748541660824732	4
-1.3901309740752894	-0.1292749887167255	2.6247520342649695	3
-3.3465988755446237	2.2076107704414238	2.8734168391145705	4
-0.9360648173650347	0.3110721817429423	2.6270749487231635	3
-1.8191062478477993	0.9185770804014646	2.4043003373509153	3
-1.1986463679453943	-0.1940109737042838	-0.1197355887059728	0
-0.8209659297956591	0.6934138428565472	1.6452562781025764	3
-1.0317575009643951	1.3509781914133332	3.9944663852182942	4
-0.4586529871510792	1.5501771835176839	2.1410595397191430	4
-2.0816092400734538	1.8328678838812991	3.5308991834937462	4
1.0585794838018223	1.7503174227532441	-1.2230508113066527	1
0.3877733581811831	1.4959559221800303	-1.3993866246653754	1
-1.5353700874148668	-1.1746905761680284	-1.8249831381642032	0
-0.0652846640325035	2.0621600341265354	0.7845064609707239	2
-2.7540531549040224	3.1836378317590621	3.4362763417052151	4
-0.8454114290848551	0.5472892568746265	2.6952732436346079	3
-0.5827702814816705	3.9624744390807694	1.6474546203992415	2
1.2451021565351188	2.2938453475224350	-0.3675870086783783	1
-1.0947602568943062	-0.4874870003074132	-0.9197876170706016	0
1.0803909966442451	1.4618262499652901	2.8024984039624252	2
-2.2748459164345660	0.0356279019151436	-1.7691275059249234	0
-1.6642885772785450	0.2371034452610372	-1.8416001821051808	0
-1.0330365567740052	0.2444693338042107	1.6796446911649301	3
-2.4443414077384680	0.1238965702231477	-1.1153718402673318	0
-1.4010041964911055	-0.3550829357619413	3.5065621799706164	3
0.8667846049668610	1.0204747867977666	1.8984260716983112	2
2.3506182631916568	0.9556769385352761	0.1966912198136147	1
-3.2935298337969057	1.2455580218381948	2.1841079078602443	4
-1.8716910293634381	0.2216210504253224	1.8238362142757927	3
-1.5568760440060381	3.5955063303774519	3.1458798878233885	4
-1.9614751379097526	3.3083119680179651	2.8192710429845658	4
0.7745372250263796	0.7268772837779703	-1.1812813786641427	1
-1.2584084249760632	-0.8300930020708935	0.0320492977918148	0
-2.0138763530587473	-0.8986989959599886	-1.5169689127430241	0
G3
0	89	0.2948207729811278	373	0.5591512307620622	147	0.5812685869939554	
1	398	0.35489931589869994	28	0.358672963444502	32	0.4563891431399868	
2	459	0.2437249088583073	239	0.26367331325525023	38	0.27309285483979157	
3	244	0.1855473876682373	312	0.3650072089772864	480	0.8695367496965727	
4	377	0.7024555736053131	358	0.7061360530005966	482	0.800910121505747	
5	186	0.15602950982322344	248	0.1856334493257301	435	0.6120113263690387	
6	391	0.21479172222775694	99	0.41651503394827566	21	0.43347609890611216	
7	52	0.27180240750944895	468	0.3208453595260745	233	0.4560035789656856	
8	64	0.05284362438940023	460	0.3939683905834875	328	0.4177096487209452	
9	335	0.3256465738924825	155	0.5363227391797089	69	0.6433567633785136	
10	16	0.49242005985363896	291	0.5319843786089286	471	0.7545174966455095	
11	168	0.30165259911666154	475	0.36635047182339436	313	0.46275269425111937	
12	127	0.4892645407324535	480	0.5594470188585169	220	0.6835583007986572	
13	145	0.6304791611967726	149	0.7090707107451965	409	0.7197691071929083	
14	81	0.34695601147946775	126	0.579106380735753	200	0.6104629432305341	
15	285	0.2297866930250148	54	0.3551936585260483	206	0.4547054000885806	
16	335	0.46409028474344555	155	0.49107849693537664	10	0.49242005985363896	
17	35	0.6025638824962728	194	0.7142601967380743	46	0.7221234879090003	
18	389	0.2833863829536739	207	0.2919708299339934	278	0.30109106064342334	
19	299	0.37356588135289	132	0.5778241178541114	212	0.6212996686152004	
20	294	0.318128297394519	162	0.39800361749220403	378	0.42197049413185855	
21	6	0.43347609890611216	391	0.46072462489944127	120	0.7101799132397936	
22	319	0.3191489846282734	77	0.32753417667779927	486	0.34030686607645627	
23	65	0.34804926836909383	481	0.4591118711331471	368	0.6384042652661183	
24	59	0.5512862547634969	195	0.5888038371268092	104	0.6059348232706532	
25	439	0.29008028033937977	337	0.4163457701700795	399	0.43403261495088624	
26	383	0.2632250663543687	266	0.30664536918958446	476	0.3632324222374826	
27	338	0.320119036162195	70	0.5114199381556822	130	0.5306635047709203	
28	32	0.30085800101713595	1	0.358672963444502	398	0.3729698209219793	
29	394	0.3019918417505927	280	0.35369016730102854	234	0.37788972355081873	
30	42	0.36932922389369066	265	0.3871851038067888	306	0.44065014978377426	
31	451	0.2616618433008924	499	0.2756613986857548	398	0.4721395883256473	
32	28	0.30085800101713595	478	0.3307158214095864	1	0.4563891431399868	
33	448	0.49477612860074843	274	0.5809768529428235	279	0.6549643374972118	
34	293	0.14738924281551327	459	0.19935647799247647	239	0.29614727156390425	
35	46	0.2730911602765926	137	0.40755196051402515	484	0.4921397314018138	
36	482	1.1149949942808466	4	1.256709451902389	146	1.3329912068380907	
37	230	0.24023398674616278	63	0.45690023637861277	358	0.4765683827229469	
38	2	0.27309285483979157	239	0.364360777821949	214	0.4340774075257841	
39	70	0.20124797414934412	306	0.454458427023792	265	0.5488678415366877	
40	192	0.43969111628992946	172	0.48234757119181376	216	0.7024658920008553	
41	309	0.7423409899659249	261	0.7857267667897249	160	0.8343247723681942	
42	265	0.2159440374320056	30	0.36932922389369066	306	0.40445426675415563	
43	392	0.2719557230432431	348	0.35672655851209584	204	0.36319426995984316	
44	269	0.27488853531773827	378	0.3576325971648429	243	0.4041826836163332	
45	75	0.3567506018387822	134	0.41396453206266287	333	0.5195191086214423	
46	35	0.2730911602765926	69	0.28674279975317085	335	0.4734271328746504	
47	132	0.3336457435609792	360	0.47022502976054364	390	0.5085680083195641	
48	374	0.3143570606661895	295	0.357156693824605	179	0.6132746030432521	
49	118	0.35345542856994666	357	0.4630247588992953	276	0.4848059349655976	
50	416	0.4933072593605539	349	0.49538383206236314	84	0.49972040280613134	
51	297	0.4059662978588488	182	0.7451259678731098	157	0.8448899988708731	
52	468	0.1272349307063585	7	0.27180240750944895	205	0.469485832037108	
53	163	0.05376317426865937	438	0.4612333393341953	283	0.47059978675315045	
54	406	0.24506890771680964	285	0.3184006412267561	360	0.3184413497175266	
55	371	0.5383961442262379	227	0.5461153187613844	67	0.6148644888106236	
56	232	0.6662236173276704	408	0.6911992558294497	299	0.7034833535526185	
57	209	0.23424341699496964	433	0.27795423635858585	404	0.387118145679266	
58	375	0.40372183069150697	284	0.4368277058155481	211	0.438858508012168	
59	195	0.15695213476232908	104	0.1775854496235165	379	0.2360745344069377	
60	135	0.23073044787899946	323	0.32319643549091226	133	0.4138803893388187	
61	187	0.35182310285300467	73	0.5372230616977651	400	0.5454270487705377	
62	339	0.4785865225957645	418	0.7398648973761464	181	0.8187038461042244	
63	230	0.3312551438555753	37	0.45690023637861277	479	0.46141766674986895	
64	8	0.05284362438940023	328	0.3794393559799173	460	0.42990117735375083	
65	23	0.34804926836909383	76	0.41483676380901285	481	0.47424973925817615	
66	384	0.7723443272776057	228	0.8272807900093735	63	0.9340261847724709	
67	371	0.2935283294923861	227	0.5328244356152566	55	0.6148644888106236	
68	354	0.7760364828617471	458	0.7906350239157424	477	0.9067158690586854	
69	46	0.28674279975317085	335	0.3934500466836994	35	0.516011580730372	
70	39	0.20124797414934412	27	0.5114199381556822	306	0.5508057634592574	
71	214	0.3284854385672817	459	0.4411891324805	293	0.44143971990562547	
72	181	0.26210745588382905	34	0.3643896411735908	454	0.3684523435750966	
73	233	0.19653245362883193	187	0.2538150965001001	450	0.44317882117599416	
74	135	0.48060678276194746	323	0.5123031768470158	262	0.5169329777818115	
75	134	0.0946260525129201	45	0.3567506018387822	333	0.36589261580924587	
76	369	0.4010715671027197	65	0.41483676380901285	117	0.5849083070138424	
77	319	0.04692732446570904	343	0.2877738545158886	486	0.3228729409646324	
78	414	0.395517254533566	456	0.44320192025847344	425	0.5400143771895186	
79	350	0.11109045330728384	234	0.1753461116420219	29	0.40623089666971873	
80	463	0.29745114554350566	487	0.3050204932268211	204	0.3930835717660708	
81	14	0.34695601147946775	111	0.5476041416779492	168	0.5580368630395398	
82	395	0.23251946384707875	237	0.4806608788239237	327	0.5042183232082622	
83	286	0.35095250197057626	87	0.5957749789940163	122	0.6113227421325536	
84	490	0.20056682878340207	190	0.34398416594497433	349	0.3913185067250014	
85	249	0.9163004462713937	272	0.917059043691627	92	0.9472978625900111	
86	464	0.2629390241975441	250	0.561162744869143	431	0.5656751286164051	
87	83	0.5957749789940163	497	0.724819151388795	122	0.8213581836203582	
88	117	0.3589616585372377	302	0.449466442602505	151	0.5229999700221591	
89	0	0.2948207729811278	373	0.38056731695273444	362	0.551178276269801	
90	226	0.48038997226047014	494	0.52185705179418	153	0.5446582051732369	
91	8	0.5169806429821253	64	0.5592123676801033	460	0.6256981084566935	
92	249	0.7587242117422388	85	0.9472978625900111	152	1.220129617561006	
93	181	0.2534580124728927	430	0.2880768254615271	29	0.3864585977276745	
94	124	0.4883636490309504	450	0.5643116578423856	233	0.7251406312408697	
95	111	0.3827680543918886	466	0.4035253102431629	164	0.4335868513004247	
96	458	0.26922278018549256	229	0.48315694276444027	121	0.48721007906476066	
97	465	0.3075175827709166	441	0.31975028330274485	314	0.39440692557974316	
98	322	0.2069106122921252	284	0.2411856350153127	375	0.4380333302733455	
99	403	0.29846852403761176	426	0.3744273944940347	6	0.41651503394827566	
100	210	0.3527801476660889	101	0.5557979693227031	476	0.6238015776510634	
101	344	0.24052873368686623	210	0.3966536690745918	347	0.5551282506451293	
102	223	0.9242856604772391	342	1.267613394392343	449	1.3219056365621464	
103	265	0.44213927180697143	399	0.4581724290078657	457	0.5039246455580271	
104	59	0.1775854496235165	379	0.27133759104983857	195	0.28056118675152025	
105	219	0.4912383650785615	410	0.6201425880071553	154	0.7044138882760194	
106	95	0.7483709929699616	372	0.7710428965311857	220	0.785952481558832	
107	346	0.39672425198812633	330	0.5307976050616625	108	0.6955992684922608	
108	107	0.6955992684922608	346	0.789441905262221	224	0.9453851575330035	
109	189	0.49062449111207773	341	0.6304587862647203	263	0.6884252413160636	
110	378	0.3028907147199047	269	0.3732991614952799	243	0.38940696061079977	
111	466	0.06771642782565936	95	0.3827680543918886	164	0.3882167034582383	
112	467	0.12269947941137514	277	0.170857562731789	259	0.2481691749051007	
113	251	0.4244831468391487	162	0.5318040732676893	196	0.5354568668246035	
114	246	0.3997976047383549	411	0.43845722000985315	219	0.5964588173267819	
115	365	0.3550469506926123	494	0.35837610414663623	290	0.5763947351518754	
116	212	0.30337959528346403	489	0.42519811564277893	437	0.4825053411713376	
117	302	0.3099926439150014	88	0.3589616585372377	76	0.5849083070138424	
118	49	0.35345542856994666	276	0.41245056948221004	357	0.5549787054242736	
119	361	0.2604864102704098	388	0.39868017163379327	417	0.45825502366227355	
120	310	0.26385267426104625	324	0.3796323641574509	391	0.48183856349247395	
121	258	0.3412724343341925	458	0.4623670764200791	96	0.48721007906476066	
122	308	0.4211406755959928	383	0.49169868896874597	361	0.5087053789445126	
123	376	0.34455737208359566	38	0.5244435520405695	239	0.5445362047353834	
124	94	0.4883636490309504	475	0.505031228869741	450	0.6960423768864978	
125	458	0.8195922616295129	5	0.8465342689620781	186	0.8678921465065049	
126	301	0.37141149006389623	217	0.4938108401944763	14	0.579106380735753	
127	12	0.4892645407324535	372	0.7218905452424609	220	0.7611774871290966	
128	287	0.33104602790047905	496	0.4670734339028574	402	0.5592375219658481	
129	141	0.6330902000364543	123	0.6599382803392234	71	0.7014719476869503	
130	338	0.3668429915381663	358	0.38343333603424984	245	0.4239572416637391	
131	182	0.7290967815206294	397	0.8763159403941806	368	1.0749987976514086	
132	47	0.3336457435609792	390	0.4666681117160303	360	0.510887458187165	
133	247	0.3703317082457989	60	0.4138803893388187	268	0.5217727939264021	
134	75	0.0946260525129201	333	0.2885494751333631	45	0.41396453206266287	
135	60	0.23073044787899946	262	0.2813010334869614	323	0.409234763231798	
136	367	0.28191006863974355	149	0.5098664859045965	145	0.5843491567199245	
137	35	0.40755196051402515	15	0.46170074737485856	484	0.486684528841438	
138	241	0.986011007618448	354	1.0020062225532105	344	1.1198140687745521	
139	414	0.2932354911201315	78	0.5923152035994756	482	0.6705274364695736	
140	321	0.3152842487923116	251	0.4077950129917682	196	0.4769504895668149	
141	71	0.5094706845577983	214	0.5472655705872278	129	0.6330902000364543	
142	236	0.5041008619522781	498	0.6488371050691555	207	0.757369793596267	
143	204	0.4752168711407567	69	0.5260922521968241	16	0.528059453576319	
144	473	1.2297744782077573	397	1.3041908386336334	302	1.4974005877831358	
145	136	0.5843491567199245	13	0.6304791611967726	149	0.678098036601408	
146	482	0.45756531784749244	139	0.7398404496970857	421	0.9373968311940417	
147	368	0.45269609530393184	167	0.5437143082233405	0	0.5812685869939554	
148	320	0.5737388906485262	84	0.6733191856682756	349	0.6792384694814491	
149	136	0.5098664859045965	145	0.678098036601408	13	0.7090707107451965	
150	174	0.6849088574569036	374	0.7339909649002392	492	0.7396759871466884	
151	396	0.22639530581038647	164	0.3855424306743292	88	0.5229999700221591	
152	418	0.5871517905038129	249	0.7279823666293721	139	0.8224005647291245	
153	359	0.24301373609769772	448	0.3877125756169595	112	0.44919707125568653	
154	424	0.43446928099180404	189	0.684585257991899	105	0.7044138882760194	
155	335	0.3589334836454153	484	0.3849943020204252	16	0.49107849693537664	
156	352	0.9467763606261259	250	0.9675832802224832	431	1.0440596118710372	
157	300	0.6238833980087226	485	0.6296607674527654	395	0.716156619327521	
158	203	0.23319451885379605	173	0.3630556678245419	393	0.39337871785806455	
159	309	0.6654856331447743	382	0.8938348202900707	255	0.9974884886342451	
160	261	0.39990780548864063	199	0.6235468105051187	208	0.6254695715199845	
161	422	0.5641199111490814	284	0.6392441700252596	237	0.6566534569215093	
162	20	0.39800361749220403	242	0.4051419671091915	294	0.4079728631030747	
163	53	0.05376317426865937	283	0.4496082890033917	277	0.4751463369305333	
164	396	0.33798484395114836	466	0.35066350078508074	151	0.3855424306743292	
165	497	0.2539469407214255	435	0.3077017375648988	229	0.47590687660918934	
166	268	0.528919730029254	60	0.627630130712477	173	0.6592476766388333	
167	368	0.3434061582271545	307	0.39352211213925714	397	0.5168175319929028	
168	11	0.30165259911666154	400	0.32928297202941764	475	0.34528920240224625	
169	487	0.49373303178280625	22	0.7213707572484701	463	0.7615659628802443	
170	202	0.41933498900776356	396	0.6446064960909607	164	0.6627001053338328	
171	172	0.3978517653174279	269	0.4165464331011536	363	0.4170937638420329	
172	171	0.3978517653174279	192	0.4282303304193168	40	0.48234757119181376	
173	158	0.3630556678245419	203	0.36585409936908747	351	0.3745878512756987	
174	492	0.37319663975994616	150	0.6849088574569036	446	0.9799331286071026	
175	453	0.21433959282053663	490	0.48066943133062484	275	0.4853264975363302	
176	212	0.5297939655234845	385	0.5927392186993405	380	0.6207052014654726	
177	491	0.0886677598354243	300	0.37491555280912003	237	0.46506660007013806	
178	292	0.4176719730289555	340	0.5176671599711543	140	0.6801770928898361	
179	295	0.4079359900110209	48	0.6132746030432521	374	0.8181448611129504	
180	226	0.24729065730200472	389	0.5479394417181584	342	0.5873919676503908	
181	93	0.2534580124728927	72	0.26210745588382905	430	0.38199123694349263	
182	23	0.7074718781853908	131	0.7290967815206294	51	0.7451259678731098	
183	6	0.5585340182778913	391	0.6696301774693785	21	0.7399348099134121	
184	421	0.5060690961229302	38	0.6192425107243285	414	0.7105687267084939	
185	288	0.28969958499131065	289	0.5969332036168786	436	0.6677225634602865	
186	5	0.15602950982322344	248	0.2350895598688705	243	0.6075682943662555	
187	73	0.2538150965001001	61	0.35182310285300467	233	0.43411744165407223	
188	493	0.6439334750563677	205	0.6521026277388339	356	0.7056253587317816	
189	109	0.49062449111207773	263	0.6552280649583703	154	0.684585257991899	
190	490	0.3387547167542463	84	0.34398416594497433	50	0.6004444330219091	
191	114	0.7825951436929947	411	0.8827164595957335	105	0.8941723871732955	
192	172	0.4282303304193168	40	0.43969111628992946	171	0.5179682323064858	
193	170	0.68769010379393	200	0.691503120477668	314	0.802443769439413	
194	17	0.7142601967380743	9	0.7926243354345612	46	0.8619617683625791	
195	59	0.15695213476232908	379	0.2326661343796697	104	0.28056118675152025	
196	328	0.36572495262375776	216	0.40988587559392475	251	0.4129880814499555	
197	465	0.4690447322271012	97	0.49031923022251545	444	0.5721275937430064	
198	304	0.5357652282743766	405	0.8581670508931609	428	1.0660204953784829	
199	330	0.4572264154210492	160	0.6235468105051187	107	0.8000690631390771	
200	247	0.41342347398618	443	0.4783353536354664	25	0.566934532631569	
201	324	0.38922775152020306	208	0.4194702975945949	310	0.45672470278736843	
202	170	0.41933498900776356	441	0.5777099128410245	465	0.6895731818966736	
203	393	0.21462297241634537	158	0.23319451885379605	173	0.36585409936908747	
204	463	0.29816855813808896	348	0.359067603399086	43	0.36319426995984316	
205	356	0.415501632855479	52	0.469485832037108	468	0.47826763318080623	
206	15	0.4547054000885806	285	0.4707082069759226	451	0.5305766493239283	
207	18	0.2919708299339934	278	0.356664272059144	389	0.4630298025746206	
208	261	0.3751781846067345	201	0.4194702975945949	461	0.526288510751768	
209	57	0.23424341699496964	271	0.3574330868584292	474	0.37689965177872664	
210	100	0.3527801476660889	101	0.3966536690745918	388	0.49864669728644384	
211	58	0.438858508012168	98	0.5506019166715338	375	0.5690418174251984	
212	380	0.24713587940037607	116	0.30337959528346403	176	0.5297939655234845	
213	225	0.6031103397600476	496	0.7802739463589038	287	0.7911991511271054	
214	425	0.29315929816382735	71	0.3284854385672817	2	0.4092289092276548	
215	237	0.29487591515062767	177	0.4946455147317301	491	0.5006350214341421	
216	328	0.27483423808260715	196	0.40988587559392475	321	0.4422277131038046	
217	470	0.42198270714372066	126	0.4938108401944763	289	0.5465748429053582	
218	264	0.5055981022496138	311	0.6005292045676385	468	0.6135846655156926	
219	411	0.4167464925252566	105	0.4912383650785615	410	0.5366284485291954	
220	12	0.6835583007986572	127	0.7611774871290966	106	0.785952481558832	
221	42	0.5500770984772232	265	0.6452199946384601	103	0.6817273657352728	
222	445	0.13740411314921436	260	0.32452013210511704	21	0.7225736434455344	
223	449	0.5246530105685764	416	0.7219946466471023	407	0.7683200963640398	
224	267	0.8919494887354141	108	0.9453851575330035	285	1.198876880930769	
225	213	0.6031103397600476	496	1.0043058723158098	495	1.0233351532001753	
226	180	0.24729065730200472	389	0.4366395997738825	90	0.48038997226047014	
227	67	0.5328244356152566	55	0.5461153187613844	371	0.6011387182217195	
228	384	0.6423874000518945	66	0.8272807900093735	10	1.040149579574695	
229	435	0.43385137175373073	165	0.47590687660918934	96	0.48315694276444027	
230	37	0.24023398674616278	63	0.3312551438555753	358	0.6955219554556676	
231	485	0.5039167213205165	298	0.5938347633507596	282	0.637781554757029	
232	56	0.6662236173276704	408	0.8541602619435111	199	0.8826086086134406	
233	73	0.19653245362883193	187	0.43411744165407223	450	0.43785527232252897	
234	79	0.1753461116420219	350	0.21607220821095754	29	0.37788972355081873	
235	343	0.27478626195928896	319	0.41097623024724117	77	0.4310483015658297	
236	498	0.40966804590412403	142	0.5041008619522781	360	0.6627913685281753	
237	395	0.2744034233926317	215	0.29487591515062767	491	0.41862373287593635	
238	379	0.3596228398749764	376	0.3857527691532804	316	0.3921069727976512	
239	2	0.26367331325525023	280	0.2894883158609155	34	0.29614727156390425	
240	177	0.9321584825226717	51	0.9433850607780139	231	0.9516941953280045	
241	138	0.986011007618448	347	1.223458711059235	354	1.359089620910021	
242	162	0.4051419671091915	20	0.5736129021222943	251	0.6658644625544697	
243	378	0.11231103815827191	269	0.13323575607830923	363	0.31502053165544064	
244	3	0.1855473876682373	312	0.38703854598705956	468	0.7966751832495405	
245	442	0.2807817967622853	459	0.30433055556357214	293	0.34337763679065586	
246	114	0.3997976047383549	282	0.4639411590174239	386	0.6353712762361318	
247	133	0.3703317082457989	337	0.4079700730790634	200	0.41342347398618	
248	5	0.1856334493257301	186	0.2350895598688705	435	0.557999542116406	
249	418	0.679677288441722	152	0.7279823666293721	92	0.7587242117422388	
250	431	0.2014151910252206	464	0.4230591131242678	86	0.561162744869143	
251	321	0.19735528872911567	140	0.4077950129917682	196	0.4129880814499555	
252	175	0.6065461882681096	438	0.636671632820566	453	0.6415671946527695	
253	433	0.30302188384855544	454	0.38105918197966376	72	0.40527738476479247	
254	18	0.4648223150328072	488	0.5546645450222577	315	0.5695162395079575	
255	324	0.6652703646983444	201	0.821921351332962	310	0.836724490073887	
256	286	0.5524140493598114	250	0.6461492590321504	86	0.7260560411498845	
257	427	0.39166664199306245	362	0.39344261137382536	373	0.4126654904116771	
258	121	0.3412724343341925	458	0.7915430694352916	96	0.8208806584935473	
259	112	0.2481691749051007	277	0.2846611301994556	467	0.2861837240099082	
260	445	0.2584547119703067	222	0.32452013210511704	201	0.6040498357689925	
261	208	0.3751781846067345	160	0.39990780548864063	235	0.5383935353441325	
262	290	0.16995819402538595	135	0.2813010334869614	60	0.49203817353760776	
263	189	0.6552280649583703	109	0.6884252413160636	291	0.8038026397752562	
264	313	0.30627897682905464	402	0.4775678466836948	311	0.49198945888424483	
265	42	0.2159440374320056	306	0.21875742211387414	30	0.3871851038067888	
266	476	0.06406103892263748	26	0.30664536918958446	383	0.500519953399924	
267	285	0.6762542301910589	206	0.7911316249209001	19	0.8278411818372391	
268	351	0.35084660464191797	470	0.4165198145859653	135	0.42301556874781937	
269	378	0.12322735864807002	243	0.13323575607830923	44	0.27488853531773827	
270	386	0.7288277932289733	246	0.8604272247041549	316	0.883905781039977	
271	474	0.3020653455435945	209	0.3574330868584292	327	0.4521106418278611	
272	336	0.352042296656778	339	0.6487925277445661	93	0.6638028646328626	
273	112	0.2957991750927775	275	0.3003864387283625	467	0.3017047554415591	
274	434	0.5132618229617844	315	0.5441192295444068	33	0.5809768529428235	
275	453	0.2805552779450697	273	0.3003864387283625	467	0.3030241462372032	
276	357	0.3199733777725296	118	0.41245056948221004	49	0.4848059349655976	
277	112	0.170857562731789	467	0.25822446521097037	259	0.2846611301994556	
278	18	0.30109106064342334	207	0.356664272059144	389	0.4770341473309142	
279	342	0.361736393304045	389	0.5108724283079987	448	0.6439568425381706	
280	239	0.2894883158609155	34	0.31115157473478805	29	0.35369016730102854	
281	355	0.4322589054807404	431	0.6055142746617501	367	0.6247540161902646	
282	298	0.2104338211724427	300	0.38920173150559223	246	0.4639411590174239	
283	488	0.22486367149718536	375	0.3456350843742838	305	0.3469941626493307	
284	98	0.2411856350153127	322	0.375492135293454	375	0.4199298136091567	
285	15	0.2297866930250148	54	0.3184006412267561	206	0.4707082069759226	
286	83	0.35095250197057626	256	0.5524140493598114	250	0.6240821292192879	
287	128	0.33104602790047905	333	0.5052807851747837	276	0.6712786157513648	
288	185	0.28969958499131065	158	0.5967139492650905	289	0.7072000245250577	
289	436	0.2935325901623119	393	0.3995082596740916	470	0.4358783014018359	
290	262	0.16995819402538595	488	0.3837019600282128	305	0.44083317877158007	
291	10	0.5319843786089286	263	0.8038026397752562	16	0.8085583981066338	
292	178	0.4176719730289555	340	0.7860958160860109	140	0.7936542133980068	
293	34	0.14738924281551327	442	0.224947337908239	459	0.22803142312570415	
294	20	0.318128297394519	162	0.4079728631030747	497	0.48947113285252775	
295	48	0.357156693824605	179	0.4079359900110209	374	0.6190560517103183	
296	385	0.6319079880034856	176	0.6961116708675202	489	0.7606928739751039	
297	51	0.4059662978588488	481	0.6306454644895587	368	0.6644895517177016	
298	282	0.2104338211724427	300	0.4412172995990846	104	0.5326974647845123	
299	19	0.37356588135289	116	0.4984457857926716	206	0.6031248504566364	
300	491	0.30125529810185353	177	0.37491555280912003	282	0.38920173150559223	
301	126	0.37141149006389623	400	0.47391428073951347	168	0.47485641950622326	
302	117	0.3099926439150014	88	0.449466442602505	473	0.5183905179414585	
303	332	0.133016792289917	495	0.41203200897103937	402	0.5057328755952094	
304	198	0.5357652282743766	322	0.927514743003922	428	0.9918281677661869	
305	488	0.2894154313691536	283	0.3469941626493307	472	0.37549845710239405	
306	265	0.21875742211387414	399	0.34255678550904484	42	0.40445426675415563	
307	167	0.39352211213925714	368	0.5142616602062222	65	0.5208129201185923	
308	383	0.31160417700764587	122	0.4211406755959928	361	0.4988342536917518	
309	159	0.6654856331447743	382	0.7299509267820857	41	0.7423409899659249	
310	324	0.1809910574541263	120	0.26385267426104625	201	0.45672470278736843	
311	264	0.49198945888424483	218	0.6005292045676385	480	0.6281717852183415	
312	3	0.3650072089772864	244	0.38703854598705956	450	0.5958790784915906	
313	264	0.30627897682905464	402	0.448691148975943	11	0.46275269425111937	
314	97	0.39440692557974316	441	0.5498193384763862	303	0.5599399047279983	
315	429	0.4621417821350958	274	0.5441192295444068	254	0.5695162395079575	
316	238	0.3921069727976512	379	0.45159130156364047	59	0.5449634016681542	
317	369	0.32630521625308034	373	0.4693356147210241	257	0.48293332612649353	
318	387	0.3982529085238117	455	0.5252005419159975	325	0.6485784488433951	
319	77	0.04692732446570904	343	0.26258380937888315	486	0.31030254030074644	
320	148	0.5737388906485262	175	0.7297828052957975	413	0.8826638821177809	
321	251	0.19735528872911567	140	0.3152842487923116	216	0.4422277131038046	
322	98	0.2069106122921252	284	0.375492135293454	428	0.6105452154529071	
323	60	0.32319643549091226	135	0.409234763231798	472	0.4719527311691519	
324	310	0.1809910574541263	120	0.3796323641574509	201	0.38922775152020306	
325	387	0.3493548243093237	388	0.36513942496508583	476	0.5695916634481	
326	479	0.40062696022785776	181	0.4675570046149773	93	0.5442510270278579	
327	404	0.3421662990594851	271	0.4521106418278611	82	0.5042183232082622	
328	216	0.27483423808260715	196	0.36572495262375776	64	0.3794393559799173	
329	99	0.5066124108662334	1	0.541743950329387	80	0.5536363970239873	
330	199	0.4572264154210492	107	0.5307976050616625	346	0.7634174209869576	
331	493	0.5318245981856511	205	0.6571942887534936	203	0.6897250558249103	
332	303	0.133016792289917	402	0.3934227621078462	496	0.45571804724728365	
333	134	0.2885494751333631	75	0.36589261580924587	287	0.5052807851747837	
334	101	0.6897720011207421	483	0.7053660267206947	344	0.8716302815875314	
335	9	0.3256465738924825	155	0.3589334836454153	69	0.3934500466836994	
336	272	0.352042296656778	410	0.4136232537474653	424	0.7556973565220076	
337	247	0.4079700730790634	25	0.4163457701700795	457	0.5139369115027029	
338	27	0.320119036162195	358	0.3435871447131768	130	0.3668429915381663	
339	62	0.4785865225957645	93	0.5538770603499689	181	0.5890599449095526	
340	178	0.5176671599711543	292	0.7860958160860109	86	0.8057366905012772	
341	109	0.6304587862647203	189	0.6886925530599817	219	0.7542507091938546	
342	279	0.361736393304045	389	0.4749363691613814	226	0.5051232483003695	
343	486	0.2088550628644798	319	0.26258380937888315	235	0.27478626195928896	
344	101	0.24052873368686623	347	0.4391302833431505	210	0.5237811475121598	
345	421	1.3552993467095509	184	1.4853043073011285	425	1.4958303614874608	
346	107	0.39672425198812633	478	0.45445634966314485	32	0.6203034177873199	
347	344	0.4391302833431505	455	0.4934761842827201	101	0.5551282506451293	
348	437	0.32806705113579726	463	0.33502161686674764	43	0.35672655851209584	
349	84	0.3913185067250014	50	0.49538383206236314	490	0.5704375189006422	
350	79	0.11109045330728384	234	0.21607220821095754	394	0.5049021555031173	
351	470	0.2911420765110303	268	0.35084660464191797	173	0.3745878512756987	
352	256	0.7307589605074833	286	0.9418828977028453	156	0.9467763606261259	
353	480	0.6491213272138873	12	0.7473849988553729	127	0.991056552145493	
354	68	0.7760364828617471	138	1.0020062225532105	125	1.0823734558165912	
355	281	0.4322589054807404	446	0.7070233142195066	150	0.7901021108350011	
356	205	0.415501632855479	452	0.5144006021641886	468	0.5778440091254871	
357	276	0.3199733777725296	457	0.39974135949452866	49	0.4630247588992953	
358	338	0.3435871447131768	130	0.38343333603424984	37	0.4765683827229469	
359	448	0.22551923120395276	153	0.24301373609769772	277	0.42022123936631656	
360	54	0.3184413497175266	406	0.35833673332587196	47	0.47022502976054364	
361	119	0.2604864102704098	417	0.33907722959090425	383	0.4968529860349389	
362	373	0.27766732430978924	467	0.37448331500999177	257	0.39344261137382536	
363	243	0.31502053165544064	269	0.3254194299311313	378	0.3623701384343204	
364	440	0.8238107793676759	452	0.9266595921750738	244	0.985385245378669	
365	115	0.3550469506926123	262	0.5762219000678614	290	0.5886145632708566	
366	242	0.7997854419645142	294	0.8626226308498681	20	0.8986881808620815	
367	136	0.28191006863974355	281	0.6247540161902646	196	0.6328942079829042	
368	167	0.3434061582271545	147	0.45269609530393184	307	0.5142616602062222	
369	317	0.32630521625308034	76	0.4010715671027197	257	0.43856165300340816	
370	235	0.7916239283843459	489	0.8108499247900809	296	0.8131435324169155	
371	67	0.2935283294923861	55	0.5383961442262379	227	0.6011387182217195	
372	95	0.5523922269713455	127	0.7218905452424609	106	0.7710428965311857	
373	362	0.27766732430978924	469	0.3087621786864581	89	0.38056731695273444	
374	48	0.3143570606661895	295	0.6190560517103183	100	0.6730426097257497	
375	472	0.2628242017767006	283	0.3456350843742838	305	0.38865320982609614	
376	123	0.34455737208359566	238	0.3857527691532804	379	0.4178641979475381	
377	4	0.7024555736053131	62	0.9330349102303527	339	1.1454634073181158	
378	243	0.11231103815827191	269	0.12322735864807002	110	0.3028907147199047	
379	195	0.2326661343796697	59	0.2360745344069377	104	0.27133759104983857	
380	212	0.24713587940037607	116	0.4894813586030131	385	0.5853961317958004	
381	247	0.4377756523934762	474	0.44963377971517315	209	0.5179405045408527	
382	309	0.7299509267820857	41	0.8771993827141464	159	0.8938348202900707	
383	26	0.2632250663543687	308	0.31160417700764587	122	0.49169868896874597	
384	228	0.6423874000518945	66	0.7723443272776057	68	1.3549850315934209	
385	380	0.5853961317958004	176	0.5927392186993405	296	0.6319079880034856	
386	447	0.40048802739646555	246	0.6353712762361318	270	0.7288277932289733	
387	325	0.3493548243093237	318	0.3982529085238117	455	0.4194287255202608	
388	325	0.36513942496508583	119	0.39868017163379327	432	0.4361761267142281	
389	18	0.2833863829536739	226	0.4366395997738825	207	0.4630298025746206	
390	451	0.4657689820870099	132	0.4666681117160303	437	0.48768803826633716	
391	6	0.21479172222775694	21	0.46072462489944127	120	0.48183856349247395	
392	43	0.2719557230432431	204	0.5802109427436507	348	0.6142550690735615	
393	203	0.21462297241634537	158	0.39337871785806455	289	0.3995082596740916	
394	454	0.24367385791527485	29	0.3019918417505927	404	0.32259182648055446	
395	82	0.23251946384707875	237	0.2744034233926317	215	0.5356221548739132	
396	151	0.22639530581038647	164	0.33798484395114836	88	0.6401184450384209	
397	167	0.5168175319929028	307	0.5492882846265734	473	0.5605870337771915	
398	1	0.35489931589869994	28	0.3729698209219793	31	0.4721395883256473	
399	457	0.16559746037914577	306	0.34255678550904484	25	0.43403261495088624	
400	168	0.32928297202941764	475	0.34304292611597437	187	0.4388777660658455	
401	422	0.7463163237424887	323	0.7821402821499099	63	0.8306854908047191	
402	332	0.3934227621078462	496	0.40672622839006556	313	0.448691148975943	
403	99	0.29846852403761176	426	0.5134918037608236	6	0.5371666829774886	
404	454	0.30127596663426964	394	0.32259182648055446	327	0.3421662990594851	
405	198	0.8581670508931609	429	0.8711050328366977	428	0.999662037937597	
406	54	0.24506890771680964	360	0.35833673332587196	498	0.3645144310324741	
407	273	0.34707522053778095	275	0.5546525596330282	448	0.5914240182555163	
408	499	0.501400246846209	299	0.6088830060428971	437	0.6266756508920474	
409	140	0.7058143770459623	13	0.7197691071929083	328	0.8362608722981186	
410	336	0.4136232537474653	219	0.5366284485291954	105	0.6201425880071553	
411	219	0.4167464925252566	114	0.43845722000985315	161	0.6718725459262039	
412	413	0.5569268380730333	89	0.5581540174010985	438	0.6683066389856285	
413	412	0.5569268380730333	0	0.6128748155925507	175	0.6572189354096647	
414	139	0.2932354911201315	78	0.395517254533566	2	0.5715189306712932	
415	215	0.6855067257226833	322	0.8356620614036758	177	0.8783669506571576	
416	50	0.4933072593605539	90	0.5507062396523718	407	0.5936160195235499	
417	361	0.33907722959090425	119	0.45825502366227355	113	0.5407081107239929	
418	430	0.5362074395559677	152	0.5871517905038129	414	0.6353336224427018	
419	169	0.9259755588505709	258	0.9608199747204755	121	1.1610583485892756	
420	474	0.5042355226417168	58	0.5184043468233249	74	0.5846178991968588	
421	184	0.5060690961229302	425	0.7641399340934781	78	0.7957134228589147	
422	57	0.5176922907051771	82	0.5227436959813614	161	0.5641199111490814	
423	455	0.5527967330047469	347	0.8139532302563541	318	0.8497838965231849	
424	154	0.43446928099180404	272	0.6960394244200888	339	0.7231133111961218	
425	214	0.29315929816382735	456	0.39888797917583313	2	0.5185814060667581	
426	99	0.3744273944940347	403	0.5134918037608236	329	0.5938162463233968	
427	257	0.39166664199306245	436	0.5050499877583803	259	0.5212749438085623	
428	429	0.39668898609667913	322	0.6105452154529071	98	0.6408540310911044	
429	428	0.39668898609667913	315	0.4621417821350958	254	0.6440048495692784	
430	93	0.2880768254615271	280	0.35471208694381096	181	0.38199123694349263	
431	250	0.2014151910252206	464	0.4197349472527348	86	0.5656751286164051	
432	388	0.4361761267142281	387	0.44160064885875333	455	0.6186808136621359	
433	57	0.27795423635858585	253	0.30302188384855544	404	0.34822898044468203	
434	274	0.5132618229617844	33	0.712939134334212	252	0.7983051105832134	
435	165	0.3077017375648988	229	0.43385137175373073	20	0.5083090155939112	
436	289	0.2935325901623119	470	0.4993990185719133	427	0.5050499877583803	
437	348	0.32806705113579726	116	0.4825053411713376	390	0.48768803826633716	
438	277	0.44779146188097596	53	0.4612333393341953	163	0.49191698150499075	
439	25	0.29008028033937977	306	0.5341959742906269	200	0.5679837321894436	
440	452	0.4844667125466836	134	0.589870406650046	75	0.6076992669698985	
441	465	0.15320431129970224	97	0.31975028330274485	314	0.5498193384763862	
442	293	0.224947337908239	454	0.25043749222944767	245	0.2807817967622853	
443	200	0.4783353536354664	247	0.49257287568472796	381	0.5632536004870177	
444	97	0.5713008251735544	197	0.5721275937430064	314	0.606206490926574	
445	222	0.13740411314921436	260	0.2584547119703067	201	0.793053305921746	
446	83	0.7041538970969904	355	0.7070233142195066	150	0.8228824426780937	
447	386	0.40048802739646555	104	0.7155008073213553	59	0.7603745508464516	
448	359	0.22551923120395276	153	0.3877125756169595	33	0.49477612860074843	
449	223	0.5246530105685764	349	0.7156279036224666	416	0.7230069469236421	
450	233	0.43785527232252897	73	0.44317882117599416	94	0.5643116578423856	
451	31	0.2616618433008924	499	0.42333000226195205	390	0.4657689820870099	
452	440	0.4844667125466836	356	0.5144006021641886	75	0.6272453335957747	
453	175	0.21433959282053663	275	0.2805552779450697	490	0.5079005141673185	
454	394	0.24367385791527485	442	0.25043749222944767	404	0.30127596663426964	
455	387	0.4194287255202608	347	0.4934761842827201	318	0.5252005419159975	
456	425	0.39888797917583313	245	0.43967835963697116	78	0.44320192025847344	
457	399	0.16559746037914577	357	0.39974135949452866	25	0.4383231722081547	
458	96	0.26922278018549256	121	0.4623670764200791	229	0.6706076565674571	
459	34	0.19935647799247647	293	0.22803142312570415	2	0.2437249088583073	
460	8	0.3939683905834875	64	0.42990117735375083	196	0.5794988159288887	
461	486	0.10157237579781415	343	0.2893323499606008	22	0.36460455955280335	
462	118	0.9851935748946581	49	1.0864557710825817	103	1.168164630376329	
463	80	0.29745114554350566	204	0.29816855813808896	348	0.33502161686674764	
464	86	0.2629390241975441	431	0.4197349472527348	250	0.4230591131242678	
465	441	0.15320431129970224	97	0.3075175827709166	197	0.4690447322271012	
466	111	0.06771642782565936	164	0.35066350078508074	95	0.4035253102431629	
467	112	0.12269947941137514	277	0.25822446521097037	259	0.2861837240099082	
468	52	0.1272349307063585	7	0.3208453595260745	205	0.47826763318080623	
469	481	0.26204494045730603	373	0.3087621786864581	257	0.43810330878587794	
470	351	0.2911420765110303	268	0.4165198145859653	217	0.42198270714372066	
471	360	0.47405048866249055	47	0.5491382258965143	406	0.6162286250605207	
472	375	0.2628242017767006	283	0.3642660943027189	305	0.37549845710239405	
473	302	0.5183905179414585	397	0.5605870337771915	88	0.6344462672942267	
474	271	0.3020653455435945	209	0.37689965177872664	381	0.44963377971517315	
475	400	0.34304292611597437	168	0.34528920240224625	11	0.36635047182339436	
476	266	0.06406103892263748	26	0.3632324222374826	210	0.5165389566749402	
477	26	0.5954631600451392	435	0.6708192039386591	458	0.6864857937261686	
478	32	0.3307158214095864	346	0.45445634966314485	28	0.459565910020638	
479	326	0.40062696022785776	63	0.46141766674986895	230	0.7583924832669852	
480	12	0.5594470188585169	311	0.6281717852183415	353	0.6491213272138873	
481	469	0.26204494045730603	23	0.4591118711331471	65	0.47424973925817615	
482	146	0.45756531784749244	139	0.6705274364695736	4	0.800910121505747	
483	101	0.6670041253529503	334	0.7053660267206947	344	0.736175025185184	
484	155	0.3849943020204252	137	0.486684528841438	35	0.4921397314018138	
485	231	0.5039167213205165	157	0.6296607674527654	298	0.6598761225328817	
486	461	0.10157237579781415	343	0.2088550628644798	319	0.31030254030074644	
487	80	0.3050204932268211	463	0.350162230080451	169	0.49373303178280625	
488	283	0.22486367149718536	305	0.2894154313691536	290	0.3837019600282128	
489	77	0.390527336009138	116	0.42519811564277893	319	0.4291565954189539	
490	84	0.20056682878340207	190	0.3387547167542463	175	0.48066943133062484	
491	177	0.0886677598354243	300	0.30125529810185353	237	0.41862373287593635	
492	174	0.37319663975994616	150	0.7396759871466884	446	0.9798570715296915	
493	331	0.5318245981856511	188	0.6439334750563677	205	0.7535109076619878	
494	115	0.35837610414663623	226	0.49102027722429725	90	0.52185705179418	
495	303	0.41203200897103937	332	0.45711982431462955	496	0.5940154594669479	
496	402	0.40672622839006556	332	0.45571804724728365	128	0.4670734339028574	
497	165	0.2539469407214255	294	0.48947113285252775	122	0.5171019314035047	
498	406	0.3645144310324741	236	0.40966804590412403	54	0.5284384677737612	
499	31	0.2756613986857548	451	0.42333000226195205	408	0.501400246846209	
