-0.8268761338600059	-0.4794666378461441	3.8122150151816072	3
-1.2139735893097334	-0.7149348694688309	-1.9302010191078878	0
0.2867585100329939	2.8799142523692538	2.0774019575742577	2
-3.2842151412251366	2.5745499916526531	3.7588200292382998	4
-1.2540593643570754	3.3409394042252236	1.6841312726984121	2
0.1066758369772378	1.0674250114886270	-2.0133246944769603	1
-0.8932257861413978	-0.4869775733016369	-2.6346789318132524	0
-3.2368818482866333	1.9213581851439858	2.9680919470871436	4
2.1178666581981167	1.5346690694996530	-2.6124730589342615	1
-0.2688344493946156	-0.2392096182070563	-1.0095981764936544	0
-0.7877075169770513	0.8090199695348281	-0.7861140498564760	0
-2.1153195095742534	2.1953919091791514	3.4902467909780626	4
-2.7789648269533300	3.1193069535299403	4.3408060195648828	4
2.4719279066444835	0.4126917843215236	-2.8245251715543125	1
-1.4224836352258516	2.4691020709421858	2.7003261660069553	4
-1.5721683988465354	-0.5443027286556957	-0.3734171285177804	0
-1.1769245188241424	-0.0247805936188021	-0.7205462768533144	0
-0.5947899158567043	-1.1043695363225949	-1.5820361298944530	0
-1.5735864626244369	-0.2783232530091195	1.2776403050921177	3
-2.1983230891638801	-0.5621022759938146	-0.4170707179703953	0
0.7783381067946027	0.8620136240712439	-1.8941678479244539	1
-1.5326003169721729	-0.4516215544979881	-2.6170914161105530	0
-2.0701450589431287	0.2105460872328205	-1.5610170773389915	0
-0.6894844749268509	1.2541403580184427	2.2751537303254086	3
1.8011185921349158	2.1464962010940973	2.7503771352794804	2
-1.3959116892675145	2.2889008360506731	2.1222305309834599	4
0.9557399234431565	1.4027529835432060	-1.2467315626958488	1
-0.7733975841484604	3.2834152560169927	2.1855306146173743	2
-1.6087402025463757	-1.1886325713801160	-2.0327747610519400	0
0.5126681668109041	2.3488234764372828	1.4377555707291805	2
-1.2539167170778778	2.3564461518899713	1.4627303158909553	4
-1.7484550674096042	-0.8286176063290711	-1.4918821298256759	0
-1.0953817167924771	-1.3702458869303702	-2.2077633536183900	0
-1.3793580856906864	-1.0782091501957307	2.0560869327920277	3
0.1824293849877552	2.6853668962722130	1.8432060317466790	2
-0.4432097707699009	-0.8495865003307282	-1.0198161675405790	0
-0.7984517479431249	4.7051220129662141	1.0608007017602636	4
-0.6799128130492542	2.4995645154936073	1.1686541409780109	2
0.4985522344219180	2.9853096102660626	2.4479059534519685	2
-1.2805322378383375	3.0371247184179291	1.9363136741265126	4
1.1841776273536047	1.6075421697666692	-2.9831908399114373	1
-2.9231798656335002	0.1764424938343628	-2.8881360519022530	0
-1.3108345799798360	2.7101874831747121	1.3731116624448729	2
-1.6986907794544024	0.3066908961671046	-1.0175506372201459	0
1.3801069236367525	1.5675387843459778	-1.9560667499512194	1
-2.9073459634461143	3.0915553890919916	1.7106526103141992	4
-0.8504627109668914	-0.1312225414871040	-1.2945175804141864	0
-1.4503859468320024	-0.1034445815868122	-0.5992954954763248	0
2.4063974821497487	1.6560883797494053	-1.0256443995245998	1
-2.0646884077281134	1.7955083447224818	1.4155596686012788	4
-2.2176179566910026	0.0151182947385044	3.0956802947557018	3
0.9025454649319936	0.6769142690297583	2.7605345984232095	3
-3.4198723154015696	2.1178839518407235	2.9260364991968952	4
-0.9266524769902840	0.0985538703083268	2.1746968039976493	3
-0.8305677493999404	-1.2231535776785796	-0.1804766039459551	0
-3.2043491190578681	1.9654007261799680	-1.9914674183659882	0
-2.8509869150320801	-0.8868643850386285	-0.8462569404927623	0
-0.0610949130298771	2.1186996121709702	1.7924873243941972	2
-0.2965347035207315	0.9969107086560033	1.3784088568854205	2
1.5095455719654427	2.2129778360866741	2.2872552282084273	2
-1.3076018386096990	1.1430262845509698	1.9294703387497880	3
-2.4534296829428950	1.8429019433976892	2.7440432383594731	3
0.3293549683447402	3.4019853209793931	0.8798519045664055	2
-0.6273699188956254	2.3496944303247731	1.3720823322706630	2
2.5096638412049628	1.1216299405403198	-2.2188781272877298	1
-0.9230246744055480	0.3040235488706535	3.1550164662507969	3
-0.2898753820552105	1.3894749154671366	0.3044635297474814	2
-2.7232592994713154	1.2250608565998506	-0.9959275678864671	0
-0.6873726336825433	1.7251475277854431	-1.1345147115708007	1
-0.5510618575361009	0.0493966555820053	-1.7792142019849075	0
-1.1225817834618388	3.7683227416627560	2.4240774699680818	4
0.1681610416887158	2.5505173221924968	2.3670528943247766	2
0.0998289202974698	2.5993003820407194	1.4988958097729372	2
-2.7986972014097788	1.7080900110623163	3.1329194418119903	4
-0.9863069173009010	0.7638453008049709	2.1420770844528056	3
-2.9115254412381382	2.7652653837081345	2.4420522914902070	4
-1.3665725335626298	1.0588971285859103	3.0091825270501267	4
-2.4359699101595225	0.2314342639559718	-1.8693761832709326	0
-0.1661948280209368	3.2424535267182120	2.1697134722445068	2
0.8242688561803566	1.8412834591297602	1.8034446519253415	2
-1.2607394428749430	0.1304176893472233	-1.1232086934235821	0
-2.0096121817686496	2.0567956965257954	2.8118318242038658	4
0.4437462014998459	1.5738539547142563	2.2593163309513327	2
1.0908584730247770	0.2226038706476073	-0.7178807263802436	1
-1.5877982321465685	-0.3683804580952784	3.4347414521020507	3
1.7133463852922020	3.3800582892796323	0.8705836209912011	2
1.8710208868923139	-0.2046320005646347	-1.7911164637714494	1
0.9248662449732010	0.3349791078444350	-1.0041260794920794	1
-1.5061653961016042	1.5392022410382342	3.6175964842473318	4
-1.0278347157654526	0.0248730137621475	2.7114328300280155	3
-2.2295719997727721	0.1723570077434641	2.0883462008375124	3
2.0945568746174641	1.9836454167898578	-2.4277466887065726	1
1.8991506003915186	3.9572760876980286	1.5983676873927335	2
0.2013201927877919	2.7173786025972460	1.7072645658299619	2
-2.6215945192668957	1.3510705046919433	3.7786623204844334	4
-2.3050667562493539	2.2170737811459871	3.5951151031482271	4
-0.3109119601022872	0.9437516655557686	-1.7307298180106359	1
-0.8379420066776360	3.2188361610804122	3.1901293121197192	4
-0.2268090031295158	0.4690590367183484	0.9873198986142130	3
-0.8569132763773393	0.1389824482090475	-2.2802666454149976	0
1.5427224753733708	1.8049050595568215	-0.8334944458082720	1
1.4793597291936034	2.3341996583401716	-0.9907959804434152	1
-3.2838316745887108	-0.8803599367479986	2.0275428286254971	3
-2.1756734420493942	2.0477237716251011	1.7950001098644246	4
1.4950953580318593	2.5141826308621442	1.9260486351816009	2
1.2074004157753728	1.7634773070232752	0.5366483063890876	1
-1.6495600065459382	2.0945826796743940	4.5026305143524317	4
-1.8246162904001113	-1.4374080146025849	-2.2042776885866475	0
-2.2519401885820125	-1.9596977745243294	-1.4561657518117039	0
0.7777315256706859	1.3349025636870611	0.0645170299672053	1
0.8006182469841350	1.4531315287151882	-2.1344649170657268	1
-1.4854118192130319	2.6064418634108097	3.4355511244695607	4
-1.8279705349403632	-0.1134770906617102	2.3635151300295361	3
1.7593361382606827	1.3692401882978444	-2.3175740488975825	1
1.1171827348698153	1.1022666839491069	1.1959701853486977	2
-1.8191381499782584	0.4372230394575940	1.5424336392751796	3
-2.2050060476705795	-0.0299078922522765	-0.7993715075301810	0
-1.5116987484015687	1.1846678714457084	3.5616658567722244	3
-2.6689760527312485	2.7972064618333992	1.9413312032553076	4
0.9095916223927584	1.8201646784152574	-1.7635919487173375	1
-1.5938077252375233	-0.2527468453745754	-2.2050247868701258	0
-0.7524691908968301	0.6209444681788288	-1.3830517621599379	0
1.0951626969944668	0.6513148916234983	-1.4141903775102929	1
0.4238889447567669	2.9264610268035955	2.7719032912826425	2
-2.5286190248619356	1.1348637485999240	3.7037250077082451	4
-0.3306889140865147	2.2938074268009285	-2.4776430656869111	1
-1.7489365988188468	1.7194376425553353	2.6239703681565683	3
-2.2106998636730570	3.5833112898757586	3.9301805393720239	4
-1.8513332677381704	3.0841559980726836	1.9123348314746167	4
0.9449868505690585	1.8754394153223810	2.8820082721315528	2
-0.4082105040765162	2.7600620016425514	2.0394486352346304	2
-0.2174089766715266	1.1337056316771601	4.0295029048749891	3
-1.7611357459153874	-0.2241893021117173	-0.5860759254622464	0
-1.4116213659647383	1.4553060276729719	2.1803852180290821	4
-3.3198663783013576	2.8771311340050207	2.4372014615756714	4
-1.0132816566421208	0.9294994913629826	1.7289856577148772	3
2.5614728761674121	0.5985331581228353	-2.1132642330042701	1
-1.5044943240787918	-0.8678992280429695	-1.2378200766398875	0
0.3729773435866087	2.9974407153508729	-0.7612911633242910	1
-0.3564217835843320	3.8235759852938749	1.6118838833764850	2
1.4147878825252276	1.1232647732335090	-2.6378229038959367	1
0.2080835179382610	2.4440235651748683	2.8636670846477741	2
-1.3211356696153791	-1.3946002164618969	1.3486705036689046	3
-1.1362014481903744	0.1169107500918295	-1.0503369946924488	0
-0.7507159022841585	1.1007041681080993	5.1652455276362952	4
2.6157339357928455	1.2396636869965474	-2.5017541947841462	1
-0.0645604267653068	3.7452282019656868	1.6216541249644352	4
-0.3623532316946917	0.2981477427161527	3.5189754371633124	3
-1.4035478006754531	-1.0414114540893669	3.8642593098377347	3
2.4371371343169761	0.1859720864520841	-2.5579103058894930	1
2.4127445512957770	1.0253384812592823	-0.5370717935313911	1
-1.3708014727129578	2.0443056395497008	3.6263219469960104	4
0.6836211788834151	3.9523624595815248	1.4926304406133966	2
-2.0787729759939180	-0.3910830125152103	2.3594295220375683	3
0.6684960473908232	2.1483821252971329	0.2965872962234246	2
-0.2993937529010421	-0.3472513557714394	-1.0815878049189291	0
2.2535634712919124	-0.7828825376678480	-1.0757275374370514	1
0.2862808244805816	1.5011114293258618	2.5581311677720309	2
-2.5599704269579435	0.9090790894243193	2.0093837046657654	3
-2.6270932386725905	1.1094223886470278	-3.0543453458424765	0
-2.8789220406338973	-0.3452558637877414	-2.2496254178859623	0
1.0832425599365592	0.5377954809987162	0.9509215087923143	2
1.1235851286160097	0.6917398945047041	-1.9952531113401983	1
-0.7781186717047737	-0.3137460944719860	2.1158692875812064	3
-1.3602572751417674	2.4105042989993386	3.7464482453870698	4
0.4299444700357538	0.6428432136802592	-1.5613640990260289	1
-2.2186399389992104	1.7726618377498649	1.6469134778208625	4
-0.7864914877360324	0.6359844692641399	3.5589546182997043	3
-2.0219748759176692	2.4799470491693936	2.7818726829443099	4
-1.1406883978100351	0.4216482731278204	-2.5247686781224088	0
-0.3257145597344986	1.9072144087888243	3.4610192753388889	4
0.3085350615984918	1.0937110746739835	-1.9747295829676013	1
0.8853910890637248	1.7603493108547581	-2.6367290648136974	1
-2.5629706613726539	0.6954747685784892	2.1701118848556451	3
2.4066304258002642	0.6984602806098248	0.5002857748305486	1
-1.0184245164657011	-0.6532579984330960	3.3635480179026764	3
-2.8164265422884434	0.0340161970799906	-0.3304859261132439	0
1.1754161008782926	0.2476542688540614	2.0366239191669750	2
2.0210306959485589	0.6000932117758893	-3.4894907028097730	1
2.9620171964580884	1.7194589120992254	-1.1265140537768934	1
-2.2830271465007401	-0.0989207655933148	1.4373391406275104	3
-0.1677071723101039	2.5495010837303616	1.4015897224804701	2
-0.1035209376741917	1.3106728319796164	3.0164530016972795	3
-1.1828934902474342	0.1190830805666006	-3.1256665066344533	0
0.5510493587134083	3.6366751712747942	2.2756135135880093	2
-2.5757791533958878	0.3587029998632949	2.5461797201139005	3
0.3678221178206359	1.0754601817865761	-2.4489162986287192	1
-2.5864244602618012	1.6499844389418699	3.0064831769769582	4
-3.1863107744348573	1.7358058919313923	2.3648418212209164	4
0.4417527067365958	1.6467483914910312	-0.1103623690136228	1
-1.5038459832507947	-0.1645847194365884	3.9279004380401257	3
1.3991741306963648	0.8949842958914512	0.6287731665722617	1
0.8035529805558476	1.4150498870766475	-2.8764206329286290	1
-0.6786279370505498	2.2438096400149949	2.9737478849698284	4
-0.1800004048727475	-1.0277675119357237	-1.9710913483822710	0
1.4145894688732361	2.3245869115020792	2.3434755570665278	2
1.9227624027373231	0.9277226785035008	-2.5114267871021143	1
-0.7083408006886180	4.0446413032531687	2.8111860637535835	4
0.0948617787365444	-0.6465436362805959	0.4650238282014336	3
-2.5191886261545662	-1.8740847818055113	-1.9504103080326216	0
-1.1325401022534620	1.9842176453113534	2.5212522405742819	2
-2.2635662455958303	-0.2667888408303737	-2.3787937039627973	0
-0.6748440666852827	2.7552953186966764	3.8266989840964989	4
-2.6178313356641021	1.3246726155798205	2.3838652715126258	3
-1.1643675075747124	0.5256552309264154	-1.1557391971291402	0
-3.3391535357968176	1.8216812540046894	2.1456118765775840	4
-1.8751144233176609	-0.9610319091082550	-0.9695498483697087	0
-1.7758441252657284	0.2611118444851513	0.8022836181356080	3
-2.8682762727362316	-0.5494652810237379	-2.3827813047714974	0
-0.5676387181956598	2.4117399626150973	0.9961677220847414	2
1.7402672613764714	2.4585584068549902	-1.4741361921035536	1
0.0570353883233049	-0.0883563563297806	1.6925390111488363	3
-1.8339043561445971	-0.2381619945723209	-0.0286459054337768	0
-2.0916784585743740	3.4771197908745575	2.5376108607879795	4
0.2823940965574911	3.0604396561932043	2.9261400924725556	2
0.4440389352675582	0.7523631350793341	1.9045633063903957	3
1.3298623948157904	0.9892468084648285	-3.0850959407466156	1
-1.7854909347816883	0.9811216319515381	2.6228296768485153	4
-2.7719097288399297	2.4214993144427721	2.8951013303656548	4
0.4460426147416582	1.9200909951898166	1.1725560972286093	2
-2.7079939757315610	2.8192125423240908	4.5242954545097414	4
-1.5041674972218710	2.7184351439681853	1.1452067199796157	2
-1.7313730716493294	-0.5181221169560540	-2.9904692022050519	0
-2.5477762017924039	-0.7017761927048369	2.5572919857687415	3
-1.8266458733012916	-2.1529088935208565	-0.6342489038460996	0
-2.1574051073431209	4.2841311896094503	2.6850377422784928	4
-2.1391601156351712	-0.1435108208328110	1.6334683673952761	3
-2.2602108501359295	1.4508102882179430	-1.3834071689745748	0
-1.1331386664611802	0.7524584535340888	-0.2528154153299200	0
-0.0815246572037223	0.9361186672227820	-1.5159069245321732	1
-0.7354302179790149	2.3554193960601002	0.9846640035213513	2
1.3901973722194712	1.1741782915878369	2.5282526679506434	2
-2.9827121575124953	-1.3213053612331844	-1.3338668327034962	0
-2.9671709116355967	1.6489243436944681	3.2150232669179699	4
0.3105253594682629	2.0729250212747896	1.6433249542736670	2
-2.7273089310922831	0.1978837374133334	-1.7652824895345351	0
-1.6241050069174006	-0.7308258205445961	0.1877411230850886	0
0.4490102213367902	1.0471140160563124	1.8975626054231225	2
1.2339406217230375	2.4431712266201311	1.8410659123742448	2
0.4587868663219365	2.7404739396454447	1.9342717373445233	2
0.8768825536484043	0.2046413773815700	2.4395422936185569	3
1.1305626374715569	2.9784438365188848	-2.2673795923840441	1
0.9568476211545569	0.5323499400763434	-2.3283198607253213	1
0.7419082771085093	1.3162371436136924	-2.0451800520238859	1
-3.2794119253427092	2.5818946508663254	3.5734802920831799	4
-0.1678192423855435	2.6057423606932870	2.0300788632850875	2
1.0351127030749827	1.3451998014172717	1.3427984320351314	2
-0.8007038888148086	2.2263092005463725	2.5131991466574237	2
0.1387095727312588	0.8846616037543521	-2.0189062780842475	1
1.2649295819465189	3.5443760440203764	1.6525865326170819	2
1.8210761855848192	-0.0883676927678354	-1.5922750009690323	1
1.2071571808522843	1.2324354784802329	-2.6584421619005973	1
-1.2377211880673173	-0.9555846561940253	2.4135030265936015	3
0.2464755954101532	2.7726897511909159	1.8824082456981652	2
-1.2344932867959297	-0.2653875804037841	1.5953009275073660	3
-1.9869355186301834	0.3957999759061236	-2.7788014646514974	0
0.8128869363798642	-0.4774879963274732	-2.0405178011949046	1
-1.3629498705840253	0.3721110487817446	2.7043919405035819	3
-1.0437689123938729	1.2586676797660574	-1.6396661089110716	1
-1.4946129331712985	-0.2325909720694678	2.7737032337326273	3
-2.0552512842976838	-1.3556103433321485	-3.3056794378066963	0
-2.8584696339936735	-0.2791086589867614	-1.9777506581887163	0
-1.5451971552415218	0.1767413060477485	2.2326771659796241	3
0.3622933537228751	1.0739471621352168	-0.4184350552034225	1
-2.3735926204484055	2.6591527625582874	3.0963319462267402	4
-1.4391609634820837	2.6863030027362322	1.5451398525587416	2
1.0314951240616557	1.6964254894225899	-1.2014657774359998	1
-2.1668142284954803	-1.6248868529369997	-0.5805991293392057	0
-1.3838157431126747	1.1113354403939000	2.4956022024223645	4
0.8467315451902608	1.3146477394407592	-2.1274073161203826	1
2.0685735482282603	1.8315079908077188	1.1627937632551346	2
-0.1882943329981533	1.6792709354733135	2.1025306634182677	2
1.0132029211217668	2.7952517716730170	0.9643799757223288	2
-1.4582129923525282	-0.7196172309956167	2.7871619064110247	3
-0.8820626600536962	-1.0982043190278195	1.7563678034071182	3
-1.3218011690381728	-0.3706192937564078	2.7947743780062799	3
-2.3898621180568624	2.4305783981464928	2.0554061101966301	4
-1.2126129078700858	0.0917435617435901	2.3452780615739086	3
-1.2127382011029229	0.3313411938768679	0.9418364893634911	3
-1.9160679625054167	-0.7020534680552059	2.0636836997149444	3
0.4345513759388502	2.5763331745962486	1.6970504582084704	2
2.1736861789417317	0.5532564535131188	-1.4715544406582139	1
1.4578827722552965	1.6424045711675566	2.2407041317541676	2
-1.0534257331079331	0.2356368241774949	1.6753303111511333	3
-0.2593754024202878	0.6328488032460660	1.4369461105413555	2
-1.3027856268122298	-0.7837662648153032	-0.2915353207905050	0
1.2882672654394121	0.1071638363304196	-1.2552891614090225	1
-2.6752066056646600	3.0474302475170454	2.6793432984470185	4
-2.5046365809844851	0.4912118691579115	2.5472299917438592	3
-2.3835466968659529	0.9354669284220352	2.7264588365997628	3
-1.2755178996480940	0.5408774255157266	1.7035661387676213	3
-0.2803163748816533	0.5983644678964568	-0.5019366800563972	1
1.1923827306981432	0.1562145102863075	-3.1194598188826159	1
0.1570083248212776	2.5661297677799109	1.9260303384848152	3
0.9017476888052356	0.6954068210190636	-1.6528840692574487	1
2.6193413211106691	1.9195709921938953	-1.2210665355070738	1
-2.5869018453997530	0.4111020045583287	-1.0099581050486965	0
-0.2255630341253314	0.4516145007166279	2.7612126869251084	3
1.1838462007271764	1.5959807094790697	2.1647397514693716	2
-2.2501349872008181	-0.5261061886296775	-0.7852707677086386	0
0.6213209968057001	1.6388931472089983	2.4532691342197159	2
-1.8151044038400168	1.7052243898567574	2.9891638784738936	4
-1.7353393847296226	1.2286773936184718	4.2554529084645445	4
-1.5717505028785648	3.1837498534396005	3.1434860228128230	4
0.5615915690143278	0.1168204240812609	0.2515202556128714	3
-0.9445204489365340	0.3972207536080169	1.4503126299178821	3
-1.5254147500267481	2.5888590619089915	2.1373855995579376	4
-0.9285261669254168	0.9787083130756480	3.4277061153247153	3
1.2925370820628861	1.1349573259200643	-0.9287444552875059	1
-2.9861352737994888	0.9994135047709584	-3.1232280437082771	0
-1.8504627585849585	-0.1918358008276285	-2.1990021442331611	0
-2.7328071280593731	2.5071225320369503	2.6856469692689249	4
-2.8118656820431842	1.9300008340718739	3.5362190705144618	4
-2.1859699487095221	2.0769741681117573	3.1799057360476399	4
-1.0775191782173295	2.9350459762412329	3.0573786706476351	4
-0.4614317860007204	-0.9465264849072679	2.0742989124154509	3
1.7883795212346438	2.5985626506593471	2.1979099786695842	2
-1.1711944302902373	0.4871301311662801	3.1324399042748783	3
1.5145349355856976	2.1512015167221583	-2.2334995819332448	1
-2.1537917649059120	0.2900636914552726	-1.8879572930019783	0
-1.1857034350061726	-1.0993653068773404	3.2697763176015338	3
1.4772723975143853	0.8167357482121730	-2.7233387242701736	1
-0.5705723116532603	0.6597352422620614	0.9471631188838512	3
-0.8689052497873025	0.6775367613426977	2.1831246369377970	4
-1.9135020265027594	-0.1006429256750705	-2.3420674198948692	0
1.3423414852385969	1.8030123960975835	-1.7141078644017171	1
0.6302650137361185	1.8987668710298178	0.5913640376900235	2
0.1949309154043511	1.9081250722738348	2.0306402919480382	2
1.7044478577169739	1.1219156223008944	-1.9480444265430861	1
-1.0854681068894276	-0.1901839835190389	-1.9703178036415738	0
-2.5293740229402673	-1.1691442849242795	-2.2976780749156140	0
-2.9991448856878669	1.9915821418719346	2.5606072405272964	4
-1.5040688054934397	3.1867911688215402	2.4893880916632205	4
-2.3338076203921858	2.8610321889506265	2.1932411049534606	4
1.7796846304786071	2.3090386360888755	-0.0513383578534709	1
-0.4391303868963929	-0.5407938726787054	-1.1782788696133304	0
1.1889432173070187	2.4923544170391825	1.0004676396523191	2
-1.4515563794760711	1.9449298411421996	1.8943458595994782	4
-0.6360504389811488	2.9234904185233410	1.6333022012575096	4
0.7042466643913721	3.4310775535179436	0.4192011318507299	2
1.8477034998558763	-0.1982964651397773	-2.8688140730960692	1
0.4287220999175026	1.6714366370576541	0.4297843896843971	2
-2.1214926011073700	-0.6454457401283533	1.5796288679947046	3
-2.4613355534949721	0.1294950049462283	-1.7746970231172423	0
1.1684442314970287	2.4908491297932391	-1.5042776042033856	1
1.0657047236528592	3.4669844768875486	3.8216459958910303	2
-1.9166385160212305	-1.4071351035753712	-1.9094491122340131	0
1.4318183128598028	2.6764900827448761	-1.4252432773139849	1
-2.0694034088221098	0.3537788177895707	-1.3927571480347869	0
-1.9523306992416609	-0.5003207755854289	3.4880143979530978	3
0.4742176689117399	1.6207231789243153	2.2663299365539649	2
-2.0084674145499539	1.2724803605659396	2.0271270248867075	3
1.3268905377684561	-0.9470643912235701	-1.1792025116022649	1
-2.9221384313222147	3.8005476479653053	3.5482054083667292	4
-0.1235099170724130	2.8596480247731431	-0.9812447457097530	1
2.2599405127353727	0.4530993229601835	-1.0600006768938364	1
-3.5196109548864394	2.3501704863361228	2.3506986237653793	4
-2.1190820487842528	2.2659603068134788	2.0997005858539635	4
-0.4611653903918005	2.8868160022047489	1.3398361334068203	2
-0.9377164163492369	-0.7045507409895542	1.8567474553240815	3
-0.9764822483018171	-0.2530553256717700	-0.4487746518106223	0
1.5624998505925813	1.0951051237944007	-1.3463178239902100	1
-0.9024251915214354	-0.0921372406141283	3.3950000981998181	3
0.8117161657779076	1.6230285799816575	-2.0295656799494739	1
-3.7173501620168969	3.2618634223196445	3.0105978420841177	4
-1.7022028692466296	0.6955296401156730	1.3287465377159018	3
0.4554733485199844	0.0262990207472442	-1.9647362266537360	1
1.9276727409382088	0.3681832520323045	-2.2725069042616806	1
-0.3029054942065056	0.2836301848624238	3.1164743547829339	2
-1.5990847839545823	0.9835434425935864	3.4845503684677839	4
-3.2469321849269184	0.0361565095256378	-1.1903873496831605	0
-2.4752864133209656	2.0587908320418826	-1.0148546468115232	0
-2.0572684458269999	3.0337772634969546	3.7313270716708971	4
-1.0588816211311185	0.1321449685615363	2.8467000112343150	3
2.1775908382872129	1.6015797607685682	-0.9261623428935815	1
-0.6203836410890252	0.5251200470997084	1.6224417036703451	3
1.1393517578212591	2.6277955226840786	2.1662920107090597	2
-0.3025632789562143	3.8009378845826283	-0.0652994924166571	2
0.8948204763943258	1.0122723785473828	-1.8227589730374700	1
1.3369217961204301	2.2610458820829771	2.1335617645785105	2
-2.2069034207746143	0.1504824782620829	-0.3443465470930115	0
-0.5908731147410748	2.0242370771585598	2.3305860114000563	2
-2.4835059505597501	-0.0213452193872562	-3.4696213461518775	0
1.1099417173837249	1.2029755649858145	-1.1719102733637539	1
-1.6461429159249330	2.2093713614218933	0.2280909168872569	0
-2.5899346124306750	0.5585985285361935	-0.1728326209858762	0
1.3940428403466572	1.2329056350001979	2.1337155331515119	2
1.5867326900655450	2.3463216527349950	-1.6399343113758182	1
1.2799144878819431	1.5287464455119726	-1.2030844298931485	1
-1.7872433127386314	-0.3314840101817980	1.4560570261125267	4
-1.2831092732495721	-0.2627458218407646	-0.8253607747001495	0
-1.5462468859744893	0.0538628688869678	-2.0965353434246228	0
-1.2678401758952509	1.0467297833853912	-1.4853093413318490	0
-2.4310267261218592	1.0825784978717512	2.3380450698225790	4
0.3175263102512741	2.8207044420903267	1.2426067211052463	2
-0.0061869247698788	1.1984417659658622	1.5658129201731792	2
-1.2602452915422937	2.0954904045233271	3.8171419803586852	4
-0.6695857026256046	1.1928550937718987	4.2909364864134574	3
-1.0746954300812774	-0.4952891445507164	-2.0693683429024876	0
-1.7019728120687954	2.8596376874691796	1.4980770241157697	4
-2.4956164727733006	2.2148424827943805	3.3161086965552458	4
-0.3698584924790398	0.8826429573584661	0.9973875695849654	3
-2.0108280674516088	2.9617812270854209	3.0264109927643856	4
-0.5347911251507201	0.8570772281388493	-2.4639683958476679	0
0.5127258678507871	1.8600019880744487	2.1983538043758255	2
-0.3647512160462378	-1.1171255520841259	1.2537268788087186	3
-1.1537549547389849	-0.7773854617772644	-0.3131178165085785	0
-1.7878662634633180	-0.6325466312550163	2.6470690648423982	3
-2.4869547999749928	-0.3749267268229509	-1.7307289211695522	0
2.0679865064425176	0.2414956861546095	-3.2397617374410466	1
1.1619922254015309	2.0847113608861907	1.0651590521133185	2
0.8816915881696752	1.0551977308182472	1.4608290050654178	2
-0.4115296231788794	-0.4340721113331247	2.4915611777254854	3
-0.4801000703160440	-0.5200297477053303	3.3900038572157545	3
-0.3354625664235080	3.0210080766705603	1.4618267704889099	4
0.6083864274078050	0.1674706327985623	1.5870571905217670	3
-2.1121396910940438	-0.1355389407964188	2.6615631461383957	3
1.4754533438933530	0.9219498918374426	-1.6245507101565222	1
0.6132421788921927	3.3736461079380140	1.5624974986056532	2
-1.0807509714570935	1.1807333689101012	-2.7331477995613276	0
-0.4844071711661875	1.0528078432243899	2.0622310953878307	3
0.1977143584888899	3.8082240571324046	2.5947236629534465	2
-0.0148870009035459	1.6074045424633698	1.9502328671306985	2
1.8579843341745019	2.2848381577298644	-1.5688767557768850	1
0.8263323685173330	2.5508291829761292	0.3400340178984040	2
-0.0488063837555311	3.5384784102505868	2.6595958735835037	2
-0.9306532875469276	0.1775335670108750	-1.2118511377479362	0
-1.5556138302098470	-0.0736055210784320	2.7568061248085800	3
-0.7712806219698198	-0.0355672256310706	1.3950729083444773	3
-0.6800419812272692	-0.2617419802531887	1.7362293354816760	3
0.4325179916684028	2.8724729388556005	1.5018127313295246	2
1.9673068388289208	0.0219757061232029	-1.6759948286605812	1
1.9903190109572975	1.9213841708261405	-1.7325710793604798	1
-0.2479887195056073	2.0756603232026798	1.6719645864284765	2
-0.4118712870792433	-1.8462450543706244	2.1799938095985487	3
0.4170117356900315	0.8401216830011929	-1.5373176667634545	1
-2.0660578670081242	0.7157979448499763	2.7880905140486458	4
-2.0690574274570790	-0.1697787139801822	-1.2406939861669197	0
-0.5815089694128752	-0.7691538505472401	2.8601384303730790	3
-1.1444854033693694	2.4269195891719049	2.1656150396022955	4
-2.6726724357166494	2.5729245411036810	2.7466327149332574	4
-0.8829035970786937	3.1878295715404423	3.5051805626582513	4
-0.4707304875721409	2.1776990386462849	1.7391521339857428	2
-1.4312905590338525	1.7896318328028551	2.6443514697603456	4
-1.0773334545741871	3.4389879688915963	2.7204384041435858	4
-2.0735819373919808	-0.6812846522025822	-2.8851484248779458	0
1.8883226613358917	0.3957598357775401	-0.4612567227859057	1
2.0168608945784654	1.6809891465939080	2.0928621849461826	2
-1.4781003837875031	-0.5081262974429255	2.7759841270744219	3
-2.3766364044218475	-0.4126984766046238	3.1226586650339541	3
-2.3867788847644262	1.3466454073668759	2.8155785653324377	4
-1.7543106468291603	-0.6098362611234688	-1.3484688967566556	0
-3.3221436564082962	2.6777344228564237	1.8473088214724838	4
-1.4359951114388190	0.0539572077123704	2.7032773709822293	3
-0.5262479960332211	2.8037311373377243	1.6716461594333429	2
1.3375314075678482	2.1065452320227958	-2.0191462284359467	1
-0.4553230656698933	2.3677932316808237	2.2423218906135660	2
-2.1028893094679986	2.2914287696255582	2.1962484995078295	4
-0.2664899564372170	1.3145911216368105	-1.5009202115039693	1
0.0849480765887461	2.7714144990117551	1.9943225758216412	2
2.0583362132668817	1.4213783950096568	-2.2398708018573159	1
-2.2034126864909949	0.0148378836934515	-1.8382796304576012	0
-2.7728900588493675	2.4033798877897041	0.7552194754108876	4
-1.7296243628818417	0.1032705302475635	-1.5246876178962006	0
2.0145163070710423	-0.1406993116424055	-2.0925575905054767	1
-0.9461881009527220	3.2057322701111310	3.2503549792021520	2
-1.4320580812382440	2.6203761434983877	3.4748541660824732	4
-1.3901309740752894	-0.1292749887167255	2.6247520342649695	3
-3.4834517731495374	2.6394672755996762	2.5526624319582627	4
-0.9360648173650347	0.3110721817429423	2.6270749487231635	3
-1.8516271304807175	0.7115349657772073	2.1505765820351246	3
-1.1986463679453943	-0.1940109737042838	-0.1197355887059728	0
-0.3762874313042835	0.5358710311483257	1.2318844764814780	3
-1.0317575009643951	1.3509781914133332	3.9944663852182942	4
-0.7684977535727789	1.8111888380103007	2.0361020319209553	4
-1.7597500279967528	1.5922369069128679	3.0835662729992661	4
1.0585794838018223	1.7503174227532441	-1.2230508113066527	1
0.3877733581811831	1.4959559221800303	-1.3993866246653754	1
-1.5353700874148668	-1.1746905761680284	-1.8249831381642032	0
-0.0652846640325035	2.0621600341265354	0.7845064609707239	2
-2.7540531549040224	3.1836378317590621	3.4362763417052151	4
-0.8454114290848551	0.5472892568746265	2.6952732436346079	3
-0.5827702814816705	3.9624744390807694	1.6474546203992415	2
1.2451021565351188	2.2938453475224350	-0.3675870086783783	1
-1.0947602568943062	-0.4874870003074132	-0.9197876170706016	0
1.0803909966442451	1.4618262499652901	2.8024984039624252	2
-2.1938324770031015	-0.2538058560960569	-2.2632612209490408	0
-1.4324114701888151	0.2671744777520443	-1.6591581967103393	0
-0.8517550152658420	0.0443404864552367	1.8001992609623882	3
-2.4443414077384680	0.1238965702231477	-1.1153718402673318	0
-1.4010041964911055	-0.3550829357619413	3.5065621799706164	3
0.8078156673868733	0.5910298688313811	1.6868254835906615	2
2.4737071532528998	0.8404428525297659	0.3973534366289293	1
-3.2935298337969057	1.2455580218381948	2.1841079078602443	4
-1.8716910293634381	0.2216210504253224	1.8238362142757927	3
-1.7872185970121888	3.9051055142654780	3.5262041552576497	4
-1.5417010121224370	3.2415044904866770	2.4192537493357076	4
0.4005051058265415	0.4333282920877020	-0.7927267498555428	1
-1.2584084249760632	-0.8300930020708935	0.0320492977918148	0
-2.0138763530587473	-0.8986989959599886	-1.5169689127430241	0
G3
0	175	0.5178767173187204	413	0.5478697528056834	362	0.5742821684727534	
1	398	0.294974904229194	329	0.541743950329387	478	0.5707379620342429	
2	253	0.22614675441993642	459	0.2437249088583073	239	0.26367331325525023	
3	244	0.1855473876682373	312	0.8295232455768474	480	0.8695367496965727	
4	39	0.39572735555251115	399	0.683296409041469	128	0.6890215508774123	
5	248	0.1856334493257301	171	0.20718997638616177	186	0.5079389624428889	
6	398	0.5937814209142376	21	0.6405928187618953	99	0.7202448303494167	
7	52	0.27180240750944895	233	0.4560035789656856	331	0.4769633671094468	
8	460	0.3939683905834875	91	0.48605240282723494	113	0.49282479095810733	
9	155	0.13337688963061795	335	0.38523621987835455	35	0.634878805975427	
10	204	0.5989917137156263	291	0.6185291334722052	121	0.6268562564139701	
11	95	0.2178795173718419	313	0.3395965493417716	400	0.41872208081445705	
12	220	0.35883407042324095	127	0.8407368063926244	480	0.9071565418531339	
13	149	0.3517040031541071	409	0.6040680131194737	136	0.7405723735667624	
14	306	0.5846696782231141	200	0.5926614795156845	439	0.604134395134535	
15	285	0.3696139789775771	132	0.42825813247366906	406	0.48273530813287907	
16	390	0.2808713778119865	47	0.30930717352764353	143	0.3612433015811072	
17	194	0.5738311350868656	35	0.6355959580448578	335	0.7105401767933428	
18	389	0.2833863829536739	254	0.4648223150328072	226	0.6816608825300294	
19	299	0.37356588135289	132	0.5778241178541114	212	0.623387643362397	
20	378	0.20308880603546817	294	0.318128297394519	162	0.39800361749220403	
21	222	0.4281867629411418	120	0.46162366023531654	310	0.5859384002240218	
22	348	0.2209696109357586	319	0.3467127419312177	463	0.3588623959067959	
23	420	0.3576695828551849	74	0.5883894960836401	323	0.61084603312183	
24	59	0.5512862547634969	195	0.5888038371268092	316	0.7139652077535406	
25	439	0.29008028033937977	306	0.3270713318369203	337	0.4163457701700795	
26	383	0.2632250663543687	266	0.30664536918958446	388	0.350526137242073	
27	78	0.6087883312850625	39	0.6164038200008278	444	0.6345913847653668	
28	478	0.22080514388760097	107	0.37135557167025884	346	0.3971825067557244	
29	280	0.35369016730102854	234	0.39904942497424384	72	0.4867371493247467	
30	42	0.36932922389369066	265	0.3871851038067888	221	0.5426626183080481	
31	451	0.2616618433008924	499	0.2756613986857548	137	0.35441136686056607	
32	28	0.5719627075335235	478	0.6151035190871982	1	0.7214827866086252	
33	252	0.4035393926321474	274	0.5809768529428235	359	0.6118857721392014	
34	253	0.11516949092238365	93	0.140931522793036	293	0.14738924281551327	
35	335	0.34710222732391943	155	0.5261552809194828	9	0.634878805975427	
36	482	0.9706733406390479	139	1.1296931270730888	146	1.332122052222347	
37	209	0.22376369045519554	230	0.24023398674616278	63	0.2580791102882078	
38	123	0.3376566858815698	2	0.4395884144493331	214	0.5301667248053137	
39	4	0.39572735555251115	265	0.5488678415366877	306	0.5489439523100664	
40	192	0.43969111628992946	172	0.48234757119181376	251	0.49668379639026344	
41	382	0.7553530820260741	160	0.8257262023038763	309	0.8582033050919066	
42	265	0.2159440374320056	221	0.2989754230667999	30	0.36932922389369066	
43	80	0.4837739570243401	348	0.5295517460014083	463	0.5472884513889612	
44	325	0.33973247190268396	455	0.5443525014286431	328	0.5512181072351977	
45	118	0.44347955821411517	452	0.6016476030294022	333	0.7842058606734905	
46	426	0.32953695369434194	143	0.45037863490986957	80	0.5158772546819165	
47	16	0.30930717352764353	390	0.3232087268960976	132	0.3336457435609792	
48	374	0.25538275080821826	295	0.3910984234741176	179	0.5682462304735139	
49	166	0.27883260552162287	103	0.468940665625127	337	0.792145115715129	
50	449	0.4572109896142659	416	0.47146682370659776	349	0.6999862946609019	
51	240	0.5716085451995043	231	0.7341871600864578	485	0.8059012420523294	
52	7	0.27180240750944895	331	0.5714037630316265	356	0.6284254142061934	
53	277	0.3330431109751513	488	0.3857423110069907	163	0.4421699096028222	
54	406	0.566350486994717	498	0.6186368229291972	285	0.6545112474512081	
55	371	1.2223038273410611	227	1.235288491233854	67	1.3306577812843219	
56	232	0.6662236173276704	299	0.7034833535526185	19	0.84595585621897	
57	433	0.22651138086338504	234	0.40304634071441287	327	0.4081760620529137	
58	284	0.3706055783370872	395	0.40004610062184837	401	0.40448821786288686	
59	195	0.15695213476232908	379	0.2360745344069377	104	0.4705351633241737	
60	133	0.4138803893388187	135	0.41522544268414446	74	0.5405647724480738	
61	187	0.35182310285300467	81	0.4973125821317626	450	0.5057965811037654	
62	339	0.5946337327820768	394	0.6852871181019424	418	0.7398648973761464	
63	37	0.2580791102882078	209	0.3856543252259498	230	0.4022471440813123	
64	145	0.32434811519509793	136	0.5361610901072394	460	0.5422051789521709	
65	317	0.30923445695217056	373	0.3782306079319896	362	0.4636376315871498	
66	341	0.7820422440476857	479	0.8563804500951473	401	0.8622178707832718	
67	227	0.6446061693524165	296	0.8254206346286064	371	0.870031297444489	
68	458	0.6927855230994291	258	0.7744673591070841	392	0.9592966568004427	
69	99	0.5938217373211236	46	0.5976579124775697	329	0.6160434307304191	
70	444	0.44535222816186065	197	0.6307143590175405	27	0.6434045981209123	
71	459	0.4411891324805	293	0.44143971990562547	2	0.4543845973049664	
72	93	0.26011628757586935	181	0.2890051999257133	34	0.3643896411735908	
73	233	0.19653245362883193	187	0.2538150965001001	312	0.46050886284904763	
74	323	0.15138433566288298	135	0.44588504601111495	60	0.5405647724480738	
75	311	0.39738688249174947	134	0.42341445124371124	440	0.4322209994033	
76	268	0.5165383380404752	369	0.5345228799864816	217	0.5751610032117651	
77	343	0.1414184279246695	319	0.28880300044580676	235	0.3111905525960496	
78	130	0.5551955499485478	459	0.5618829866675525	425	0.5842906345810023	
79	404	0.5033514235525027	298	0.5656884784508717	234	0.5858570741256115	
80	143	0.1449221653304407	426	0.3450134182941921	204	0.4081157897685567	
81	313	0.408641208465195	168	0.42439068509539535	301	0.43918369370838123	
82	350	0.05634203730640359	300	0.27088852759751253	404	0.3005916183333501	
83	87	0.34945388234599606	286	0.5840414872984959	497	0.7256682993098633	
84	490	0.20056682878340207	349	0.3913185067250014	190	0.5401726285194108	
85	249	0.9163004462713937	272	0.917059043691627	92	0.9472978625900111	
86	250	0.23569002903298386	431	0.2717996102669381	464	0.3399192215979795	
87	83	0.34945388234599606	286	0.49703419734350784	122	0.5451806472897912	
88	117	0.3589616585372377	151	0.5229999700221591	369	0.5788712999034819	
89	373	0.17540921563807477	469	0.31216651028508124	467	0.40315474176505667	
90	494	0.4477401789803633	226	0.5611244401021087	112	0.5645376940110557	
91	8	0.48605240282723494	460	0.5939305421929785	318	0.6342179711049679	
92	249	0.7587242117422388	85	0.9472978625900111	152	1.220129617561006	
93	34	0.140931522793036	253	0.18913921365627562	72	0.26011628757586935	
94	124	0.24699272213123402	312	0.6558522479310397	233	0.7251406312408697	
95	11	0.2178795173718419	400	0.3378738641558686	313	0.4541043598850278	
96	229	0.31436550853598466	458	0.4385289863154446	5	0.5191671493545948	
97	465	0.12456347723096706	441	0.31975028330274485	314	0.39440692557974316	
98	472	0.29431186832457856	322	0.39514958510170833	401	0.4377398471855014	
99	169	0.469264884813692	329	0.5066124108662334	69	0.5938217373211236	
100	388	0.5309692785240268	101	0.5557979693227031	476	0.6238015776510634	
101	347	0.5551282506451293	100	0.5557979693227031	210	0.563165693992091	
102	223	0.9242856604772391	342	1.267613394392343	153	1.3422768540467618	
103	166	0.31533290015050564	357	0.37904109427734806	49	0.468940665625127	
104	238	0.28366614003913965	379	0.36353650180186103	316	0.40871038426938106	
105	326	0.595300218098304	410	0.6201425880071553	154	0.7044138882760194	
106	396	0.7883281686706787	164	0.8690881220292979	302	0.9045699724143157	
107	346	0.31033599305341125	28	0.37135557167025884	478	0.5445623695952194	
108	199	0.5683563963405843	346	0.789441905262221	267	0.9412553812237724	
109	189	0.49062449111207773	341	0.6070280107859429	263	0.6884252413160636	
110	269	0.14613009920736825	243	0.1736626625404934	363	0.1999800534507537	
111	466	0.06771642782565936	164	0.3882167034582383	151	0.6045876052559397	
112	153	0.37414382859966755	416	0.41239720470304875	262	0.4258005106756449	
113	460	0.31330054588755024	328	0.4480338224778139	8	0.49282479095810733	
114	246	0.2954835421924853	411	0.357521692914872	161	0.6163023027028183	
115	365	0.3550469506926123	494	0.35837610414663623	290	0.5763947351518754	
116	489	0.42519811564277893	437	0.4825053411713376	380	0.4894813586030131	
117	369	0.23245247606166114	88	0.3589616585372377	76	0.5849083070138424	
118	333	0.42411107041934276	45	0.44347955821411517	276	0.4746933852561031	
119	363	0.34523075184394025	325	0.43590746630718846	110	0.5330434205374338	
120	310	0.26385267426104625	391	0.3286966833572622	324	0.3796323641574509	
121	204	0.48001173343898623	426	0.507614473170976	10	0.6268562564139701	
122	294	0.3103677530133408	417	0.5119724103998254	87	0.5451806472897912	
123	214	0.248515705824302	38	0.3376566858815698	141	0.5364126027600822	
124	94	0.24699272213123402	233	0.8339157297192206	73	0.8528479134535976	
125	172	1.337436537054709	419	1.366312415697367	5	1.3823506443386042	
126	443	0.32594726603881596	301	0.37141149006389623	81	0.46589069833295255	
127	372	0.6042115091150735	495	0.6678958189608608	480	0.8360101845595992	
128	399	0.4942939899207499	39	0.5732370730296481	333	0.6012271364848882	
129	485	0.4424160400204029	300	0.586967605774047	298	0.8059932308416061	
130	245	0.2858151551378514	454	0.3887396353928285	456	0.4441305428533637	
131	397	0.5256519456034356	473	0.8435629448606283	167	0.8905037618742483	
132	47	0.3336457435609792	15	0.42825813247366906	116	0.529396936454034	
133	60	0.4138803893388187	268	0.4673870610375256	337	0.5684582645991866	
134	468	0.3107660320585893	75	0.42341445124371124	356	0.5701474905811756	
135	60	0.41522544268414446	74	0.44588504601111495	290	0.4695115644505327	
136	64	0.5361610901072394	149	0.6191737596925986	367	0.6929083049016431	
137	31	0.35441136686056607	451	0.37582955099492177	206	0.46690670333415774	
138	354	0.5602374532085012	483	1.1877083364090533	344	1.2005962917025317	
139	482	0.267939732583866	146	0.3023522521453577	414	0.8167445585151762	
140	251	0.2354865281962614	321	0.3243105199160828	216	0.4745801542806588	
141	71	0.5094706845577983	123	0.5364126027600822	214	0.6240142114308981	
142	274	0.6684704361115281	33	0.7771300796777837	359	0.9387868720737622	
143	80	0.1449221653304407	426	0.26835049968660907	16	0.3612433015811072	
144	397	0.8828874231527651	473	1.2297744782077573	131	1.2551560375749415	
145	64	0.32434811519509793	8	0.5892017215555995	460	0.6421023031233337	
146	139	0.3023522521453577	482	0.5624971525532364	78	0.7506536976061947	
147	368	0.4071264107078745	167	0.5437143082233405	65	0.6684707355428027	
148	320	0.6357867919082059	175	0.7414140860879871	490	0.7739512527975777	
149	13	0.3517040031541071	367	0.6117270458657392	136	0.6191737596925986	
150	374	0.7339909649002392	355	0.7901021108350011	48	0.7978652211113354	
151	396	0.22639530581038647	164	0.3855424306743292	88	0.5229999700221591	
152	418	0.5871517905038129	249	0.7279823666293721	146	0.7869735871251846	
153	112	0.37414382859966755	416	0.39711564698396346	279	0.4589565742576642	
154	326	0.3881529523356864	424	0.43446928099180404	341	0.5501908853710543	
155	9	0.13337688963061795	335	0.2575542558819149	35	0.5261552809194828	
156	352	0.9467763606261259	250	0.9675832802224832	86	0.996239844847194	
157	82	0.34550995161338083	350	0.36711740176287444	300	0.3771362683900875	
158	173	0.26733753046982	393	0.39337871785806455	203	0.5624075992078568	
159	309	0.3817826129946132	41	0.9928465662839591	255	0.9974884886342451	
160	208	0.24401907440663262	261	0.2805523812067813	201	0.6336436493067303	
161	191	0.5754790711071626	114	0.6163023027028183	411	0.7538789936680772	
162	20	0.39800361749220403	242	0.4051419671091915	294	0.4079728631030747	
163	429	0.3955375561698733	53	0.4421699096028222	488	0.48300711820708964	
164	396	0.33798484395114836	466	0.35066350078508074	151	0.3855424306743292	
165	435	0.1991589339693959	294	0.48346366462110835	20	0.5293128849800044	
166	49	0.27883260552162287	103	0.31533290015050564	351	0.6625076162004919	
167	307	0.39352211213925714	65	0.5403752348242002	147	0.5437143082233405	
168	81	0.42439068509539535	264	0.5046130737944007	402	0.5404511183415687	
169	99	0.469264884813692	183	0.6740958135812356	391	0.6950737945292077	
170	193	0.6894038072458101	182	0.7764476995946868	141	0.9643309068107813	
171	5	0.20718997638616177	248	0.27293581361228797	186	0.4782270291777256	
172	192	0.4282303304193168	40	0.48234757119181376	110	0.5948432352561492	
173	158	0.26733753046982	288	0.43283283558134183	393	0.4421086449000465	
174	492	0.18775889950255076	191	1.0344558400257966	150	1.0876568692506836	
175	320	0.4855791377446165	490	0.5056961836115463	0	0.5178767173187204	
176	385	0.5927392186993405	380	0.6207052014654726	116	0.7731591032228827	
177	240	0.5033046831941755	491	0.6126955417615669	415	0.7280537820737439	
178	409	0.43950152407583704	13	0.8249889377338073	216	0.8903309867070857	
179	295	0.4079359900110209	48	0.5682462304735139	374	0.8181448611129504	
180	226	0.24729065730200472	389	0.5479394417181584	342	0.5873919676503908	
181	72	0.2890051999257133	358	0.4513453065542439	63	0.5020789035805827	
182	157	0.6310872971236031	170	0.7764476995946868	297	0.9044462991817352	
183	169	0.6740958135812356	6	0.832037074653565	21	0.8406231425814336	
184	421	0.5060690961229302	38	0.6758089426467897	425	0.71896590213745	
185	288	0.15040268987470326	173	0.5049814832123054	90	0.603486332382057	
186	171	0.4782270291777256	5	0.5079389624428889	248	0.5232640571118061	
187	73	0.2538150965001001	61	0.35182310285300467	450	0.4102651516271867	
188	205	0.28070848961206635	331	0.37252739408035535	493	0.5333888340226688	
189	109	0.49062449111207773	341	0.5408676613694045	263	0.6552280649583703	
190	490	0.4737002546337871	84	0.5401726285194108	349	0.7122899466784799	
191	161	0.5754790711071626	114	0.6664815029901182	105	0.8941723871732955	
192	172	0.4282303304193168	40	0.43969111628992946	251	0.49371954240809923	
193	247	0.47677452086063954	381	0.6852519352848924	170	0.6894038072458101	
194	17	0.5738311350868656	335	0.9658381331292274	35	1.0029716411135237	
195	59	0.15695213476232908	379	0.2326661343796697	376	0.44618972262912726	
196	321	0.5056541432277053	113	0.5091411783436711	140	0.5587940607564345	
197	70	0.6307143590175405	444	0.7149871871365934	425	0.8450834912171762	
198	304	0.9198614902760979	405	1.0270072767472274	54	1.2671107465286406	
199	108	0.5683563963405843	346	0.7634045171350365	330	0.7859005970011351	
200	443	0.37718549028599635	247	0.41083871042910214	25	0.566934532631569	
201	486	0.13556957994358357	324	0.38922775152020306	310	0.45672470278736843	
202	441	0.5777099128410245	164	0.7714352174058114	465	0.7801880825222416	
203	393	0.30920060617339495	450	0.4901473316324548	158	0.5624075992078568	
204	80	0.4081157897685567	426	0.42303614433110515	143	0.42305437214675196	
205	188	0.28070848961206635	331	0.5627551385342859	493	0.5792076011678896	
206	137	0.46690670333415774	451	0.5305766493239283	31	0.5535405606371921	
207	278	0.5843761179336278	365	0.6865166141045379	18	0.7469018451845203	
208	160	0.24401907440663262	261	0.4870715531766738	201	0.6675298403253199	
209	230	0.17736496034281737	37	0.22376369045519554	63	0.3856543252259498	
210	423	0.23024293385329578	387	0.2523072926358695	347	0.38082211899236207	
211	415	0.6168969372179055	429	0.7584553168956044	284	0.827997827013304	
212	15	0.5301839837968328	132	0.5623332944066439	236	0.5775437286206297	
213	496	0.6099165247917044	332	0.657191942007173	402	0.7148679529067632	
214	123	0.248515705824302	38	0.5301667248053137	141	0.6240142114308981	
215	237	0.29487591515062767	491	0.4536206488986246	415	0.6855067257226833	
216	321	0.42703402496508214	140	0.4745801542806588	251	0.5061923999442092	
217	436	0.4200304830702279	268	0.4410050178402279	470	0.5477900624521732	
218	311	0.22963335594251738	440	0.23413792811963757	264	0.5055981022496138	
219	29	0.5085088646327819	234	0.5131729559999112	326	0.6100629644824935	
220	12	0.35883407042324095	3	0.9888595562355266	372	1.0479888315357242	
221	42	0.2989754230667999	265	0.40645397582452686	399	0.42846534563950783	
222	445	0.39347348937092624	21	0.4281867629411418	324	0.79239176084286	
223	153	0.5963588119408476	449	0.6576429412782625	416	0.7219946466471023	
224	267	0.6303967667449606	108	0.9453851575330035	206	1.2390910659477736	
225	213	0.8229957930830729	495	0.9941123927027412	70	1.1853345225488905	
226	180	0.24729065730200472	389	0.4366395997738825	494	0.49102027722429725	
227	67	0.6446061693524165	371	0.7427844917205532	392	1.0763199627479556	
228	10	0.6379101172689752	291	0.9017273545609925	16	0.9081794404784231	
229	96	0.31436550853598466	458	0.42151887530465915	435	0.5081460182880995	
230	209	0.17736496034281737	37	0.24023398674616278	63	0.4022471440813123	
231	386	0.3989025435177102	485	0.5039167213205165	282	0.5536256162207557	
232	56	0.6662236173276704	199	0.9489704994896936	108	0.9780232970319584	
233	73	0.19653245362883193	187	0.43411744165407223	312	0.45419208714995035	
234	29	0.39904942497424384	57	0.40304634071441287	327	0.43650231326646405	
235	343	0.27478626195928896	77	0.3111905525960496	261	0.5383935353441325	
236	498	0.40966804590412403	212	0.5775437286206297	285	0.5794434781104937	
237	215	0.29487591515062767	395	0.5832344154624107	411	0.614829040734194	
238	104	0.28366614003913965	379	0.3596228398749764	376	0.3857527691532804	
239	253	0.22091572156698538	2	0.26367331325525023	280	0.2894883158609155	
240	177	0.5033046831941755	51	0.5716085451995043	491	0.8489104176538858	
241	344	0.9063709271363755	318	0.9126403653629782	455	0.9298725994965049	
242	162	0.4051419671091915	20	0.5736129021222943	294	0.6970201269429024	
243	269	0.13323575607830923	110	0.1736626625404934	363	0.31502053165544064	
244	3	0.1855473876682373	312	0.8030899306000103	52	0.8088377556300727	
245	130	0.2858151551378514	459	0.30433055556357214	293	0.34337763679065586	
246	114	0.2954835421924853	411	0.3486695507502296	79	0.7090479977560517	
247	381	0.3438163084662612	200	0.41083871042910214	456	0.4611725619593638	
248	5	0.1856334493257301	171	0.27293581361228797	186	0.5232640571118061	
249	418	0.679677288441722	152	0.7279823666293721	92	0.7587242117422388	
250	431	0.2014151910252206	86	0.23569002903298386	464	0.5389251787845216	
251	140	0.2354865281962614	192	0.49371954240809923	40	0.49668379639026344	
252	33	0.4035393926321474	273	0.49388077506431227	448	0.6240141735226036	
253	34	0.11516949092238365	93	0.18913921365627562	459	0.1965135692304906	
254	18	0.4648223150328072	488	0.5332948405401188	283	0.5387166372323969	
255	324	0.6652703646983444	201	0.821921351332962	310	0.836724490073887	
256	366	0.6223252191578389	242	1.0598713893822527	286	1.0882960256414536	
257	453	0.32643332560256366	373	0.4126654904116771	469	0.43810330878587794	
258	392	0.34489362816218	121	0.7465904803169506	68	0.7744673591070841	
259	427	0.17112274938278002	467	0.20922985450345802	275	0.22217046728023407	
260	445	0.7949197968318009	222	0.9516517843071136	107	1.1282593552106637	
261	160	0.2805523812067813	408	0.4563158035612547	208	0.4870715531766738	
262	277	0.3612697881432304	112	0.4258005106756449	453	0.4984632124071076	
263	189	0.6552280649583703	109	0.6884252413160636	497	0.7429313207459644	
264	440	0.468159795842578	402	0.4775678466836948	168	0.5046130737944007	
265	42	0.2159440374320056	399	0.31832356260586103	30	0.3871851038067888	
266	476	0.06406103892263748	388	0.29971830461857357	26	0.30664536918958446	
267	224	0.6303967667449606	206	0.8228455654744632	108	0.9412553812237724	
268	217	0.4410050178402279	133	0.4673870610375256	76	0.5165383380404752	
269	243	0.13323575607830923	110	0.14613009920736825	363	0.3254194299311313	
270	447	0.9435875105351078	410	0.9463266763317538	105	1.0669139942604973	
271	422	0.24172194774674283	327	0.4521106418278611	57	0.552633808609023	
272	336	0.352042296656778	424	0.6960394244200888	410	0.7329136065508601	
273	448	0.21271780852569575	407	0.36861710859915875	275	0.3747875337587395	
274	359	0.4100445763707926	315	0.5486498771031852	33	0.5809768529428235	
275	448	0.20902319039805953	259	0.22217046728023407	467	0.3030241462372032	
276	357	0.3199733777725296	457	0.3486439309865902	333	0.4554459995495664	
277	53	0.3330431109751513	262	0.3612697881432304	467	0.398079847378058	
278	305	0.578643987682106	207	0.5843761179336278	322	0.7212822287908806	
279	153	0.4589565742576642	342	0.5288788113712757	407	0.6013363120951052	
280	93	0.2727543318602483	239	0.2894883158609155	34	0.31115157473478805	
281	355	0.4322589054807404	431	0.6055142746617501	250	0.7420167155716123	
282	298	0.2881350456661101	386	0.42803209676291615	231	0.5536256162207557	
283	305	0.29766202989002505	488	0.30472548611472966	290	0.37854196214556707	
284	472	0.2551928379522446	58	0.3706055783370872	375	0.4199298136091567	
285	406	0.15072046970280428	498	0.32988256700017016	15	0.3696139789775771	
286	87	0.49703419734350784	83	0.5840414872984959	122	0.5988650447382469	
287	75	0.4379162298861318	440	0.47925979698617527	311	0.5434059107640385	
288	185	0.15040268987470326	173	0.43283283558134183	289	0.49411364739904845	
289	436	0.3909630201096236	393	0.41804475988360495	450	0.4207380594091642	
290	283	0.37854196214556707	305	0.44083317877158007	135	0.4695115644505327	
291	10	0.6185291334722052	497	0.7584943589856612	263	0.8038026397752562	
292	340	0.7860958160860109	321	0.8211956828958289	216	0.8449996118194583	
293	34	0.14738924281551327	459	0.22803142312570415	253	0.22929087690631053	
294	122	0.3103677530133408	20	0.318128297394519	378	0.35959595486294055	
295	48	0.3910984234741176	179	0.4079359900110209	374	0.6190560517103183	
296	489	0.33752406650575545	116	0.6202264461166805	348	0.6462396513002723	
297	368	0.4005139687370929	481	0.6306454644895587	469	0.7365852701617329	
298	282	0.2881350456661101	386	0.4206764066802349	79	0.5656884784508717	
299	19	0.37356588135289	116	0.4984457857926716	206	0.6031248504566364	
300	350	0.2385703260023323	82	0.27088852759751253	404	0.3544909687580443	
301	475	0.15729618660068373	126	0.37141149006389623	81	0.43918369370838123	
302	117	0.7302687487185892	88	0.7455247922396079	473	0.7603281644264213	
303	402	0.5057328755952094	314	0.5599399047279983	465	0.6350059205910562	
304	198	0.9198614902760979	161	0.968763060725261	497	1.1029858963568313	
305	283	0.29766202989002505	375	0.38865320982609614	290	0.44083317877158007	
306	25	0.3270713318369203	439	0.41488367196167286	39	0.5489439523100664	
307	167	0.39352211213925714	76	0.611127531207063	317	0.6226709647651353	
308	383	0.31160417700764587	388	0.480095430367184	361	0.4988342536917518	
309	159	0.3817826129946132	41	0.8582033050919066	382	1.1893582006709869	
310	324	0.1809910574541263	120	0.26385267426104625	486	0.3547848365092626	
311	440	0.10800623498023988	218	0.22963335594251738	75	0.39738688249174947	
312	233	0.45419208714995035	73	0.46050886284904763	400	0.47916271133639815	
313	11	0.3395965493417716	400	0.3652942492145796	81	0.408641208465195	
314	465	0.3574335983197876	97	0.39440692557974316	441	0.5498193384763862	
315	274	0.5486498771031852	359	0.5768257503209543	412	0.6627273262068092	
316	104	0.40871038426938106	59	0.4841555474320833	195	0.4857685112326158	
317	65	0.30923445695217056	373	0.4693356147210241	257	0.48293332612649353	
318	455	0.2815524690878306	387	0.6289706778869038	91	0.6342179711049679	
319	461	0.2840411084208989	77	0.28880300044580676	22	0.3467127419312177	
320	175	0.4855791377446165	148	0.6357867919082059	273	0.6718532055960884	
321	140	0.3243105199160828	216	0.42703402496508214	251	0.49998005942711343	
322	401	0.3041321786743887	472	0.36627204233913346	98	0.39514958510170833	
323	74	0.15138433566288298	481	0.5289731253786374	135	0.539047286075367	
324	310	0.1809910574541263	486	0.3290204579128146	120	0.3796323641574509	
325	44	0.33973247190268396	455	0.4303530212101219	119	0.43590746630718846	
326	341	0.3441025487234276	154	0.3881529523356864	105	0.595300218098304	
327	404	0.3625428047612575	422	0.37539545684388687	57	0.4081760620529137	
328	417	0.44392900926013945	113	0.4480338224778139	460	0.5477933495044272	
329	398	0.32096139827346293	99	0.5066124108662334	391	0.5364762965623783	
330	208	0.71140660843419	107	0.7598503289480482	346	0.7634174209869576	
331	188	0.37252739408035535	7	0.4769633671094468	205	0.5627551385342859	
332	496	0.09658445277120457	444	0.5468917009674109	39	0.6150284178710845	
333	118	0.42411107041934276	276	0.4554459995495664	128	0.6012271364848882	
334	483	0.6213070630642934	100	0.960244693744192	105	0.9853297435363519	
335	155	0.2575542558819149	35	0.34710222732391943	9	0.38523621987835455	
336	272	0.352042296656778	410	0.4136232537474653	424	0.7556973565220076	
337	25	0.4163457701700795	133	0.5684582645991866	30	0.628250815944661	
338	454	0.16694047153407282	358	0.3435871447131768	414	0.3595366269749484	
339	62	0.5946337327820768	424	0.8921936700767338	272	0.8927196453740351	
340	409	0.6160713505869179	149	0.7692564472526502	292	0.7860958160860109	
341	326	0.3441025487234276	189	0.5408676613694045	154	0.5501908853710543	
342	389	0.4749363691613814	226	0.5051232483003695	279	0.5288788113712757	
343	77	0.1414184279246695	235	0.27478626195928896	461	0.2893323499606008	
344	347	0.33177536824384307	387	0.4628781355792405	210	0.5735266105524247	
345	214	1.257292747458313	123	1.3438946536128455	421	1.54116518783814	
346	107	0.31033599305341125	28	0.3971825067557244	478	0.45445634966314485	
347	344	0.33177536824384307	210	0.38082211899236207	387	0.4232043200946464	
348	22	0.2209696109357586	463	0.4422780246238345	319	0.5063636988784341	
349	84	0.3913185067250014	449	0.566743160791572	490	0.5704375189006422	
350	82	0.05634203730640359	300	0.2385703260023323	404	0.2517101198596018	
351	393	0.5579328991174383	470	0.5953976854185326	133	0.6427585114412585	
352	156	0.9467763606261259	286	1.0576757968375026	250	1.073409686894112	
353	480	0.6491213272138873	127	0.8362065961957051	12	1.0548949206506035	
354	138	0.5602374532085012	68	1.2761364438348044	377	1.3255347651465823	
355	281	0.4322589054807404	446	0.7070233142195066	150	0.7901021108350011	
356	468	0.35466815267494056	134	0.5701474905811756	205	0.5949170720922589	
357	457	0.10115506430964695	276	0.3199733777725296	103	0.37904109427734806	
358	414	0.22065907717276323	338	0.3435871447131768	454	0.3481906571101098	
359	274	0.4100445763707926	163	0.49532195165125714	429	0.526308208477361	
360	471	0.40138489832709395	16	0.40761044305113797	390	0.4857274401320957	
361	417	0.33907722959090425	383	0.4968529860349389	308	0.4988342536917518	
362	65	0.4636376315871498	175	0.5738480474811042	0	0.5742821684727534	
363	110	0.1999800534507537	243	0.31502053165544064	269	0.3254194299311313	
364	134	0.796740673725658	468	0.807335283270678	244	0.985385245378669	
365	115	0.3550469506926123	290	0.5886145632708566	207	0.6865166141045379	
366	256	0.6223252191578389	165	0.7372160733617985	242	0.7997854419645142	
367	464	0.5467037809565083	196	0.6084333912709335	149	0.6117270458657392	
368	297	0.4005139687370929	147	0.4071264107078745	65	0.6216503690200029	
369	117	0.23245247606166114	76	0.5345228799864816	88	0.5788712999034819	
370	296	0.7802428376223765	235	0.7916239283843459	489	0.8108499247900809	
371	227	0.7427844917205532	67	0.870031297444489	55	1.2223038273410611	
372	127	0.6042115091150735	402	0.7101033842360923	480	0.7713767263644103	
373	89	0.17540921563807477	469	0.3087621786864581	65	0.3782306079319896	
374	48	0.25538275080821826	295	0.6190560517103183	100	0.6730426097257497	
375	305	0.38865320982609614	284	0.4199298136091567	472	0.46068806257460876	
376	238	0.3857527691532804	379	0.4178641979475381	104	0.44404760754199496	
377	339	1.1769468048447795	62	1.2049045532723903	138	1.2595107143814972	
378	20	0.20308880603546817	294	0.35959595486294055	243	0.40650689473823626	
379	195	0.2326661343796697	59	0.2360745344069377	238	0.3596228398749764	
380	116	0.4894813586030131	385	0.5853961317958004	176	0.6207052014654726	
381	247	0.3438163084662612	456	0.3797304335071624	474	0.40455021776550154	
382	41	0.7553530820260741	255	0.9475359710846167	445	0.9721966607938268	
383	26	0.2632250663543687	308	0.31160417700764587	388	0.368767185829959	
384	221	1.0584915448401042	230	1.19295032672809	462	1.2589928314343122	
385	380	0.5853961317958004	176	0.5927392186993405	296	0.8500255868671414	
386	231	0.3989025435177102	298	0.4206764066802349	282	0.42803209676291615	
387	210	0.2523072926358695	423	0.28706593458220303	347	0.4232043200946464	
388	266	0.29971830461857357	476	0.313817683334685	26	0.350526137242073	
389	18	0.2833863829536739	226	0.4366395997738825	342	0.4749363691613814	
390	16	0.2808713778119865	484	0.3080590492432067	47	0.3232087268960976	
391	120	0.3286966833572622	310	0.4042456910291167	324	0.4680110889428552	
392	258	0.34489362816218	204	0.625173385757494	121	0.6762817455187549	
393	203	0.30920060617339495	158	0.39337871785806455	289	0.41804475988360495	
394	430	0.2882547827684101	72	0.4026114856400204	93	0.489986738093088	
395	58	0.40004610062184837	422	0.5613420877718898	237	0.5832344154624107	
396	151	0.22639530581038647	164	0.33798484395114836	88	0.6401184450384209	
397	473	0.4940302080058936	131	0.5256519456034356	144	0.8828874231527651	
398	1	0.294974904229194	329	0.32096139827346293	120	0.588818318891302	
399	265	0.31832356260586103	221	0.42846534563950783	42	0.4369677582875798	
400	95	0.3378738641558686	313	0.3652942492145796	11	0.41872208081445705	
401	322	0.3041321786743887	58	0.40448821786288686	472	0.41866561765440147	
402	264	0.4775678466836948	303	0.5057328755952094	168	0.5404511183415687	
403	419	0.6894077187132884	169	0.7486030685234205	96	0.771539467994215	
404	350	0.2517101198596018	82	0.3005916183333501	300	0.3544909687580443	
405	274	0.7215379700629668	315	0.843676262950325	359	0.9285154340176032	
406	285	0.15072046970280428	498	0.3645144310324741	15	0.48273530813287907	
407	448	0.3578469127260009	273	0.36861710859915875	153	0.4750451569643197	
408	261	0.4563158035612547	461	0.49384181353783485	343	0.5069820739041021	
409	178	0.43950152407583704	13	0.6040680131194737	340	0.6160713505869179	
410	336	0.4136232537474653	105	0.6201425880071553	272	0.7329136065508601	
411	246	0.3486695507502296	114	0.357521692914872	491	0.5215207225784765	
412	438	0.5263287387841757	163	0.5385260227258925	315	0.6627273262068092	
413	0	0.5478697528056834	175	0.555196260387329	438	0.5942255076955115	
414	358	0.22065907717276323	454	0.3572569446410006	338	0.3595366269749484	
415	491	0.47867333379791976	211	0.6168969372179055	215	0.6855067257226833	
416	153	0.39711564698396346	112	0.41239720470304875	50	0.47146682370659776	
417	361	0.33907722959090425	328	0.44392900926013945	122	0.5119724103998254	
418	430	0.5362074395559677	152	0.5871517905038129	249	0.679677288441722	
419	403	0.6894077187132884	169	0.7894457143897005	258	1.0968790440556746	
420	23	0.3576695828551849	323	0.5507108186230577	74	0.5846178991968588	
421	425	0.37113824119923444	184	0.5060690961229302	78	0.7957134228589147	
422	271	0.24172194774674283	327	0.37539545684388687	57	0.5370674777936271	
423	210	0.23024293385329578	387	0.28706593458220303	432	0.4200084509255854	
424	154	0.43446928099180404	272	0.6960394244200888	326	0.7258060657779922	
425	421	0.37113824119923444	78	0.5842906345810023	214	0.6397348115926521	
426	143	0.26835049968660907	46	0.32953695369434194	80	0.3450134182941921	
427	259	0.17112274938278002	453	0.1828830641234452	467	0.21891082232471232	
428	429	0.4193652548434864	488	0.42070028763090117	305	0.4694346594157883	
429	488	0.3567407936458266	163	0.3955375561698733	428	0.4193652548434864	
430	394	0.2882547827684101	93	0.3460016353230921	280	0.35471208694381096	
431	250	0.2014151910252206	86	0.2717996102669381	464	0.44968481167656976	
432	423	0.4200084509255854	387	0.5933256717222193	210	0.6464291363120249	
433	57	0.22651138086338504	442	0.2540471634117303	181	0.5514279283936013	
434	315	0.9072602485401199	274	0.9798488975722263	405	1.17974826839605	
435	165	0.1991589339693959	229	0.5081460182880995	20	0.5083090155939112	
436	289	0.3909630201096236	217	0.4200304830702279	288	0.548456000927016	
437	116	0.4825053411713376	489	0.49273611462995703	22	0.4972474435308752	
438	412	0.5263287387841757	413	0.5942255076955115	175	0.6765709546015503	
439	25	0.29008028033937977	306	0.41488367196167286	247	0.5284363436131411	
440	311	0.10800623498023988	218	0.23413792811963757	75	0.4322209994033	
441	465	0.2631758215156481	97	0.31975028330274485	314	0.5498193384763862	
442	433	0.2540471634117303	57	0.41728512888778185	63	0.4345786068539605	
443	126	0.32594726603881596	200	0.37718549028599635	301	0.5228128547505579	
444	70	0.44535222816186065	332	0.5468917009674109	97	0.5713008251735544	
445	222	0.39347348937092624	21	0.6459572834395733	201	0.6813926316022639	
446	355	0.7070233142195066	150	0.8228824426780937	83	0.855446081947641	
447	282	0.5794847296803795	59	0.7603745508464516	386	0.7683424744857154	
448	275	0.20902319039805953	273	0.21271780852569575	259	0.27603909558293754	
449	50	0.4572109896142659	349	0.566743160791572	416	0.5994872785941285	
450	187	0.4102651516271867	289	0.4207380594091642	203	0.4901473316324548	
451	31	0.2616618433008924	137	0.37582955099492177	499	0.42333000226195205	
452	45	0.6016476030294022	134	0.6226857644593798	356	0.6322125904546763	
453	427	0.1828830641234452	467	0.2045575356981271	259	0.3008416701607065	
454	338	0.16694047153407282	358	0.3481906571101098	414	0.3572569446410006	
455	318	0.2815524690878306	325	0.4303530212101219	387	0.5132208970496702	
456	381	0.3797304335071624	245	0.4293312695931498	130	0.4441305428533637	
457	357	0.10115506430964695	276	0.3486439309865902	103	0.475068338449801	
458	229	0.42151887530465915	96	0.4385289863154446	5	0.6803691274236668	
459	253	0.1965135692304906	34	0.19935647799247647	293	0.22803142312570415	
460	113	0.31330054588755024	8	0.3939683905834875	64	0.5422051789521709	
461	319	0.2840411084208989	343	0.2893323499606008	77	0.31931778813607015	
462	49	1.1432876113491826	45	1.1851229413629432	166	1.2247924917854007	
463	22	0.3588623959067959	487	0.36507854518872734	348	0.4422780246238345	
464	86	0.3399192215979795	431	0.44968481167656976	250	0.5389251787845216	
465	97	0.12456347723096706	441	0.2631758215156481	314	0.3574335983197876	
466	111	0.06771642782565936	164	0.35066350078508074	151	0.5987921895470795	
467	453	0.2045575356981271	259	0.20922985450345802	427	0.21891082232471232	
468	134	0.3107660320585893	356	0.35466815267494056	75	0.5959525956916861	
469	481	0.26204494045730603	373	0.3087621786864581	89	0.31216651028508124	
470	217	0.5477900624521732	494	0.589217678296649	351	0.5953976854185326	
471	360	0.40138489832709395	47	0.5491382258965143	15	0.571469460948477	
472	284	0.2551928379522446	98	0.29431186832457856	322	0.36627204233913346	
473	397	0.4940302080058936	88	0.6344462672942267	117	0.6673222766718352	
474	381	0.40455021776550154	442	0.5578300043520941	271	0.5987078631009114	
475	301	0.15729618660068373	126	0.4769961772873538	443	0.5828893744980326	
476	266	0.06406103892263748	388	0.313817683334685	26	0.3632324222374826	
477	26	0.5954631600451392	435	0.6708192039386591	458	0.6864857937261686	
478	28	0.22080514388760097	346	0.45445634966314485	31	0.5254788206090301	
479	209	0.6475849068597906	219	0.6574357140001367	341	0.7228659652404902	
480	353	0.6491213272138873	264	0.7317082739111407	372	0.7713767263644103	
481	469	0.26204494045730603	373	0.49075897236519933	65	0.5258952854717401	
482	139	0.267939732583866	146	0.5624971525532364	27	0.887122267885939	
483	334	0.6213070630642934	101	0.6670041253529503	100	0.7380448491482247	
484	390	0.3080590492432067	16	0.5104363783869071	360	0.5392597804695577	
485	129	0.4424160400204029	231	0.5039167213205165	300	0.6033730468758955	
486	201	0.13556957994358357	324	0.3290204579128146	310	0.3547848365092626	
487	463	0.36507854518872734	391	0.49975905477703214	80	0.5791507353100552	
488	283	0.30472548611472966	429	0.3567407936458266	53	0.3857423110069907	
489	296	0.33752406650575545	116	0.42519811564277893	437	0.49273611462995703	
490	84	0.20056682878340207	190	0.4737002546337871	175	0.5056961836115463	
491	215	0.4536206488986246	415	0.47867333379791976	411	0.5215207225784765	
492	174	0.18775889950255076	150	0.9544911435528532	191	1.1005230924499059	
493	188	0.5333888340226688	205	0.5792076011678896	203	0.7090349664545316	
494	115	0.35837610414663623	90	0.4477401789803633	226	0.49102027722429725	
495	127	0.6678958189608608	303	0.8445434612245664	372	0.9349947872956903	
496	332	0.09658445277120457	39	0.5858424157868695	444	0.5876641464629047	
497	87	0.5738613446288882	83	0.7256682993098633	263	0.7429313207459644	
498	285	0.32988256700017016	406	0.3645144310324741	236	0.40966804590412403	
499	31	0.2756613986857548	451	0.42333000226195205	206	0.5681618583171311	
