0	8	0	8	1.0
0	77	0	77	1.0
0	31	0	31	1.0
0	66	0	66	1.0
0	2	0	2	1.0
0	42	0	42	1.0
0	99	0	99	1.0
0	82	0	82	1.0
0	32	0	32	1.0
0	57	0	57	1.0
1	87	1	87	1.0
1	20	1	20	1.0
1	89	1	89	1.0
1	56	1	56	1.0
1	19	1	19	1.0
1	61	1	61	1.0
1	38	1	38	1.0
1	25	1	25	1.0
1	65	1	65	1.0
1	27	1	27	1.0
2	42	2	42	1.0
2	31	2	31	1.0
2	99	2	99	1.0
2	57	2	57	1.0
2	0	2	0	1.0
2	77	2	77	1.0
2	90	2	90	1.0
2	51	2	51	1.0
2	8	2	8	1.0
2	32	2	32	1.0
3	70	3	70	1.0
3	26	3	26	1.0
3	59	3	59	1.0
3	14	3	14	1.0
3	96	3	96	1.0
3	88	3	88	1.0
3	44	3	44	1.0
3	54	3	54	1.0
3	92	3	92	1.0
3	86	3	86	1.0
4	21	4	21	1.0
4	6	4	6	1.0
4	63	4	63	1.0
4	38	4	38	1.0
4	27	4	27	1.0
4	19	4	19	1.0
4	65	4	65	1.0
4	20	4	20	1.0
4	56	4	56	1.0
4	5	4	5	1.0
5	49	5	49	1.0
5	25	5	25	1.0
5	89	5	89	1.0
5	38	5	38	1.0
5	19	5	19	1.0
5	20	5	20	1.0
5	56	5	56	1.0
5	61	5	61	1.0
5	65	5	65	1.0
5	87	5	87	1.0
6	63	6	63	1.0
6	27	6	27	1.0
6	65	6	65	1.0
6	21	6	21	1.0
6	10	6	10	1.0
6	19	6	19	1.0
6	56	6	56	1.0
6	87	6	87	1.0
6	61	6	61	1.0
6	38	6	38	1.0
7	93	7	93	1.0
7	9	7	9	1.0
7	58	7	58	1.0
7	30	7	30	1.0
7	75	7	75	1.0
7	67	7	67	1.0
7	88	7	88	1.0
7	24	7	24	1.0
7	73	7	73	1.0
8	66	8	66	1.0
8	77	8	77	1.0
8	0	8	0	1.0
8	31	8	31	1.0
8	32	8	32	1.0
8	99	8	99	1.0
8	18	8	18	1.0
8	90	8	90	1.0
8	22	8	22	1.0
8	2	8	2	1.0
9	58	9	58	1.0
9	75	9	75	1.0
9	93	9	93	1.0
9	30	9	30	1.0
9	7	9	7	1.0
9	73	9	73	1.0
9	29	9	29	1.0
9	64	9	64	1.0
9	13	9	13	1.0
9	84	9	84	1.0
10	50	10	50	1.0
10	27	10	27	1.0
10	63	10	63	1.0
10	6	10	6	1.0
10	65	10	65	1.0
10	87	10	87	1.0
10	56	10	56	1.0
10	61	10	61	1.0
10	19	10	19	1.0
10	55	10	55	1.0
11	40	11	40	1.0
11	48	11	48	1.0
11	46	11	46	1.0
11	52	11	52	1.0
11	16	11	16	1.0
11	78	11	78	1.0
11	53	11	53	1.0
11	28	11	28	1.0
11	98	11	98	1.0
11	41	11	41	1.0
12	43	12	43	1.0
12	80	12	80	1.0
12	33	12	33	1.0
12	91	12	91	1.0
12	69	12	69	1.0
12	17	12	17	1.0
12	29	12	29	1.0
12	64	12	64	1.0
12	72	12	72	1.0
12	13	12	13	1.0
13	84	13	84	1.0
13	64	13	64	1.0
13	29	13	29	1.0
13	39	13	39	1.0
13	43	13	43	1.0
13	91	13	91	1.0
13	23	13	23	1.0
13	33	13	33	1.0
13	30	13	30	1.0
13	92	13	92	1.0
14	70	14	70	1.0
14	23	14	23	1.0
14	39	14	39	1.0
14	3	14	3	1.0
14	92	14	92	1.0
14	69	14	69	1.0
14	26	14	26	1.0
14	81	14	81	1.0
14	54	14	54	1.0
14	88	14	88	1.0
15	98	15	98	1.0
15	46	15	46	1.0
15	16	15	16	1.0
15	40	15	40	1.0
15	48	15	48	1.0
15	35	15	35	1.0
15	94	15	94	1.0
15	53	15	53	1.0
15	79	15	79	1.0
16	46	16	46	1.0
16	40	16	40	1.0
16	11	16	11	1.0
16	48	16	48	1.0
16	15	16	15	1.0
16	98	16	98	1.0
16	79	16	79	1.0
16	52	16	52	1.0
16	53	16	53	1.0
16	34	16	34	1.0
17	43	17	43	1.0
17	33	17	33	1.0
17	30	17	30	1.0
17	72	17	72	1.0
17	29	17	29	1.0
17	67	17	67	1.0
17	64	17	64	1.0
17	69	17	69	1.0
17	24	17	24	1.0
17	75	17	75	1.0
18	36	18	36	1.0
18	71	18	71	1.0
18	8	18	8	1.0
18	32	18	32	1.0
18	66	18	66	1.0
18	77	18	77	1.0
18	22	18	22	1.0
18	82	18	82	1.0
18	90	18	90	1.0
18	83	18	83	1.0
19	38	19	38	1.0
19	56	19	56	1.0
19	87	19	87	1.0
19	20	19	20	1.0
19	61	19	61	1.0
19	65	19	65	1.0
19	1	19	1	1.0
19	89	19	89	1.0
19	63	19	63	1.0
19	27	19	27	1.0
20	38	20	38	1.0
20	89	20	89	1.0
20	25	20	25	1.0
20	19	20	19	1.0
20	1	20	1	1.0
20	87	20	87	1.0
20	56	20	56	1.0
20	61	20	61	1.0
20	5	20	5	1.0
20	65	20	65	1.0
21	6	21	6	1.0
21	63	21	63	1.0
21	4	21	4	1.0
21	65	21	65	1.0
21	27	21	27	1.0
21	19	21	19	1.0
21	56	21	56	1.0
21	38	21	38	1.0
21	61	21	61	1.0
21	10	21	10	1.0
22	71	22	71	1.0
22	66	22	66	1.0
22	8	22	8	1.0
22	0	22	0	1.0
22	18	22	18	1.0
22	82	22	82	1.0
22	77	22	77	1.0
22	83	22	83	1.0
22	31	22	31	1.0
22	32	22	32	1.0
23	39	23	39	1.0
23	92	23	92	1.0
23	14	23	14	1.0
23	13	23	13	1.0
23	70	23	70	1.0
23	84	23	84	1.0
23	64	23	64	1.0
23	69	23	69	1.0
23	3	23	3	1.0
23	91	23	91	1.0
24	67	24	67	1.0
24	88	24	88	1.0
24	30	24	30	1.0
24	93	24	93	1.0
24	86	24	86	1.0
24	59	24	59	1.0
24	69	24	69	1.0
24	33	24	33	1.0
24	43	24	43	1.0
24	26	24	26	1.0
25	89	25	89	1.0
25	20	25	20	1.0
25	38	25	38	1.0
25	5	25	5	1.0
25	1	25	1	1.0
25	19	25	19	1.0
25	87	25	87	1.0
25	56	25	56	1.0
25	61	25	61	1.0
25	49	25	49	1.0
26	44	26	44	1.0
26	3	26	3	1.0
26	54	26	54	1.0
26	86	26	86	1.0
26	59	26	59	1.0
26	70	26	70	1.0
26	96	26	96	1.0
26	88	26	88	1.0
26	14	26	14	1.0
26	47	26	47	1.0
27	63	27	63	1.0
27	10	27	10	1.0
27	6	27	6	1.0
27	87	27	87	1.0
27	19	27	19	1.0
27	50	27	50	1.0
27	65	27	65	1.0
27	56	27	56	1.0
27	38	27	38	1.0
27	61	27	61	1.0
28	85	28	85	1.0
28	11	28	11	1.0
28	46	28	46	1.0
28	53	28	53	1.0
28	79	28	79	1.0
28	40	28	40	1.0
28	62	28	62	1.0
28	35	28	35	1.0
28	16	28	16	1.0
28	52	28	52	1.0
29	64	29	64	1.0
29	13	29	13	1.0
29	84	29	84	1.0
29	43	29	43	1.0
29	33	29	33	1.0
29	30	29	30	1.0
29	75	29	75	1.0
29	9	29	9	1.0
29	91	29	91	1.0
29	58	29	58	1.0
30	93	30	93	1.0
30	64	30	64	1.0
30	67	30	67	1.0
30	58	30	58	1.0
30	29	30	29	1.0
30	9	30	9	1.0
30	43	30	43	1.0
30	33	30	33	1.0
30	13	30	13	1.0
30	24	30	24	1.0
31	77	31	77	1.0
31	99	31	99	1.0
31	57	31	57	1.0
31	2	31	2	1.0
31	90	31	90	1.0
31	0	31	0	1.0
31	32	31	32	1.0
31	8	31	8	1.0
31	42	31	42	1.0
31	66	31	66	1.0
32	90	32	90	1.0
32	77	32	77	1.0
32	31	32	31	1.0
32	57	32	57	1.0
32	8	32	8	1.0
32	99	32	99	1.0
32	18	32	18	1.0
32	82	32	82	1.0
32	0	32	0	1.0
32	66	32	66	1.0
33	43	33	43	1.0
33	69	33	69	1.0
33	64	33	64	1.0
33	29	33	29	1.0
33	13	33	13	1.0
33	30	33	30	1.0
33	91	33	91	1.0
33	39	33	39	1.0
33	84	33	84	1.0
33	23	33	23	1.0
34	48	34	48	1.0
34	97	34	97	1.0
34	98	34	98	1.0
34	40	34	40	1.0
34	16	34	16	1.0
34	11	34	11	1.0
34	15	34	15	1.0
34	46	34	46	1.0
34	52	34	52	1.0
34	78	34	78	1.0
35	53	35	53	1.0
35	94	35	94	1.0
35	85	35	85	1.0
35	79	35	79	1.0
35	46	35	46	1.0
35	98	35	98	1.0
35	40	35	40	1.0
35	15	35	15	1.0
35	48	35	48	1.0
35	41	35	41	1.0
36	18	36	18	1.0
36	71	36	71	1.0
36	32	36	32	1.0
36	83	36	83	1.0
36	77	36	77	1.0
36	8	36	8	1.0
36	82	36	82	1.0
36	90	36	90	1.0
37	16	37	16	1.0
38	19	38	19	1.0
38	20	38	20	1.0
38	87	38	87	1.0
38	56	38	56	1.0
38	89	38	89	1.0
38	25	38	25	1.0
38	61	38	61	1.0
38	1	38	1	1.0
38	65	38	65	1.0
38	5	38	5	1.0
39	23	39	23	1.0
39	13	39	13	1.0
39	92	39	92	1.0
39	14	39	14	1.0
39	84	39	84	1.0
39	91	39	91	1.0
39	64	39	64	1.0
39	69	39	69	1.0
39	33	39	33	1.0
39	70	39	70	1.0
40	48	40	48	1.0
40	11	40	11	1.0
40	46	40	46	1.0
40	53	40	53	1.0
40	98	40	98	1.0
40	16	40	16	1.0
40	78	40	78	1.0
40	41	40	41	1.0
40	35	40	35	1.0
40	15	40	15	1.0
41	78	41	78	1.0
41	48	41	48	1.0
41	53	41	53	1.0
41	40	41	40	1.0
41	11	41	11	1.0
41	97	41	97	1.0
41	98	41	98	1.0
41	35	41	35	1.0
41	46	41	46	1.0
41	94	41	94	1.0
42	2	42	2	1.0
42	99	42	99	1.0
42	31	42	31	1.0
42	57	42	57	1.0
42	0	42	0	1.0
42	77	42	77	1.0
42	90	42	90	1.0
42	8	42	8	1.0
42	66	42	66	1.0
42	51	42	51	1.0
43	33	43	33	1.0
43	64	43	64	1.0
43	69	43	69	1.0
43	29	43	29	1.0
43	13	43	13	1.0
43	30	43	30	1.0
43	84	43	84	1.0
43	91	43	91	1.0
43	39	43	39	1.0
43	23	43	23	1.0
44	54	44	54	1.0
44	26	44	26	1.0
44	86	44	86	1.0
44	3	44	3	1.0
44	59	44	59	1.0
44	96	44	96	1.0
44	70	44	70	1.0
44	47	44	47	1.0
44	95	44	95	1.0
44	88	44	88	1.0
45	76	45	76	1.0
45	68	45	68	1.0
45	47	45	47	1.0
45	59	45	59	1.0
45	95	45	95	1.0
45	88	45	88	1.0
45	26	45	26	1.0
46	16	46	16	1.0
46	40	46	40	1.0
46	53	46	53	1.0
46	11	46	11	1.0
46	79	46	79	1.0
46	48	46	48	1.0
46	98	46	98	1.0
46	15	46	15	1.0
46	35	46	35	1.0
46	85	46	85	1.0
47	95	47	95	1.0
47	45	47	45	1.0
47	59	47	59	1.0
47	86	47	86	1.0
47	26	47	26	1.0
47	44	47	44	1.0
47	76	47	76	1.0
47	88	47	88	1.0
48	40	48	40	1.0
48	11	48	11	1.0
48	98	48	98	1.0
48	46	48	46	1.0
48	78	48	78	1.0
48	53	48	53	1.0
48	16	48	16	1.0
48	34	48	34	1.0
48	41	48	41	1.0
48	97	48	97	1.0
49	5	49	5	1.0
49	61	49	61	1.0
49	65	49	65	1.0
49	56	49	56	1.0
49	19	49	19	1.0
49	89	49	89	1.0
49	38	49	38	1.0
49	25	49	25	1.0
49	87	49	87	1.0
49	20	49	20	1.0
50	10	50	10	1.0
50	27	50	27	1.0
50	63	50	63	1.0
50	87	50	87	1.0
50	6	50	6	1.0
50	56	50	56	1.0
50	55	50	55	1.0
50	65	50	65	1.0
50	61	50	61	1.0
50	1	50	1	1.0
51	2	51	2	1.0
51	42	51	42	1.0
51	0	51	0	1.0
51	31	51	31	1.0
51	57	51	57	1.0
51	99	51	99	1.0
51	77	51	77	1.0
51	8	51	8	1.0
51	82	51	82	1.0
51	90	51	90	1.0
52	11	52	11	1.0
52	16	52	16	1.0
52	40	52	40	1.0
52	46	52	46	1.0
52	48	52	48	1.0
52	28	52	28	1.0
52	34	52	34	1.0
52	78	52	78	1.0
53	35	53	35	1.0
53	40	53	40	1.0
53	46	53	46	1.0
53	85	53	85	1.0
53	79	53	79	1.0
53	98	53	98	1.0
53	94	53	94	1.0
53	48	53	48	1.0
53	41	53	41	1.0
53	11	53	11	1.0
54	44	54	44	1.0
54	26	54	26	1.0
54	86	54	86	1.0
54	3	54	3	1.0
54	70	54	70	1.0
54	59	54	59	1.0
54	96	54	96	1.0
54	14	54	14	1.0
54	88	54	88	1.0
54	24	54	24	1.0
55	27	55	27	1.0
55	87	55	87	1.0
55	20	55	20	1.0
55	1	55	1	1.0
55	50	55	50	1.0
55	63	55	63	1.0
55	19	55	19	1.0
55	38	55	38	1.0
55	10	55	10	1.0
55	56	55	56	1.0
56	61	56	61	1.0
56	87	56	87	1.0
56	19	56	19	1.0
56	65	56	65	1.0
56	38	56	38	1.0
56	1	56	1	1.0
56	20	56	20	1.0
56	63	56	63	1.0
56	89	56	89	1.0
56	27	56	27	1.0
57	99	57	99	1.0
57	90	57	90	1.0
57	31	57	31	1.0
57	2	57	2	1.0
57	42	57	42	1.0
57	77	57	77	1.0
57	32	57	32	1.0
57	0	57	0	1.0
57	8	57	8	1.0
57	66	57	66	1.0
58	9	58	9	1.0
58	93	58	93	1.0
58	73	58	73	1.0
58	30	58	30	1.0
58	75	58	75	1.0
58	7	58	7	1.0
58	64	58	64	1.0
58	92	58	92	1.0
58	29	58	29	1.0
58	13	58	13	1.0
59	88	59	88	1.0
59	26	59	26	1.0
59	3	59	3	1.0
59	86	59	86	1.0
59	44	59	44	1.0
59	47	59	47	1.0
59	45	59	45	1.0
59	54	59	54	1.0
59	95	59	95	1.0
59	70	59	70	1.0
60	66	60	66	1.0
60	99	60	99	1.0
60	8	60	8	1.0
60	42	60	42	1.0
60	31	60	31	1.0
60	77	60	77	1.0
60	18	60	18	1.0
60	0	60	0	1.0
60	57	60	57	1.0
61	56	61	56	1.0
61	65	61	65	1.0
61	87	61	87	1.0
61	19	61	19	1.0
61	1	61	1	1.0
61	38	61	38	1.0
61	89	61	89	1.0
61	20	61	20	1.0
61	63	61	63	1.0
61	49	61	49	1.0
62	79	62	79	1.0
62	85	62	85	1.0
62	28	62	28	1.0
62	46	62	46	1.0
62	16	62	16	1.0
62	35	62	35	1.0
62	53	62	53	1.0
62	37	62	37	1.0
62	11	62	11	1.0
63	27	63	27	1.0
63	6	63	6	1.0
63	65	63	65	1.0
63	10	63	10	1.0
63	19	63	19	1.0
63	87	63	87	1.0
63	56	63	56	1.0
63	38	63	38	1.0
63	61	63	61	1.0
63	21	63	21	1.0
64	29	64	29	1.0
64	13	64	13	1.0
64	43	64	43	1.0
64	84	64	84	1.0
64	33	64	33	1.0
64	30	64	30	1.0
64	39	64	39	1.0
64	69	64	69	1.0
64	23	64	23	1.0
64	91	64	91	1.0
65	56	65	56	1.0
65	61	65	61	1.0
65	19	65	19	1.0
65	87	65	87	1.0
65	63	65	63	1.0
65	6	65	6	1.0
65	27	65	27	1.0
65	38	65	38	1.0
65	10	65	10	1.0
65	1	65	1	1.0
66	8	66	8	1.0
66	77	66	77	1.0
66	0	66	0	1.0
66	31	66	31	1.0
66	18	66	18	1.0
66	99	66	99	1.0
66	32	66	32	1.0
66	22	66	22	1.0
66	42	66	42	1.0
66	2	66	2	1.0
67	24	67	24	1.0
67	30	67	30	1.0
67	93	67	93	1.0
67	88	67	88	1.0
67	33	67	33	1.0
67	7	67	7	1.0
67	69	67	69	1.0
67	43	67	43	1.0
67	64	67	64	1.0
67	86	67	86	1.0
68	45	68	45	1.0
68	96	68	96	1.0
68	76	68	76	1.0
68	59	68	59	1.0
68	47	68	47	1.0
68	26	68	26	1.0
68	3	68	3	1.0
69	33	69	33	1.0
69	43	69	43	1.0
69	64	69	64	1.0
69	39	69	39	1.0
69	23	69	23	1.0
69	91	69	91	1.0
69	13	69	13	1.0
69	29	69	29	1.0
69	30	69	30	1.0
69	80	69	80	1.0
70	14	70	14	1.0
70	3	70	3	1.0
70	23	70	23	1.0
70	92	70	92	1.0
70	26	70	26	1.0
70	39	70	39	1.0
70	81	70	81	1.0
70	54	70	54	1.0
70	96	70	96	1.0
70	88	70	88	1.0
71	22	71	22	1.0
71	18	71	18	1.0
71	36	71	36	1.0
71	8	71	8	1.0
71	82	71	82	1.0
71	66	71	66	1.0
71	83	71	83	1.0
71	77	71	77	1.0
71	0	71	0	1.0
71	74	71	74	1.0
72	75	72	75	1.0
72	29	72	29	1.0
72	9	72	9	1.0
72	64	72	64	1.0
72	43	72	43	1.0
72	13	72	13	1.0
72	17	72	17	1.0
72	30	72	30	1.0
72	84	72	84	1.0
72	58	72	58	1.0
73	58	73	58	1.0
73	9	73	9	1.0
73	92	73	92	1.0
73	93	73	93	1.0
73	75	73	75	1.0
73	13	73	13	1.0
73	88	73	88	1.0
73	23	73	23	1.0
73	84	73	84	1.0
74	71	74	71	1.0
74	82	74	82	1.0
74	22	74	22	1.0
74	83	74	83	1.0
74	0	74	0	1.0
74	8	74	8	1.0
74	18	74	18	1.0
74	66	74	66	1.0
74	77	74	77	1.0
74	36	74	36	1.0
75	9	75	9	1.0
75	58	75	58	1.0
75	29	75	29	1.0
75	72	75	72	1.0
75	30	75	30	1.0
75	64	75	64	1.0
75	93	75	93	1.0
75	13	75	13	1.0
75	84	75	84	1.0
75	7	75	7	1.0
76	45	76	45	1.0
76	68	76	68	1.0
76	47	76	47	1.0
76	59	76	59	1.0
77	31	77	31	1.0
77	8	77	8	1.0
77	32	77	32	1.0
77	0	77	0	1.0
77	90	77	90	1.0
77	66	77	66	1.0
77	99	77	99	1.0
77	57	77	57	1.0
77	2	77	2	1.0
77	82	77	82	1.0
78	41	78	41	1.0
78	48	78	48	1.0
78	40	78	40	1.0
78	11	78	11	1.0
78	53	78	53	1.0
78	97	78	97	1.0
78	98	78	98	1.0
78	46	78	46	1.0
78	35	78	35	1.0
78	28	78	28	1.0
79	85	79	85	1.0
79	46	79	46	1.0
79	35	79	35	1.0
79	53	79	53	1.0
79	62	79	62	1.0
79	16	79	16	1.0
79	28	79	28	1.0
79	40	79	40	1.0
79	15	79	15	1.0
79	98	79	98	1.0
80	91	80	91	1.0
80	84	80	84	1.0
80	39	80	39	1.0
80	13	80	13	1.0
80	69	80	69	1.0
80	33	80	33	1.0
80	43	80	43	1.0
80	64	80	64	1.0
80	29	80	29	1.0
80	23	80	23	1.0
81	96	81	96	1.0
81	70	81	70	1.0
81	3	81	3	1.0
81	14	81	14	1.0
81	92	81	92	1.0
81	23	81	23	1.0
81	26	81	26	1.0
81	39	81	39	1.0
81	68	81	68	1.0
81	59	81	59	1.0
82	83	82	83	1.0
82	77	82	77	1.0
82	0	82	0	1.0
82	32	82	32	1.0
82	8	82	8	1.0
82	31	82	31	1.0
82	90	82	90	1.0
82	18	82	18	1.0
82	66	82	66	1.0
82	71	82	71	1.0
83	82	83	82	1.0
83	32	83	32	1.0
83	77	83	77	1.0
83	0	83	0	1.0
83	8	83	8	1.0
83	18	83	18	1.0
83	90	83	90	1.0
83	31	83	31	1.0
83	71	83	71	1.0
83	36	83	36	1.0
84	13	84	13	1.0
84	29	84	29	1.0
84	64	84	64	1.0
84	91	84	91	1.0
84	39	84	39	1.0
84	23	84	23	1.0
84	43	84	43	1.0
84	80	84	80	1.0
84	33	84	33	1.0
84	92	84	92	1.0
85	79	85	79	1.0
85	35	85	35	1.0
85	53	85	53	1.0
85	62	85	62	1.0
85	46	85	46	1.0
85	28	85	28	1.0
85	40	85	40	1.0
85	94	85	94	1.0
85	16	85	16	1.0
85	11	85	11	1.0
86	44	86	44	1.0
86	26	86	26	1.0
86	54	86	54	1.0
86	59	86	59	1.0
86	3	86	3	1.0
86	24	86	24	1.0
86	95	86	95	1.0
86	88	86	88	1.0
86	47	86	47	1.0
86	70	86	70	1.0
87	56	87	56	1.0
87	19	87	19	1.0
87	1	87	1	1.0
87	61	87	61	1.0
87	38	87	38	1.0
87	20	87	20	1.0
87	65	87	65	1.0
87	27	87	27	1.0
87	89	87	89	1.0
87	63	87	63	1.0
88	59	88	59	1.0
88	3	88	3	1.0
88	93	88	93	1.0
88	92	88	92	1.0
88	24	88	24	1.0
88	67	88	67	1.0
88	26	88	26	1.0
88	86	88	86	1.0
88	58	88	58	1.0
88	30	88	30	1.0
89	25	89	25	1.0
89	20	89	20	1.0
89	38	89	38	1.0
89	1	89	1	1.0
89	19	89	19	1.0
89	87	89	87	1.0
89	56	89	56	1.0
89	5	89	5	1.0
89	61	89	61	1.0
89	65	89	65	1.0
90	32	90	32	1.0
90	57	90	57	1.0
90	31	90	31	1.0
90	77	90	77	1.0
90	99	90	99	1.0
90	2	90	2	1.0
90	8	90	8	1.0
90	42	90	42	1.0
90	0	90	0	1.0
90	66	90	66	1.0
91	80	91	80	1.0
91	84	91	84	1.0
91	13	91	13	1.0
91	39	91	39	1.0
91	64	91	64	1.0
91	43	91	43	1.0
91	33	91	33	1.0
91	29	91	29	1.0
91	69	91	69	1.0
91	23	91	23	1.0
92	23	92	23	1.0
92	39	92	39	1.0
92	14	92	14	1.0
92	70	92	70	1.0
92	88	92	88	1.0
92	3	92	3	1.0
92	13	92	13	1.0
92	73	92	73	1.0
92	58	92	58	1.0
92	64	92	64	1.0
93	30	93	30	1.0
93	58	93	58	1.0
93	9	93	9	1.0
93	7	93	7	1.0
93	67	93	67	1.0
93	88	93	88	1.0
93	75	93	75	1.0
93	24	93	24	1.0
93	64	93	64	1.0
93	29	93	29	1.0
94	35	94	35	1.0
94	53	94	53	1.0
94	98	94	98	1.0
94	15	94	15	1.0
94	79	94	79	1.0
94	85	94	85	1.0
94	46	94	46	1.0
94	40	94	40	1.0
95	47	95	47	1.0
95	86	95	86	1.0
95	59	95	59	1.0
95	45	95	45	1.0
95	44	95	44	1.0
95	26	95	26	1.0
95	54	95	54	1.0
95	88	95	88	1.0
96	3	96	3	1.0
96	26	96	26	1.0
96	81	96	81	1.0
96	44	96	44	1.0
96	70	96	70	1.0
96	59	96	59	1.0
96	68	96	68	1.0
96	54	96	54	1.0
96	86	96	86	1.0
97	98	97	98	1.0
97	48	97	48	1.0
97	34	97	34	1.0
97	41	97	41	1.0
97	78	97	78	1.0
97	40	97	40	1.0
97	15	97	15	1.0
97	53	97	53	1.0
97	94	97	94	1.0
98	15	98	15	1.0
98	48	98	48	1.0
98	40	98	40	1.0
98	46	98	46	1.0
98	53	98	53	1.0
98	35	98	35	1.0
98	97	98	97	1.0
98	16	98	16	1.0
98	94	98	94	1.0
98	11	98	11	1.0
99	57	99	57	1.0
99	42	99	42	1.0
99	31	99	31	1.0
99	2	99	2	1.0
99	90	99	90	1.0
99	77	99	77	1.0
99	32	99	32	1.0
99	0	99	0	1.0
99	8	99	8	1.0
99	66	99	66	1.0
