0.7292639346978462	3.4352093127290204	5.5973553230519935	2
1.4549012243091775	3.1317766028582232	-0.5505707806922138	3
1.6900646144757276	1.0940238604394017	3.8186127935319840	0
1.4625668249814174	4.7113079743758632	4.4948280699601071	4
0.9303850273301508	0.2418771801358175	2.5367364758498443	0
6.9521059050559018	0.3415559807377613	2.7710579705296086	1
-1.4275077810785453	3.6786224060071731	4.0416928026369359	2
1.5725532850378097	0.6523307341889737	3.3968685712398985	0
2.5030912073632923	3.8288103388606176	-1.0346374451893798	3
0.7599965968327873	4.6480801451408880	3.1867962523103337	2
2.3433630432906019	0.8529710579629137	2.7451537597517470	0
0.3039177470790784	5.5049168071332089	4.0048349224304189	4
2.2867380323706130	-1.3440842471880945	3.0498190636989091	0
5.4878742220985428	4.6436799946895073	2.4933234309391086	1
6.3513021290883334	2.2252329501069479	1.9210300622557708	1
3.0240806304503760	3.4034606931602118	-0.1993679473874466	3
5.6683613971803171	4.0232051033971494	2.6697114500198236	1
0.1353090102763383	-0.8639168220891742	3.6791321007711355	0
1.5768973092867586	1.5351146584050070	0.5857032499773872	3
3.7811968734188648	1.1538155655969433	2.6796894701852230	1
4.9997981429299747	2.7443384770193964	1.2503455368871166	1
5.6914230032099615	0.8657748042518989	3.7413291447635437	1
-0.5566087882962387	3.7298214314712372	3.4191744178072376	2
1.6609628323812173	3.0157214052023846	-1.2103047542609866	3
5.8873320204974160	1.1211112937709367	3.9720793702383332	1
1.7233837437210011	1.2666471327061553	0.1917544107263616	3
1.0166857186921514	5.1731790660549191	2.3059133194832788	4
0.2618564686690119	4.3073692424616272	4.0551635439103224	2
1.2554788717931793	4.4913345060754422	3.8862840986336087	4
1.5344963625481938	1.7366913117101825	4.2176137460745737	0
5.7254836099890731	1.7581734154866540	1.5789558590249948	1
0.3721063390997204	5.8278090606705248	3.9757670818317039	4
0.0226671778081342	6.0425878499338985	3.3229770421580498	2
2.7770959456345286	-0.1229604938299822	3.6817805564692914	0
5.5370562475536440	2.0560475745472555	3.0532594749050936	1
2.6735119320832528	3.3672723394217723	0.5420073328560245	3
0.6859702892934272	4.1687322424690478	3.7712715209620908	2
-0.8890999533218196	3.9850972133634674	2.8834700574350398	2
1.8352558238458101	1.6463413053721982	-0.8563453580656866	3
4.4879859814998841	2.2831145240661055	1.0747878700984965	1
0.7048588353624523	6.7388698211179445	2.6920092083315530	4
6.1991280181487838	1.5475038722723393	1.4929080753601127	1
3.7496601925923230	2.2982244270974839	1.5683128307316478	1
1.6812288844841203	-0.1360611798040359	2.5969849698791618	0
0.5407701173671817	1.5552619795848717	-0.0206165691602035	3
-0.4807955696433499	5.4712556931829326	2.0499801836526226	2
1.8195884168530785	5.3040106368170719	3.3353473513040415	4
-0.2063177960664060	4.3638178194382640	3.8889339824488109	2
0.3823528668811396	1.9291069241851975	1.7311154598166067	3
1.3352875225737857	1.5750093453439074	1.8960232668201948	0
-0.2472649163910892	0.9052361744599668	3.0743659402137093	0
0.5560817321091633	4.3986968202563821	2.1748549894716609	4
5.0161085156298810	2.9829279719913249	3.9347750089682663	1
5.5500600976333914	1.0239426060134202	3.2068788695595591	1
4.4927104306861683	2.5226766537006067	1.6602320379878939	1
1.1508022274947094	2.0337924464002257	-0.5218769010326172	3
1.0140518458892149	4.7190141477275329	3.4581861842848531	2
0.3978851765019562	4.9753733679231349	4.5608835475793450	4
6.6025712530208640	1.5229102339413767	1.5534628479228032	1
-0.0674528459027730	4.3928616670588418	4.3604794597540346	2
-0.3437219046212023	4.1410656340877692	3.6597257780916133	2
4.2688417883977090	0.8276323403268053	3.5901422566463825	0
1.3411671358110095	0.7393518505086210	4.1220072988417726	0
1.9776975226594906	2.8711464174387560	-1.4185816581345780	3
3.6635573249263373	-0.1238317043225341	2.5913415937511606	3
0.0286496438946235	3.4485888697460205	3.0476957903740480	2
5.3048214938588867	3.1209557158678241	1.9364469535209359	1
1.4397522102692988	5.2085559763057940	4.0579153963963694	4
0.6169648859189303	3.1881965557897018	0.8788821013134462	3
2.3316607970537686	1.2881212739504897	-0.1228634804014939	3
4.7776105958919732	1.3105250411470257	3.4439348149889204	1
1.8199535810825758	0.2048041603949717	3.7828685196349641	0
2.3060144137875809	4.0692535648869050	4.3310331793028718	4
0.1762290453135815	3.1363340096421357	3.0199256866168929	2
1.0250057710041327	4.8116789547073937	5.4049451471319516	4
5.3773627444214789	1.2389143197363315	1.3817219459289201	1
2.2477828899266878	4.7618384440966723	4.9415976900504832	4
2.5959645308090149	2.8398889253295376	3.7646973558234835	0
1.8147252813645545	0.4503368107283876	4.2492557402145179	0
0.0367247770031058	1.5975657378496106	4.5363341935563763	0
1.0580924447137261	3.4020338027045467	2.1224011675389343	2
2.7761673290584703	5.9451995090527294	3.6292247790887249	4
0.6181166035725583	3.8416529635194427	2.9933751157940609	4
1.0773315424072125	1.1653090620521520	4.0380694971151065	0
-0.0418222624823215	4.6068798685789947	3.2052347783149702	2
1.1601301536535420	0.1127843308273060	4.0743779339291510	0
0.8386238951634262	3.4557433480799729	4.7524821088837550	2
0.7991756705614499	6.1933288875858592	3.8209607928187883	2
1.1438823478903162	2.6568766341473888	-1.2404774651676855	3
0.9557403150636858	5.2377224733400363	3.5287956434823702	4
-0.2947420036733410	3.2968226384546231	2.8128461210597884	4
2.1727248545472992	4.6782298823562929	4.2786768130597421	4
2.5640902619353101	0.3908280038211922	3.9662095221976372	0
1.3998747406907515	4.5556200844945742	5.7413623644780163	4
1.4659000451646527	1.5190386485354122	1.4210118300873678	3
1.3380050194918680	2.1501363870020924	1.1221888621109408	3
2.2787766727066994	2.1310954913979852	-0.3643790722199005	3
1.8586905374384419	2.3498430956075786	2.3629165554447509	3
2.5326086092954214	5.0500267260192793	2.8493984233536502	4
0.3658369954873066	4.8427014245598476	3.9543985453448132	2
G6
0	86	0.8521689947303865	93	1.313688387169124	74	1.4209692413375692	59	1.7554821450112035	27	1.8323449909836396	3	1.838947325772395	
1	23	0.700841716156375	88	0.8934393964082513	63	1.046272883371656	55	1.1396792296195741	96	1.3095040258087618	8	1.3486581499319437	
2	62	0.5827262745913458	7	0.6219082885441385	83	0.6547401334293332	29	0.7722853708704859	78	0.7844275921729502	71	0.8993667059157383	
3	67	0.6623207428341529	28	0.6794111510342146	91	0.7430612040660975	76	0.904831857559204	74	1.0148138271674494	72	1.0725979983258227	
4	43	0.8427536904533123	7	1.1492081677234298	50	1.45463053255786	71	1.5315194060690076	49	1.5335256166076923	10	1.5535058304796725	
5	53	1.619050279792884	21	1.674978479110268	58	1.7321403601127157	24	1.784349269026197	41	1.9117931817509959	14	2.1521504471093946	
6	22	1.0717348250797314	60	1.2386865515722774	37	1.3135028450813535	47	1.4085925568546145	59	1.568920674055735	90	1.714349303901269	
7	2	0.6219082885441385	71	0.6406893950236959	62	0.7661190501531662	78	0.9088524119748203	83	0.9589212514980633	85	0.959282073851541	
8	15	1.072393320579892	63	1.1578306737057207	23	1.1837030106677484	1	1.3486581499319437	35	1.6516262605317011	88	1.8064460816025953	
9	56	0.37845501380378077	89	0.7091947983403525	36	0.7595167184923236	84	0.8030883669829755	82	0.841348006354491	28	0.8714098503688916	
10	7	1.0291435363713246	43	1.1994000174641373	2	1.2795388184334824	92	1.3241124886294144	71	1.3307628320295202	33	1.4205056778098228	
11	31	0.3312914590405799	99	0.6670135188837962	57	0.7735865855434592	89	0.8502228338774511	87	0.8677564743784121	32	0.9127552803852409	
12	43	1.4251385111741832	33	1.459784036239784	71	1.776036184304145	64	1.8960087613650947	92	1.9815691384289693	85	2.107470579762257	
13	16	0.6698338931171527	66	1.6316583409925833	52	2.249098222510242	20	2.321790366269937	54	2.486573428080041	14	2.6309529752273813	
14	41	0.8159424603771257	58	0.8315642051799156	30	0.8525304617685441	66	1.377562584258451	34	1.4048357518826562	75	1.4873586016685538	
15	35	0.8208808167920619	8	1.072393320579892	96	1.4837856541301009	1	1.630791122033156	63	1.692559650021458	23	1.7408116251710362	
16	13	0.6698338931171527	66	1.2181510745510036	52	1.762950974870282	34	2.008496669905802	20	2.024123580308195	14	2.0638884969131372	
17	85	1.469837673571512	4	1.7776371992311104	50	1.9084043710702168	71	1.9977369979422972	43	2.0225440678449123	62	2.0544348849543987	
18	25	0.4987271556425935	94	0.8428043988620798	95	0.8503752494024662	69	1.0643028073956848	44	1.2006619821852083	55	1.2872336019070205	
19	61	1.0831054131187987	70	1.2654916487729269	64	1.2860897935107907	10	1.4704282077147874	42	1.5955639251504905	54	1.8491418757796516	
20	54	0.6886790657558173	39	0.7109850334105948	66	0.8400088946651991	30	1.267724603178553	42	1.3649050664302518	75	1.5575996541099975	
21	24	0.3960085005288498	53	0.5750109748976424	70	1.0589141968869176	34	1.3834804781917078	61	1.4311008474001867	5	1.674978479110268	
22	60	0.5218309844779622	37	0.6802170692966644	65	0.748074566380037	90	0.7897443707170331	47	0.8633245321226762	73	1.024049881400505	
23	63	0.405711794011089	88	0.6301207738507886	1	0.700841716156375	8	1.1837030106677484	55	1.3032195640079538	96	1.371075201514733	
24	21	0.3960085005288498	53	0.8418586045601487	70	1.2435014592524554	34	1.356845225618382	61	1.6886433863476848	5	1.784349269026197	
25	18	0.4987271556425935	69	0.6851616814819078	38	1.1203553688048928	96	1.1683393005742175	55	1.1939979791312938	44	1.2357082795605667	
26	51	0.9105795228197925	9	1.0571532166020237	89	1.2261000660618315	56	1.2385497427569434	46	1.3120610002941708	84	1.4999710042487806	
27	59	0.4571338838838508	47	0.5000058510726878	36	0.5288548300859324	99	0.5545683727759448	60	0.742127403476438	57	0.8488144927481448	
28	56	0.5416575046368437	36	0.6645601094314144	3	0.6794111510342146	67	0.7601451197003448	9	0.8714098503688916	89	0.8801909995188951	
29	83	0.7534676405348983	2	0.7722853708704859	62	1.02039344545773	78	1.3169044630990745	7	1.360481103671018	79	1.537614506764059	
30	41	0.525475882313098	75	0.6555298330649518	14	0.8525304617685441	58	0.9084499940915431	20	1.267724603178553	39	1.4356701950835296	
31	11	0.3312914590405799	87	0.583059126385425	32	0.770955570482981	89	0.9426633890986332	99	0.985359311999683	57	1.0342496977116038	
32	31	0.770955570482981	11	0.9127552803852409	87	0.9347064328828344	40	1.1611694313735401	89	1.2493178340833035	99	1.398637219671172	
33	92	0.6246998304402834	71	1.0167447815830142	78	1.2557289432946912	64	1.4053012728228247	10	1.4205056778098228	12	1.459784036239784	
34	53	1.0435557889270368	70	1.1336616633656313	24	1.356845225618382	52	1.381145700987868	21	1.3834804781917078	14	1.4048357518826562	
35	15	0.8208808167920619	96	1.5828725279982463	8	1.6516262605317011	1	1.6535408169276828	42	1.8314643027947195	95	1.8977906225768182	
36	27	0.5288548300859324	28	0.6645601094314144	56	0.7130709018572576	9	0.7595167184923236	99	0.7682807372767899	82	0.8465859640682946	
37	22	0.6802170692966644	90	0.9121244449993813	60	0.9614241041911638	65	1.0756744941298155	84	1.0991022205983039	47	1.2730194327802367	
38	96	0.8208094728088271	55	0.854672019544315	69	0.9553717356082676	25	1.1203553688048928	88	1.2832522782618334	63	1.355192553558518	
39	54	0.632579803732968	20	0.7109850334105948	42	0.888211780209846	75	1.405543887629665	30	1.4356701950835296	66	1.453153293006253	
40	32	1.1611694313735401	87	1.2573950276970454	31	1.6089717868159588	26	1.6424657016335165	89	1.7368351719867208	11	1.8457803641265302	
41	58	0.4087030355778164	30	0.525475882313098	14	0.8159424603771257	75	0.8848096023531705	20	1.7116196440164129	34	1.7696474837109346	
42	54	0.7816339290365001	39	0.888211780209846	20	1.3649050664302518	19	1.5955639251504905	66	1.7974805086121672	35	1.8314643027947195	
43	4	0.8427536904533123	7	1.1283554279084218	10	1.1994000174641373	71	1.241673674995464	12	1.4251385111741832	33	1.5420368699784215	
44	55	0.9232510511047399	18	1.2006619821852083	25	1.2357082795605667	95	1.5150786459813146	38	1.5435126486261048	94	1.7133213226175605	
45	32	1.4833799827332828	51	1.4970273183584148	84	1.5081300703348146	26	1.5481607327958808	37	1.7521657645805628	40	1.8506277891516387	
46	67	0.8218830305060615	89	0.8877217499470242	98	0.8994731693334668	56	1.003094929852302	28	1.1323397775680921	91	1.185823498543171	
47	60	0.34790059797420636	59	0.49242477256487294	27	0.5000058510726878	84	0.7440312775917763	99	0.7489834589276867	22	0.8633245321226762	
48	49	1.029885497602553	95	1.154520100135135	94	1.1993309549210345	68	1.5383924067794055	97	1.6600495377809206	80	1.6671058969309294	
49	94	0.4958106644534412	95	0.9641567220881266	48	1.029885497602553	97	1.0451351106338977	18	1.3330061596333216	10	1.5028566591457546	
50	4	1.45463053255786	79	1.6423524421022524	83	1.6585892291661437	48	1.8025126125058286	7	1.8653973825942265	85	1.8996749183050945	
51	26	0.9105795228197925	82	0.992028921352942	9	1.061978546968456	80	1.117185449941334	84	1.2093435730238666	65	1.3938223663800458	
52	34	1.381145700987868	70	1.759186436066852	16	1.762950974870282	66	2.023788985804945	24	2.0559142380223547	53	2.1569795422779827	
53	21	0.5750109748976424	24	0.8418586045601487	70	0.8573233031541139	34	1.0435557889270368	61	1.351646736472202	5	1.619050279792884	
54	39	0.632579803732968	20	0.6886790657558173	42	0.7816339290365001	66	1.0458283294681463	30	1.4528595011614238	75	1.5837371365480257	
55	38	0.854672019544315	44	0.9232510511047399	88	0.9511406628514626	1	1.1396792296195741	96	1.1430659638436675	25	1.1939979791312938	
56	9	0.37845501380378077	89	0.5267297764652282	28	0.5416575046368437	36	0.7130709018572576	99	0.8256559465058446	67	0.8834857837118738	
57	99	0.6216534310993217	59	0.7720240638454547	11	0.7735865855434592	27	0.8488144927481448	31	1.0342496977116038	74	1.0641973899639643	
58	41	0.4087030355778164	14	0.8315642051799156	30	0.9084499940915431	75	1.2693638194966648	5	1.7321403601127157	34	1.9154497051949901	
59	27	0.4571338838838508	47	0.49242477256487294	99	0.7449816126105621	57	0.7720240638454547	60	0.7942175755978803	36	0.9823677594217325	
60	47	0.34790059797420636	22	0.5218309844779622	84	0.7174178446736624	27	0.742127403476438	59	0.7942175755978803	37	0.9614241041911638	
61	70	0.7165247211231465	19	1.0831054131187987	53	1.351646736472202	21	1.4311008474001867	64	1.5064049502641186	24	1.6886433863476848	
62	83	0.5080298425992111	78	0.5691916867550644	2	0.5827262745913458	85	0.6539340960909271	7	0.7661190501531662	71	0.7937208607208865	
63	23	0.405711794011089	88	0.8791361608189407	1	1.046272883371656	8	1.1578306737057207	96	1.322749832688005	38	1.355192553558518	
64	19	1.2860897935107907	33	1.4053012728228247	61	1.5064049502641186	10	1.6494589294923256	92	1.834111299365283	12	1.8960087613650947	
65	73	0.3464880316033409	90	0.4275155129982228	82	0.7105782251467423	22	0.748074566380037	60	0.9963761062785753	37	1.0756744941298155	
66	20	0.8400088946651991	54	1.0458283294681463	16	1.2181510745510036	14	1.377562584258451	39	1.453153293006253	30	1.4703510114334013	
67	3	0.6623207428341529	89	0.7176948600718479	28	0.7601451197003448	46	0.8218830305060615	56	0.8834857837118738	91	0.9312519885996693	
68	95	1.287115367049904	80	1.336659851780806	48	1.5383924067794055	1	1.6579071325493273	51	1.7744191656801025	44	1.865845339545528	
69	25	0.6851616814819078	96	0.8784828074473449	38	0.9553717356082676	18	1.0643028073956848	55	1.4524683020869615	94	1.785053357111176	
70	61	0.7165247211231465	53	0.8573233031541139	21	1.0589141968869176	34	1.1336616633656313	24	1.2435014592524554	19	1.2654916487729269	
71	78	0.5270964399591542	7	0.6406893950236959	85	0.7271948453062629	92	0.7886432611353966	62	0.7937208607208865	2	0.8993667059157383	
72	91	0.625587284819017	76	0.9251236387995065	3	1.0725979983258227	28	1.2163794599812294	77	1.3842488043378747	67	1.4570564550658318	
73	65	0.3464880316033409	90	0.538936244312139	82	0.8327330746725974	22	1.024049881400505	80	1.2860131016366467	60	1.2996841095244283	
74	93	0.5650393203799554	3	1.0148138271674494	57	1.0641973899639643	76	1.3085712915398784	0	1.4209692413375692	67	1.4642455834055692	
75	30	0.6555298330649518	41	0.8848096023531705	58	1.2693638194966648	39	1.405543887629665	14	1.4873586016685538	20	1.5575996541099975	
76	91	0.6723750362866557	3	0.904831857559204	72	0.9251236387995065	93	1.1836797606784824	67	1.2780315054678366	74	1.3085712915398784	
77	72	1.3842488043378747	29	1.5965252592691732	97	1.6579225762498426	91	1.9551992686948938	2	1.9676397936715437	86	2.107899783692492	
78	71	0.5270964399591542	62	0.5691916867550644	85	0.7569799898554447	2	0.7844275921729502	92	0.8032461227662331	7	0.9088524119748203	
79	83	1.2320616793391383	29	1.537614506764059	62	1.6154775515497288	50	1.6423524421022524	2	1.871419527666837	85	1.9183375752810086	
80	82	1.0702520104548254	51	1.117185449941334	73	1.2860131016366467	68	1.336659851780806	97	1.343841598550646	65	1.3849512603240195	
81	46	1.1884991912980956	98	1.211934118075531	91	1.546332046956463	67	1.585062998569385	76	1.844412151065152	89	1.9556493245521873	
82	65	0.7105782251467423	73	0.8327330746725974	9	0.841348006354491	36	0.8465859640682946	51	0.992028921352942	84	1.0324611565382469	
83	62	0.5080298425992111	2	0.6547401334293332	29	0.7534676405348983	7	0.9589212514980633	78	1.0485868946782162	85	1.05640059752356	
84	60	0.7174178446736624	47	0.7440312775917763	9	0.8030883669829755	99	0.8848978623004596	27	0.9509502055824692	36	1.0208099405435862	
85	62	0.6539340960909271	71	0.7271948453062629	78	0.7569799898554447	7	0.959282073851541	83	1.05640059752356	2	1.144149183578195	
86	0	0.8521689947303865	36	1.2224690199579074	27	1.2426505982386802	59	1.3611876730971537	28	1.4129812847383016	3	1.4255289945311762	
87	31	0.583059126385425	11	0.8677564743784121	32	0.9347064328828344	89	1.0114625951277894	67	1.198442102970229	40	1.2573950276970454	
88	23	0.6301207738507886	63	0.8791361608189407	1	0.8934393964082513	55	0.9511406628514626	38	1.2832522782618334	96	1.5270819665941298	
89	56	0.5267297764652282	9	0.7091947983403525	67	0.7176948600718479	99	0.8277471748670389	11	0.8502228338774511	28	0.8801909995188951	
90	65	0.4275155129982228	73	0.538936244312139	22	0.7897443707170331	37	0.9121244449993813	82	1.0783049837003107	60	1.1968084307301783	
91	72	0.625587284819017	76	0.6723750362866557	3	0.7430612040660975	67	0.9312519885996693	28	1.0150084319297261	46	1.185823498543171	
92	33	0.6246998304402834	71	0.7886432611353966	78	0.8032461227662331	2	1.1314548331661154	7	1.1728931634988335	62	1.2811255954537362	
93	74	0.5650393203799554	76	1.1836797606784824	3	1.2577824787687488	0	1.313688387169124	86	1.5819657097470043	57	1.6042774519511256	
94	49	0.4958106644534412	95	0.7098849620042964	18	0.8428043988620798	48	1.1993309549210345	25	1.2810437679247837	97	1.3159425943961771	
95	94	0.7098849620042964	18	0.8503752494024662	49	0.9641567220881266	48	1.154520100135135	68	1.287115367049904	25	1.3396933574024275	
96	38	0.8208094728088271	69	0.8784828074473449	55	1.1430659638436675	25	1.1683393005742175	1	1.3095040258087618	63	1.322749832688005	
97	49	1.0451351106338977	94	1.3159425943961771	80	1.343841598550646	95	1.3602945956912296	10	1.6191474964832362	77	1.6579225762498426	
98	46	0.8994731693334668	81	1.211934118075531	91	1.5200611583650852	26	1.6151051876705171	67	1.6370644172484736	56	1.6691933706235809	
99	27	0.5545683727759448	57	0.6216534310993217	11	0.6670135188837962	59	0.7449816126105621	47	0.7489834589276867	36	0.7682807372767899	
