3.7292639346978462	6.4352093127290200	8.5973553230519926	2
1.4549012243091775	3.1317766028582232	-0.5505707806922138	3
1.6900646144757276	1.0940238604394017	3.8186127935319840	0
1.4625668249814174	4.7113079743758632	4.4948280699601071	4
0.9303850273301508	0.2418771801358175	2.5367364758498443	0
9.9521059050559018	3.3415559807377613	5.7710579705296086	1
1.5724922189214547	6.6786224060071735	7.0416928026369359	2
1.5725532850378097	0.6523307341889737	3.3968685712398985	0
2.5030912073632923	3.8288103388606176	-1.0346374451893798	3
3.7599965968327873	7.6480801451408880	6.1867962523103337	2
2.3433630432906019	0.8529710579629137	2.7451537597517470	0
0.3039177470790784	5.5049168071332089	4.0048349224304189	4
2.2867380323706130	-1.3440842471880945	3.0498190636989091	0
8.4878742220985437	7.6436799946895073	5.4933234309391086	1
9.3513021290883334	5.2252329501069479	4.9210300622557703	1
3.0240806304503760	3.4034606931602118	-0.1993679473874466	3
8.6683613971803162	7.0232051033971494	5.6697114500198236	1
0.1353090102763383	-0.8639168220891742	3.6791321007711355	0
1.5768973092867586	1.5351146584050070	0.5857032499773872	3
6.7811968734188648	4.1538155655969433	5.6796894701852230	1
7.9997981429299747	5.7443384770193964	4.2503455368871164	1
8.6914230032099624	3.8657748042518989	6.7413291447635437	1
2.4433912117037613	6.7298214314712368	6.4191744178072376	2
1.6609628323812173	3.0157214052023846	-1.2103047542609866	3
8.8873320204974160	4.1211112937709364	6.9720793702383332	1
1.7233837437210011	1.2666471327061553	0.1917544107263616	3
1.0166857186921514	5.1731790660549191	2.3059133194832788	4
3.2618564686690119	7.3073692424616272	7.0551635439103224	2
1.2554788717931793	4.4913345060754422	3.8862840986336087	4
1.5344963625481938	1.7366913117101825	4.2176137460745737	0
8.7254836099890731	4.7581734154866542	4.5789558590249948	1
0.3721063390997204	5.8278090606705248	3.9757670818317039	4
3.0226671778081342	9.0425878499338985	6.3229770421580493	2
2.7770959456345286	-0.1229604938299822	3.6817805564692914	0
8.5370562475536431	5.0560475745472555	6.0532594749050936	1
2.6735119320832528	3.3672723394217723	0.5420073328560245	3
3.6859702892934272	7.1687322424690478	6.7712715209620908	2
2.1109000466781804	6.9850972133634670	5.8834700574350398	2
1.8352558238458101	1.6463413053721982	-0.8563453580656866	3
7.4879859814998841	5.2831145240661055	4.0747878700984970	1
0.7048588353624523	6.7388698211179445	2.6920092083315530	4
9.1991280181487838	4.5475038722723395	4.4929080753601127	1
6.7496601925923230	5.2982244270974839	4.5683128307316476	1
1.6812288844841203	-0.1360611798040359	2.5969849698791618	0
0.5407701173671817	1.5552619795848717	-0.0206165691602035	3
2.5192044303566501	8.4712556931829326	5.0499801836526226	2
1.8195884168530785	5.3040106368170719	3.3353473513040415	4
2.7936822039335940	7.3638178194382640	6.8889339824488109	2
0.3823528668811396	1.9291069241851975	1.7311154598166067	3
1.3352875225737857	1.5750093453439074	1.8960232668201948	0
-0.2472649163910892	0.9052361744599668	3.0743659402137093	0
0.5560817321091633	4.3986968202563821	2.1748549894716609	4
8.0161085156298810	5.9829279719913249	6.9347750089682663	1
8.5500600976333914	4.0239426060134207	6.2068788695595591	1
7.4927104306861683	5.5226766537006071	4.6602320379878943	1
1.1508022274947094	2.0337924464002257	-0.5218769010326172	3
4.0140518458892149	7.7190141477275329	6.4581861842848536	2
0.3978851765019562	4.9753733679231349	4.5608835475793450	4
9.6025712530208640	4.5229102339413769	4.5534628479228036	1
2.9325471540972270	7.3928616670588418	7.3604794597540346	2
2.6562780953787977	7.1410656340877692	6.6597257780916133	2
4.2688417883977090	0.8276323403268053	3.5901422566463825	0
1.3411671358110095	0.7393518505086210	4.1220072988417726	0
1.9776975226594906	2.8711464174387560	-1.4185816581345780	3
3.6635573249263373	-0.1238317043225341	2.5913415937511606	3
3.0286496438946235	6.4485888697460201	6.0476957903740480	2
8.3048214938588867	6.1209557158678241	4.9364469535209361	1
1.4397522102692988	5.2085559763057940	4.0579153963963694	4
0.6169648859189303	3.1881965557897018	0.8788821013134462	3
2.3316607970537686	1.2881212739504897	-0.1228634804014939	3
7.7776105958919732	4.3105250411470255	6.4439348149889204	1
1.8199535810825758	0.2048041603949717	3.7828685196349641	0
2.3060144137875809	4.0692535648869050	4.3310331793028718	4
3.1762290453135815	6.1363340096421357	6.0199256866168929	2
1.0250057710041327	4.8116789547073937	5.4049451471319516	4
8.3773627444214789	4.2389143197363310	4.3817219459289198	1
2.2477828899266878	4.7618384440966723	4.9415976900504832	4
2.5959645308090149	2.8398889253295376	3.7646973558234835	0
1.8147252813645545	0.4503368107283876	4.2492557402145179	0
0.0367247770031058	1.5975657378496106	4.5363341935563763	0
4.0580924447137257	6.4020338027045467	5.1224011675389338	2
2.7761673290584703	5.9451995090527294	3.6292247790887249	4
0.6181166035725583	3.8416529635194427	2.9933751157940609	4
1.0773315424072125	1.1653090620521520	4.0380694971151065	0
2.9581777375176785	7.6068798685789947	6.2052347783149706	2
1.1601301536535420	0.1127843308273060	4.0743779339291510	0
3.8386238951634262	6.4557433480799729	7.7524821088837550	2
3.7991756705614499	9.1933288875858601	6.8209607928187879	2
1.1438823478903162	2.6568766341473888	-1.2404774651676855	3
0.9557403150636858	5.2377224733400363	3.5287956434823702	4
-0.2947420036733410	3.2968226384546231	2.8128461210597884	4
2.1727248545472992	4.6782298823562929	4.2786768130597421	4
2.5640902619353101	0.3908280038211922	3.9662095221976372	0
1.3998747406907515	4.5556200844945742	5.7413623644780163	4
1.4659000451646527	1.5190386485354122	1.4210118300873678	3
1.3380050194918680	2.1501363870020924	1.1221888621109408	3
2.2787766727066994	2.1310954913979852	-0.3643790722199005	3
1.8586905374384419	2.3498430956075786	2.3629165554447509	3
2.5326086092954214	5.0500267260192793	2.8493984233536502	4
3.3658369954873066	7.8427014245598476	6.9543985453448132	2
G6
0	86	0.8521689947303857	59	1.7554821450112033	27	1.832344990983639	36	1.9683780837130627	47	2.1578531948909263	99	2.1937228991884785	
1	23	0.700841716156375	88	0.8934393964082513	63	1.046272883371656	55	1.1396792296195741	96	1.3095040258087618	8	1.3486581499319437	
2	62	0.5827262745913458	7	0.6219082885441385	83	0.6547401334293332	29	0.7722853708704859	78	0.7844275921729502	71	0.8993667059157383	
3	67	0.6623207428341529	28	0.6794111510342146	91	0.7430612040660975	76	0.904831857559204	74	1.0148138271674494	72	1.0725979983258227	
4	43	0.8427536904533123	7	1.1492081677234298	50	1.45463053255786	71	1.5315194060690076	49	1.5335256166076923	10	1.5535058304796725	
5	53	1.6190502797928843	21	1.6749784791102673	58	1.7321403601127154	24	1.784349269026197	41	1.9117931817509959	14	2.152150447109395	
6	22	1.0717348250797314	60	1.2386865515722771	37	1.3135028450813533	47	1.4085925568546143	59	1.568920674055735	65	1.7780157295414596	
7	2	0.6219082885441385	71	0.6406893950236959	62	0.7661190501531662	78	0.9088524119748203	83	0.9589212514980633	85	0.959282073851541	
8	15	1.072393320579892	63	1.1578306737057207	23	1.1837030106677484	1	1.3486581499319437	35	1.6516262605317011	88	1.8064460816025953	
9	56	0.3784550138037811	36	0.7595167184923236	84	0.8030883669829755	99	0.8845634595704776	27	1.0574919666892222	47	1.2278297796608513	
10	7	1.0291435363713246	43	1.1994000174641373	2	1.2795388184334824	92	1.3241124886294144	71	1.3307628320295202	33	1.4205056778098228	
11	31	0.3312914590405799	57	0.7735865855434592	89	0.8502228338774511	67	1.1750605118613175	28	1.3953035343277909	3	1.4874057784547121	
12	43	1.4251385111741832	33	1.459784036239784	71	1.776036184304145	64	1.8960087613650947	92	1.9815691384289693	85	2.107470579762257	
13	16	0.6698338931171521	66	1.6316583409925833	52	2.249098222510242	20	2.321790366269937	54	2.4865734280800407	14	2.6309529752273813	
14	41	0.8159424603771253	58	0.8315642051799149	30	0.8525304617685437	66	1.377562584258451	34	1.4048357518826573	75	1.487358601668554	
15	35	0.8208808167920619	8	1.072393320579892	96	1.4837856541301009	1	1.630791122033156	63	1.692559650021458	23	1.7408116251710362	
16	13	0.6698338931171521	66	1.2181510745510034	52	1.7629509748702819	34	2.008496669905802	20	2.024123580308195	14	2.0638884969131377	
17	85	1.469837673571512	4	1.7776371992311104	50	1.9084043710702168	71	1.9977369979422972	43	2.0225440678449123	62	2.0544348849543987	
18	25	0.4987271556425935	94	0.8428043988620798	95	0.8503752494024662	69	1.0643028073956848	44	1.2006619821852083	55	1.2872336019070205	
19	70	1.2654916487729269	42	1.5955639251504907	54	1.849141875779652	53	1.85031693350687	34	2.0091339647066584	75	2.059054875357538	
20	54	0.6886790657558175	39	0.7109850334105947	66	0.8400088946651995	30	1.267724603178553	42	1.3649050664302518	75	1.557599654109998	
21	24	0.3960085005288492	53	0.5750109748976427	70	1.0589141968869182	34	1.383480478191708	5	1.6749784791102673	19	2.2043162535742624	
22	60	0.5218309844779625	37	0.6802170692966644	65	0.748074566380037	47	0.8633245321226766	73	1.0240498814005048	84	1.039233774762708	
23	63	0.405711794011089	88	0.6301207738507886	1	0.700841716156375	8	1.1837030106677484	55	1.3032195640079538	96	1.371075201514733	
24	21	0.3960085005288492	53	0.8418586045601486	70	1.2435014592524554	34	1.3568452256183825	5	1.784349269026197	52	2.055914238022355	
25	18	0.4987271556425935	69	0.6851616814819078	38	1.1203553688048928	96	1.1683393005742175	55	1.1939979791312938	44	1.2357082795605667	
26	51	0.9105795228197925	89	1.2261000660618315	46	1.3120610002941708	82	1.5506201413135903	98	1.6151051876705171	40	1.6424657016335165	
27	59	0.4571338838838508	47	0.5000058510726878	36	0.5288548300859324	99	0.5545683727759448	60	0.742127403476438	84	0.9509502055824688	
28	3	0.6794111510342146	67	0.7601451197003448	89	0.8801909995188951	91	1.0150084319297261	46	1.1323397775680921	57	1.193668707179658	
29	83	0.7534676405348983	2	0.7722853708704859	62	1.02039344545773	78	1.3169044630990745	7	1.360481103671018	79	1.537614506764059	
30	41	0.525475882313098	75	0.6555298330649524	14	0.8525304617685437	58	0.908449994091543	20	1.267724603178553	39	1.4356701950835293	
31	11	0.3312914590405799	89	0.9426633890986332	57	1.0342496977116038	67	1.2369682430468842	28	1.6045306076480472	40	1.6089717868159588	
32	87	0.9347064328828345	99	1.398637219671172	84	1.441970712715776	45	1.4833799827332823	9	1.583304019577368	56	1.6592083706976548	
33	92	0.6246998304402834	71	1.0167447815830142	78	1.2557289432946912	64	1.4053012728228247	10	1.4205056778098228	12	1.459784036239784	
34	53	1.0435557889270364	70	1.133661663365631	24	1.3568452256183825	52	1.3811457009878676	21	1.383480478191708	14	1.4048357518826573	
35	15	0.8208808167920619	96	1.5828725279982463	8	1.6516262605317011	1	1.6535408169276828	95	1.8977906225768182	23	2.0541278902040894	
36	27	0.5288548300859324	56	0.7130709018572574	9	0.7595167184923236	99	0.7682807372767899	47	0.9209130602069029	59	0.9823677594217325	
37	22	0.6802170692966644	60	0.9614241041911639	65	1.0756744941298155	84	1.0991022205983043	47	1.2730194327802369	6	1.3135028450813533	
38	96	0.8208094728088271	55	0.854672019544315	69	0.9553717356082676	25	1.1203553688048928	88	1.2832522782618334	63	1.355192553558518	
39	54	0.6325798037329681	20	0.7109850334105947	42	0.8882117802098456	75	1.4055438876296653	30	1.4356701950835293	66	1.453153293006253	
40	31	1.6089717868159588	26	1.6424657016335165	89	1.7368351719867208	11	1.8457803641265302	46	1.9275183228250055	67	2.1789053331201607	
41	58	0.4087030355778165	30	0.525475882313098	14	0.8159424603771253	75	0.8848096023531709	20	1.7116196440164129	34	1.7696474837109348	
42	54	0.7816339290365003	39	0.8882117802098456	20	1.3649050664302518	19	1.5955639251504907	66	1.7974805086121675	75	1.9509919679691428	
43	4	0.8427536904533123	7	1.1283554279084218	10	1.1994000174641373	71	1.241673674995464	12	1.4251385111741832	33	1.5420368699784215	
44	55	0.9232510511047399	18	1.2006619821852083	25	1.2357082795605667	95	1.5150786459813146	38	1.5435126486261048	94	1.7133213226175605	
45	32	1.4833799827332823	84	1.508130070334815	37	1.752165764580563	9	1.8733750177797397	60	2.0927196806485906	47	2.164141346238457	
46	67	0.8218830305060615	89	0.8877217499470242	98	0.8994731693334668	28	1.1323397775680921	91	1.185823498543171	81	1.1884991912980956	
47	60	0.34790059797420636	59	0.49242477256487294	27	0.5000058510726878	84	0.7440312775917759	99	0.7489834589276867	22	0.8633245321226766	
48	49	1.029885497602553	95	1.154520100135135	94	1.1993309549210345	68	1.5383924067794055	97	1.6600495377809206	18	1.7012158771965198	
49	94	0.4958106644534412	95	0.9641567220881266	48	1.029885497602553	97	1.0451351106338977	18	1.3330061596333216	10	1.5028566591457546	
50	4	1.45463053255786	79	1.6423524421022524	83	1.6585892291661437	48	1.8025126125058286	7	1.8653973825942265	85	1.8996749183050945	
51	26	0.9105795228197925	82	0.992028921352942	90	1.5313590127325767	89	1.6422077590988957	68	1.7744191656801025	28	1.8511422677684586	
52	34	1.3811457009878676	70	1.7591864360668525	16	1.7629509748702819	66	2.0237889858049445	24	2.055914238022355	53	2.1569795422779823	
53	21	0.5750109748976427	24	0.8418586045601486	70	0.8573233031541136	34	1.0435557889270364	5	1.6190502797928843	30	1.794436295468536	
54	39	0.6325798037329681	20	0.6886790657558175	42	0.7816339290365003	66	1.0458283294681459	30	1.4528595011614238	75	1.5837371365480264	
55	38	0.854672019544315	44	0.9232510511047399	88	0.9511406628514626	1	1.1396792296195741	96	1.1430659638436675	25	1.1939979791312938	
56	9	0.3784550138037811	36	0.7130709018572574	99	0.8256559465058444	27	1.0448116487904489	84	1.0915258325260515	47	1.3420171981983562	
57	11	0.7735865855434592	31	1.0342496977116038	74	1.0641973899639643	3	1.0989271453566538	67	1.180185581172606	28	1.193668707179658	
58	41	0.4087030355778165	14	0.8315642051799149	30	0.908449994091543	75	1.269363819496665	5	1.7321403601127154	34	1.9154497051949901	
59	27	0.4571338838838508	47	0.49242477256487294	99	0.7449816126105621	60	0.7942175755978803	36	0.9823677594217325	84	1.175181258947588	
60	47	0.34790059797420636	22	0.5218309844779625	84	0.7174178446736622	27	0.742127403476438	59	0.7942175755978803	37	0.9614241041911639	
61	64	1.5064049502641186	33	1.7712509629484745	92	1.7995561629427368	10	2.102882785215319	71	2.5341885892904403	78	2.568943426969322	
62	83	0.5080298425992111	78	0.5691916867550644	2	0.5827262745913458	85	0.6539340960909271	7	0.7661190501531662	71	0.7937208607208865	
63	23	0.405711794011089	88	0.8791361608189407	1	1.046272883371656	8	1.1578306737057207	96	1.322749832688005	38	1.355192553558518	
64	33	1.4053012728228247	61	1.5064049502641186	10	1.6494589294923256	92	1.834111299365283	12	1.8960087613650947	43	1.9823741961473234	
65	73	0.3464880316033405	22	0.748074566380037	60	0.9963761062785756	37	1.0756744941298155	84	1.1710776491280759	36	1.2141823364060347	
66	20	0.8400088946651995	54	1.0458283294681459	16	1.2181510745510034	14	1.377562584258451	39	1.453153293006253	30	1.470351011433401	
67	3	0.6623207428341529	89	0.7176948600718479	28	0.7601451197003448	46	0.8218830305060615	91	0.9312519885996693	11	1.1750605118613175	
68	95	1.287115367049904	48	1.5383924067794055	1	1.6579071325493273	51	1.7744191656801025	44	1.865845339545528	55	1.892024560540783	
69	25	0.6851616814819078	96	0.8784828074473449	38	0.9553717356082676	18	1.0643028073956848	55	1.4524683020869615	94	1.785053357111176	
70	53	0.8573233031541136	21	1.0589141968869182	34	1.133661663365631	24	1.2435014592524554	19	1.2654916487729269	52	1.7591864360668525	
71	78	0.5270964399591542	7	0.6406893950236959	85	0.7271948453062629	92	0.7886432611353966	62	0.7937208607208865	2	0.8993667059157383	
72	91	0.625587284819017	76	0.9251236387995065	3	1.0725979983258227	28	1.2163794599812294	77	1.3842488043378747	67	1.4570564550658318	
73	65	0.3464880316033405	22	1.0240498814005048	80	1.2860131016366465	60	1.2996841095244283	37	1.3689211043958012	36	1.374846467699624	
74	93	0.5650393203799554	3	1.0148138271674494	57	1.0641973899639643	76	1.3085712915398784	67	1.4642455834055692	28	1.5690984023262253	
75	30	0.6555298330649524	41	0.8848096023531709	58	1.269363819496665	39	1.4055438876296653	14	1.487358601668554	20	1.557599654109998	
76	91	0.6723750362866557	3	0.904831857559204	72	0.9251236387995065	93	1.1836797606784824	67	1.2780315054678366	74	1.3085712915398784	
77	72	1.3842488043378747	29	1.5965252592691732	97	1.6579225762498426	91	1.9551992686948938	2	1.9676397936715437	28	2.1304829603213147	
78	71	0.5270964399591542	62	0.5691916867550644	85	0.7569799898554447	2	0.7844275921729502	92	0.8032461227662331	7	0.9088524119748203	
79	83	1.2320616793391383	29	1.537614506764059	62	1.6154775515497288	50	1.6423524421022524	2	1.871419527666837	85	1.9183375752810086	
80	73	1.2860131016366465	65	1.3849512603240195	9	1.6656618860105898	36	1.8560912796761306	56	1.8763524227832529	84	1.9580589966049466	
81	46	1.1884991912980956	98	1.211934118075531	91	1.546332046956463	67	1.585062998569385	76	1.844412151065152	89	1.9556493245521873	
82	51	0.992028921352942	90	1.0783049837003107	28	1.2749914585301478	89	1.5328649608761313	26	1.5506201413135903	67	1.9174866167932352	
83	62	0.5080298425992111	2	0.6547401334293332	29	0.7534676405348983	7	0.9589212514980633	78	1.0485868946782162	85	1.05640059752356	
84	60	0.7174178446736622	47	0.7440312775917759	9	0.8030883669829755	99	0.8848978623004592	27	0.9509502055824688	36	1.020809940543586	
85	62	0.6539340960909271	71	0.7271948453062629	78	0.7569799898554447	7	0.959282073851541	83	1.05640059752356	2	1.144149183578195	
86	0	0.8521689947303857	36	1.2224690199579074	27	1.2426505982386802	59	1.3611876730971537	47	1.6316303963435481	99	1.6685675092153531	
87	32	0.9347064328828345	99	1.424704385124961	56	1.5334213835355124	9	1.6707762687697905	84	1.898214039097935	27	1.974944717296738	
88	23	0.6301207738507886	63	0.8791361608189407	1	0.8934393964082513	55	0.9511406628514626	38	1.2832522782618334	96	1.5270819665941298	
89	67	0.7176948600718479	11	0.8502228338774511	28	0.8801909995188951	46	0.8877217499470242	31	0.9426633890986332	57	1.2021792089851084	
90	82	1.0783049837003107	51	1.5313590127325767	48	1.8706268901799539	68	2.14084700715361	28	2.2321094185359587	26	2.34468270341637	
91	72	0.625587284819017	76	0.6723750362866557	3	0.7430612040660975	67	0.9312519885996693	28	1.0150084319297261	46	1.185823498543171	
92	33	0.6246998304402834	71	0.7886432611353966	78	0.8032461227662331	2	1.1314548331661154	7	1.1728931634988335	62	1.2811255954537362	
93	74	0.5650393203799554	76	1.1836797606784824	3	1.2577824787687488	57	1.6042774519511256	91	1.658848842826721	72	1.74547125702834	
94	49	0.4958106644534412	95	0.7098849620042964	18	0.8428043988620798	48	1.1993309549210345	25	1.2810437679247837	97	1.3159425943961771	
95	94	0.7098849620042964	18	0.8503752494024662	49	0.9641567220881266	48	1.154520100135135	68	1.287115367049904	25	1.3396933574024275	
96	38	0.8208094728088271	69	0.8784828074473449	55	1.1430659638436675	25	1.1683393005742175	1	1.3095040258087618	63	1.322749832688005	
97	49	1.0451351106338977	94	1.3159425943961771	95	1.3602945956912296	10	1.6191474964832362	77	1.6579225762498426	48	1.6600495377809206	
98	46	0.8994731693334668	81	1.211934118075531	91	1.5200611583650852	26	1.6151051876705171	67	1.6370644172484736	89	1.7272301217944972	
99	27	0.5545683727759448	59	0.7449816126105621	47	0.7489834589276867	36	0.7682807372767899	56	0.8256559465058444	9	0.8845634595704776	
