-3.2195592112828813	-1.6830978262966032	2.2944675988732843
2.3561278985141847	0.4080411483979036	2.8088781702401704
3.7023769720435435	4.6402200689950241	4.7439624109859233
-0.7910933689791706	2.8636253958711708	1.9258021309400917
-1.7499153781106473	-3.5195926210661472	-4.1388916289739619
-0.9201438574131462	-1.0285454988942790	2.3081966911114935
-2.9987936447053674	-3.1301641980498225	0.4302797048260727
-6.3350257687375402	-2.6463908240014242	-1.5273724306543761
0.3819989464107794	-1.4187978776356931	1.9607033201370085
1.7900112604076130	-0.4737584297964544	-1.6996908989952912
-1.9912308721461194	2.0826226831931085	1.5889909818981032
-0.1395029255095397	-0.9228212848190602	-0.4436592761499416
3.2323001911833260	0.6600311928838929	4.6824341834489491
-2.5288610758535315	-2.3492797736120723	-0.5203519139431623
-6.1725593781705612	-2.5108578175010994	-4.2940865195571538
-1.1436776553769750	0.9037037727071606	3.2193694817383074
-3.8210180344754416	-2.9530905564101357	-0.5408742448892445
0.1361747286179567	-1.3817398878329250	2.2631757451378927
-2.4438359156624951	2.9969472152506889	2.1298389167610488
-0.3854134567354601	0.0827499451473245	3.2602640822486846
2.3473751419911535	4.4490497369630218	4.5460246970816591
-0.0971842977440991	4.0170638830446626	4.6708034163520287
1.1047627051247848	-0.3631655744702196	3.2809266838346294
-0.2741053676602795	-0.7765214351017588	1.7094650383184260
-0.1167970734292711	0.4794122689874363	3.3655163317345211
0.3559859632523839	-0.7220825674070819	2.1071995234825081
-2.4664726630985663	-5.3569271002909389	-1.7850183691847961
-2.4819097637280287	-0.8960970535450224	1.3554498572482836
-2.7913771324450316	-0.1013569771168279	0.4535312347858711
0.9723133291751704	1.4322211598218972	2.7956835379248859
-1.3205665445900105	1.0145247642639112	2.3767201422110875
-2.7464737091698606	0.5378139473355081	0.2921129947390108
0.3276300830707990	1.0505526152207230	2.5998762849631514
0.7290255547066060	-0.3465506103363644	-0.8052837755742907
-2.2900709599805467	-3.2481988495779204	-4.7797615859968756
-1.7494051406748323	-4.7461312432818676	-5.5366225796081405
2.3664096984596781	-2.2027819733193077	-2.2552889045838382
0.7482640614917817	1.0121193460259279	2.4109065315035112
0.9251684480323370	0.1355084896987238	2.5582053946532248
-2.3888599414541249	1.2577581871544663	2.1723708023059642
-2.4164425917032735	-5.1908493952596491	-5.7963918044655021
1.8587326624164402	-0.4387536979573413	4.2365235001670500
-0.4615034912146605	-0.9915989385680750	0.2522631586864641
1.9594668352009603	4.8012043524038797	3.7766325409581438
2.0281665918168290	3.5461290107086301	3.3183320461328281
-0.2672270854877432	3.7776411906293266	5.8062061802143008
-5.3214897947486346	-2.9124021621193266	-2.0573582614245716
2.0978218019086006	0.8501907216038491	4.6411695851954304
0.6506584764064228	-0.0027430139819244	0.9550935745024638
-3.0489356940150083	-1.9191117270873868	-1.9267971090940146
-1.6312334904217543	0.2315910293208995	0.5681543388448647
1.2863265399061243	-0.8196927752130674	-3.0253732692988606
5.1272872489209735	3.3232413393354627	5.2761610933191943
-5.1772254380252312	-1.9219869361351809	-1.6805014857876790
4.7609680111499255	3.0228183764360423	6.1355485160072813
-4.7386607117739850	-1.2096342468762753	-1.4245564659083714
0.9128346019318737	-0.5476211657185857	-3.6960357766771450
-1.8825721203762775	3.5176492798187944	3.9172194156787392
-5.8916169207640072	-2.8144363056506640	-2.1381785733725760
-3.7580903622284945	1.5291071068348980	0.8509165680162505
-1.3972437470082417	1.0425653784629878	1.9446935762874706
3.7811635430000003	1.2754552043241867	4.9229827647919375
-3.8438407457749171	-0.8834479146060978	-0.7525829137368150
-2.5379563825918297	-0.4637063793438236	1.2291870596507144
3.7065645338058961	1.3556494678172941	4.0992695158780466
-4.4704464674710840	-2.3935422427430257	-2.1614259580155428
4.5692396906307629	2.3232682186518585	5.4209564037876401
-1.0241714183467092	2.7282022789926064	4.6550244770631117
0.8241578460224475	-0.8520171421765728	-0.6983290085840919
0.1919467780612250	0.0854921162792758	1.3311515214164285
-0.8774242789657960	1.1717146811334125	1.3359630283681199
-2.8504656592579014	-4.6195299573735715	-3.6549576857276236
1.8829121410061251	-1.1388262018348294	-0.5633191541162887
-2.5117685241372589	-0.1970125411255108	0.4582948710444696
1.9523998011236912	0.4049064483008942	-2.4033189652893170
-1.9279320393001638	-0.4456012608635006	0.4590640553063706
-0.4285145236224734	-1.9105646913199075	2.6974999328723044
2.5681626623363361	-1.2497104519081232	0.9297696037364183
2.2070880678363336	0.6136928182217221	-0.3813783806140922
-1.9965143620325581	0.1657663690674842	-0.5760842122948544
-1.3266557818724318	0.7101551839209923	0.3133410261763216
0.5109032253076752	-1.6164962755595487	-2.0968797525455778
0.9489629290307585	-1.5742969716154154	1.7524210015917698
-0.2366058974803150	0.3348675730629842	2.1548670277355693
5.1394040711070268	2.9524108098347761	2.6442818238077233
5.6936283079802639	3.2054593814742920	9.5617432998770813
-0.6531385365274607	2.9122369412481497	1.5203931039148779
1.1727307293311608	-1.6774479588360904	0.4839803235251594
-0.0618873609971269	-2.7717314017601575	-0.1658340473293261
-2.6907754009939300	-3.3312647649906135	-4.4119150870032371
0.2368655225773129	-0.9709583579081036	1.6714808756278352
-1.0492169868090515	-5.1613683329521871	-2.5303416558474661
0.2017005290869362	1.3309210368387792	2.8396646347948855
-2.0560668141136396	1.1194695255514666	3.8736067464194472
0.0238718656358281	1.5498846612462849	-1.5274923404067762
2.5610129116572757	1.8128531324812798	6.1405209291883303
-2.1499756641867087	-3.2115787603087647	-4.3597242064483819
1.5681013328282516	-1.9087121218081384	0.6454474347103398
-0.8694026949654576	2.7909314034810291	5.7551999027999461
-3.0525847987112287	1.6926933911690369	1.7483763006448203
-0.1454026237966177	-0.5779012878121236	-1.0161081840917272
0.6413470370160712	-2.3740335235001440	-0.4185628789262665
-0.1533535741060367	-0.7444639295384731	1.4345468602345366
-2.5677373275136204	-4.0661121847303949	-0.9836934494807688
3.4588389671815629	1.2729765411355469	3.4580175351559945
-0.8353483820989362	-3.9247629119211940	-4.4083501782629897
-3.5643735572342927	-2.4711569714988890	-1.8583357377330454
-4.2734456180123415	-1.5691105631243711	0.2670043936682527
-3.2327513105951899	2.5999107122073601	2.4470649415397250
-0.1098370997730274	-0.9501107083747851	1.4974171263588019
0.1786017714131513	-1.4149113939512044	1.5987837636166407
4.4225284473444564	2.2402933359216979	5.7430253876290598
3.7476189505986253	1.0683361597999772	5.7238724856830894
1.5986301024559668	-0.3519283627987425	-1.7865907769464218
-3.7773181978097674	-1.4847579053685207	-1.8366415830491380
-0.5181497648747486	-0.5090472199156832	-0.6284363152394472
-1.2368452719123308	0.6972861248287314	1.3020224408646355
3.7274638289667505	1.6110125088219991	5.2852122343912145
2.6686958373423688	1.6054986651168379	3.7802300756331735
0.6734577255366772	-1.0044240458356837	1.5065054384998331
3.7274754683497822	1.6698543873307141	5.3579686868538250
0.3768688471414506	-0.7899724301386252	2.0502067430711608
1.5902574100160387	-1.4992218087375389	-2.2409541588850144
-4.9578200636016589	-1.2672817628590822	-2.0411580793411881
-1.3226424387567166	2.2808960016455604	2.2314654438218260
-0.6303636908405199	2.7599290250707020	2.7597434327613475
-0.8826273560709730	1.0273719873217499	1.4252423989887033
-2.1679815958491933	-4.4668483535425771	-3.7801393648373711
2.6877111672867038	-0.1560639486170001	4.9019505115592255
-0.0037688504158018	-1.1257965958027754	3.7777727851636262
-1.3965289445029430	1.6056665073822116	1.7592619231314146
-3.7296870046216828	-5.3886655534072840	-4.6342855410509740
-1.7352558457657872	0.5965903989283428	1.2766220776950350
-2.6005985212209950	0.6975041420211070	3.3991663524137712
-1.6444480591300266	-2.9048274342609690	-3.3559580444839763
0.2952293347719773	0.1226781318200147	-3.3253537060873999
0.3235333432826152	-1.5778731974297684	3.5639578314375600
-0.5579933206071235	1.0389134220237599	2.3414783532372496
-2.8943254072438722	0.7289848618508086	1.1460702759583006
-5.2464780751427540	1.7273304908866915	0.1073842588997995
-2.1889713291033215	-3.0191760530799376	-2.9615683917705122
1.4805649850993858	-3.2611692635092089	3.2743129739205754
1.1167352102801100	1.2876517888850909	7.1211480854477669
4.0738619058669681	2.2279025218261390	5.3727776700073129
-1.3134337166233205	-2.1964670272835312	-2.2990352414917554
0.5499974586433750	1.0827661510776287	-2.4830526865309035
-1.9911379343423219	0.4961441704788151	0.8320664864068942
-0.1096135536295226	-0.3586918208903094	2.7999801652942033
-5.0710975268572760	-4.0842071138261238	-2.2694671148099075
-3.5808678057958758	-1.4908814537465129	1.9500977581381562
1.7242139124625564	-1.4533250986491544	2.7468086533295586
-3.6350247172652237	-3.2588583779815004	-0.8481346853846867
-5.8473747235964861	-0.7652391124370475	-0.4939197801624911
1.2941292350624254	-0.9208838490216740	-1.8248028238409992
0.1090319038432357	-2.2668947348782762	1.1154770424522551
-2.2296115997010810	-0.3287358562393206	3.2822025959408112
7.0909870165346245	5.0137751013754421	7.3048462873661126
-3.8704236819745628	-2.2358480850859896	-0.3042601472901287
0.4270666084372748	0.9730099743083047	2.6551532754400595
7.3317508779287808	4.6491804156521424	7.7165118030672453
-3.7217542445911449	-3.3060902679859363	-0.5534266864288031
-6.7985049943491305	-3.5362669118845473	-2.0568497761117679
-0.7566688662566726	1.2251987255892156	2.0639964379367539
0.1961284222840514	2.2584994253444162	-0.1614662825150046
-3.7271956674932154	1.8470030379256244	0.3856276497194870
-1.9982165560959426	-3.9075642602768434	-0.9350263252197770
6.1684852375842247	3.3903640568461975	8.4596915961658645
2.1715474240961088	-1.9860131763004587	0.0278505357203074
3.6238233817628269	2.8559237412702956	5.0322668903250323
1.2807078315539733	-1.1533292541716822	1.3405166221016289
0.4259914218486548	-1.5805546242523107	2.3464323341205251
-0.3661140747345324	-1.4767077577514218	-3.5610697558479076
-1.3126507298629262	0.5754885140092791	1.3353112390303694
1.1100477082029041	-1.1526886502298552	-0.8726784165372183
4.5668707299060731	2.1054971911750342	6.4755473055010437
0.4299161099162534	-1.9153326361536021	2.6527611944318559
3.4940898488470840	0.5551983794191631	5.5021292287648542
-0.8366860562245715	1.4275975515265600	1.2140811852370590
0.7109690476186287	-1.7358763383404254	2.3867227892567242
-0.6470283854510623	-1.9984319705812510	2.2791112083126865
-0.7058113944095054	0.1898403705119469	2.4402324284815178
-0.8000110091111647	-1.7988752952096823	0.9460313028417415
-0.6969061173266176	-3.6336392203421162	-5.5106344644031307
3.1997074318491854	0.2894101429034670	5.2896719342640681
-0.3112253929507198	-0.2220491211448919	-0.3948383351215556
-2.4922075352524971	-4.8057081822725252	-1.4236844587329658
-4.7060436180561380	-0.3532897355455011	-1.9408176850515002
-3.4912090115730292	0.5635662128090257	1.4009989138804546
1.4252135759080617	-1.0015465407340751	-2.7262007058729401
-4.6986692194290498	-2.8287219018291205	-1.9794290337174592
-2.7304196809384012	-1.2414129996838494	0.1857330078105797
1.3903593144667941	-1.0901412431308715	-1.5574314265982474
4.3925209457512917	0.3333107618215809	4.3078424755345530
4.6753192701129143	1.2787364350023340	5.2045650380031958
0.2738679615695617	-1.7885586594846397	1.2840567867107180
-1.0095180200621212	-2.7730207442878658	-3.5810805275134792
-3.7031537678316742	-0.4749277389229452	1.0123743924012942
-2.7184900616576875	-0.8662590368649863	-0.2015281333471919
-1.6384284922397629	1.7626156399853781	2.5091455277862558
-5.7910336985505850	-0.7420483464419214	0.3919412842343082
-2.9888464834324289	1.2697458749505981	1.7300493575301654
-2.4143737306474362	0.6972176165923253	-0.0567422705244294
-0.4719172749232794	-0.3237187460562928	-1.5156347557950234
-4.5483116584807313	-2.9067503177411567	-3.5593989726590753
-2.9721298104432616	-0.1291212445397262	0.0817433793553785
2.4751561424564348	2.8965000285389992	4.5829383830267592
-0.7093928262883531	1.1703195754830671	3.0794813974181952
0.2057681259967580	-1.1276286922112604	3.0563168560931957
-0.7597944980948794	-2.5258712013943816	0.9720773432346927
-2.8566517754610894	-5.4691663741767105	-3.0795409744638027
-2.7736566355660326	-3.9300618651950652	-3.8001911247084337
0.9160337321004688	2.9063470898477290	4.0962152945548809
-0.2287835662027293	1.5280462755688800	-0.5415783684977611
-0.2837502595486834	-1.2683843048519505	1.4136182712644758
1.7645363393603888	-0.0920454351427040	2.4440684548443294
-3.6644472949063984	-2.0405101972553341	0.0029743060908269
-1.5346311249619724	0.0653207427911671	1.8668560037347246
-0.9919919220014183	1.4546737307369244	3.4007752452550557
1.0049190057439703	-0.5033872495455032	-0.5052987728844300
1.2530785978686207	-4.0525832149215244	2.0439734138667509
-3.4336526688816922	-3.2021187129044932	-2.0775332191398261
1.9160755516521553	-1.1543614770034782	1.4537276703726469
-0.9563404387206860	-1.8751038808271245	-0.7908730929260359
0.7300260136612873	0.6243894467585669	-1.0671714020281606
-1.4668293447028606	-4.2522876790222801	-4.0781405213946815
0.2353074349430023	-2.6906438955476162	-0.5085653471251605
2.2107805694471576	0.0902315716418944	6.0251654325384623
-2.9963986419230841	1.6019615782693173	1.5966768106859008
1.5223093112338295	-3.7403198070008101	1.5401786247257387
1.2840457405590171	-2.5040943343114610	4.3200568815957539
-0.5451995276647961	-0.0141996264318980	2.0108431461029364
4.1210526584994813	0.6148267964450236	6.7965970192741070
1.3946596941006768	-1.9354509954962502	-3.2766412766712971
1.9560103384902745	-1.5013336185300219	0.8606163011281069
0.7229768871263819	-0.6629591535657104	2.4679665298978741
-0.3991978486440748	0.5108143086831984	3.2044431689203270
0.4707235676192365	3.3862429084141379	3.2733479722754701
-2.7776679672933002	1.2235658599303267	2.2656784594256889
-4.7763290328182029	-1.5356640422974308	-1.4321484350680080
1.1528101999876454	-0.4291407917329538	-1.1287349358562169
-0.2358347800411424	-3.8795028691089453	-3.4096032798020639
1.3107985238582838	0.0987888782917664	-2.0755565937242642
3.0882875573147830	1.2600486773304260	4.4773971336878162
-1.5078068647046083	-1.0159764216667275	-1.6003576702373767
2.8912187610010758	4.3838394799159310	6.5525644343707885
-0.6294623455535768	-0.7811158959013700	-0.3960071435099863
0.3162578263040330	5.0378594128879310	4.1209309384149622
3.0096580866255009	2.0912996512313602	6.7699086198266016
-2.5064701123824187	-0.7951913232174819	-0.1912014263340335
-0.8974291194563770	-3.8382929773345906	-5.4498180203679460
-5.6947098877295996	-1.9240902034663683	-1.9229701659413951
-4.2668488854895141	-0.0086730409113991	-0.4777303549339638
-0.8383356389001932	1.4679856235963480	2.9453474931341459
-4.7841508332768292	-2.1171351689997491	-2.6392833344629514
-5.1404123633038994	2.3131077980972519	0.4457174358707597
-0.1894599575667707	0.1492597878628275	4.0312079243560763
-0.2332266657602845	-0.8150884658395081	2.2064815298734781
2.8095520216573804	1.4342374560074422	6.1288833103096625
2.6129354732035992	-0.6713983688195984	3.1177297691466390
-1.5157386372004069	1.3004604404987921	2.6226477859643547
-2.6845418722628271	-4.8062986085003327	-0.9658905220713225
-0.0349961907091094	-1.7308630732421058	2.5128706806466652
-2.0166888706000821	-3.5494556726857200	-3.0637658808529338
4.9714271909250263	1.9691885210541176	5.1925239350266068
6.5448319361516720	4.2669467797617751	6.5905673472238844
-0.2096035229226096	-1.8749288725996722	-1.7347734341411631
-0.0005157366350828	-0.5653933613049329	-0.5671079674603683
0.8441435786103777	4.3362253019661541	3.0459980547252377
0.3815736009053521	-3.1803273358096673	1.4654056730280001
3.4078176171349659	2.2640868057777794	7.4041579310281973
-0.9679971380455392	-0.2268158926404129	3.6190375344404053
-0.2743975521414128	-0.4927333679835879	-1.9893031323193797
2.9494665650405141	2.4752067292065107	5.1290929079803238
-1.3952891742264000	-3.9821271839076227	-4.1395664718433380
1.0188536502113521	-1.1517652875235762	2.4365534831740123
-3.4309550732096126	-1.3089602012744366	-0.3803341072056003
-0.3402679209550241	2.0925844013334602	3.3890679410063584
-1.0080018112486808	2.4425652604984682	3.9468056227497788
0.3038374697440865	-1.2294589119772881	2.8270693865946299
-2.3915199802785803	1.9070264818392837	1.0961874057209748
0.4915001168690576	-1.8186730418464332	2.4459882501045667
-0.0245707511357725	0.3090192604862437	1.4487703777755465
3.3139304822070272	1.5962271499769580	5.8315108832152660
3.9171130725463064	1.5838891849825436	3.6939815845823887
3.3864500422301176	1.2608012314528665	5.7940763120827299
-2.1925649257326754	0.4256107030427089	-0.5528499779204512
0.0450106692909416	1.6412152403859737	-0.4812072536837673
4.7017184871699715	1.9763143497888764	5.9055585530053341
5.4088570736543264	3.5577635896882311	4.9622059145548079
0.3078956448089669	4.4484042168471909	3.4914337120095098
-2.7932772397810073	-4.1485845371576975	-3.6671176695219367
-0.0266115654301657	-3.4723661871275606	4.1019341562977250
-0.9268524018320916	-1.3421032728160429	2.0155471399383775
0.6273491959544055	0.4187131876119334	1.8703594857879653
-2.5162053045427935	-0.3746152115859146	0.1684893171787447
0.3457320749193388	-0.9680275355064742	1.4004090996863394
-2.4154769809411225	-3.1702778763322952	-0.3302580052145836
-6.5523314162514295	-2.8007423976383539	-3.4903373873258801
2.5237113115103145	-2.5146111287439625	2.9212130507982628
0.7587220581481607	0.7911718886080712	2.9569476377497166
4.8384218477957743	3.2514979246335569	6.6557786736216471
-5.3108909025306072	-2.9501623600987785	-1.8747998330058819
2.5645191569441672	3.1183618007094465	4.7050956821080110
-2.6230035029584773	-0.7722852255448931	1.8076728548059009
0.8357079351421862	-0.0593221970643744	-0.2289486075265397
3.5883333423707420	2.7947808897714750	6.8694066125399766
1.4997160062408599	-0.3289906332842383	0.6567849403379888
0.7882614040490256	-1.1633495191302714	4.1659824984237446
-2.3195894950317948	0.5974505540064654	1.0815310258692583
-1.8393049435056699	-2.1369228093419381	-0.4431419814764039
1.5443921094345003	-1.9473724029677402	3.4732643225861271
-2.0603290805049950	-3.1535811919036649	-5.6461845154348271
-0.2569686182544335	-1.2106054779826381	2.7992464741896876
-3.2675638169514629	-4.1741822888866515	-5.3752219575995070
2.2660217187088119	-2.1263983160501296	-1.8232414974086424
4.5002141770253754	0.9910179390298555	5.0639346438500175
1.1978770932537597	-2.0491455615695671	-3.2630052280027888
1.0218344101218080	1.8854042593003792	2.2509635050394912
0.7533608583692188	-1.5187855153200660	3.8454771255072751
-2.4041850516659755	1.1336029118711914	1.8974914538284982
-3.2216799343604792	0.4823472842037556	0.6011705107808900
-0.1064137762996927	1.9145851625982488	0.2139594039828270
-3.6541576183025231	-0.3552904063328155	-0.6487863185675771
-5.0544483918079326	-2.9209867161001659	-0.0972516852814156
0.5148723287148580	-1.0745665775052986	3.0733047300560017
-1.1129287077930223	1.2406272889056393	0.3306725386145562
-0.4961401198354396	-1.5008617195378491	3.3045676256126817
0.2704885801608379	0.0083026323138368	-2.3887528262656241
1.0583692839591015	-1.5069061559313210	-1.2681629172492801
-3.6463949442227817	2.4578305713699100	2.7114319377485323
-3.5860566085122407	-4.7006644586405102	-4.0815033433594259
-0.9973087104705771	2.1569295445930630	2.2998131492543310
-4.6953032309931135	0.9317468173410951	1.4887181095358435
1.7097603215390176	4.4077066536677094	4.5325776895515055
-0.9705454706165328	-0.2089792727721369	4.3163291866015037
-1.0058785285930343	3.0215165778081583	2.3247040474510650
-2.8354534488614571	-2.5108759395091220	-0.5885611184003370
3.6190297464190988	1.5516915095389980	6.5759744955903958
-4.5526249770770857	-1.8991323253060108	-0.6900714165338950
0.0047550517769650	-2.0027450856731632	-2.4328033285233039
-3.4817122354189318	-0.5987062445724131	2.8010545227458796
1.2512522656870315	-0.6036906395672290	2.5359758506009369
-0.9987862346346376	0.8405673426276398	3.6374407005169482
-3.5874828729342298	-1.4476660913873731	-2.1553877456851001
1.7101202687702226	-0.4151892253900084	0.2899609874109137
-2.7960353943378360	1.7324909669201325	-0.7787884798442528
-3.6581945224020052	-1.1582180505008084	1.0445113639830927
1.0390818683416319	-0.3337896639669837	1.2257718417737236
0.6344340206174683	0.4565247143494389	-0.5963845929758618
-2.6281137156653132	-0.2659959474658905	0.2632118237665039
1.7746724664500162	-3.1318909858870376	2.9780826409737537
1.5003305233640265	0.2624387996986806	2.1861691676500645
0.1598646649442994	0.0346776996441888	1.0348566283965503
3.5316167947303652	1.9915357190116891	6.1967142072424135
1.8498169523382706	0.0734075588958746	4.2379003900782255
0.8963890580512689	-2.0873974565856885	-1.4132156984958386
0.1518104680648080	5.3460010826887228	3.2293908790276822
-6.4250410213585099	-1.4740634511801860	-2.0033706025582640
4.1829710204006769	3.9067432157789321	6.3693151787901927
-2.2383214588973068	-3.5925709007064879	-4.6248933538610784
-0.3854231757050754	-1.4893303677083529	2.4421170309749010
1.5589930140222794	4.2084371092973996	4.1827641588532458
2.0654302870494368	-1.4255139961247718	-1.4277962443389938
3.0819327881145098	1.1642331701097945	5.3530832688399359
-0.9627008461970528	-0.1890239637210268	1.8087772069710790
-1.0270936172503502	-1.9133660566515451	-6.4242706442532613
1.8205919477644328	-1.6405057974509392	-0.7187750178027167
1.3313480462809051	-0.6184197454954060	2.8225713470466771
-3.9731744675548164	-1.6945618863616345	-1.5089139678210197
-1.5677709861480387	-4.0086929297934422	-4.6558980361485975
-0.8944594003156432	1.9949243719311132	0.9267106939847998
0.8069629959017035	-2.4517574799945949	3.0566470558454384
1.5144969486658248	0.4349181000485238	4.7619897137436924
3.5530512988545202	1.8504646956304045	3.9338207301544768
0.1105774928948248	-2.2277188615233845	4.0773062227860200
-2.6671301945103956	-6.1292122083259617	-1.7998126567851804
-1.7144650757206796	-2.6231908818780827	-4.8678140842740900
-3.1622918870341250	1.3106623340695462	2.7095824807302691
2.9575628173843089	2.8724918381105482	4.4641562817578730
3.4056855435923863	0.3027911803621182	4.4918217544965353
0.1800194509872930	-4.1569922665415096	-4.5796965012186099
-3.0055917171223916	-5.7005342996047190	0.1730340959738235
2.1748659600939808	-0.3980096862470359	3.2889355103926432
1.1325339387962006	-1.1393179468849866	2.8654999531828667
-3.0526883322733749	0.1852446378381308	-0.6732158226799863
-6.9695675104226327	-2.3607944379993273	-2.2085319467351190
2.7912017975553871	3.6622987652463719	5.7118330688800860
-6.0290628171526546	-3.1113898076684561	-1.3038301444985798
0.8937710858539314	-1.0419539470862695	-2.5920641422446966
-1.5273557506920832	1.0273288304910944	3.5961482869022960
-4.9213385204173248	-1.1561926809712486	-2.2158463052781512
1.9208759640699828	-0.3203938914148348	2.9066791356080328
-6.2769258242578720	-3.2068505928250972	-1.7817207438396592
-2.3976656829140612	-3.5833446806057427	0.1464493820064563
-7.1011869441166215	-1.5644793504050338	-0.5880379903594601
2.2158368537998356	-0.5533026858599659	1.8994341428084174
4.2232027574506557	1.8528772525066084	2.9633299588987110
-0.0592212577817457	-0.9251825682633636	1.0545280472665319
-1.2004563225706928	-1.9337365457584799	0.9652842120855949
-1.9067864455569234	-0.6684722577017430	0.1320499197732445
-0.3496072933002345	0.3969843149242316	1.1156184810560059
-3.6477101167542161	-3.8867195874801275	-4.9253324354935382
-0.4118674472568260	-0.7174660365463418	2.4570989045799552
0.3043194812644209	-0.4995127951678022	-0.4527672785213404
-5.4134560343173508	-1.8641137222695305	-3.0058275491597426
-3.3350944891166625	-2.8212573508229362	0.6226423242538783
0.3232836989729291	-0.5700316826242491	0.8428519214423520
2.8316200419262922	0.3224993938424054	3.7301849484692844
-0.3520696646512468	1.2679824068741969	2.0476968277862979
1.8520503200790930	-0.9958305118079300	3.8103476305086659
6.1867936231147223	4.6232384075765811	9.0908765267641680
-1.5497970833524661	1.5934577671000902	3.2508599130114120
-0.7353379521529373	-1.2835260453330883	3.2870029020218716
4.2561343670067853	0.8453209597596922	3.8806634545193104
-2.4862641506470715	0.5159588662661870	0.5996811468972189
-1.4534354848148621	-4.2311230322222606	-3.3093846377544498
-1.3869615059799134	4.9019298603943682	3.2685506526300685
-0.0630911202358284	3.7052843670399218	4.8172141726402504
0.6076912573143116	-2.3270922603552293	-1.1723887100176800
0.0126892495806836	2.3213876595248761	2.6178060884690781
-0.4620400357549392	-0.5133878980111071	-0.2938842688471255
-0.2081864794574200	3.8697365876295562	3.4215292981701761
-0.3986525668765519	0.4168664920005226	2.8986293103946510
-1.3245613985983895	0.0478666194426060	1.9226305630866281
-1.7084198308248268	-3.8803491179765164	-5.6940654103306017
0.2917669801499878	4.0166865845288484	3.0202049353444922
-4.1103564927587914	0.8834892182901424	0.7405387949804463
2.2156093779699990	3.7838471458707708	5.1572390459661070
-1.0522863200510735	1.2290999878174380	1.4693986026045880
-0.4792784618189103	-2.3451318015987903	-0.9120518087500381
-1.8168758008034156	-5.4013992012670355	-1.5349141356695086
-3.9973371517889404	-1.5668637283023454	-1.8336616404923944
0.6639982905736058	-1.2128364115304171	1.6441652366422534
3.7200355238523635	2.3225221198318406	4.2749345026900869
0.1299979957663082	0.8743582939437451	1.2416550684938932
1.5709509427022592	-1.9558194766393360	3.1988581875946713
1.4825185168124397	-0.0141287841996460	-3.1203369393644080
-4.1038540491884650	-1.3242134245192037	-1.1282760810885759
2.1735203549997326	0.6607987229405112	3.6282878640203404
-0.4208828074682893	5.2708921793449157	3.5859653880609912
-4.0215790014127579	1.0058966726234426	-0.0423530352921558
-0.3884595858918634	1.6524398979231232	1.7101467604475875
-7.6198933553412944	-2.2808468899343990	-1.9416114796468857
1.4506858011786834	-1.1671346492330763	-2.7034450745764005
-3.9377535542434092	-2.6920899544127859	-3.0378807206729705
0.1862529583356554	1.7178191275592083	4.0705551477354103
-0.7867162755304586	0.5835427202682697	3.9166043613512764
-0.4220858322117358	-2.8183317928224816	1.6427808611545638
-5.2987476343905708	-2.7580262754752072	-2.5015764731837264
2.7528050915326370	2.8660742374762758	5.9963853897003556
6.5600504889435136	1.9016062929346247	4.8144049074546214
2.1174589360678784	1.3166953562139512	5.6682086646872678
7.0845130289991536	5.7337740623106663	7.8979747101734237
-2.1287057696092759	-4.2154289276946990	-0.2723155142360749
0.5732687485579955	-0.5721342314314057	2.7528172416781418
1.5649237601426418	-1.1996201818125134	-2.2015791548684476
-2.5247303879874279	2.4264206461363891	1.2211850212221211
5.0287164660337824	2.4039116952963413	5.3079944187395780
1.4382384911459909	-0.0731228514151963	-1.3238731599861979
0.3325985458612717	3.5582361426943536	3.9038909805986028
-5.5913586620884868	-2.4741795804103091	-1.7517496920189188
0.6775114157159519	1.8589648531826217	1.2937604173099642
0.8032482437908616	0.2487133922351559	3.6051624681963315
-0.6049966308010744	-1.7393094395256530	3.1433071130366659
-2.7013922370760417	0.3205867358305480	3.7271024901846936
-1.2947069594315077	0.9761737439939489	3.5296607833366966
0.4131348206926866	2.5930420560803720	3.4913817845680115
-3.1590838028268919	1.5823006411876204	3.2474389576786722
-0.0447408446082175	-0.1077011868825004	1.8663621785407138
-2.3950016153130642	0.7073635979172574	3.0080426035980952
1.8297671973191338	2.0770470376748316	3.2693848652095836
0.6574258977945020	-0.6581773868498433	1.5435604575598338
0.3509087870070368	-2.3001711666014995	4.1652631754568112
-3.5843727441158220	0.0652726538063792	-0.7494858945286946
-5.2762396308532100	-4.3208475806502218	-1.1527222419397984
-4.1955037299175242	-2.7507170286437250	-1.2616719262338814
2.0283565199084803	1.1731791633573871	4.3776719621144773
2.8158168485732489	1.0028621940301321	3.9047562250805412
1.0114237208294876	-0.9694576735845982	-3.7759342432137899
1.9146464660324121	2.8044314857154502	5.7585511928383024
1.4411412846228662	-0.1744203790730914	2.9487248290848411
-3.3165033689087999	-2.3850863532523094	-0.2830820090343220
-1.9153519656262861	-1.1304215146240484	1.4007140182141828
-0.7618290017303594	2.7336422148424671	1.5295615331982630
-2.1402854060438310	2.9040362342789203	1.4631033709535095
-2.0343470715651732	0.4432135065190086	2.2838394811228402
-3.3470999863415356	0.1297350476073857	-0.5436309104431292
0.2567052706997873	0.0197559639426218	1.8046623009068683
1.4485214388241110	-1.3066718896650849	-2.1463390653562509
-3.8927253103289630	-3.2609585963458065	-1.0567567461675142
-0.9368046597804573	0.8588055687308075	1.7998897802834877
1.4039091771659229	-0.6725238551860842	2.6625722968220220
1.1608458926571674	-2.1447083075282602	1.5054651516236863
-3.2348226998778444	-2.9310155452689601	-2.1820852072331807
4.9060403808067914	2.7978775978749177	5.3960478000214511
-0.3964997811375470	-4.0823828624178722	-3.7357544374340299
0.7037670500192689	1.8148140757321443	3.1734525252152155
-4.0563304364875981	-2.3725486720741529	-0.7761498250129488
-0.9625712408376257	1.2689069465244742	2.9578790310375309
-6.1558696926527094	-1.3842385829276969	-3.6503199263340735
