-9.2195592112828813	-7.6830978262966028	-3.7055324011267157
2.3561278985141847	0.4080411483979036	2.8088781702401704
6.7023769720435435	7.6402200689950241	7.7439624109859233
-0.7910933689791708	2.8636253958711708	1.9258021309400917
-1.7499153781106473	-3.5195926210661472	-4.1388916289739619
-3.9201438574131462	-4.0285454988942790	-0.6918033088885065
-2.9987936447053674	-3.1301641980498225	0.4302797048260727
-9.3350257687375411	-5.6463908240014238	-4.5273724306543759
0.3819989464107794	-1.4187978776356935	1.9607033201370085
-1.2099887395923870	-3.4737584297964545	-4.6996908989952910
-7.9912308721461196	-3.9173773168068915	-4.4110090181018968
-3.1395029255095395	-3.9228212848190602	-3.4436592761499414
0.2323001911833260	-2.3399688071161071	1.6824341834489491
0.4711389241464685	0.6507202263879277	2.4796480860568377
-9.1725593781705612	-5.5108578175010994	-7.2940865195571538
-4.1436776553769752	-2.0962962272928394	0.2193694817383074
-3.8210180344754416	-2.9530905564101353	-0.5408742448892445
0.1361747286179567	-1.3817398878329250	2.2631757451378927
-2.4438359156624951	2.9969472152506889	2.1298389167610488
-0.3854134567354601	0.0827499451473245	3.2602640822486846
2.3473751419911535	4.4490497369630218	4.5460246970816591
-3.0971842977440991	1.0170638830446626	1.6708034163520287
1.1047627051247848	-0.3631655744702196	3.2809266838346294
-0.2741053676602796	-0.7765214351017589	1.7094650383184260
-0.1167970734292711	0.4794122689874363	3.3655163317345211
3.3559859632523841	2.2779174325929183	5.1071995234825085
-2.4664726630985663	-5.3569271002909389	-1.7850183691847961
-2.4819097637280287	-0.8960970535450224	1.3554498572482836
-5.7913771324450316	-3.1013569771168279	-2.5464687652141289
-2.0276866708248296	-1.5677788401781028	-0.2043164620751141
-4.3205665445900108	-1.9854752357360888	-0.6232798577889125
-2.7464737091698606	0.5378139473355081	0.2921129947390108
0.3276300830707990	1.0505526152207230	2.5998762849631514
0.7290255547066060	-0.3465506103363644	-0.8052837755742907
-2.2900709599805467	-3.2481988495779204	-4.7797615859968756
-1.7494051406748323	-4.7461312432818676	-5.5366225796081405
-0.6335903015403219	-5.2027819733193077	-5.2552889045838382
0.7482640614917817	1.0121193460259279	2.4109065315035112
0.9251684480323370	0.1355084896987238	2.5582053946532248
-2.3888599414541249	1.2577581871544663	2.1723708023059642
-5.4164425917032730	-8.1908493952596491	-8.7963918044655021
4.8587326624164398	2.5612463020426586	7.2365235001670500
-0.4615034912146605	-0.9915989385680750	0.2522631586864641
-1.0405331647990397	1.8012043524038797	0.7766325409581438
2.0281665918168290	3.5461290107086301	3.3183320461328281
-3.2672270854877432	0.7776411906293266	2.8062061802143008
-5.3214897947486346	-2.9124021621193266	-2.0573582614245716
-0.9021781980913994	-2.1498092783961509	1.6411695851954304
0.6506584764064227	-0.0027430139819247	0.9550935745024640
-0.0489356940150083	1.0808882729126132	1.0732028909059854
-1.6312334904217543	0.2315910293208995	0.5681543388448647
1.2863265399061243	-0.8196927752130674	-3.0253732692988606
5.1272872489209735	3.3232413393354627	5.2761610933191943
-8.1772254380252321	-4.9219869361351805	-4.6805014857876790
4.7609680111499255	3.0228183764360423	6.1355485160072813
-4.7386607117739850	-1.2096342468762753	-1.4245564659083714
0.9128346019318737	-0.5476211657185857	-3.6960357766771450
-4.8825721203762775	0.5176492798187944	0.9172194156787392
-5.8916169207640072	-2.8144363056506640	-2.1381785733725760
-9.7580903622284936	-4.4708928931651020	-5.1490834319837493
1.6027562529917583	4.0425653784629878	4.9446935762874702
6.7811635429999999	4.2754552043241869	7.9229827647919375
-3.8438407457749171	-0.8834479146060978	-0.7525829137368150
-5.5379563825918297	-3.4637063793438236	-1.7708129403492856
3.7065645338058961	1.3556494678172941	4.0992695158780466
-7.4704464674710840	-5.3935422427430257	-5.1614259580155428
4.5692396906307629	2.3232682186518585	5.4209564037876401
-7.0241714183467092	-3.2717977210073936	-1.3449755229368883
-2.1758421539775528	-3.8520171421765728	-3.6983290085840919
0.1919467780612250	0.0854921162792759	1.3311515214164285
-0.8774242789657960	1.1717146811334125	1.3359630283681199
-2.8504656592579014	-4.6195299573735715	-3.6549576857276236
1.8829121410061251	-1.1388262018348294	-0.5633191541162887
-2.5117685241372589	-0.1970125411255108	0.4582948710444696
-1.0476001988763088	-2.5950935516991058	-5.4033189652893174
-1.9279320393001638	-0.4456012608635006	0.4590640553063706
-0.4285145236224734	-1.9105646913199075	2.6974999328723044
-0.4318373376636639	-4.2497104519081237	-2.0702303962635815
2.2070880678363336	0.6136928182217221	-0.3813783806140922
-1.9965143620325581	0.1657663690674842	-0.5760842122948544
-1.3266557818724318	0.7101551839209923	0.3133410261763216
0.5109032253076752	-1.6164962755595487	-2.0968797525455778
0.9489629290307585	-1.5742969716154154	1.7524210015917698
-0.2366058974803150	0.3348675730629842	2.1548670277355693
2.1394040711070268	-0.0475891901652239	-0.3557181761922767
2.6936283079802639	0.2054593814742920	6.5617432998770813
-0.6531385365274609	2.9122369412481497	1.5203931039148779
1.1727307293311608	-1.6774479588360904	0.4839803235251594
-0.0618873609971269	-2.7717314017601575	-0.1658340473293261
-2.6907754009939300	-3.3312647649906135	-4.4119150870032371
-2.7631344774226871	-3.9709583579081036	-1.3285191243721648
-4.0492169868090517	-8.1613683329521862	-5.5303416558474661
0.2017005290869362	1.3309210368387792	2.8396646347948855
-2.0560668141136396	1.1194695255514666	3.8736067464194472
-2.9761281343641719	-1.4501153387537151	-4.5274923404067762
-0.4389870883427243	-1.1871468675187202	3.1405209291883303
-2.1499756641867087	-3.2115787603087647	-4.3597242064483819
1.5681013328282516	-1.9087121218081384	0.6454474347103398
-0.8694026949654576	2.7909314034810291	5.7551999027999461
-3.0525847987112282	1.6926933911690369	1.7483763006448203
-0.1454026237966177	-0.5779012878121236	-1.0161081840917272
0.6413470370160712	-2.3740335235001440	-0.4185628789262665
-3.1533535741060366	-3.7444639295384730	-1.5654531397654634
-5.5677373275136208	-7.0661121847303949	-3.9836934494807688
3.4588389671815629	1.2729765411355469	3.4580175351559945
-3.8353483820989362	-6.9247629119211940	-7.4083501782629897
-3.5643735572342923	-2.4711569714988890	-1.8583357377330456
-4.2734456180123415	-1.5691105631243711	0.2670043936682527
-3.2327513105951899	2.5999107122073601	2.4470649415397250
-0.1098370997730274	-0.9501107083747851	1.4974171263588019
0.1786017714131513	-1.4149113939512044	1.5987837636166407
1.4225284473444564	-0.7597066640783021	2.7430253876290598
3.7476189505986253	1.0683361597999772	5.7238724856830894
1.5986301024559668	-0.3519283627987425	-1.7865907769464218
-3.7773181978097674	-1.4847579053685207	-1.8366415830491380
-0.5181497648747486	-0.5090472199156832	-0.6284363152394472
-4.2368452719123306	-2.3027138751712686	-1.6979775591353645
3.7274638289667505	1.6110125088219991	5.2852122343912145
-0.3313041626576312	-1.3945013348831621	0.7802300756331735
0.6734577255366772	-1.0044240458356837	1.5065054384998331
3.7274754683497822	1.6698543873307141	5.3579686868538250
0.3768688471414507	-0.7899724301386253	2.0502067430711608
1.5902574100160387	-1.4992218087375389	-2.2409541588850144
-4.9578200636016589	-1.2672817628590822	-2.0411580793411881
1.6773575612432834	5.2808960016455604	5.2314654438218255
-6.6303636908405199	-3.2400709749292980	-3.2402565672386525
-0.8826273560709730	1.0273719873217499	1.4252423989887033
-2.1679815958491933	-4.4668483535425771	-3.7801393648373711
2.6877111672867038	-0.1560639486170001	4.9019505115592255
-0.0037688504158018	-1.1257965958027754	3.7777727851636262
-1.3965289445029434	1.6056665073822116	1.7592619231314146
-6.7296870046216828	-8.3886655534072840	-7.6342855410509740
1.2647441542342128	3.5965903989283428	4.2766220776950350
-2.6005985212209950	0.6975041420211072	3.3991663524137712
-1.6444480591300266	-2.9048274342609690	-3.3559580444839763
-2.7047706652280228	-2.8773218681799850	-6.3253537060873999
3.3235333432826151	1.4221268025702316	6.5639578314375600
-0.5579933206071235	1.0389134220237599	2.3414783532372496
-5.8943254072438727	-2.2710151381491914	-1.8539297240416994
-5.2464780751427540	1.7273304908866915	0.1073842588997995
-5.1889713291033210	-6.0191760530799376	-5.9615683917705127
1.4805649850993858	-3.2611692635092089	3.2743129739205754
-1.8832647897198900	-1.7123482111149091	4.1211480854477669
7.0738619058669681	5.2279025218261390	8.3727776700073129
-4.3134337166233205	-5.1964670272835312	-5.2990352414917554
0.5499974586433750	1.0827661510776287	-2.4830526865309035
-1.9911379343423219	0.4961441704788151	0.8320664864068942
-0.1096135536295226	-0.3586918208903094	2.7999801652942033
-8.0710975268572760	-7.0842071138261238	-5.2694671148099079
-6.5808678057958758	-4.4908814537465132	-1.0499022418618438
4.7242139124625560	1.5466749013508456	5.7468086533295590
-6.6350247172652237	-6.2588583779815004	-3.8481346853846867
-8.8473747235964861	-3.7652391124370475	-3.4939197801624911
1.2941292350624254	-0.9208838490216740	-1.8248028238409992
0.1090319038432357	-2.2668947348782762	1.1154770424522551
0.7703884002989190	2.6712641437606797	6.2822025959408112
7.0909870165346245	5.0137751013754421	7.3048462873661126
-3.8704236819745628	-2.2358480850859896	-0.3042601472901287
0.4270666084372748	0.9730099743083047	2.6551532754400595
7.3317508779287808	4.6491804156521424	7.7165118030672453
-3.7217542445911449	-3.3060902679859363	-0.5534266864288031
-9.7985049943491305	-6.5362669118845478	-5.0568497761117683
-0.7566688662566725	1.2251987255892156	2.0639964379367539
0.1961284222840514	2.2584994253444162	-0.1614662825150046
-6.7271956674932154	-1.1529969620743756	-2.6143723502805130
-4.9982165560959428	-6.9075642602768434	-3.9350263252197770
3.1684852375842247	0.3903640568461975	5.4596915961658645
-0.8284525759038912	-4.9860131763004585	-2.9721494642796928
6.6238233817628274	5.8559237412702956	8.0322668903250332
1.2807078315539733	-1.1533292541716822	1.3405166221016289
3.4259914218486549	1.4194453757476893	5.3464323341205251
-0.3661140747345324	-1.4767077577514218	-3.5610697558479076
-1.3126507298629262	0.5754885140092791	1.3353112390303694
1.1100477082029041	-1.1526886502298552	-0.8726784165372183
4.5668707299060731	2.1054971911750342	6.4755473055010437
-2.5700838900837466	-4.9153326361536021	-0.3472388055681441
3.4940898488470840	0.5551983794191631	5.5021292287648542
-0.8366860562245715	1.4275975515265600	1.2140811852370590
-2.2890309523813714	-4.7358763383404252	-0.6132772107432758
-3.6470283854510623	-4.9984319705812510	-0.7208887916873135
-3.7058113944095052	-2.8101596294880533	-0.5597675715184822
-3.8000110091111647	-4.7988752952096823	-2.0539686971582585
-3.6969061173266176	-6.6336392203421166	-8.5106344644031307
3.1997074318491854	0.2894101429034670	5.2896719342640681
-0.3112253929507198	-0.2220491211448919	-0.3948383351215556
-2.4922075352524971	-4.8057081822725252	-1.4236844587329658
-4.7060436180561380	-0.3532897355455011	-1.9408176850515000
-3.4912090115730292	0.5635662128090257	1.4009989138804546
1.4252135759080617	-1.0015465407340751	-2.7262007058729401
-4.6986692194290498	-2.8287219018291205	-1.9794290337174592
-5.7304196809384012	-4.2414129996838490	-2.8142669921894203
1.3903593144667941	-1.0901412431308715	-1.5574314265982474
4.3925209457512917	0.3333107618215809	4.3078424755345530
1.6753192701129143	-1.7212635649976660	2.2045650380031958
0.2738679615695617	-1.7885586594846397	1.2840567867107180
-1.0095180200621212	-2.7730207442878658	-3.5810805275134792
-6.7031537678316742	-3.4749277389229452	-1.9876256075987058
-2.7184900616576875	-0.8662590368649863	-0.2015281333471919
-4.6384284922397629	-1.2373843600146219	-0.4908544722137442
-5.7910336985505850	-0.7420483464419214	0.3919412842343082
-8.9888464834324289	-4.7302541250494023	-4.2699506424698344
-2.4143737306474362	0.6972176165923253	-0.0567422705244294
-0.4719172749232794	-0.3237187460562928	-1.5156347557950234
-10.5483116584807313	-8.9067503177411567	-9.5593989726590749
-8.9721298104432616	-6.1291212445397267	-5.9182566206446214
5.4751561424564343	5.8965000285389992	7.5829383830267592
2.2906071737116469	4.1703195754830666	6.0794813974181956
0.2057681259967580	-1.1276286922112604	3.0563168560931957
-0.7597944980948794	-2.5258712013943816	0.9720773432346927
-2.8566517754610894	-5.4691663741767105	-3.0795409744638027
-5.7736566355660326	-6.9300618651950652	-6.8001911247084337
-2.0839662678995312	-0.0936529101522710	1.0962152945548809
-0.2287835662027293	1.5280462755688800	-0.5415783684977611
-0.2837502595486834	-1.2683843048519505	1.4136182712644758
1.7645363393603888	-0.0920454351427040	2.4440684548443294
-6.6644472949063989	-5.0405101972553341	-2.9970256939091731
-7.5346311249619724	-5.9346792572088329	-4.1331439962652752
-0.9919919220014183	1.4546737307369244	3.4007752452550557
-1.9950809942560297	-3.5033872495455034	-3.5052987728844300
1.2530785978686207	-4.0525832149215244	2.0439734138667509
-3.4336526688816922	-3.2021187129044932	-2.0775332191398261
-1.0839244483478447	-4.1543614770034782	-1.5462723296273531
-3.9563404387206860	-4.8751038808271243	-3.7908730929260361
-2.2699739863387127	-2.3756105532414331	-4.0671714020281602
-1.4668293447028606	-4.2522876790222801	-4.0781405213946815
0.2353074349430023	-2.6906438955476162	-0.5085653471251605
2.2107805694471576	0.0902315716418944	6.0251654325384623
-5.9963986419230846	-1.3980384217306827	-1.4033231893140992
1.5223093112338295	-3.7403198070008101	1.5401786247257387
1.2840457405590171	-2.5040943343114610	4.3200568815957539
-0.5451995276647961	-0.0141996264318980	2.0108431461029364
4.1210526584994813	0.6148267964450236	6.7965970192741070
1.3946596941006768	-1.9354509954962502	-3.2766412766712971
1.9560103384902745	-1.5013336185300219	0.8606163011281069
-2.2770231128736182	-3.6629591535657102	-0.5320334701021259
-0.3991978486440748	0.5108143086831984	3.2044431689203270
-2.5292764323807635	0.3862429084141379	0.2733479722754701
-5.7776679672933007	-1.7764341400696733	-0.7343215405743111
-1.7763290328182029	1.4643359577025692	1.5678515649319920
-1.8471898000123546	-3.4291407917329537	-4.1287349358562171
-0.2358347800411424	-3.8795028691089453	-3.4096032798020639
1.3107985238582838	0.0987888782917664	-2.0755565937242642
3.0882875573147830	1.2600486773304260	4.4773971336878162
-1.5078068647046083	-1.0159764216667275	-1.6003576702373767
5.8912187610010758	7.3838394799159310	9.5525644343707885
-3.6294623455535771	-3.7811158959013698	-3.3960071435099861
0.3162578263040330	5.0378594128879310	4.1209309384149622
0.0096580866255009	-0.9087003487686398	3.7699086198266016
-2.5064701123824187	-0.7951913232174819	-0.1912014263340335
-3.8974291194563770	-6.8382929773345911	-8.4498180203679460
-8.6947098877295996	-4.9240902034663687	-4.9229701659413951
-4.2668488854895141	-0.0086730409113991	-0.4777303549339638
-0.8383356389001932	1.4679856235963480	2.9453474931341459
-10.7841508332768292	-8.1171351689997486	-8.6392833344629523
-11.1404123633038985	-3.6868922019027481	-5.5542825641292399
-0.1894599575667706	0.1492597878628272	4.0312079243560763
-0.2332266657602845	-0.8150884658395081	2.2064815298734781
5.8095520216573799	4.4342374560074420	9.1288833103096625
2.6129354732035992	-0.6713983688195984	3.1177297691466390
-1.5157386372004069	1.3004604404987921	2.6226477859643547
-2.6845418722628271	-4.8062986085003327	-0.9658905220713225
-3.0349961907091094	-4.7308630732421060	-0.4871293193533348
-2.0166888706000821	-3.5494556726857200	-3.0637658808529338
4.9714271909250263	1.9691885210541176	5.1925239350266068
3.5448319361516720	1.2669467797617751	3.5905673472238844
-0.2096035229226096	-1.8749288725996722	-1.7347734341411631
-3.0005157366350828	-3.5653933613049329	-3.5671079674603683
-5.1558564213896219	-1.6637746980338459	-2.9540019452747623
0.3815736009053521	-3.1803273358096673	1.4654056730280001
3.4078176171349659	2.2640868057777794	7.4041579310281973
-3.9679971380455390	-3.2268158926404129	0.6190375344404053
-0.2743975521414128	-0.4927333679835879	-1.9893031323193797
2.9494665650405141	2.4752067292065107	5.1290929079803238
-4.3952891742264004	-6.9821271839076227	-7.1395664718433380
4.0188536502113523	1.8482347124764238	5.4365534831740128
-3.4309550732096126	-1.3089602012744361	-0.3803341072056003
-3.3402679209550241	-0.9074155986665398	0.3890679410063584
-4.0080018112486808	-0.5574347395015318	0.9468056227497788
3.3038374697440864	1.7705410880227119	5.8270693865946299
-2.3915199802785803	1.9070264818392837	1.0961874057209748
-2.5084998831309422	-4.8186730418464334	-0.5540117498954333
-0.0245707511357725	0.3090192604862437	1.4487703777755465
3.3139304822070272	1.5962271499769580	5.8315108832152660
3.9171130725463064	1.5838891849825436	3.6939815845823887
3.3864500422301176	1.2608012314528665	5.7940763120827299
-5.1925649257326754	-2.5743892969572912	-3.5528499779204514
0.0450106692909416	1.6412152403859737	-0.4812072536837673
4.7017184871699715	1.9763143497888764	5.9055585530053341
5.4088570736543264	3.5577635896882311	4.9622059145548079
0.3078956448089669	4.4484042168471909	3.4914337120095098
-2.7932772397810073	-4.1485845371576975	-3.6671176695219367
-3.0266115654301657	-6.4723661871275606	1.1019341562977250
-3.9268524018320914	-4.3421032728160434	-0.9844528600616225
0.6273491959544055	0.4187131876119334	1.8703594857879653
-5.5162053045427939	-3.3746152115859145	-2.8315106828212553
-2.6542679250806613	-3.9680275355064740	-1.5995909003136606
-2.4154769809411225	-3.1702778763322952	-0.3302580052145836
-9.5523314162514303	-5.8007423976383539	-6.4903373873258801
2.5237113115103145	-2.5146111287439625	2.9212130507982628
0.7587220581481607	0.7911718886080712	2.9569476377497166
4.8384218477957743	3.2514979246335569	6.6557786736216471
-11.3108909025306072	-8.9501623600987781	-7.8747998330058824
-0.4354808430558328	0.1183618007094465	1.7050956821080110
-2.6230035029584773	-0.7722852255448931	1.8076728548059009
-2.1642920648578139	-3.0593221970643745	-3.2289486075265397
3.5883333423707420	2.7947808897714750	6.8694066125399766
1.4997160062408599	-0.3289906332842383	0.6567849403379888
0.7882614040490256	-1.1633495191302714	4.1659824984237446
-5.3195894950317948	-2.4025494459935346	-1.9184689741307417
-1.8393049435056699	-2.1369228093419381	-0.4431419814764039
1.5443921094345003	-1.9473724029677402	3.4732643225861271
-2.0603290805049950	-3.1535811919036649	-5.6461845154348271
-0.2569686182544335	-1.2106054779826381	2.7992464741896876
-3.2675638169514629	-4.1741822888866515	-5.3752219575995070
2.2660217187088119	-2.1263983160501296	-1.8232414974086424
1.5002141770253754	-2.0089820609701445	2.0639346438500175
-1.8021229067462403	-5.0491455615695671	-6.2630052280027888
1.0218344101218080	1.8854042593003792	2.2509635050394912
0.7533608583692188	-1.5187855153200660	3.8454771255072751
-5.4041850516659755	-1.8663970881288086	-1.1025085461715018
-3.2216799343604792	0.4823472842037556	0.6011705107808900
-0.1064137762996927	1.9145851625982488	0.2139594039828270
-0.6541576183025231	2.6447095936671845	2.3512136814324229
-8.0544483918079326	-5.9209867161001659	-3.0972516852814156
3.5148723287148580	1.9254334224947014	6.0733047300560017
-1.1129287077930223	1.2406272889056393	0.3306725386145562
-3.4961401198354398	-4.5008617195378493	0.3045676256126817
0.2704885801608379	0.0083026323138368	-2.3887528262656241
-1.9416307160408985	-4.5069061559313210	-4.2681629172492803
-0.6463949442227817	5.4578305713699100	5.7114319377485323
-3.5860566085122407	-4.7006644586405102	-4.0815033433594259
-0.9973087104705771	2.1569295445930630	2.2998131492543310
-10.6953032309931135	-5.0682531826589052	-4.5112818904641561
1.7097603215390176	4.4077066536677094	4.5325776895515055
-0.9705454706165328	-0.2089792727721369	4.3163291866015037
-1.0058785285930343	3.0215165778081583	2.3247040474510650
-5.8354534488614576	-5.5108759395091216	-3.5885611184003370
3.6190297464190988	1.5516915095389980	6.5759744955903958
-1.5526249770770857	1.1008676746939892	2.3099285834661050
0.0047550517769650	-2.0027450856731632	-2.4328033285233039
-3.4817122354189318	-0.5987062445724131	2.8010545227458796
1.2512522656870315	-0.6036906395672290	2.5359758506009369
-3.9987862346346374	-2.1594326573723603	0.6374407005169482
-3.5874828729342298	-1.4476660913873731	-2.1553877456851001
-1.2898797312297774	-3.4151892253900082	-2.7100390125890863
-2.7960353943378360	1.7324909669201325	-0.7787884798442528
-6.6581945224020052	-4.1582180505008086	-1.9554886360169073
4.0390818683416319	2.6662103360330165	4.2257718417737236
-2.3655659793825317	-2.5434752856505609	-3.5963845929758618
-2.6281137156653132	-0.2659959474658905	0.2632118237665039
-1.2253275335499838	-6.1318909858870381	-0.0219173590262463
1.5003305233640265	0.2624387996986806	2.1861691676500645
0.1598646649442994	0.0346776996441888	1.0348566283965503
3.5316167947303652	1.9915357190116891	6.1967142072424135
4.8498169523382710	3.0734075588958745	7.2379003900782255
0.8963890580512689	-2.0873974565856885	-1.4132156984958386
-2.8481895319351920	2.3460010826887228	0.2293908790276822
-9.4250410213585099	-4.4740634511801858	-5.0033706025582640
4.1829710204006769	3.9067432157789321	6.3693151787901927
-2.2383214588973068	-3.5925709007064879	-4.6248933538610784
2.6145768242949243	1.5106696322916471	5.4421170309749005
-1.4410069859777206	1.2084371092973996	1.1827641588532458
2.0654302870494368	-1.4255139961247718	-1.4277962443389938
0.0819327881145098	-1.8357668298902055	2.3530832688399359
-0.9627008461970528	-0.1890239637210268	1.8087772069710790
-4.0270936172503502	-4.9133660566515456	-9.4242706442532622
1.8205919477644328	-1.6405057974509392	-0.7187750178027167
1.3313480462809051	-0.6184197454954060	2.8225713470466771
-0.9731744675548164	1.3054381136383655	1.4910860321789803
-4.5677709861480391	-7.0086929297934422	-7.6558980361485975
-0.8944594003156432	1.9949243719311132	0.9267106939847998
0.8069629959017035	-2.4517574799945949	3.0566470558454384
1.5144969486658248	0.4349181000485238	4.7619897137436924
0.5530512988545202	-1.1495353043695955	0.9338207301544768
0.1105774928948248	-2.2277188615233845	4.0773062227860200
-2.6671301945103956	-6.1292122083259617	-1.7998126567851804
-1.7144650757206796	-2.6231908818780827	-4.8678140842740900
-6.1622918870341250	-1.6893376659304538	-0.2904175192697309
2.9575628173843089	2.8724918381105482	4.4641562817578730
0.4056855435923863	-2.6972088196378818	1.4918217544965353
-2.8199805490127070	-7.1569922665415096	-7.5796965012186099
-3.0055917171223916	-5.7005342996047190	0.1730340959738235
-0.8251340399060192	-3.3980096862470361	0.2889355103926432
-1.8674660612037994	-4.1393179468849866	-0.1345000468171333
-3.0526883322733749	0.1852446378381308	-0.6732158226799863
-9.9695675104226318	-5.3607944379993278	-5.2085319467351194
5.7912017975553871	6.6622987652463719	8.7118330688800860
-6.0290628171526546	-3.1113898076684561	-1.3038301444985798
-2.1062289141460688	-4.0419539470862693	-5.5920641422446966
-4.5273557506920827	-1.9726711695089056	0.5961482869022960
-7.9213385204173248	-4.1561926809712482	-5.2158463052781512
1.9208759640699828	-0.3203938914148348	2.9066791356080328
-9.2769258242578729	-6.2068505928250968	-4.7817207438396592
0.6023343170859388	-0.5833446806057427	3.1464493820064563
-7.1011869441166215	-1.5644793504050338	-0.5880379903594601
-0.7841631462001644	-3.5533026858599657	-1.1005658571915826
1.2232027574506557	-1.1471227474933916	-0.0366700411012890
-0.0592212577817457	-0.9251825682633636	1.0545280472665319
-1.2004563225706928	-1.9337365457584799	0.9652842120855949
-1.9067864455569234	-0.6684722577017430	0.1320499197732445
2.6503927066997655	3.3969843149242314	4.1156184810560061
-6.6477101167542161	-6.8867195874801279	-7.9253324354935382
-3.4118674472568262	-3.7174660365463419	-0.5429010954200448
-2.6956805187355792	-3.4995127951678020	-3.4527672785213404
-5.4134560343173508	-1.8641137222695305	-3.0058275491597426
-6.3350944891166625	-5.8212573508229362	-2.3773576757461217
0.3232836989729293	-0.5700316826242489	0.8428519214423522
-0.1683799580737078	-2.6775006061575946	0.7301849484692844
2.6479303353487533	4.2679824068741965	5.0476968277862984
1.8520503200790930	-0.9958305118079300	3.8103476305086659
6.1867936231147223	4.6232384075765811	9.0908765267641680
1.4502029166475339	4.5934577671000900	6.2508599130114124
-3.7353379521529373	-4.2835260453330886	0.2870029020218716
4.2561343670067853	0.8453209597596922	3.8806634545193104
-2.4862641506470715	0.5159588662661870	0.5996811468972189
-4.4534354848148618	-7.2311230322222606	-6.3093846377544498
-1.3869615059799134	4.9019298603943682	3.2685506526300685
-0.0630911202358284	3.7052843670399218	4.8172141726402504
0.6076912573143116	-2.3270922603552293	-1.1723887100176800
0.0126892495806836	2.3213876595248761	2.6178060884690781
-0.4620400357549392	-0.5133878980111071	-0.2938842688471255
-6.2081864794574200	-2.1302634123704438	-2.5784707018298239
-3.3986525668765522	-2.5831335079994773	-0.1013706896053490
-1.3245613985983895	0.0478666194426060	1.9226305630866281
-1.7084198308248268	-3.8803491179765164	-5.6940654103306017
-2.7082330198500122	1.0166865845288484	0.0202049353444922
-4.1103564927587914	0.8834892182901424	0.7405387949804463
-0.7843906220300010	0.7838471458707708	2.1572390459661070
1.9477136799489265	4.2290999878174382	4.4693986026045884
-0.4792784618189103	-2.3451318015987903	-0.9120518087500381
-1.8168758008034156	-5.4013992012670355	-1.5349141356695086
-3.9973371517889404	-1.5668637283023454	-1.8336616404923944
-2.3360017094263941	-4.2128364115304171	-1.3558347633577466
3.7200355238523635	2.3225221198318406	4.2749345026900869
0.1299979957663082	0.8743582939437451	1.2416550684938932
1.5709509427022592	-1.9558194766393360	3.1988581875946713
1.4825185168124397	-0.0141287841996460	-3.1203369393644080
-1.1038540491884650	1.6757865754807963	1.8717239189114241
-0.8264796450002674	-2.3392012770594888	0.6282878640203404
-0.4208828074682893	5.2708921793449157	3.5859653880609912
-7.0215790014127579	-1.9941033273765574	-3.0423530352921557
-0.3884595858918634	1.6524398979231232	1.7101467604475875
-7.6198933553412944	-2.2808468899343990	-1.9416114796468857
-1.5493141988213166	-4.1671346492330761	-5.7034450745764005
-3.9377535542434092	-2.6920899544127859	-3.0378807206729705
0.1862529583356554	1.7178191275592083	4.0705551477354103
-3.7867162755304586	-2.4164572797317305	0.9166043613512764
-0.4220858322117358	-2.8183317928224816	1.6427808611545638
-8.2987476343905708	-5.7580262754752072	-5.5015764731837269
5.7528050915326370	5.8660742374762762	8.9963853897003556
6.5600504889435136	1.9016062929346247	4.8144049074546214
-0.8825410639321216	-1.6833046437860488	2.6682086646872678
7.0845130289991536	5.7337740623106663	7.8979747101734237
-2.1287057696092759	-4.2154289276946990	-0.2723155142360749
0.5732687485579955	-0.5721342314314057	2.7528172416781418
1.5649237601426418	-1.1996201818125134	-2.2015791548684476
-5.5247303879874279	-0.5735793538636109	-1.7788149787778789
2.0287164660337824	-0.5960883047036587	2.3079944187395780
-1.5617615088540091	-3.0731228514151963	-4.3238731599861975
-2.6674014541387283	0.5582361426943536	0.9038909805986028
-8.5913586620884868	-5.4741795804103095	-4.7517496920189188
0.6775114157159519	1.8589648531826217	1.2937604173099642
-2.1967517562091383	-2.7512866077648441	0.6051624681963315
-3.6049966308010744	-4.7393094395256528	0.1433071130366659
-2.7013922370760417	0.3205867358305481	3.7271024901846936
-1.2947069594315077	0.9761737439939489	3.5296607833366966
-2.5868651793073134	-0.4069579439196280	0.4913817845680115
-3.1590838028268919	1.5823006411876204	3.2474389576786722
-3.0447408446082176	-3.1077011868825002	-1.1336378214592862
-5.3950016153130642	-2.2926364020827426	0.0080426035980952
1.8297671973191338	2.0770470376748316	3.2693848652095836
0.6574258977945020	-0.6581773868498433	1.5435604575598338
0.3509087870070368	-2.3001711666014995	4.1652631754568112
-6.5843727441158215	-2.9347273461936210	-3.7494858945286946
-8.2762396308532100	-7.3208475806502218	-4.1527222419397987
-7.1955037299175242	-5.7507170286437255	-4.2616719262338814
2.0283565199084803	1.1731791633573871	4.3776719621144773
-0.1841831514267511	-1.9971378059698679	0.9047562250805412
1.0114237208294876	-0.9694576735845982	-3.7759342432137899
4.9146464660324121	5.8044314857154502	8.7585511928383024
1.4411412846228662	-0.1744203790730914	2.9487248290848411
-3.3165033689087999	-2.3850863532523094	-0.2830820090343220
1.0846480343737139	1.8695784853759516	4.4007140182141828
-0.7618290017303594	2.7336422148424671	1.5295615331982630
-2.1402854060438310	2.9040362342789203	1.4631033709535095
-2.0343470715651732	0.4432135065190086	2.2838394811228402
-6.3470999863415356	-2.8702649523926143	-3.5436309104431292
0.2567052706997873	0.0197559639426218	1.8046623009068683
1.4485214388241110	-1.3066718896650849	-2.1463390653562509
-3.8927253103289630	-3.2609585963458065	-1.0567567461675142
-0.9368046597804573	0.8588055687308075	1.7998897802834877
-1.5960908228340771	-3.6725238551860842	-0.3374277031779780
1.1608458926571674	-2.1447083075282602	1.5054651516236863
-3.2348226998778444	-2.9310155452689601	-2.1820852072331807
4.9060403808067914	2.7978775978749177	5.3960478000214511
-3.3964997811375470	-7.0823828624178722	-6.7357544374340304
0.7037670500192689	1.8148140757321443	3.1734525252152155
-7.0563304364875981	-5.3725486720741529	-3.7761498250129488
2.0374287591623741	4.2689069465244742	5.9578790310375309
-6.1558696926527094	-1.3842385829276969	-3.6503199263340735
