11.4687042734644962	9.0595187820765126	8.7035656700790565	4
12.2859799972454624	11.0493800990338986	11.5665691343538768	4
-2.8848534502259220	-0.1487669176099564	0.0419967611449291	3
11.9972570337206612	11.9958467359782901	8.7946096094237056	4
2.1746152594723989	0.3575523119614122	-3.2873014094942667	0
2.1766892202292518	0.0672529108717408	-5.4110600402123410	0
-2.7810170988794205	-0.6961137692278109	1.0717403539771062	3
0.5332118081588548	0.3178546484318781	-0.7636733035703549	0
-1.9857110285626254	-0.1473474351721510	-0.4827220237237422	2
3.1005059099491432	-0.7249161190696761	-1.4437808424875402	0
12.8288942506932884	11.8071319790349740	10.7068253638867681	4
2.6751899425161842	0.1420800058934144	-3.2390368444690170	0
-3.8679802696649332	1.5611395013272644	-0.7826386667188033	3
1.0751535024382628	1.0470648755258651	0.9196761265612428	2
-1.5405578576582277	2.9146349995401568	3.0652656651983170	1
-3.1724831285958803	2.2980200731262470	2.0892174538096637	1
10.4054994236356801	11.2617587397738372	8.6862637300914081	4
-0.1738318709000154	-0.0929430041570279	-0.3212216370660001	2
11.0371697419723294	12.1292294300103265	9.6709945198956770	4
-1.1705555073821055	-0.3133102477317790	0.6769674040669631	2
-0.4709317936021815	0.3505328744343830	-0.8836035315404936	2
10.9910828929890645	10.0107262960777135	9.8020528228689017	4
1.2050136465778198	0.2343376711325487	-2.0881424698935316	0
-1.8094717016180715	3.9898005686906690	3.0199977477920408	1
9.6688828827346889	10.7025032166258818	9.5454703507806489	4
-3.6366321940138198	1.0785328081668841	-0.6318515708175831	3
0.7940011256704188	1.1813823942385182	-0.2313529633691013	2
0.9788073054348958	-0.3431444305144874	-3.6051316146353458	0
2.3821135053119717	-2.2080213851996215	-3.6022269498624175	0
-0.8401253280833390	3.2625962943535556	3.9953047637443193	1
-0.2652144521987121	3.6891739104163568	2.2603675655172091	1
0.0999562046020647	-0.4940389454205942	-1.6388647454693952	2
11.4558017072101794	11.4695465556112861	8.7639732891186330	4
-0.3678118132998864	1.3398850637927637	0.0092465002956752	2
-0.9342576337587725	3.0022427986603608	3.4875879112479908	1
11.5407592850701946	11.3098526063203764	9.9214894924939241	4
-3.0263776494973982	0.3209878973057316	-1.0273279720685231	3
-2.1678891048429647	4.1204081105385084	1.3628377143393986	1
-1.6056259692488903	-0.5505377635471762	0.0820638506919026	3
-3.5217885094576271	-0.1455463351491857	-0.1478486423562723	3
1.0025141516072871	-1.1529855504053510	0.6503257496555455	2
-1.5259874859208025	2.7595336756126421	3.0226179826159285	1
-0.5820184780340441	0.1029927653301193	2.0978318350251817	1
13.4544495440873852	9.7866015413982694	10.2458797548835268	4
-2.7141185653124733	-2.2581984058614939	-1.0846837646973266	3
1.2669358266903230	-0.5112042138589326	0.0512879973565890	2
9.5755559515337190	11.2982970801921496	8.5637894394811429	4
2.9645985219603572	0.6264396128616663	-4.8449409357414810	0
10.7184881829987013	11.1521749948124711	8.7604145775440756	4
-4.6314359801155991	3.6106057854176150	0.5134003138735377	1
10.3220165724556736	11.0215847849479545	9.5006431612376492	4
-1.0236085607337020	1.9515110110870240	-0.9967267894006944	1
-2.9138922784997261	1.0710830965041589	0.0205250265910740	3
-2.2770754068423305	4.3693071499711316	1.6320623936237233	1
0.5765382647019004	0.5972360101973916	-0.4756489797559105	2
2.9432008583797460	-0.3096137462024265	-2.0457479618062093	0
0.8914356717798158	0.3686694135524252	-3.6142890625789321	0
1.7995855598059318	-0.5752789539472350	1.2410110103936614	2
0.2814976841261261	-0.7804172769786856	0.6302493193049769	2
-3.0005213324347300	-1.1845313713598256	1.5817556763113285	3
0.8744663195087228	-0.4452091766558515	0.2701775058584456	2
-2.7738994038293705	0.3053687736182344	-2.4156308377904003	3
-1.9876091163668153	2.7021263716986148	2.3920679753125245	1
-2.3593610884140421	3.3214246892636807	1.7752359425038662	1
11.5090233272839129	10.7892195168746152	8.2132791432669201	4
-3.0843375999383866	-0.3570836302281329	-0.0823766038683042	3
12.2522054053538589	9.9561074209941349	8.2683429333989853	4
12.3281991331226148	12.1544386779038049	6.9745783404562545	4
-2.5390702755714059	-0.7337986774947197	-0.1706722385249027	3
12.0916852821392169	11.0739681292366363	7.2353719983004936	4
4.2254034944759820	-0.7288112180970573	-2.6838635972912610	0
-3.1886074534774642	-0.0763012042062157	-0.6090920732131910	3
2.7639566728166791	-1.3733547633115755	-2.9890154622294349	0
-0.6676935532157275	4.1606613084270609	2.7425049604984291	1
-3.8059961786521876	-1.7519549389521687	0.1621661568886102	3
-0.0102090734419744	-0.5154073946397252	-2.0748161161087562	0
0.1209861333259341	-0.0308002729334304	-4.0224338278619030	0
0.3184803107052577	-0.3712596240540469	-1.1009794056783833	2
-3.6433699821250194	2.4785825820142042	1.5274549277749139	1
1.3734702780411523	0.4248523479112389	-3.8187341581919347	0
-0.5680083810594345	-2.3783886752801431	0.3216498294704454	3
1.9765917685975951	-1.1043501889041303	2.6313410177603638	2
11.4525746678579843	11.1938746033770631	9.4062004292375594	4
0.3725642293979364	0.8265194393215998	0.1615321983253646	2
-1.6077677063800553	-1.3689917839024588	1.6125815586261958	2
-2.5428086945894002	2.7479137934619198	3.5350309706611487	1
-2.9115228152535915	1.7336327330506593	3.8886725887161049	1
11.7639616716571656	10.4671991051269675	8.2075403246070238	4
-2.4821980388703166	2.2735301790970497	2.7420559624847423	1
-3.9685507782029217	-1.5550372563838104	0.4858975828727670	3
-1.8494459575691617	-0.5418141593623510	0.4720418964906306	3
4.4724542501386608	-0.5272043097342405	-4.9278370320683740	0
3.9013761558338134	-1.1030710409926026	-3.4831512080054532	0
2.1478699018213110	0.5765993593935539	-3.6864312846013640	0
3.5034965401030691	0.2491387029238405	-1.4818720562116781	0
-2.8131747857514959	-1.4034639832128808	0.1194156375057535	3
1.0446373392496586	0.0336015515837899	1.0171967420927510	2
2.5983737280479917	-2.7917650306739250	0.0223826204993800	2
-2.1691526946178943	-0.9599978332784405	0.5795782645337114	3
-2.9180395462296462	4.7344874254415892	3.2892096791514649	1
G3
0	66	1.2677397373401835	87	1.5214407535101677	21	1.529572470536765	
1	10	1.2681100697884924	35	1.8246881555403345	43	2.168905531499025	
2	65	0.3140995266906079	39	0.6646336728306927	68	0.7120788350797865	
3	32	0.7557144530725534	82	1.1462467064429476	18	1.306755165341563	
4	93	0.45607190260706765	11	0.5471131475515131	79	0.9637340621248578	
5	47	1.1198132325899959	93	1.7985017938316183	79	1.8189391801302208	
6	59	0.739492725884962	98	0.8283938500178989	90	1.118602431983048	
7	54	0.4035952653925676	77	0.796720467329528	17	0.929746714251865	
8	38	0.7912080492184914	68	0.8645846310885076	2	1.0410518299100116	
9	55	0.7480543783036334	94	1.054815237282652	70	1.6742804383472725	
10	1	1.2681100697884924	35	1.5884995735235785	82	1.9904686441956407	
11	4	0.5471131475515131	93	0.8167222777333544	55	1.3037620389438773	
12	25	0.5560286869227113	52	1.339966825352393	36	1.5185992978342144	
13	96	1.018601696270489	83	1.0569078445838087	26	1.192457890519077	
14	41	0.16151638073670047	34	0.7440639538881432	62	0.8355895370859997	
15	78	0.754926740882471	88	0.9504164236881071	62	1.2880010728940472	
16	48	0.33980716417596274	46	0.8397268419347276	50	0.8531510844463152	
17	20	0.7753790132540197	7	0.929746714251865	77	0.9632515781348131	
18	35	0.9938453292211745	82	1.0571498543743305	32	1.1971306236892398	
19	90	0.745050833595315	38	0.7742567008862082	98	1.193685812998725	
20	17	0.7753790132540197	7	1.0118080346554217	77	1.09151644603207	
21	50	1.2491326630577648	82	1.3302306916022668	35	1.4156759601078068	
22	31	1.3976891354200096	75	1.4279571123137331	77	1.4584856375368578	
23	14	1.1092091060329001	73	1.1873723003137346	41	1.2625081363634412	
24	50	0.7282898741666982	46	1.1521187679924494	16	1.262381355033676	
25	12	0.5560286869227113	52	0.9736548200094703	36	1.0500887986360825	
26	54	0.6694756437028914	83	0.6766797799490071	7	1.0474044970774294	
27	56	0.7172144796542468	79	0.8894964644294802	76	1.0037714746182	
28	72	1.1038572837233471	92	1.8823531275328356	27	2.3338900539242595	
29	34	0.5782916530611679	14	1.215177154162781	41	1.29212943318765	
30	73	0.7853319431155504	34	1.5574218786397975	14	1.695367888447998	
31	75	0.45016285572100295	77	0.593420749102626	20	1.2687135873206994	
32	82	0.6988999488746178	3	0.7557144530725534	48	0.8027257346174326	
33	83	0.9137241831176114	26	1.1970048050573645	54	1.295549425225661	
34	29	0.5782916530611679	14	0.7440639538881432	41	0.7907268623756218	
35	82	0.5354906559326736	18	0.9938453292211745	32	1.1715646412180236	
36	71	0.5992315133326256	25	1.0500887986360825	39	1.1120116913099172	
37	53	0.3825628161629495	63	0.9192977355339585	23	1.7005001444853725	
38	90	0.4600077870856813	19	0.7742567008862082	8	0.7912080492184914	
39	65	0.49030389889567294	71	0.5731928181092526	2	0.6646336728306927	
40	58	0.8118342982399548	60	0.8135455302594641	45	0.9168687664395663	
41	14	0.16151638073670047	62	0.7835709539975532	34	0.7907268623756218	
42	19	1.5932795626507228	84	1.8585929687204688	58	1.9182992221266002	
43	10	2.164794107754619	1	2.168905531499025	66	2.3205118169627728	
44	95	1.4799454173900932	74	1.7329494791423266	68	1.7860160989089688	
45	60	0.45420290172453603	40	0.9168687664395663	96	1.1310215040996463	
46	16	0.8397268419347276	24	1.1521187679924494	48	1.16889143827624	
47	5	1.1198132325899959	93	1.418335045609743	11	1.7021426218398892	
48	16	0.33980716417596274	32	0.8027257346174326	50	0.8498128599850878	
49	78	1.8127486613989015	15	2.516867961094787	12	2.542222199308643	
50	24	0.7282898741666982	48	0.8498128599850878	16	0.8531510844463152	
51	33	1.347641618877552	20	1.6974626577440863	26	2.1172151879705847	
52	25	0.9736548200094703	2	1.220384507385469	36	1.2935577580258724	
53	37	0.3825628161629495	63	1.0608144276681752	23	1.51295836615717	
54	7	0.4035952653925676	26	0.6694756437028914	83	0.7072313282442882	
55	9	0.7480543783036334	94	0.9716437553303463	11	1.3037620389438773	
56	79	0.5266039126961537	27	0.7172144796542468	76	0.9590363242092544	
57	96	0.9953768695483494	40	1.1480317149853687	45	1.305090862068815	
58	60	0.7704725718078586	40	0.8118342982399548	45	1.1742062078216584	
59	6	0.739492725884962	98	1.3213435156483908	84	1.4052539064896183	
60	45	0.45420290172453603	58	0.7704725718078586	40	0.8135455302594641	
61	36	1.411160539602758	71	1.8924156642597292	25	2.126960028975879	
62	88	0.7421620373884621	41	0.7835709539975532	14	0.8355895370859997	
63	37	0.9192977355339585	62	0.9498482465945731	53	1.0608144276681752	
64	87	0.41075983135344546	32	0.8768930737295331	48	1.0276379113076692	
65	2	0.3140995266906079	39	0.49030389889567294	71	0.6059209179150514	
66	87	0.7094318926575905	64	1.1177778788518038	0	1.2677397373401835	
67	69	1.136384063693216	3	1.8566604151593122	64	2.0172387160166543	
68	65	0.6686006288950112	2	0.7120788350797865	95	0.7795741658133898	
69	67	1.136384063693216	64	1.1734049216081754	87	1.1919239355596611	
70	92	0.9401727585196955	55	1.4923008023536937	72	1.626155237021061	
71	39	0.5731928181092526	36	0.5992315133326256	65	0.6059209179150514	
72	28	1.1038572837233471	92	1.2692306749173636	55	1.4329783693040359	
73	30	0.7853319431155504	23	1.1873723003137346	34	1.4029035805441281	
74	89	0.4123137248660634	95	1.0530754347817899	65	1.5894207227701989	
75	31	0.45016285572100295	77	1.037869562901696	22	1.4279571123137331	
76	56	0.9590363242092544	27	1.0037714746182	79	1.3482690380889424	
77	31	0.593420749102626	7	0.796720467329528	17	0.9632515781348131	
78	15	0.754926740882471	63	1.5557818253668267	88	1.6928149465497364	
79	56	0.5266039126961537	93	0.8001412270124492	27	0.8894964644294802	
80	58	1.835866767960764	84	1.9407437410063135	40	2.01895559747517	
81	57	1.4980871466620047	96	2.1837891300973284	40	2.208079277284735	
82	35	0.5354906559326736	32	0.6988999488746178	48	0.9786016507522235	
83	26	0.6766797799490071	54	0.7072313282442882	33	0.9137241831176114	
84	98	1.2447991654366437	59	1.4052539064896183	90	1.4294970865804344	
85	88	0.9260252851606952	14	1.1193668491169484	86	1.1356841842284704	
86	85	1.1356841842284704	88	1.3381101237992918	15	1.90385717356068	
87	64	0.41075983135344546	66	0.7094318926575905	32	1.187131256085678	
88	62	0.7421620373884621	85	0.9260252851606952	15	0.9504164236881071	
89	74	0.4123137248660634	95	1.2215470344415138	59	1.5083966917447404	
90	38	0.4600077870856813	98	0.5372653471946638	19	0.745050833595315	
91	92	1.6567648632842886	47	1.9003670592621915	70	2.2665163130581054	
92	70	0.9401727585196955	72	1.2692306749173636	91	1.6567648632842886	
93	4	0.45607190260706765	79	0.8001412270124492	11	0.8167222777333544	
94	55	0.9716437553303463	9	1.054815237282652	70	1.7094792668013339	
95	68	0.7795741658133898	98	0.9072906498576099	74	1.0530754347817899	
96	60	0.9034686650576934	57	0.9953768695483494	13	1.018601696270489	
97	40	2.3720620873242924	9	2.5833382379584515	45	2.6409316623447183	
98	90	0.5372653471946638	6	0.8283938500178989	38	0.8560026348614841	
99	23	1.3623348504353066	53	1.8139263456670902	85	2.0365905564592626	
