0.0031002111410503	2.3536922155085982	2.0933299606018720	1.3474504635069220	0.3866702505932813	-3.1369609011639081	2
3.8724709186402424	1.6012820936069554	-4.1296856563778235	3.1288257778714241	1.9926179745799593	0.2945186903517589	3
4.3492052101464980	1.4732928903382576	-3.1626641154200197	3.4159637497905448	0.8298661775831564	-0.8323684192744119	3
3.1658967546099905	-1.2832470433468495	-1.7278563434082086	-1.2776291868810898	1.0232566872488293	-0.7653139028841434	4
-2.2552813161247736	2.7153181556724002	0.8142261269818505	2.6732811461988515	-0.3502121603528239	-1.3461373064127242	2
1.9290115053860308	1.0068829121720593	3.3262805051169213	3.7641479241383351	0.2107073256372280	-3.3047587914883145	1
2.5244836817571690	-3.7741081686862676	-1.7707452799439722	-2.9816305548939823	2.8685791415211606	-1.6158058601589047	4
3.1618878764721594	-2.0737358112932167	-1.8185485400814221	-2.2080549161062488	1.2789692837285891	0.2907547850711256	4
3.1608134908439292	0.1975799415524426	-4.1339551912429355	1.9345494645404031	1.8347929067168023	-1.8154362376745228	3
2.5360617345311751	-1.8377271422862713	-3.3068267636656650	-1.3116206583092529	2.9643859400606725	-0.2268641803362570	4
-1.9866729980766225	-1.2304069141376783	0.8979932257915579	2.0274474419627553	-0.3916188086681882	-1.8036138357351850	0
-2.5799526533976915	-1.0424794486854450	2.1788452928915030	1.9009272756272440	-1.5929972188438661	-3.7140882482396655	0
1.3264363692171441	-3.5941718404210823	-1.5429437545532929	-1.3616348264911866	0.8010889735851164	0.5240129532131252	4
3.0032369086098396	0.2229746002534827	-3.8751561288642575	1.5509124473037612	1.8651208993706092	0.5637505842736878	3
3.7865820108605530	1.7590066610946513	-2.6633310567442767	2.7713024640459603	3.5964896051903272	0.6807299855459439	3
2.1128922851007625	-1.7267524152557772	-2.9588081563167625	-2.2348442040964955	3.5455368223487755	-0.2435509837768022	4
2.5545194036154326	1.0928118132169051	-1.1802899291920976	1.9415605908137543	1.9567061197352467	-1.3661999237367131	3
3.1052928628612686	-0.9266596452837289	2.2153908871308263	4.1080987206295685	-0.6121458405042669	-1.4065063498078687	1
-1.4602253236930112	3.4160722121105374	-0.3920636955190768	3.8246592150172734	-0.9642422010476615	-1.1443745755857808	2
3.5561843189161202	-1.2840227512543998	3.5808229213435032	3.2037023244019869	1.1973532447432431	-2.2202193216087145	1
1.1186109341619579	-1.4678556394944677	-1.7556506218065961	-2.3983859436503119	2.7786358091906682	0.0886523672706887	4
-1.6119327155310914	1.8096546213024154	1.3189943292464585	1.0817119874547216	-1.5448272575912236	-3.0068564527854567	2
3.7346024547268559	-1.1298798795402636	3.5363458220592454	4.0189760209987071	1.3790825199617771	-2.9853703174281310	1
2.1515881667228451	-2.1196063788956065	-2.0946921377251808	-3.0084064464897584	1.0203501286858667	0.0952340589664626	4
2.0898686053730771	0.6788752216927365	-1.5001476600222228	1.1268858821131378	2.9376201788463892	-0.9224462692321473	3
2.9350411912058747	-3.9915812782104325	-3.4441917576617076	-2.6484010061938852	1.6331631339851640	-0.8779640499586421	4
0.3330930953121122	-3.3181294875573255	-2.2572827933489181	-1.6481555484903052	3.4379739560278351	0.1020293054529258	4
-1.3788140717982276	1.8249192646970465	0.1353382982417668	3.0521277537817708	-0.9311768112977303	-1.5015527964810360	2
3.0108073620432374	0.3635126278395230	-1.5426340797178004	1.8126492712040179	2.4860618240885417	-2.0642936320196581	3
2.9447843375052867	1.3217754639327297	-3.1893159063638343	1.0053284087397745	2.2515267689209608	-0.1181911830499702	3
3.4257848584525830	1.2918519995086255	2.7629092924964453	3.6491788226887376	-0.0321973878394268	-3.2414315346685316	1
1.5399662658535889	0.2095913472647459	-1.4387119846817762	2.0294528767241329	2.4970987877919528	-1.7408170570110497	3
-0.3341264367748469	3.6258083929490699	0.6991905275105739	3.4466611462885273	0.1575788076265656	-2.2427164431527551	2
-0.7871846941116405	1.3894511249163379	1.8469739913861325	1.3491295936552949	1.1635283958187843	-2.4019515018728956	2
2.7424325131303826	0.7261155761402236	2.4200714585446552	3.5822642944488305	-0.0160605142742047	-2.0501129758653804	1
0.9460691543096441	1.4673741252613746	2.0977925542419165	2.9380265811309201	-0.0889243943244811	-1.4233358690476554	1
2.8153329826840063	0.7239772645615044	2.7613333388146382	1.7553839784184357	0.7113272724594362	-1.2239064592010069	1
1.8157945533784094	-3.9234136968452900	-0.6698526812183920	-1.4151796994139745	3.2602529365939281	-0.3732345071365022	4
-0.5260403284419723	3.1200298436859670	1.7231138905518804	3.4272190925865402	-1.5132481302963936	-1.4136988827556096	2
1.9260075411683863	0.1767621592937121	-2.4364291756091347	2.5124078778284913	0.8691021049648437	-1.1869007462071179	3
-0.3927874641157985	3.3298330265142657	-0.4422641053364487	2.5376085369423662	-0.3374568469248149	-2.1029523912802288	2
-2.6479741956644451	-0.4441155224283309	-0.0588968717062253	-0.5594278420602709	-2.9491122779803192	-2.9963420226199391	0
-1.1468504600782921	-2.8417924058126789	0.6888954152622198	0.5600471321644114	-2.4565571128164403	-2.2251447398766668	0
1.5967735501708242	1.3693236458972433	-1.5906007254076742	0.9439428021864569	2.6421513975440964	0.6353499200427666	3
2.1668714284905759	0.8358217059041442	1.3713330378926898	1.7053196874937036	1.4122298230628694	-3.3938036717718880	1
3.7234020922763209	2.4958455837066671	-4.1049209712281041	1.4261467018573013	1.3570975898039772	-1.5161258963731548	3
-1.7141172195952850	-2.0372921834784119	0.5555172520735887	-0.5382695373711058	-0.7038285983157841	-3.7611950548881832	0
-0.5295331820283908	1.2166250326551360	0.7296773029590080	3.1148095784571437	-1.4866472011527914	-0.8542224002815937	2
3.7230611875086965	-0.2879454225359153	1.6815861304153750	2.4809468670056130	0.7397241853025291	-1.5749633858487848	1
-2.9303001602961536	-0.1984790490535313	0.7931489028817309	1.0291107697707715	-0.8581388244329817	-3.4718874624612064	0
-0.5826470882102059	-1.0631420153696940	-0.3927423825833517	0.4443309883732587	-1.5497455689403445	-2.1558181579053901	0
2.5012116296459643	-1.1826218558743231	-2.7620042507961653	-3.6270496251032802	1.1620165503061282	1.1674768619943729	4
0.2691684131923422	3.5229529345678925	0.6318403124935394	2.2398956456908454	-0.5211965093530635	-3.4481732926222088	2
-1.4958006292250317	-0.8833100120703703	0.8413748262397218	0.3266968389902312	-2.6734460578900667	-4.0250190965970214	0
1.8248618977199527	0.4938016814447330	-1.4725638865469977	2.5832129484993303	2.1328086954339751	-0.3470674157372937	3
0.5884813715559761	-3.9917952939821277	-2.4934815615113353	-2.1180529871007447	2.5434660810430461	0.7235397099684842	4
2.2752266302725226	2.3303615408000331	-4.1195491036656824	1.7720884141613156	1.1820180530760251	0.6285511170943381	3
2.9925176819234647	-2.7004722240229273	-3.2558423779256871	-3.2419689221864116	1.4951485942380591	-1.0988746153807782	4
0.9262608667855733	0.3404481195907230	3.3519647746374002	2.7957099576522291	-0.9600497320291342	-0.8554968780481045	1
3.1390857380245087	0.8190618771062586	-3.0983419641516936	1.1552191999666783	1.9996360763479477	-0.5854306311252984	3
2.5693434970955553	1.3738740547400308	-2.1491496679945232	2.1150218161989529	2.7513906873660652	-1.4409228619513850	3
-2.0244143512935109	-2.4777530030759145	1.4662732105028913	-0.3418865237985641	-0.7906289241120774	-4.0753997936035971	0
-2.1968506163888661	3.1633567347959923	0.0950394418316757	3.4583411302996709	0.2918001624513167	-2.0343382735501652	2
-3.0697868045930585	-2.4717065671786340	-0.3056881189374336	1.9238697563356202	-1.4332981214478338	-1.5664066224439757	0
0.0129160655458351	3.6995863246976444	1.6693765255678126	1.0549766126734670	0.4417899152499154	-2.5483618750553387	2
0.8109258411910010	-1.9191726015023449	-0.6078320876730405	-3.6249686859998800	0.9299896981342050	-0.1597860302107921	4
-2.3206842815447484	3.6607540751586622	0.4890485150610702	1.2003438155873729	0.0836608459092338	-0.7794166529981323	2
-0.0449477979393333	3.5835854710394064	0.4608292972681980	3.6007550529170200	0.1725016747543298	-2.4727868886516022	2
1.9520568437671972	-1.2293322998556304	2.1729430251849702	2.1374941023108089	-0.7238576459360344	-1.3656274988268895	1
2.4718598588526666	-0.3269347457976990	3.2334821147693633	1.7200143721588379	1.5526519452759704	-1.9337214988740961	1
2.9734550090091396	2.8731407994276195	-2.6628356320424285	3.6006085302617974	1.8945490270567340	-0.1035833517582931	3
2.2117339735965680	0.9983902104410802	-4.0581206687669678	2.4015295632345977	1.5667010386726250	-2.0998291173303185	3
-1.8389233668734262	-1.5093663492881446	-0.4758277890020745	-0.3676943144829432	-1.3832886619963678	-2.4805917766254808	0
-3.3334420940834333	-2.9579264056657597	1.3740876643227842	0.9641341090410871	-0.7855699028273930	-3.0234709927767138	0
1.8428194319739009	-0.7534099612937585	0.8737868695998117	1.4354041588945763	-1.2676428043986578	-0.5220292371953268	1
2.1591014105769597	-3.5423628930364561	-2.9172640191097079	-3.0811165300630803	0.7997526266962349	-1.6674267725655825	4
0.9264747231848076	-0.2892306224185983	1.9455814296246932	1.9276612133032880	-0.7551842337593283	-1.1774779209058801	1
0.3956827178560541	-1.4189096864425346	-2.3605289788382424	-2.4868194042765808	1.1011561318600847	0.6063173252591705	4
-0.5162548757215539	1.3152160092458764	1.6282818762078648	1.0898666256311860	0.4696144490054999	-1.3974119220798848	2
-3.1137492457472211	-0.5218661673868956	2.2420623635045160	1.2896297420702656	-1.1311650220006024	-1.4051671091346472	0
-2.0528658182634514	3.3439415213726531	-0.7399834657424692	2.3387714192144471	-0.3964135733494067	-1.8698656124798925	2
-3.0222345419843095	-2.9197918618191454	1.3884644941744044	1.3058727926491436	-2.5200103043295732	-1.7214198875333659	0
0.9683905317075029	0.7299719385346499	2.3852462742484533	3.2843039675481207	0.8560846775541364	-2.6701768865274937	1
-0.8355405535741034	-1.0558005071267997	2.3775244602872170	0.4579235280129699	-1.4152838347917449	-3.5695658976304347	0
-2.6044923357179908	-1.4198082888048200	0.7711042558576822	-0.5619356384834340	-1.2124551151107603	-1.1576130867077374	0
0.3460189297902003	2.6685986319064416	0.3043607039527794	2.1938254397766657	1.0343263040756954	-2.4145495969433730	2
1.1310620412492338	-0.3692740927937720	1.2033236296738772	2.3096481281423533	1.3390516095372722	-3.4038474919864785	1
-2.4870333999607572	-2.5668310154443130	1.7867332010694770	-0.2981242310108861	-3.0792277615772470	-2.1844760101930061	0
3.2978549151960816	0.2220786962950787	3.3154306586735398	3.1043774754217321	-1.3617126504398400	-2.5711071620664945	1
-3.4362838083859355	-0.2271627397203564	2.2490606330817173	0.9304180887603866	-2.8855371812867308	-3.1529669996785139	0
-0.5553697263651709	-3.0284808351175654	0.1758984177880327	0.5638108120003713	-0.5900396361132483	-4.1039494283576561	0
3.4734231535139330	0.4624453365780368	-1.7840912522708199	2.1711352617116897	1.3782902894580409	-2.0556503325448650	3
1.5343338059013858	0.1217513083451189	2.4140684243463300	3.9314838947434456	0.5143955305286569	-1.4150447575837877	1
-0.0675545636262971	1.5237938851481547	-0.0068663975615431	3.3268342141454985	0.4005481882357549	-2.6498264688379014	2
0.7480533281497896	-3.9649444657406026	-1.7430480218185660	-1.9466358616414312	2.2589786882029537	0.3010794025858767	4
1.2021546091222224	-3.2750183413445249	-2.1388499124403091	-2.3220570802998033	1.0893451430275225	-1.0243185170692450	4
-2.3161152349824263	-1.7916429141666987	-0.0584871745642063	1.5901740590977287	-1.8758143876314157	-1.3739575461357996	0
3.0924393067159519	0.1469046302456651	1.5929302063764703	3.9352390761403999	-0.3116183263807715	-2.9103601714632505	1
0.6762403538204637	-1.9581302665667519	-1.6973611717047736	-3.4857418065472441	2.0634756571645196	-1.2159163237941377	4
-1.1848722716185112	2.7113005602569018	0.1099657362362121	1.8265280782310962	-0.4098203414696935	-3.4858512016715357	2
G3
0	64	1.5576558553203648	33	1.6609493039079883	78	2.1595583072099998	
1	2	1.9705588029050234	70	2.2289425490774644	14	2.243175438407861	
2	1	1.9705588029050234	70	2.4084979212903237	45	2.651407299743841	
3	7	1.6369104071918092	23	2.366226640607307	9	2.693762094292882	
4	62	1.4911410984845357	27	1.5896830978898693	80	1.8000081928649945	
5	30	1.6477730153059957	82	1.713030679586693	34	1.7945306627469284	
6	25	2.279907962265008	75	2.4071395103800475	57	2.408021761309733	
7	23	1.3582119469692808	3	1.6369104071918092	51	2.217329788038776	
8	71	1.3851436257305256	59	1.899118050987288	13	2.4292137214563616	
9	15	1.2259124099710685	20	2.4222369230676115	7	2.564075583893992	
10	96	1.9791467471158684	79	2.1974794785593534	63	2.3054068005072432	
11	49	2.028294021044914	89	2.0809563351523708	83	2.284152579949883	
12	94	1.740519749606143	95	1.9685634172085913	55	2.292173958670291	
13	59	1.5724185629877543	29	1.61033315344052	1	2.3018767096608386	
14	1	2.243175438407861	70	2.4702162534518823	29	2.5965975685997766	
15	9	1.2259124099710685	20	1.796789673050043	26	2.5821508596979434	
16	28	1.286677776996887	60	1.2981143274257336	24	1.520643749313491	
17	97	1.980387923369908	34	1.9877818671279974	92	2.2151550311222294	
18	62	1.8296497321947258	80	1.879920981218752	27	1.8820262530316902	
19	22	1.1578963877154897	69	2.1499001673231133	48	2.4031798417820185	
20	15	1.796789673050043	98	1.9583551479812595	77	1.995152699068764	
21	99	2.128267802436481	49	2.5957212296696097	0	2.705943579862075	
22	19	1.1578963877154897	17	2.940747461700926	34	2.9473778672210407	
23	7	1.3582119469692808	51	1.7314662585692855	95	1.9918796467953517	
24	31	1.4848607012239263	16	1.520643749313491	60	1.5537165703589177	
25	57	1.4580514351796894	75	1.608290934824677	6	2.279907962265008	
26	55	1.4078571563243845	94	1.5406947430139109	20	2.2999864790199687	
27	47	1.47514465798649	4	1.5896830978898693	18	1.8820262530316902	
28	91	1.2797840843311767	16	1.286677776996887	60	1.4608221638775896	
29	59	0.7765172985340132	13	1.61033315344052	60	2.111046750109065	
30	34	1.5259566737947132	5	1.6477730153059957	97	1.749396917293975	
31	24	1.4848607012239263	16	1.52192828534637	28	1.5328495703115927	
32	67	0.46810593917551435	40	1.576366755721792	52	1.936291582661291	
33	78	1.2979112757326732	0	1.6609493039079883	85	2.455684734935267	
34	97	1.44710869694709	30	1.5259566737947132	92	1.6221727027615327	
35	82	1.787303154803589	92	1.8994229649955836	58	1.986166418992123	
36	69	1.630407897315927	48	1.9142363773170985	34	2.161245152991721	
37	94	2.0082926553690332	26	2.3230249992676613	6	2.426449494030842	
38	32	2.195534718805268	47	2.2408033328788646	27	2.3265391988330353	
39	54	1.8294995280264597	91	2.0080139867142477	31	2.0823033464564933	
40	32	1.576366755721792	67	1.58999251382025	80	1.7152368788379893	
41	53	2.0616183436436244	72	2.172030758461711	49	2.826268847689834	
42	87	2.050066499767246	81	2.1969449734103024	96	2.269695583431497	
43	24	1.8098459756359901	54	2.1781359283298545	29	2.2581993112714818	
44	86	1.7099862354483495	82	2.4086729101143196	69	2.6578927651280098	
45	59	2.3491874324496447	29	2.3988188643555355	71	2.4219244716685893	
46	61	1.1245406447810258	72	1.867795892396333	90	1.9530158065084826	
47	27	1.47514465798649	38	2.2408033328788646	35	2.533927409466303	
48	36	1.9142363773170985	34	2.131945263581738	69	2.311705705041997	
49	11	2.028294021044914	10	2.442079769754496	89	2.568718703287353	
50	72	1.6052477463112176	42	2.3435798597417543	96	2.382841822907361	
51	23	1.7314662585692855	7	2.217329788038776	77	2.5037961785936815	
52	99	1.7972378764604182	67	1.8482760074793136	40	1.8871125258884922	
53	41	2.0616183436436244	83	2.152459587671767	46	2.4815749903127564	
54	16	1.5678004382495856	31	1.5953001402258153	24	1.7902269431920543	
55	94	0.9370828633070543	26	1.4078571563243845	12	2.292173958670291	
56	29	2.149483905763179	13	2.3559613801308785	1	2.3858405386128236	
57	25	1.4580514351796894	75	1.5331987751561773	23	2.024529080794917	
58	76	1.809298141244008	35	1.986166418992123	92	2.252619731861311	
59	29	0.7765172985340132	13	1.5724185629877543	8	1.899118050987288	
60	16	1.2981143274257336	28	1.4608221638775896	24	1.5537165703589177	
61	46	1.1245406447810258	73	2.1828623392191364	90	2.233338122378207	
62	4	1.4911410984845357	80	1.5826343493591657	18	1.8296497321947258	
63	96	1.1982594982099324	81	2.1587235703926817	10	2.3054068005072432	
64	0	1.5576558553203648	52	2.0771091857636534	85	2.168673115747192	
65	98	1.904289170643989	23	2.1217095058336404	77	2.325130601653442	
66	4	1.9190699751477192	80	2.097184856732972	62	2.67108295690725	
67	32	0.46810593917551435	40	1.58999251382025	52	1.8482760074793136	
68	76	1.4379550080581986	74	1.851089467127543	17	2.306685726798276	
69	36	1.630407897315927	19	2.1499001673231133	48	2.311705705041997	
70	1	2.2289425490774644	2	2.4084979212903237	14	2.4702162534518823	
71	8	1.3851436257305256	39	2.1723195048979136	60	2.415114216062494	
72	50	1.6052477463112176	46	1.867795892396333	84	1.99151761815477	
73	61	2.1828623392191364	81	2.2178631590017304	63	2.5673432692611216	
74	76	1.7715635563191123	68	1.851089467127543	58	3.19909625759404	
75	57	1.5331987751561773	25	1.608290934824677	95	1.633025447956427	
76	68	1.4379550080581986	74	1.7715635563191123	58	1.809298141244008	
77	20	1.995152699068764	23	2.045638722772386	65	2.325130601653442	
78	33	1.2979112757326732	0	2.1595583072099998	35	2.4719055098267053	
79	10	2.1974794785593534	89	2.5401942391653973	11	2.5452040915936855	
80	62	1.5826343493591657	40	1.7152368788379893	4	1.8000081928649945	
81	87	1.9156177002528958	96	2.116964648585309	63	2.1587235703926817	
82	92	1.6739190044312218	5	1.713030679586693	35	1.787303154803589	
83	53	2.152459587671767	11	2.284152579949883	61	2.3561635033680406	
84	72	1.99151761815477	96	2.455213001404019	79	2.5933657358736664	
85	93	1.8218732230144066	40	1.9072448893568303	67	1.9339396394029118	
86	44	1.7099862354483495	82	2.0864392191380867	69	2.911294967509641	
87	81	1.9156177002528958	42	2.050066499767246	84	2.640046197949118	
88	34	1.9169782846026797	30	1.9949473568763518	97	2.2187780902857064	
89	11	2.0809563351523708	79	2.5401942391653973	49	2.568718703287353	
90	46	1.9530158065084826	61	2.233338122378207	42	2.7679733851665147	
91	28	1.2797840843311767	16	1.5712839662639388	39	2.0080139867142477	
92	34	1.6221727027615327	82	1.6739190044312218	35	1.8994229649955836	
93	85	1.8218732230144066	67	2.149505188945206	27	2.2355732392082843	
94	55	0.9370828633070543	26	1.5406947430139109	12	1.740519749606143	
95	75	1.633025447956427	12	1.9685634172085913	23	1.9918796467953517	
96	63	1.1982594982099324	10	1.9791467471158684	81	2.116964648585309	
97	34	1.44710869694709	30	1.749396917293975	17	1.980387923369908	
98	65	1.904289170643989	20	1.9583551479812595	95	2.1320165181897495	
99	52	1.7972378764604182	40	1.9334475855062276	21	2.128267802436481	
