44.0608648852043459	43.7343787822915289	48.9022080903354137	3
9.8418267498872556	6.9344024797238752	6.6695243329326477	1
45.0789060799950363	43.1817603995010302	47.5438770017399364	3
9.9416756543905347	9.1400902824560788	6.9672494101945164	0
9.2033020798656686	7.7902717442476908	8.8909775428054267	1
7.1862942068020077	8.1534098936732757	9.4679760352113931	1
18.4034324465606467	17.1579456248438049	18.0388628104644262	4
44.0693544829807777	46.7637316910141791	46.0676278507563524	3
1.3840046010269265	-1.4098603125401019	2.9718564300510986	2
0.4082724869407857	-2.5322957608562331	1.8078824799861906	2
1.9503290493059429	-1.8931612984281343	3.3440415765536349	2
43.9649181624694023	45.1958519184129699	46.3380712741134317	3
45.1040821119030397	42.9349635364665190	48.9673276015791146	3
15.8031556017002153	18.6721392315098953	19.5817308333667306	4
2.3343297013752813	-2.5004516397085861	2.4882462713046096	2
43.7340650766157495	44.9607932393617986	46.7175022797808381	3
10.4402033453777552	11.1493052933308849	7.9372497969029361	0
42.7357682320851993	43.8091115625849739	45.6841952708597887	3
3.2923017170224886	-1.6679653560391028	2.6997700785649443	2
16.6173317643607135	17.9254639982018844	19.9271497341364530	4
11.3789554657252765	9.8553615934400991	7.1657473865597137	0
11.9242167832200288	10.1176574803572006	6.1954257948441089	0
10.0160223369017842	6.2631644566330813	7.7615133421837239	1
0.8965272340377968	-2.6182367827832276	4.0342128074655150	2
8.2138805525836922	4.8231030999042970	7.2602890267505309	1
2.3641596697255700	-2.4248036355132019	2.5502478983908592	2
9.3519382468788326	6.8586136963136610	8.5291011782556563	1
15.9610925709812044	18.8135454467020296	19.4314255180264794	4
11.2929964937477685	11.1155847191198607	6.1707934499247123	0
9.4439366211466655	6.8042057096209012	7.2803414599040748	1
11.6391313571995862	9.4898444288068156	5.7257283714096019	0
-0.0624412475994793	-3.2660769565128787	3.6542158866788483	2
9.8431965802506944	6.0816026576188564	7.3058510065849394	1
0.9033423599004697	-2.3785063683173986	3.3262677159016083	2
15.6593850645359680	17.7057566363151579	19.4539323610570634	4
11.0763743552528808	9.1242851779684493	7.9443044876275435	0
9.6593509852862987	8.7219828234527661	6.3091861362081758	1
11.1221492343908466	11.2910045320347532	6.6124218212304271	0
16.7543613417626389	19.5250634196920032	19.4320929104581808	4
1.9465054013931442	-1.9255947621155203	4.6918818184408888	2
16.3995287010386832	17.8074874844407418	19.4003188673084352	4
15.9418944829458287	18.0718123722177637	18.5654284800605502	4
13.5926351059891193	11.1920998601573096	7.0676659306335115	0
11.2451017551830255	11.1426528166479351	5.7011351963605446	0
44.4192068287550725	46.9057888536712397	48.5671951944662084	3
45.7370013099305481	43.9858777397396423	46.9703314695433249	3
7.9603581400881129	7.9882385531001194	7.3415507844263210	1
2.6902330156821037	-2.9184095194873567	3.0186262681943616	2
8.5033813006143646	6.8203984013531143	5.7420384612567457	1
43.8045919685853349	44.8225181284161067	47.6153830899731219	3
9.3673291113362254	7.2189602045845129	7.1389427780078334	1
44.9999343233907183	45.2430031582838694	47.0523199518199533	3
45.0182288044134751	44.3450959802329407	46.9958265257305783	3
45.1737705679273134	44.8926157096719649	46.9616823451093239	3
11.2092963012156641	9.0367868704774033	7.4479728874766042	0
2.8298732459527973	-3.5556921380846505	1.8977536439350264	2
17.0184479236763124	16.6954400441790725	19.8009728104355247	4
1.5967924471722181	-0.2651476580934236	0.7115929401638359	2
12.4096842058387296	10.9253361884117020	8.1287230574785241	0
9.4642651590466507	9.8231824823624727	8.7874762437984018	1
17.0491815183963134	16.1782442218828564	21.3151667485331515	4
44.5790192579000362	43.6739902943159848	46.5900528791213020	3
8.3444314087636275	6.3151111765634056	8.4878150575783753	1
16.9633975451151500	17.1068782172518752	17.7422743763737429	4
15.3739012638790555	19.1757037124553165	18.6270988916720306	4
0.9455562028298026	-2.6748439928531109	2.3753098878188128	2
12.5998379622726340	9.1590964493915230	6.9405911812323229	0
1.2501394221451667	-1.6057975295276181	1.3606301314685736	2
43.0930319806070088	43.6242820492125958	47.7752922807180695	3
9.1312072347008044	6.1399862797432432	8.3097469917772298	1
11.9733431849021876	13.6134399924374687	8.1813154621568351	0
11.6770684180034188	10.1661159308601903	10.5340161149663043	0
16.6248726354199121	17.2305583811688194	19.5672549662411690	4
43.4597790224627119	44.6971728588522694	47.5127722961807777	3
44.5876298237245052	45.8287302057091708	46.4801534816610342	3
3.6223650932584222	-0.4006132021826185	2.3676679740556512	2
10.6883258325678270	13.0847313529505520	8.1922497689838707	0
3.1014173095189861	-1.5068992461138766	1.8769442993162626	2
17.7544154753449916	19.5254372665281721	18.9778922390578302	4
15.5985083893851577	19.8879663626936463	18.9932344228471592	4
4.4105838931410046	-2.4139357742502692	3.1458040101626819	2
16.8525801004841540	18.1668708834138712	18.7903233796814320	4
9.2785282817876826	10.5082622828651662	7.2512512151886686	0
9.4416387820250627	7.8492599474486120	7.8744406641214839	1
8.8481265123805670	8.2076112352634620	7.2468475669094907	1
8.8883751061463379	6.4034741039489687	9.5091323401144354	1
1.3725996691077564	-1.3566875741696482	2.8500438311347724	2
1.5104671457720156	-2.1395014130334840	3.3067966935002575	2
14.5678330740878490	20.3504381875683720	17.3346592594806452	4
10.5045386300390309	9.2587258711075666	6.8637103478057195	0
10.5291170526891467	6.6578235435804629	7.1404897377196050	1
11.3818373846362206	11.1196182043977210	6.8596128722775074	0
45.1816818346089804	45.3851621646238712	48.4725479879951635	3
15.6091752790186575	18.7828559261118784	20.6385270978276623	4
17.5611922986686118	18.4599858195605329	16.8385455153207104	4
10.2403073565450224	11.3314496423801092	6.9527488223650664	0
44.4466593803217336	44.0742574080218006	46.4276896746933545	3
9.1838360798550180	6.9524211523951820	7.8097198037806823	1
44.9985252780243385	45.0297022740940918	44.6994495767312117	3
15.6715812972135655	17.5969359988577025	17.7707439284512887	4
G5
0	12	1.315905569591904	68	1.4895506247930905	49	1.704594270181104	2	1.7851773854532824	73	1.7941038081243872	
1	50	0.7255858214885209	29	0.7405169249220969	90	0.8778794226714051	32	1.0640399657056903	22	1.2935782088854622	
2	61	1.1840428882194205	45	1.1868649906535236	52	1.2873968810832719	12	1.4449062718283232	96	1.562741484867443	
3	89	0.5844736689457583	36	0.8291974063084404	54	1.3596428798747036	84	1.4640840237781432	35	1.4974737284520954	
4	26	1.0104622366245908	83	1.0457682426989174	97	1.36802442873836	85	1.5506456872381458	84	1.7330566384683561	
5	4	2.1291118654988024	46	2.2689514961182944	62	2.3835560605888415	85	2.4415258543591363	26	2.6922104854637285	
6	63	1.4711468644345693	94	1.9609790270169383	81	1.996939198823936	56	2.288476609619009	72	2.3461735221474904	
7	74	1.145868449037194	11	1.5944571400984948	15	1.9455957493701506	51	2.036716142110756	53	2.34949853015396	
8	86	0.133400606567749	87	0.8127446652128757	10	0.8323611037019875	33	1.137944959545862	65	1.4657040923696587	
9	65	0.7943347235042633	67	1.329350808665641	33	1.604443542483094	86	1.8433886743436523	8	1.8885840861675578	
10	87	0.5055186718192777	8	0.8323611037019875	86	0.9303811402016219	25	1.0411569336413	14	1.1174272521683355	
11	15	0.502507331197481	74	0.8991618838093964	96	1.2239609080521967	51	1.2584247559529242	49	1.340376097270297	
12	0	1.315905569591904	2	1.4449062718283232	45	2.3437151971258947	52	2.4254197144909777	68	2.4372999094860157	
13	27	0.2598682200273066	34	0.9853414317770752	40	1.0659239272825456	93	1.0801411466238149	19	1.1574631505534463	
14	25	0.10225775917682946	47	0.7633209675519987	10	1.1174272521683355	87	1.2161658482043578	18	1.2866569536200814	
15	11	0.502507331197481	73	0.8815797998522834	49	0.9111992087954669	96	1.1737664878465015	74	1.2402507032967283	
16	95	1.020968725822685	91	1.4313830124937528	82	1.4936596495681127	37	1.49676251787504	20	1.775038537922325	
17	15	1.841382808953233	96	1.8842066683350758	11	1.9650476313505498	61	2.0582541407103587	68	2.1294332672473133	
18	77	0.8598961633770723	25	1.2069004613479282	14	1.2866569536200814	75	1.3510792434333505	80	1.4163238183434752	
19	40	0.5821575340356371	72	0.7826077723092434	34	1.0908106557769337	13	1.1574631505534463	81	1.1857458513779813	
20	54	0.8823264942997823	89	1.1008203125279308	35	1.110035681091706	21	1.143517830206091	91	1.3007964578063178	
21	30	0.8342892768142703	20	1.143517830206091	28	1.1810607859556337	91	1.3188044503858245	43	1.325192762005851	
22	32	0.5200592207687917	90	0.8970464311175099	29	0.9227860444882211	69	1.0481558867322407	97	1.0816342367039307	
23	33	0.7474646280794232	87	1.065478283366658	31	1.2180784454537874	39	1.4194138398349034	10	1.4534679397405479	
24	69	1.917558753056788	62	1.936479223545992	32	2.059263885175174	29	2.331996479866536	22	2.3606604025802223	
25	14	0.10225775917682946	47	0.754552114129291	10	1.0411569336413	87	1.1758207188970344	18	1.2069004613479282	
26	97	0.7446930504013661	69	0.7831116157416016	4	1.0104622366245908	62	1.1454996995129914	85	1.1757992652650968	
27	13	0.2598682200273066	64	1.0596667223483465	38	1.065614195662533	40	1.0978827292967168	41	1.1403891397824948	
28	43	0.47286939320167315	37	0.504971796375803	91	0.694536658145399	21	1.1810607859556337	95	1.3289869409317563	
29	50	0.4448410827406477	97	0.6081624289797289	1	0.7405169249220969	32	0.8259627247511137	22	0.9227860444882211	
30	21	0.8342892768142703	20	1.508293425080115	66	1.583743367344797	89	1.6234898899719152	43	1.6993056577444456	
31	23	1.2180784454537874	33	1.3520612146871989	65	1.7324017522820825	87	1.9656839432862176	9	2.041801486837899	
32	22	0.5200592207687917	29	0.8259627247511137	90	0.91096748194945	1	1.0640399657056903	97	1.2028985348374264	
33	87	0.6527656508910301	23	0.7474646280794232	65	0.9969547567679683	8	1.137944959545862	10	1.1541476832626427	
34	40	0.7490234808253665	13	0.9853414317770752	41	1.0016224437498102	72	1.0820451210884028	19	1.0908106557769337	
35	54	0.521219008518226	20	1.110035681091706	89	1.2299406862202111	3	1.4974737284520954	66	1.824717399480411	
36	3	0.8291974063084404	89	1.144522763118459	84	1.3423383458735008	50	1.7415079248471828	83	1.805288220452052	
37	91	0.3973847309554462	28	0.504971796375803	43	0.9314337692472314	95	0.9460990287357842	21	1.4811959163416692	
38	27	1.065614195662533	78	1.0983654490911194	13	1.2863372569766438	79	1.2885229395347322	81	1.5053909860231753	
39	10	1.3482358352680044	23	1.4194138398349034	87	1.4677691300078022	33	1.77713812947187	8	1.8817216876033884	
40	19	0.5821575340356371	72	0.6414785577799429	34	0.7490234808253665	81	0.8405394059306706	41	0.9880985186643673	
41	81	0.9428478829681212	99	0.9644170907458776	40	0.9880985186643673	34	1.0016224437498102	27	1.1403891397824948	
42	58	1.6113279973855135	21	2.1676828600475813	91	2.221748462416956	66	2.2660311182091717	28	2.469528813432243	
43	28	0.47286939320167315	37	0.9314337692472314	91	1.1667466525863472	21	1.325192762005851	95	1.6161041716860451	
44	92	1.7037111714395288	51	2.3231331629059073	74	2.354605008780264	49	2.371437248443667	7	2.5279267803966747	
45	52	0.8039413267648226	53	1.0674630776790264	2	1.1868649906535236	61	1.2580969826571602	96	1.4025881001171587	
46	84	0.9193616023798103	83	1.5803414241509663	50	1.6162940622592876	97	1.6700293971612081	29	1.8991275537219596	
47	25	0.754552114129291	14	0.7633209675519987	55	1.296913246786494	10	1.3055600013629538	18	1.4239966982758394	
48	1	1.6323796104836907	50	1.6901476269261166	29	1.803131340167576	46	2.05357357912292	84	2.0754900992432406	
49	73	0.38096768815542476	15	0.9111992087954669	11	1.340376097270297	51	1.3866113742074477	68	1.4027324289690541	
50	29	0.4448410827406477	1	0.7255858214885209	97	0.7447513526330914	83	0.9714714784748347	84	1.121893775137722	
51	53	0.4015041466903893	52	0.8998685990868832	74	0.916758225545146	11	1.2584247559529242	15	1.3394664093505	
52	53	0.5702077861554276	45	0.8039413267648226	96	0.8501909316503127	61	0.8988548935735948	51	0.8998685990868832	
53	51	0.4015041466903893	52	0.5702077861554276	45	1.0674630776790264	74	1.2048823046419992	96	1.2180103288063349	
54	35	0.521219008518226	20	0.8823264942997823	89	0.9419676270157585	3	1.3596428798747036	66	1.4852615729428216	
55	47	1.296913246786494	14	1.30681959618122	25	1.3861986482566342	77	2.0668143413164786	18	2.1025182177389987	
56	72	0.7041854676174722	19	1.2999129650898322	40	1.3342541345958736	60	1.600381002954194	34	1.7286493412329191	
57	67	1.5293003868546136	77	2.2724187054813987	86	2.4113676623896128	8	2.5425256679992163	75	2.61990075691577	
58	42	1.6113279973855135	91	1.6446444149945156	20	1.770471550847978	16	1.9914012727714743	37	2.022530365477076	
59	82	1.69228244071659	16	1.8530898694641058	35	1.948920755953453	3	2.001939424760169	4	2.0522037707630667	
60	56	1.600381002954194	72	2.083890284223606	19	2.272853358462804	40	2.596752741391015	34	2.7801118330979206	
61	96	0.4517684248141289	52	0.8988548935735948	2	1.1840428882194205	45	1.2580969826571602	53	1.4060175972302906	
62	69	0.8254654237601721	26	1.1454996995129914	85	1.16050495236572	97	1.253226787284609	29	1.7047338981215567	
63	99	1.3819393485426372	6	1.4711468644345693	81	1.4947480294972797	41	1.6285420190641275	94	1.7334891419047713	
64	79	0.831758180567848	27	1.0596667223483465	13	1.161532873883433	41	1.2429785306374463	38	1.6357681993339794	
65	9	0.7943347235042633	33	0.9969547567679683	87	1.2138301859743048	14	1.4042290232766108	25	1.4510545420935306	
66	21	1.3894512156752792	20	1.4233884002583845	54	1.4852615729428216	30	1.583743367344797	35	1.824717399480411	
67	9	1.329350808665641	65	1.5050602267631141	86	1.5150595535152875	57	1.5293003868546136	8	1.628607216108845	
68	73	1.163836253259299	49	1.4027324289690541	0	1.4895506247930905	15	1.8210176489137546	61	1.9014261850004766	
69	26	0.7831116157416016	62	0.8254654237601721	97	0.9554304822324714	22	1.0481558867322407	32	1.232130116746654	
70	76	1.389576187308312	58	2.723795423448609	91	2.883734377217113	16	2.91239517096048	37	2.9291064961285374	
71	58	2.6265140366008044	59	2.839806883315734	35	2.8553197697400363	16	3.0396861418549777	54	3.3193158454422815	
72	40	0.6414785577799429	56	0.7041854676174722	19	0.7826077723092434	34	1.0820451210884028	81	1.2378022789204273	
73	49	0.38096768815542476	15	0.8815797998522834	68	1.163836253259299	11	1.3725045888655931	96	1.5935371960093356	
74	11	0.8991618838093964	51	0.916758225545146	7	1.145868449037194	53	1.2048823046419992	15	1.2402507032967283	
75	77	1.3175982427621225	18	1.3510792434333505	80	2.2978799677907027	25	2.390347930106575	10	2.4447310206927186	
76	70	1.389576187308312	16	1.9678576642291932	95	2.193417403994854	37	2.4293033973847016	91	2.4735701037024804	
77	18	0.8598961633770723	75	1.3175982427621225	25	1.3562577306836308	14	1.3961589660000213	47	1.861416528721711	
78	38	1.0983654490911194	81	1.6413993230431234	27	1.9820417345715002	19	2.1803585982831866	79	2.186229194632119	
79	64	0.831758180567848	27	1.2156722540875857	38	1.2885229395347322	13	1.366178655822603	41	1.897194573852632	
80	18	1.4163238183434752	47	1.7972966030289226	77	2.0363293871217216	25	2.131351049184218	14	2.1796097457418564	
81	40	0.8405394059306706	41	0.9428478829681212	19	1.1857458513779813	72	1.2378022789204273	27	1.2743429514278308	
82	95	1.3006767838428135	16	1.4936596495681127	3	1.5467113776440018	59	1.69228244071659	89	1.792939079338553	
83	84	0.9351714042705029	97	0.9353987638020046	50	0.9714714784748347	4	1.0457682426989174	26	1.1908008102364018	
84	46	0.9193616023798103	83	0.9351714042705029	50	1.121893775137722	36	1.3423383458735008	97	1.4159901881246004	
85	62	1.16050495236572	26	1.1757992652650968	69	1.2517661482756754	4	1.5506456872381458	97	1.8101499986550866	
86	8	0.133400606567749	87	0.9167486704203989	10	0.9303811402016219	33	1.2211082092674843	65	1.4646756580019424	
87	10	0.5055186718192777	33	0.6527656508910301	8	0.8127446652128757	86	0.9167486704203989	23	1.065478283366658	
88	64	1.9235766728860648	79	2.0067494529468357	41	2.9317184783027628	27	2.949515225522235	99	2.9983669358167058	
89	3	0.5844736689457583	54	0.9419676270157585	20	1.1008203125279308	36	1.144522763118459	35	1.2299406862202111	
90	1	0.8778794226714051	22	0.8970464311175099	32	0.91096748194945	29	1.1039034431214434	50	1.2902046217868632	
91	37	0.3973847309554462	28	0.694536658145399	95	1.1647478990538211	43	1.1667466525863472	20	1.3007964578063178	
92	51	1.438849893371683	53	1.5891442946690022	44	1.7037111714395288	49	1.7168798656243607	52	1.8136043775053192	
93	13	1.0801411466238149	27	1.2577288463793843	19	1.502517277955471	34	1.6018516139227434	40	1.7632815290906616	
94	63	1.7334891419047713	6	1.9609790270169383	81	2.097017988720309	99	2.2769450171838357	78	2.3977752993587815	
95	37	0.9460990287357842	16	1.020968725822685	91	1.1647478990538211	82	1.3006767838428135	28	1.3289869409317563	
96	61	0.4517684248141289	52	0.8501909316503127	15	1.1737664878465015	53	1.2180103288063349	11	1.2239609080521967	
97	29	0.6081624289797289	26	0.7446930504013661	50	0.7447513526330914	83	0.9353987638020046	69	0.9554304822324714	
98	11	1.944487192234722	74	1.994539321973286	96	2.0504254917834	53	2.273147759408072	51	2.362519471787528	
99	41	0.9644170907458776	63	1.3819393485426372	81	1.6610617698723233	34	1.6867465662885037	40	1.7971515885334288	
