1.1919668798101772	-0.7118515327352655	-3.0274751490938145
-1.3526932712631452	3.1067115235774119	1.6902307478780370
3.3861367039688175	1.6387593877905902	-3.3505526532882586
-1.1960205148496128	-2.4601335274962266	-0.5761040487128950
1.3575776951517888	-0.0143020746533913	-3.5155193484580369
-0.9213943882191931	1.6963249312758437	-2.8668179000143441
-1.9615064788610801	3.0021587336284283	1.4273871441083341
-2.3891813657864729	-0.9506978103418477	-0.0212587152263292
1.9013823825027247	0.8637353964835306	-2.7179342151423471
-0.4792999271549927	2.7384538358564026	-2.2232986325835489
1.6327576023967509	1.6942835010074975	-1.6509403471967490
0.3400031984937637	1.2438251532878841	-1.3874937737494815
0.8379569333851089	1.3884269021274893	-2.5331502489938424
0.7342732193564347	-0.4142972110602389	1.0253034506115495
-3.7721819338425950	-3.2344323493301150	-1.1881280273933528
-0.0045161895325900	1.1514797681829418	-3.4027146019303460
-0.7803760195333039	-0.1344586169352870	0.7244352160109842
0.7826652613864187	-1.4524798681488185	-2.3318278579425451
-1.3240586160735639	-3.2887546933075296	0.2474584376704680
-0.3387502306571162	0.4331818934052990	-3.7858683668094564
-1.0305271952261719	0.4642524720843917	-0.0258991450188653
1.4605489229061268	-0.0353438546235075	-3.7061593666529720
-1.4178330542398294	3.2999307669332478	1.4237177806170029
-1.2185263841170892	2.7648317157662996	1.1341635455497925
1.0033988639211655	-0.2615832011332579	-3.4197648055053973
-3.1221312009972757	-1.7391602203667604	0.1133557719474904
-0.8595964066587165	3.4816334315855491	2.3660300558571961
-3.4693643418505453	-1.4843311330452871	1.0468190821817618
-1.6202737036416872	-1.4014864932574147	0.0257946836279752
-1.6591013952530336	-1.1277886444820107	1.4411977416805140
-0.0307367672753593	5.2784510051999849	1.7368283349973768
-1.2829435544001666	3.7537075902287671	3.5908609813961228
-3.1949087156619207	-3.6064603004633140	-1.3459818028603849
-1.1016442040098871	3.6129201839539373	1.5010177481221707
-1.2505412266936871	-2.1597814981981460	0.5536449756916190
-1.1856357104853257	-0.6156971607471277	1.7591905869793503
0.4274571535645011	0.8826027024457452	-3.2478654699134073
-0.2535208741310926	1.4993170786935039	-1.5052708389587821
-2.1963579724325748	-2.9783297668062438	0.8566893298157033
0.1327021684118618	2.0021229988220179	2.3962849938561313
-0.9255252395590984	1.2238371284138316	1.1007155080810229
1.5439591946575371	1.4962373430346376	-1.8436189848197948
-0.6128165199903457	3.6294973672858655	1.4541764852995611
-0.1514451741601309	3.6405862732631298	0.0034681010540618
-3.6046349868562046	0.2031867032787722	-0.2605064505082791
0.5343993778393665	0.3115246087806900	-2.0977186930323253
-3.2334167058060013	-2.3654334650540445	-0.2142974254741751
-1.0649616678674978	0.5544087723996447	2.5341485288260031
0.8096827798441243	0.6260244779786120	-3.7317830345645548
-1.4066184557211785	1.5342509505036586	1.2205763561628484
1.5622228580769697	1.4117560018390689	-1.8560273881199776
-0.3459761913206280	4.0567866543691506	2.8553106709508067
-0.9272563978058368	-1.0606801059581246	0.9960375919304167
-2.0626088408956220	1.2149800604869736	0.7955183527828511
-2.9902577972656541	-1.9475944267135363	-0.3619967973642449
0.5525387614715926	0.4136862504893308	0.9875246249112721
1.0085453750770395	0.1146452728751475	-2.6510878957947526
-0.1711328750259780	0.6142794498373516	-2.5099255215179430
-0.3714939520994844	0.1338215539502694	-1.9892861980061827
-0.3624238549675725	-0.3303009782648867	0.0898907212453319
-0.3481503534899217	1.6186403921167065	-0.6653223338058494
-1.2745919517251019	2.6158135998785417	5.1636803846910437
1.3930868067553628	0.4509093930282241	-3.3869452032303169
-1.9724600672449877	-1.0604092673998791	1.7544644019224174
-0.6586764416746795	1.8575445245626474	1.6046352573053020
0.0679833782039491	0.6340958420434846	0.7491267015209129
0.8881128244747248	1.0346909695984248	-3.1087205983513342
-1.8385830433246844	-3.6947436425710638	-1.0386135638242113
1.1728016933524752	-0.6543119002419757	-3.6671830872565780
-1.6181415141201985	-0.6341452011120606	2.3867459943427702
-2.6693645419003018	-3.1217157221649883	2.1056770775678384
1.3894011583128432	-2.5366770165507155	-1.5363118367440072
-1.1705830488349405	1.9308182630431872	0.8153155224090303
-1.7023392734119653	3.5955789892685055	3.2888698558985916
-0.4329268211100740	1.1287635891477052	0.6259682884971860
-0.5801127542791755	2.3033060250709454	0.5619354209581127
-0.8956245506862317	-0.4095324402382245	-1.6221575620169522
1.5984426949097941	0.3451787597199507	-3.9767039189124547
0.1971204909141919	-0.3804558706750154	-3.8749736273687976
0.0817441467340869	0.9462067545345929	-3.7904668989656707
-1.1601400067358787	-0.4499567728957228	1.3053130290812509
-0.6196602980722959	-0.5033754441564436	1.5247008637576607
-2.5117725019321830	-3.1821163862172912	0.5967473692190672
1.1668574207267326	2.9731340781689659	-2.1342165763708030
-1.2940668354780915	-2.4601637919119117	1.6734829432945921
-2.0512153377906337	0.1812130577066808	1.5804420938579886
1.9944840887781663	-1.0626915798768781	-3.2679355022759742
-2.3101675143403337	1.8161339905182909	2.2765994488258179
1.0515122713445222	1.9668557269931799	-2.1636968034113506
1.3878012852288490	0.1687825666801365	-2.2832624447434342
-1.6431379838247242	-1.7638263503666542	1.2381124023768812
-1.3217465689570500	-0.1846697162043299	0.5422914639994475
-0.4879908462682010	2.2529147811191512	-1.5556394214881397
0.5179796097918052	1.3251124164653756	1.4065508581823565
-0.9364371738033864	4.4480351816158112	1.0480802250041870
-0.0512533420453543	-3.2970683993805294	-0.8852759646269110
-3.9720324507532077	-2.3510291383526662	-0.5364680303020701
0.9019011655063980	1.6227695527336770	-2.7387541088810465
-0.7262705430765716	2.8361748472663675	2.4053738122029680
2.4948745694691006	0.8157717262360178	-2.8703892223984240
1.2906919756822832	-0.4689260673556227	-1.6995975383638178
1.1793407033598318	0.4583797580179219	-3.5973154792626052
-2.1004374531139929	-1.3704689292182080	0.6352156757896761
-2.6036293002942461	-1.2371077949681735	1.3112897205663747
0.8137036131511031	-1.3917777398462434	2.5847706446020511
