-0.5975092229580656	0.9094220144182819	0.1964416624349610	1
3.0604222840585589	2.7037038216940483	-2.9518785152242542	0
-0.3724761204721770	2.0243731138060870	-0.2413627080688687	1
0.3254800453857666	-1.9432719701787216	-2.8536838203432842	4
0.5108903870091450	3.7408588291060751	-0.4765963501893742	0
2.2395515951874554	1.2927031292173452	-1.1637764671392481	0
2.5579515634911698	4.2812649203352722	-0.8174359602271306	0
1.8182844469844022	-2.2515453035394160	0.5497595188303923	3
-0.5478189398734917	0.8387676949680725	0.9386493118507839	1
1.6131258832731870	-1.8751079543497002	-0.7891200264671046	3
3.3476599470034167	4.9012202719899900	-1.8090490559575854	0
-1.8098452278539618	-1.9908431675992835	2.4045314527274906	2
5.0857721478491227	-2.6647739136645203	-3.6386515292858808	3
2.6810571167564214	-1.0182588317902319	-1.9660704789771097	3
0.6351226755604832	-2.1083283039675282	-4.1598377739835630	4
0.0444421161005761	-0.9616959270178277	1.9026835906508244	2
-1.1096046384158151	-1.5763679534344224	1.3892424666019640	2
4.1592776469353954	-3.5194675286662402	-1.0307654023764385	3
0.2893387079301104	0.3126767327571924	2.1503847084995131	1
2.4774138976860982	2.9341936218763509	-1.8287369174080865	0
2.1028416676983652	2.4859330774423887	-2.6102037050266631	0
2.1114370502349828	3.7515655920010280	0.3345275925414657	0
-1.1595560686511566	-0.6950395727000942	1.1907072059028501	1
0.0357089100501723	-2.8924300189744123	-4.3641949091247412	4
0.9260085407003824	-4.2174649713551116	-2.4881962692123487	4
2.2117038460868068	1.5894137124566508	-2.5505885037648715	0
0.7384337975170178	-1.9238064317667503	-2.1440146586252196	4
2.5069173160921370	4.3410155767170711	-1.8467026137233531	0
-2.9231770636436458	-0.9747883825452629	2.2822837929560222	2
2.7395811404910120	-1.6581412928311865	-1.8830664843273377	3
-0.0890607337827378	-4.7043291931392055	-3.5858268133030911	4
-0.0515689685876025	1.6489886525516211	0.4769514071485821	1
0.7715579769659647	1.3242912372731135	1.0398411412617150	1
3.9701048306531348	-1.4479351436962213	-1.6348727048821490	3
-0.0886226760824607	-3.0164063578819702	2.2582642210256325	2
-1.0734799574414995	-0.0982586094940483	2.7071585673502612	2
1.1898765753773624	0.0931561746882670	2.6441613776979702	1
-0.3364771949215208	-0.6378653954327967	-0.7776471945412009	2
2.1115469196497894	2.6618872640197218	-1.9428841629818232	0
3.1521668587196214	0.0246527387953790	-1.8309883745370843	3
-1.2316554075767316	-1.6151669380442741	2.5278638031804546	2
-1.3876080240468811	-1.4897691501794696	4.0289532064920230	2
-0.7429382905553177	2.4049932040932820	0.0591182538581202	1
3.7248861913660725	-1.6821765863555249	-1.7507166259541653	3
1.3790727322223117	-1.7569602467240468	-1.8206495525586572	4
-1.2696477613159485	-2.5440502851581774	-0.5458007640676632	4
-1.2696224920473100	-1.2019152726236038	1.9381012792886567	2
0.2935322344680550	-2.4321445936841903	-0.1662020639527140	4
-0.9023640391376533	-1.9517154837874111	2.7181674071245467	2
3.2890260949266779	1.4398555814612395	-0.5337741058533774	0
3.6077427009429419	4.9363583621497913	-2.5401670953218791	0
-0.8011607736510806	1.7259125056724667	-1.7936226552687873	1
-2.2007718604033446	-2.8359542176177106	1.5220744507238761	2
-1.3260958253674020	-0.6257004930778374	2.8058914178678935	2
1.6792944151612268	-1.7781614448788159	-2.2528510074275760	4
1.7734751617944058	4.2972215147854076	-3.5145277219440203	0
3.1443499832419142	2.9524934016828976	-1.7952751923408554	0
0.3261126883729988	2.3996684890180591	0.3487454608902204	1
1.7177030355645158	-1.2904910988913001	-0.5579632461994423	3
0.0412112258570488	-2.6016458231914914	-1.8215516168733377	4
-1.9851118129302081	2.4300870116736384	2.6182817372139899	1
3.4530368297779201	2.7984300496025383	-1.6551311487679354	0
-2.3482000950027953	-0.0535452440482657	0.6814513848571238	2
2.4373599394227958	4.1874523029992057	-1.3433847906817040	0
2.9619723780576686	-1.3863476754578372	-1.6557891704564720	3
3.2339596037420719	3.2777424575266161	-1.1825477929318948	0
-0.8386815940994806	0.9429709397676773	1.2312083177363395	1
3.6874401846644154	-1.4954539047626869	0.3512218526066044	3
-1.5588318830880816	-1.0977008276477274	-1.0983430810825034	4
4.3211404485677862	-0.9231773153156753	-1.5571974315086441	3
0.4922487328858652	-1.8878324943325997	-3.5573446943005771	4
-0.2220231526197455	-1.1156719716779731	1.8131369429498958	1
2.1275524604731815	-3.2742000596107181	-2.1924632093286163	3
-2.0709585734278493	-3.4468885771999354	-3.7413570199637802	4
0.0141136414156883	-2.6959834231553819	-0.4081992065875419	1
1.6435155156852164	-2.2621280020032550	-1.3793274708713992	3
-2.0839965205426680	-2.8455340652336836	-0.1908169146032650	4
0.0394514931945367	1.2178772359093328	0.7722290406777603	1
-1.5280521668353955	-1.8607832269104778	3.7965180718893059	2
-1.5325675589200123	-0.1339066493266826	1.6724124890016872	2
3.7557498432802223	-0.5093093727562279	-3.3673201978424059	3
-0.7381209261503607	-0.6663421561748513	-3.6736198414587591	4
0.7031311623883286	-0.0437668958271102	0.1143343038880232	1
1.2449689457178494	-0.1290399785388312	0.2787123697157615	1
2.4921465709945911	-0.9213226897334726	-2.3390606798623774	3
-1.9374889482269764	0.0897859910464684	2.0398928538324674	2
1.3078142817911629	-2.6365966031937909	-1.7553628397616825	4
2.9222953250235433	3.1897670487254954	-2.3110817426232875	0
-0.2825575007420338	-3.2154705473049061	-2.4231308844367407	4
2.5056899952329421	1.8334531944146717	-2.5549144467799172	0
0.7386651946235708	1.8921819013753614	0.8166485606479932	1
3.4540269917729711	-0.6614413511503647	-2.9605443015633108	3
2.4931946131722933	0.1938798622065123	-0.8781415321879916	3
2.3504092534920868	-1.4948194157743024	-0.0611439643411422	3
-0.2581917613369753	0.2229906039790259	2.9935341130389781	2
0.7215015322696007	-2.7595304927108941	-0.0599887771549761	4
0.0120469048475380	-0.6772542652344757	-2.2447855812123318	4
0.3287323033373430	-1.9377654461844436	3.5446443921902135	2
-0.2596829923016497	-1.2170947452895153	2.4873007615909710	2
-0.3061791692343129	2.3555163251428151	0.6529563298930507	1
G10
0	8	0.7472170715002157	77	0.9123566641015156	31	0.9610906775436105	66	1.063029479326737	2	1.2187815711081105	42	1.5088871779000788	99	1.5441721397943036	82	1.6146133063171413	32	1.660657746456276	57	1.7598603459285662	
1	87	0.816061897934403	20	1.0397722874765656	89	1.1057325798680873	56	1.1860317703612155	19	1.2862625607992142	61	1.3581873847800199	38	1.3857065650904337	25	1.4570515117162377	65	1.8681988014124875	27	2.0514802718911067	
2	42	0.6102480488076228	31	0.8717052609699015	99	0.9559590230857021	57	0.9884839875139433	0	1.2187815711081105	77	1.3592233786588794	90	1.5399666825903986	51	1.6377912596419915	8	1.6819136959572345	32	1.8548347509928043	
3	70	0.725275089983752	26	0.8213038583122371	59	1.2568061813688132	14	1.352464529056289	96	1.439374248913995	88	1.4743048218603743	44	1.4872556627794098	54	1.4903271125667477	86	1.6284927310692499	23	1.807349457575669	
4	57	1.5855987611545437	21	1.794376300112737	42	1.9088251511764072	2	1.94473506261237	99	1.965366573977604	6	2.144450942192029	63	2.159178748476353	90	2.2675912650904286	31	2.3667561530036245	38	2.4241041486895174	
5	92	1.1633291317427865	49	1.2328639604717364	25	1.4184711108323251	89	1.516082174352171	38	1.580524974075121	39	1.6988202204043383	19	1.7869644408497884	20	1.8800635808710908	56	1.9930766446698618	61	1.995291807355551	
6	63	0.5476908975174088	27	1.03226182693392	65	1.2638634634431234	21	1.3442383032384568	10	1.4111273864038594	19	1.6863620681040745	56	1.7509044575100798	87	1.8854950818196423	61	1.9239828784812512	38	2.021953203439922	
7	93	1.1085999930840038	95	1.353800095614171	9	1.4058426480033464	58	1.4699631045575194	47	1.6941329349244065	75	1.937016465260674	67	2.0260391358302665	74	2.090512486793272	83	2.215216936485347	86	2.3921608183813703	
8	66	0.4254999080786013	77	0.7185445791639553	0	0.7472170715002157	31	1.0563555222155332	32	1.4095135136495698	99	1.5622217082832432	18	1.5639396725217642	79	1.566599381752032	90	1.6672153735697735	22	1.6704251647502173	
9	58	0.6372964031995975	75	0.7064367448499169	44	1.0643274503331688	93	1.1037007237478709	86	1.2675587996465245	7	1.4058426480033464	95	1.4521809764582683	54	1.4684295301219976	47	1.5619359793381369	29	1.5851482048657521	
10	50	0.7767955405129041	27	1.0109872711611478	63	1.2469779570278834	6	1.4111273864038594	65	1.7438783829973081	87	1.8335877441604183	56	1.959352208190378	61	2.1110475430328854	19	2.1510252533380867	55	2.3982347084518416	
11	40	0.7004619664144061	48	0.9609477589364567	46	1.0638632122821812	52	1.2828743817244368	16	1.3011296290537273	78	1.4261660721443803	53	1.5029031332135734	28	1.5122233939248528	98	1.7345144381206907	41	1.7516008281898856	
12	43	2.5262237219624275	80	2.547274506052823	33	2.59625494354581	91	2.6712849010723483	69	2.8196225825595493	17	2.896543334161396	29	3.098386729641079	64	3.1743727321730906	72	3.348719845392006	13	3.3602371442287606	
13	84	0.42919168199455254	64	0.5573843120162083	29	0.6478921888939048	39	1.152326389515542	43	1.2556843567709557	54	1.2896602510678887	91	1.3091139469054989	33	1.3985555789030812	44	1.503991477315043	92	1.6395615044879253	
14	70	0.6572893401142617	23	1.0079058489973638	3	1.352464529056289	26	2.0268853795055644	81	2.0497633809721623	54	2.199068735724513	88	2.2547841744078605	59	2.4624530731356944	96	2.470550793127549	44	2.4796618184162154	
15	71	0.3205167138822101	98	0.7067516356495405	18	1.3211191696645956	46	1.3363104209196948	16	1.40473036542016	22	1.4239478967371972	40	1.5640650722798832	48	1.5942378973395996	35	1.6255625955160364	94	1.6386043765023803	
16	46	0.6834226510082069	22	0.9047934072545036	71	1.0861529397892289	40	1.1458011605733847	11	1.3011296290537273	48	1.396379580226741	15	1.40473036542016	98	1.4342859065814986	79	1.5296331284185436	52	1.6717798297817086	
17	43	2.0205602459960694	33	2.1660975068866275	72	2.353211669051324	29	2.491282934737231	67	2.495826619275682	64	2.524756409180729	69	2.6540635108807136	75	2.8339825867381454	93	2.882944775560693	12	2.896543334161396	
18	94	1.0093236026400567	36	1.050225273532331	15	1.3211191696645956	35	1.5284435547628028	71	1.5541579807905102	8	1.5639396725217642	32	1.5777218842082783	66	1.585744565344091	98	1.659860846336616	77	1.667676412180856	
19	38	0.47014784038495216	56	0.6680256815437245	87	0.7041972673286231	20	0.9756701344845566	61	1.0002053869506644	65	1.052590895086829	1	1.2862625607992142	89	1.3190006938988224	63	1.3445550670389734	27	1.407245973724423	
20	38	0.6901818806521681	89	0.7688131598969572	25	0.9050701176701127	19	0.9756701344845566	1	1.0397722874765656	87	1.1208748833066988	56	1.402328987181707	61	1.6831057367351812	5	1.8800635808710908	65	1.9860995148703622	
21	6	1.3442383032384568	63	1.7639764511735971	4	1.794376300112737	65	1.9457859520266811	57	2.239466678004392	27	2.293822385863006	19	2.341313590791082	90	2.3609851554830876	56	2.4982964986176652	38	2.5246788260567112	
22	79	0.8282799703792881	16	0.9047934072545036	46	0.9097447409380268	71	1.2013818548957282	85	1.3936452185850174	15	1.4239478967371972	62	1.4435134520824018	40	1.624752426916713	53	1.6252271955363982	35	1.6319256559665394	
23	14	1.0079058489973638	70	1.3669864906110458	3	1.807349457575669	30	1.9759562176207934	88	1.9933334490547676	73	2.2657006013389385	81	2.4558448062488676	24	2.4632746404572043	26	2.522152704708509	59	2.559222662377663	
24	72	1.5559288311421369	88	1.5712600697056784	30	1.5723215999833045	86	1.783806395521482	59	1.9591204405085414	26	2.3269109913301946	75	2.3596077925791166	3	2.380371700032623	23	2.4632746404572043	54	2.563791858787775	
25	89	0.38210186917507005	20	0.9050701176701127	38	1.236743908221171	5	1.4184711108323251	1	1.4570515117162377	19	1.5492270811684006	87	1.7673241183995798	56	1.8161258917668064	61	1.9505055638226847	39	1.9623383828505239	
26	44	0.7367637925041356	3	0.8213038583122371	54	0.9582674547640953	86	0.9916220049298954	59	1.02448424502043	75	1.232225992488569	70	1.4350620195531858	96	1.446265881699277	9	1.6134426704528706	88	1.6699476896001677	
27	63	0.5308000929497407	10	1.0109872711611478	6	1.03226182693392	87	1.3090301902035915	19	1.407245973724423	50	1.4307838926048284	65	1.4492211149458127	56	1.5287115540157874	38	1.72772698401761	61	1.8197285151432365	
28	85	1.4709361050538843	11	1.5122233939248528	46	1.7041980366607006	53	1.7165942389198015	79	1.7357476461961152	40	1.825277992172203	62	1.9344125293005465	35	2.090502906397014	22	2.092882666560822	16	2.109138623285382	
29	64	0.4183116187624672	13	0.6478921888939048	84	0.9011416239495286	43	0.9944446810286158	54	1.1293154432365504	33	1.2727825145482028	75	1.3490414346546167	44	1.3655197501280338	9	1.5851482048657521	91	1.6324221558151415	
30	24	1.5723215999833045	88	1.8989478373830149	23	1.9759562176207934	73	2.35228943682269	59	2.747892848431378	14	2.755567239232138	70	2.876001665773147	3	2.8864016366742926	72	2.9833044639119737	86	3.094733628454953	
31	77	0.5304061263644549	99	0.7713529926309833	57	0.8500590659111785	2	0.8717052609699015	90	0.8938719959116694	0	0.9610906775436105	32	1.0487188530558809	8	1.0563555222155332	42	1.106399098561842	66	1.2988112962144507	
32	90	0.6110619195676728	77	0.7867147384188067	31	1.0487188530558809	57	1.3536879175527576	8	1.4095135136495698	99	1.5409809847689746	18	1.5777218842082783	82	1.6531267920278725	0	1.660657746456276	66	1.6658025218334056	
33	43	0.3583588265443587	69	0.6361055192222722	64	1.0102284676014064	29	1.2727825145482028	13	1.3985555789030812	91	1.6255196103841891	39	1.695877045506545	84	1.7197563775338454	80	1.982004216531493	67	2.0066711055954505	
34	48	1.4167754246566715	97	1.7298628095891284	98	1.8218786040538506	40	1.828299666814057	71	1.956712852650019	16	1.967565394937484	11	2.008925342828679	15	2.0894924690743375	46	2.1885252507231363	52	2.2440393333563207	
35	53	0.5930918082874771	94	0.9219039283097498	85	1.107752607935089	79	1.1325774389563639	46	1.359403926826948	98	1.4008559005072052	18	1.5284435547628028	40	1.5356356868441257	71	1.5998072711808558	15	1.6255625955160364	
36	18	1.050225273532331	94	1.4952659278615101	15	1.7246803662292909	98	1.9602514293931421	71	2.0360078439224893	32	2.0650732222227743	35	2.272309631225786	83	2.3765006436234493	97	2.382662742979923	77	2.4683204835781654	
37	68	1.3447845403809393	82	1.4931073495774694	96	1.508481215271856	0	1.8469123286257139	83	1.9686977242882249	47	1.997552219622259	74	2.1202017749175037	22	2.1342789800477577	45	2.134970938239108	26	2.1624148624859747	
38	19	0.47014784038495216	20	0.6901818806521681	87	1.0351519219761567	56	1.0830154678611352	89	1.1028294700444432	25	1.236743908221171	61	1.3787824006925362	1	1.3857065650904337	65	1.4890262752555303	5	1.580524974075121	
39	13	1.152326389515542	92	1.1708114044005258	84	1.260410155079502	91	1.3556331481877912	64	1.434500216314901	69	1.5296543876716309	33	1.695877045506545	5	1.6988202204043383	29	1.7334171042433884	80	1.7348612126404772	
40	48	0.5078515439027542	11	0.7004619664144061	46	0.7211367921992173	53	1.0321153970151702	98	1.051112366516182	16	1.1458011605733847	78	1.3257684766838571	71	1.3340490982005997	41	1.5143695785770237	35	1.5356356868441257	
41	78	0.4597848346498025	48	1.4720786500210647	53	1.4987589978259537	40	1.5143695785770237	11	1.7516008281898856	97	1.838771282201782	98	1.9295746860873157	35	1.9447671056277585	46	2.113869017246622	94	2.2980904614539885	
42	2	0.6102480488076228	99	0.7388167243346914	31	1.106399098561842	57	1.1076020346638225	0	1.5088871779000788	77	1.590567537048328	90	1.741257156537953	8	1.8068505163456976	66	1.8762918214924262	4	1.9088251511764072	
43	33	0.3583588265443587	64	0.8237496299646809	69	0.9844027180422827	29	0.9944446810286158	13	1.2556843567709557	84	1.5635518377744095	91	1.605910374542545	39	1.8021424285562573	80	1.997492721986109	17	2.0205602459960694	
44	54	0.5266693908902266	75	0.7210337207677721	26	0.7367637925041356	86	0.8849295120228784	9	1.0643274503331688	29	1.3655197501280338	58	1.388034818183074	84	1.4852520305068588	3	1.4872556627794098	13	1.503991477315043	
45	76	0.9381204105461497	74	1.3000235406276812	68	1.575073719423323	47	1.6124979863964195	59	1.8300843610850206	95	2.060854316981491	37	2.134970938239108	16	2.1694273900912884	88	2.2247518360001495	52	2.2865493429261066	
46	16	0.6834226510082069	40	0.7211367921992173	22	0.9097447409380268	53	1.0432029688218056	71	1.058545402088949	11	1.0638632122821812	79	1.1315357090756915	48	1.142620799605785	98	1.149707911122673	15	1.3363104209196948	
47	74	0.4541456761035096	95	0.5491998807671481	9	1.5619359793381369	45	1.6124979863964195	59	1.683026648792428	7	1.6941329349244065	75	1.822919020122474	58	1.866845466765771	86	1.8963123864712352	37	1.997552219622259	
48	40	0.5078515439027542	11	0.9609477589364567	98	1.002998487243795	46	1.142620799605785	78	1.250037785301403	53	1.394833281904638	16	1.396379580226741	71	1.4074489749516466	34	1.4167754246566715	41	1.4720786500210647	
49	5	1.2328639604717364	92	1.518022451956505	61	1.7691991759906343	39	1.924654357359086	65	1.9498122434506835	56	1.9749403392675535	19	2.1374492323915053	89	2.2030757598699786	38	2.205767393558983	25	2.2914037570920014	
50	10	0.7767955405129041	27	1.4307838926048284	63	1.8338331381551136	87	1.8902114749691459	6	2.121087318713098	56	2.1691742528698206	55	2.1731111213061336	65	2.1757414122647702	61	2.3190429066441847	1	2.3353398530051614	
51	2	1.6377912596419915	42	1.9741300182252277	0	2.1606681061666677	31	2.392344399604663	57	2.512853702150691	99	2.5743264145865763	96	2.576832404892944	37	2.6144947754576116	4	2.741540665899303	77	2.7474212898800947	
52	11	1.2828743817244368	16	1.6717798297817086	76	1.7168940220328683	40	1.8550257417681761	46	1.9261881377562695	48	1.9744314039948379	28	2.1362878521694153	34	2.2440393333563207	45	2.2865493429261066	22	2.4036326867383746	
53	35	0.5930918082874771	40	1.0321153970151702	46	1.0432029688218056	85	1.2134563279116715	79	1.252703573752162	98	1.2603505458178268	94	1.3769188244945134	48	1.394833281904638	41	1.4987589978259537	11	1.5029031332135734	
54	44	0.5266693908902266	26	0.9582674547640953	75	0.9992732994432544	86	1.059435173801335	29	1.1293154432365504	84	1.1842015821570604	13	1.2896602510678887	64	1.468081613390533	9	1.4684295301219976	3	1.4903271125667477	
55	27	1.8224971619107262	87	1.9986308781215967	20	2.0511094622270756	1	2.124171759420969	50	2.1731111213061336	63	2.273027475811321	19	2.279312487877607	38	2.293179910433143	10	2.3982347084518416	56	2.57748341115784	
56	61	0.3723754001374808	87	0.6096420688663438	19	0.6680256815437245	65	0.6994652946357528	38	1.0830154678611352	1	1.1860317703612155	20	1.402328987181707	63	1.49303829325018	89	1.495723691946901	27	1.5287115540157874	
57	99	0.7030552322476724	90	0.8041613754799406	31	0.8500590659111785	2	0.9884839875139433	42	1.1076020346638225	77	1.2876892284612416	32	1.3536879175527576	4	1.5855987611545437	0	1.7598603459285662	8	1.8836545153221553	
58	9	0.6372964031995975	93	0.8299979627147579	75	1.2744493905863021	44	1.388034818183074	7	1.4699631045575194	83	1.5074721592580895	64	1.6621120419244308	92	1.705068465461023	29	1.7132717583994774	13	1.7276942646200075	
59	88	0.9184250624948241	26	1.02448424502043	3	1.2568061813688132	86	1.2688127570843313	74	1.4167564707846483	44	1.5822035099904492	47	1.683026648792428	75	1.6965298651698706	45	1.8300843610850206	54	1.8834707910393562	
60	66	2.334478341940809	85	2.4111844609673563	99	2.5859001461809354	35	2.689145461099989	8	2.723834256152783	79	2.7701134327318044	94	2.827426703385171	42	2.844809746434772	31	2.9889794512491434	77	2.996033991688677	
61	56	0.3723754001374808	65	0.7078631531382273	87	0.9301087965021568	19	1.0002053869506644	1	1.3581873847800199	38	1.3787824006925362	89	1.6242710178267583	20	1.6831057367351812	63	1.7487618928295068	49	1.7691991759906343	
62	79	1.2859697894206406	85	1.4263907997710794	22	1.4435134520824018	66	1.8904822914868162	28	1.9344125293005465	46	2.0152549033068015	8	2.0257703370645292	0	2.05607852505281	16	2.0866422608338104	68	2.2093056370119295	
63	27	0.5308000929497407	6	0.5476908975174088	65	1.2198407961650235	10	1.2469779570278834	19	1.3445550670389734	87	1.4720650751919817	56	1.49303829325018	38	1.6711978666209208	61	1.7487618928295068	21	1.7639764511735971	
64	29	0.4183116187624672	13	0.5573843120162083	43	0.8237496299646809	84	0.9507073587052126	33	1.0102284676014064	39	1.434500216314901	69	1.4393001623696056	54	1.468081613390533	91	1.5716210974815494	75	1.6067827325554869	
65	56	0.6994652946357528	61	0.7078631531382273	19	1.052590895086829	87	1.17407971228061	63	1.2198407961650235	6	1.2638634634431234	27	1.4492211149458127	38	1.4890262752555303	10	1.7438783829973081	1	1.8681988014124875	
66	8	0.4254999080786013	77	1.028276795142272	0	1.063029479326737	31	1.2988112962144507	79	1.3549185196204765	18	1.585744565344091	85	1.6091217595726213	99	1.6165452853776152	32	1.6658025218334056	22	1.669634453236245	
67	93	1.3991775014181735	33	2.0066711055954505	7	2.0260391358302665	69	2.0907273096420926	43	2.1105480167230226	64	2.1368904872249823	58	2.179103423939725	9	2.3973520015828624	92	2.4065338961096137	29	2.4324778162229785	
68	37	1.3447845403809393	45	1.575073719423323	96	1.9896647668225755	76	2.038215559181	62	2.2093056370119295	59	2.3119297321382093	74	2.3462658514460895	22	2.3582426674492174	47	2.4659440108280766	16	2.572743514560549	
69	33	0.6361055192222722	43	0.9844027180422827	64	1.4393001623696056	39	1.5296543876716309	91	1.670261626088688	13	1.6929533363346785	29	1.7741737605980588	80	1.9410042863491102	84	1.9891033615583011	67	2.0907273096420926	
70	14	0.6572893401142617	3	0.725275089983752	23	1.3669864906110458	26	1.4350620195531858	81	1.7376328881372805	54	1.7671471274312132	96	1.8490280878798737	88	1.9103372649494608	59	1.9302699056991248	44	1.9544038391139102	
71	15	0.3205167138822101	98	0.6827896432259656	46	1.058545402088949	16	1.0861529397892289	22	1.2013818548957282	40	1.3340490982005997	48	1.4074489749516466	18	1.5541579807905102	53	1.5635248523830587	35	1.5998072711808558	
72	86	1.126750008786011	75	1.3855581340621674	24	1.5559288311421369	54	1.5629182634146561	44	1.7321905059119584	29	1.755548739366374	26	1.9379269521733713	9	2.0473068922897926	64	2.1326655263338314	59	2.223223865831493	
73	88	2.233753085220214	23	2.2657006013389385	30	2.35228943682269	3	2.965087631753198	59	2.9768018677685357	70	3.0057525015645634	14	3.0479083766883868	81	3.084231333546078	24	3.3385643216237706	45	3.4159619119336093	
74	47	0.4541456761035096	95	0.7910033889569954	45	1.3000235406276812	59	1.4167564707846483	9	1.8373288643884114	86	1.8686995467008638	75	1.9458342940823912	26	2.033212305219851	7	2.090512486793272	88	2.1018635315230383	
75	86	0.6279527453336262	9	0.7064367448499169	44	0.7210337207677721	54	0.9992732994432544	26	1.232225992488569	58	1.2744493905863021	29	1.3490414346546167	72	1.3855581340621674	64	1.6067827325554869	93	1.6810916036729369	
76	45	0.9381204105461497	52	1.7168940220328683	68	2.038215559181	74	2.114636306112067	16	2.2487351572448495	47	2.413325449864431	59	2.689848529034982	22	2.718055482702823	11	2.7461770899904474	95	2.8098633312615586	
77	31	0.5304061263644549	8	0.7185445791639553	32	0.7867147384188067	0	0.9123566641015156	90	0.9723989283672257	66	1.028276795142272	99	1.1949515603993852	57	1.2876892284612416	2	1.3592233786588794	82	1.5700452551254125	
78	41	0.4597848346498025	48	1.250037785301403	40	1.3257684766838571	11	1.4261660721443803	53	1.5961067918307674	97	1.875370678368456	98	1.9331697260881473	46	1.9886190819303051	35	2.121280992862976	28	2.2414874064853842	
79	85	0.5907973827054054	22	0.8282799703792881	46	1.1315357090756915	35	1.1325774389563639	53	1.252703573752162	62	1.2859697894206406	66	1.3549185196204765	16	1.5296331284185436	8	1.566599381752032	71	1.6435306997423178	
80	91	0.5288170267355637	84	1.6804064506583123	39	1.7348612126404772	13	1.8377961755630676	69	1.9410042863491102	33	1.982004216531493	43	1.997492721986109	64	2.080532938072746	29	2.134343622567531	12	2.547274506052823	
81	96	1.6138271877875203	70	1.7376328881372805	3	1.853130285562035	14	2.0497633809721623	23	2.4558448062488676	26	2.4700449938666167	68	2.737094658726018	59	2.789787733007576	88	2.875641879766861	37	2.9238307379929624	
82	83	0.5726079204865027	37	1.4931073495774694	77	1.5700452551254125	0	1.6146133063171413	32	1.6531267920278725	8	1.7387462996801821	58	1.7423149314058823	31	1.8885139125352364	90	2.0597101077784954	92	2.060536683641248	
83	82	0.5726079204865027	58	1.5074721592580895	32	1.7075147364116878	92	1.7322400211255449	93	1.7896519418663057	77	1.8737708012007532	37	1.9686977242882249	9	2.079557388763299	0	2.1165768547681645	8	2.141554777075861	
84	13	0.42919168199455254	29	0.9011416239495286	64	0.9507073587052126	91	1.1743058145402543	54	1.1842015821570604	39	1.260410155079502	44	1.4852520305068588	43	1.5635518377744095	80	1.6804064506583123	33	1.7197563775338454	
85	79	0.5907973827054054	35	1.107752607935089	53	1.2134563279116715	22	1.3936452185850174	62	1.4263907997710794	46	1.4577034274861795	28	1.4709361050538843	66	1.6091217595726213	40	1.9087119020243835	8	1.9248100331416729	
86	75	0.6279527453336262	44	0.8849295120228784	26	0.9916220049298954	54	1.059435173801335	72	1.126750008786011	9	1.2675587996465245	59	1.2688127570843313	3	1.6284927310692499	29	1.7388615105532026	24	1.783806395521482	
87	56	0.6096420688663438	19	0.7041972673286231	1	0.816061897934403	61	0.9301087965021568	38	1.0351519219761567	20	1.1208748833066988	65	1.17407971228061	27	1.3090301902035915	89	1.4396533123713335	63	1.4720650751919817	
88	59	0.9184250624948241	3	1.4743048218603743	24	1.5712600697056784	26	1.6699476896001677	86	1.8194206801445691	30	1.8989478373830149	70	1.9103372649494608	23	1.9933334490547676	74	2.1018635315230383	45	2.2247518360001495	
89	25	0.38210186917507005	20	0.7688131598969572	38	1.1028294700444432	1	1.1057325798680873	19	1.3190006938988224	87	1.4396533123713335	56	1.495723691946901	5	1.516082174352171	61	1.6242710178267583	39	2.052744597202748	
90	32	0.6110619195676728	57	0.8041613754799406	31	0.8938719959116694	77	0.9723989283672257	99	1.154631404103939	2	1.5399666825903986	8	1.6672153735697735	42	1.741257156537953	0	1.7708290900599493	66	1.887030506835609	
91	80	0.5288170267355637	84	1.1743058145402543	13	1.3091139469054989	39	1.3556331481877912	64	1.5716210974815494	43	1.605910374542545	33	1.6255196103841891	29	1.6324221558151415	69	1.670261626088688	54	2.2130452514100405	
92	5	1.1633291317427865	39	1.1708114044005258	49	1.518022451956505	13	1.6395615044879253	58	1.705068465461023	83	1.7322400211255449	64	1.8225277811183582	84	1.8379234440769054	93	1.8813766067057383	82	2.060536683641248	
93	58	0.8299979627147579	9	1.1037007237478709	7	1.1085999930840038	67	1.3991775014181735	75	1.6810916036729369	64	1.711335416323259	83	1.7896519418663057	29	1.8701685651268276	92	1.8813766067057383	13	1.991276732614441	
94	35	0.9219039283097498	18	1.0093236026400567	53	1.3769188244945134	36	1.4952659278615101	98	1.526473138665063	15	1.6386043765023803	71	1.785122723757525	79	1.8699656864182	85	1.9357722392017513	66	1.9902593646688511	
95	47	0.5491998807671481	74	0.7910033889569954	7	1.353800095614171	9	1.4521809764582683	75	1.6846879865759867	86	1.7981013857963921	58	1.8434947104835986	59	1.8949475212112743	45	2.060854316981491	93	2.0622404823011746	
96	3	1.439374248913995	26	1.446265881699277	37	1.508481215271856	81	1.6138271877875203	44	1.792879245787667	70	1.8490280878798737	59	1.9705989989153747	68	1.9896647668225755	54	1.9979429245951155	86	2.399493720000181	
97	98	1.4083942531972706	48	1.4828543471452857	34	1.7298628095891284	41	1.838771282201782	78	1.875370678368456	40	1.8901646415095594	15	1.9312089194587774	71	1.9943137415831376	53	2.2373481029542908	94	2.3058770795074945	
98	71	0.6827896432259656	15	0.7067516356495405	48	1.002998487243795	40	1.051112366516182	46	1.149707911122673	53	1.2603505458178268	35	1.4008559005072052	97	1.4083942531972706	16	1.4342859065814986	94	1.526473138665063	
99	57	0.7030552322476724	42	0.7388167243346914	31	0.7713529926309833	2	0.9559590230857021	90	1.154631404103939	77	1.1949515603993852	32	1.5409809847689746	0	1.5441721397943036	8	1.5622217082832432	66	1.6165452853776152	
