-0.5975092229580656	0.9094220144182819	0.1964416624349610	1
12.0604222840585589	11.7037038216940488	6.0481214847757458	0
-0.3724761204721770	2.0243731138060870	-0.2413627080688687	1
3.3254800453857665	1.0567280298212784	0.1463161796567158	4
9.5108903870091446	12.7408588291060756	8.5234036498106249	0
11.2395515951874554	10.2927031292173456	7.8362235328607515	0
11.5579515634911694	13.2812649203352713	8.1825640397728705	0
4.8182844469844017	0.7484546964605840	3.5497595188303923	3
-0.5478189398734917	0.8387676949680725	0.9386493118507839	1
4.6131258832731872	1.1248920456502998	2.2108799735328954	3
12.3476599470034163	13.9012202719899900	7.1909509440424149	0
1.1901547721460382	1.0091568324007165	5.4045314527274906	2
8.0857721478491236	0.3352260863354797	-0.6386515292858808	3
5.6810571167564214	1.9817411682097681	1.0339295210228903	3
3.6351226755604831	0.8916716960324718	-1.1598377739835630	4
3.0444421161005764	2.0383040729821724	4.9026835906508239	2
1.8903953615841849	1.4236320465655776	4.3892424666019636	2
7.1592776469353954	-0.5194675286662402	1.9692345976235615	3
0.2893387079301104	0.3126767327571924	2.1503847084995131	1
11.4774138976860982	11.9341936218763500	7.1712630825919135	0
11.1028416676983657	11.4859330774423896	6.3897962949733369	0
11.1114370502349828	12.7515655920010289	9.3345275925414661	0
-1.1595560686511566	-0.6950395727000942	1.1907072059028501	1
3.0357089100501722	0.1075699810255877	-1.3641949091247412	4
3.9260085407003826	-1.2174649713551116	0.5118037307876513	4
11.2117038460868059	10.5894137124566505	6.4494114962351290	0
3.7384337975170179	1.0761935682332497	0.8559853413747804	4
11.5069173160921370	13.3410155767170711	7.1532973862766465	0
0.0768229363563542	2.0252116174547372	5.2822837929560222	2
5.7395811404910120	1.3418587071688135	1.1169335156726623	3
2.9109392662172624	-1.7043291931392055	-0.5858268133030911	4
-0.0515689685876025	1.6489886525516211	0.4769514071485821	1
0.7715579769659647	1.3242912372731135	1.0398411412617150	1
6.9701048306531348	1.5520648563037787	1.3651272951178510	3
2.9113773239175393	-0.0164063578819702	5.2582642210256321	2
1.9265200425585005	2.9017413905059515	5.7071585673502607	2
1.1898765753773624	0.0931561746882670	2.6441613776979702	1
2.6635228050784789	2.3621346045672031	2.2223528054587991	2
11.1115469196497898	11.6618872640197218	7.0571158370181770	0
6.1521668587196210	3.0246527387953792	1.1690116254629157	3
1.7683445924232684	1.3848330619557259	5.5278638031804546	2
1.6123919759531189	1.5102308498205304	7.0289532064920230	2
-0.7429382905553177	2.4049932040932820	0.0591182538581202	1
6.7248861913660729	1.3178234136444751	1.2492833740458347	3
4.3790727322223120	1.2430397532759532	1.1793504474413428	4
1.7303522386840515	0.4559497148418226	2.4541992359323368	4
1.7303775079526900	1.7980847273763962	4.9381012792886567	2
3.2935322344680551	0.5678554063158097	2.8337979360472860	4
2.0976359608623465	1.0482845162125889	5.7181674071245467	2
12.2890260949266779	10.4398555814612397	8.4662258941466231	0
12.6077427009429428	13.9363583621497913	6.4598329046781213	0
-0.8011607736510806	1.7259125056724667	-1.7936226552687873	1
0.7992281395966554	0.1640457823822894	4.5220744507238759	2
1.6739041746325980	2.3742995069221626	5.8058914178678940	2
4.6792944151612268	1.2218385551211841	0.7471489925724240	4
10.7734751617944049	13.2972215147854076	5.4854722780559797	0
12.1443499832419146	11.9524934016828972	7.2047248076591446	0
0.3261126883729988	2.3996684890180591	0.3487454608902204	1
4.7177030355645160	1.7095089011086999	2.4420367538005578	3
3.0412112258570487	0.3983541768085086	1.1784483831266623	4
-1.9851118129302081	2.4300870116736384	2.6182817372139899	1
12.4530368297779201	11.7984300496025387	7.3448688512320643	0
0.6517999049972047	2.9464547559517342	3.6814513848571240	2
11.4373599394227963	13.1874523029992048	7.6566152093182964	0
5.9619723780576681	1.6136523245421628	1.3442108295435280	3
12.2339596037420719	12.2777424575266156	7.8174522070681052	0
-0.8386815940994806	0.9429709397676773	1.2312083177363395	1
6.6874401846644158	1.5045460952373131	3.3512218526066047	3
1.4411681169119184	1.9022991723522726	1.9016569189174966	4
7.3211404485677862	2.0768226846843247	1.4428025684913559	3
3.4922487328858653	1.1121675056674003	-0.5573446943005771	4
-0.2220231526197455	-1.1156719716779731	1.8131369429498958	1
5.1275524604731810	-0.2742000596107181	0.8075367906713837	3
0.9290414265721507	-0.4468885771999354	-0.7413570199637802	4
0.0141136414156883	-2.6959834231553819	-0.4081992065875419	1
4.6435155156852161	0.7378719979967450	1.6206725291286008	3
0.9160034794573320	0.1544659347663164	2.8091830853967350	4
0.0394514931945367	1.2178772359093328	0.7722290406777603	1
1.4719478331646045	1.1392167730895222	6.7965180718893059	2
1.4674324410799877	2.8660933506733173	4.6724124890016867	2
6.7557498432802223	2.4906906272437723	-0.3673201978424059	3
2.2618790738496393	2.3336578438251490	-0.6736198414587591	4
0.7031311623883286	-0.0437668958271102	0.1143343038880232	1
1.2449689457178494	-0.1290399785388312	0.2787123697157615	1
5.4921465709945911	2.0786773102665275	0.6609393201376226	3
1.0625110517730236	3.0897859910464684	5.0398928538324679	2
4.3078142817911633	0.3634033968062091	1.2446371602383175	4
11.9222953250235442	12.1897670487254963	6.6889182573767130	0
2.7174424992579662	-0.2154705473049061	0.5768691155632593	4
11.5056899952329417	10.8334531944146715	6.4450855532200828	0
0.7386651946235708	1.8921819013753614	0.8166485606479932	1
6.4540269917729711	2.3385586488496353	0.0394556984366892	3
5.4931946131722933	3.1938798622065123	2.1218584678120083	3
5.3504092534920868	1.5051805842256976	2.9388560356588576	3
2.7418082386630247	3.2229906039790261	5.9935341130389777	2
3.7215015322696008	0.2404695072891059	2.9400112228450239	4
3.0120469048475380	2.3227457347655243	0.7552144187876682	4
3.3287323033373433	1.0622345538155564	6.5446443921902135	2
2.7403170076983505	1.7829052547104847	5.4873007615909710	2
-0.3061791692343129	2.3555163251428151	0.6529563298930507	1
G10
0	8	0.7472170715002157	77	0.9123566641015156	31	0.9610906775436105	66	1.063029479326737	2	1.2187815711081105	42	1.5088871779000788	99	1.5441721397943036	82	1.6146133063171413	32	1.660657746456276	57	1.7598603459285662	
1	87	0.8160618979344035	20	1.0397722874765651	89	1.1057325798680882	56	1.1860317703612155	19	1.286262560799214	61	1.3581873847800197	38	1.3857065650904334	25	1.4570515117162388	65	1.8681988014124873	27	2.0514802718911063	
2	42	0.6102480488076228	31	0.8717052609699015	99	0.9559590230857021	57	0.9884839875139433	0	1.2187815711081105	77	1.3592233786588794	90	1.5399666825903986	51	1.6377912596419915	8	1.6819136959572345	32	1.8548347509928043	
3	70	0.7252750899837521	26	0.8213038583122373	59	1.2568061813688132	14	1.352464529056289	96	1.439374248913995	88	1.474304821860374	44	1.48725566277941	54	1.4903271125667479	86	1.6284927310692503	23	1.807349457575669	
4	21	1.794376300112738	6	2.1444509421920284	63	2.1591787484763536	38	2.4241041486895174	27	2.494294047762318	19	2.519168034911273	65	2.8509560102277356	20	2.943030388373944	56	3.0488593573473612	5	3.0747280232061853	
5	49	1.232863960471737	25	1.4184711108323242	89	1.5160821743521704	38	1.5805249740751204	19	1.7869644408497871	20	1.8800635808710906	56	1.9930766446698611	61	1.9952918073555508	65	2.2202659266592573	87	2.319762899626517	
6	63	0.5476908975174093	27	1.0322618269339217	65	1.2638634634431236	21	1.3442383032384555	10	1.4111273864038603	19	1.686362068104075	56	1.7509044575100803	87	1.8854950818196419	61	1.923982878481251	38	2.0219532034399217	
7	93	1.1085999930840043	95	1.3538000956141705	9	1.4058426480033461	58	1.4699631045575194	47	1.6941329349244059	75	1.937016465260674	67	2.0260391358302674	86	2.3921608183813703	44	2.460967385914087	15	2.5769422913716302	
8	66	0.4254999080786013	77	0.7185445791639553	0	0.7472170715002157	31	1.0563555222155332	32	1.4095135136495698	99	1.5622217082832432	18	1.5639396725217642	90	1.6672153735697735	22	1.6704251647502173	2	1.6819136959572345	
9	58	0.6372964031995976	75	0.7064367448499169	44	1.0643274503331688	93	1.1037007237478706	86	1.2675587996465243	7	1.4058426480033461	95	1.4521809764582683	54	1.4684295301219976	47	1.5619359793381369	29	1.585148204865752	
10	50	0.7767955405129043	27	1.0109872711611476	63	1.2469779570278834	6	1.4111273864038603	65	1.7438783829973086	87	1.8335877441604171	56	1.9593522081903785	61	2.111047543032885	19	2.151025253338087	55	2.398234708451842	
11	40	0.7004619664144061	48	0.9609477589364566	46	1.0638632122821812	52	1.2828743817244368	16	1.3011296290537278	78	1.4261660721443803	53	1.5029031332135734	28	1.5122233939248528	98	1.734514438120691	41	1.7516008281898856	
12	43	2.526223721962428	80	2.547274506052824	33	2.5962549435458104	91	2.671284901072349	69	2.81962258255955	17	2.896543334161396	29	3.09838672964108	64	3.1743727321730915	72	3.348719845392007	13	3.3602371442287615	
13	84	0.42919168199455254	64	0.5573843120162082	29	0.6478921888939048	39	1.152326389515542	43	1.2556843567709561	54	1.2896602510678887	91	1.3091139469054989	33	1.3985555789030812	44	1.503991477315043	92	1.6395615044879253	
14	70	0.6572893401142615	23	1.0079058489973638	3	1.352464529056289	26	2.0268853795055644	81	2.0497633809721623	54	2.199068735724513	88	2.2547841744078605	59	2.4624530731356944	96	2.4705507931275488	44	2.4796618184162154	
15	98	0.7067516356495409	46	1.3363104209196948	16	1.4047303654201602	40	1.5640650722798837	48	1.5942378973396003	35	1.6255625955160364	94	1.6386043765023803	53	1.67542578462252	79	1.7958895800197954	97	1.9312089194587776	
16	46	0.6834226510082072	40	1.145801160573385	11	1.3011296290537278	48	1.3963795802267414	15	1.4047303654201602	98	1.434285906581499	79	1.5296331284185436	52	1.6717798297817086	53	1.719747453939504	34	1.967565394937484	
17	43	2.0205602459960694	33	2.1660975068866275	72	2.3532116690513245	29	2.491282934737231	67	2.495826619275682	64	2.5247564091807293	69	2.6540635108807136	75	2.8339825867381454	93	2.882944775560693	12	2.896543334161396	
18	76	0.9229055714842058	36	1.050225273532331	45	1.4796453663937832	71	1.5541579807905102	8	1.5639396725217642	32	1.5777218842082783	66	1.585744565344091	77	1.667676412180856	68	1.9787561752702	22	2.008922381496889	
19	38	0.4701478403849512	56	0.668025681543725	87	0.704197267328624	20	0.9756701344845556	61	1.0002053869506642	65	1.0525908950868292	1	1.286262560799214	89	1.319000693898822	63	1.3445550670389737	27	1.4072459737244238	
20	38	0.690181880652168	89	0.7688131598969576	25	0.9050701176701136	19	0.9756701344845556	1	1.0397722874765651	87	1.1208748833066995	56	1.4023289871817066	61	1.6831057367351807	5	1.8800635808710906	65	1.9860995148703615	
21	6	1.3442383032384555	63	1.7639764511735967	4	1.794376300112738	65	1.9457859520266818	27	2.2938223858630065	19	2.3413135907910827	56	2.498296498617666	38	2.5246788260567117	61	2.582072663098743	10	2.728529600665069	
22	71	1.2013818548957282	66	1.669634453236245	8	1.6704251647502173	0	1.9694561716929544	18	2.008922381496889	82	2.2477407422811617	77	2.296082277444296	83	2.633216790647686	31	2.689154341970593	76	2.765695431073997	
23	14	1.0079058489973638	70	1.3669864906110458	3	1.807349457575669	30	1.9759562176207934	88	1.9933334490547676	73	2.2657006013389385	83	2.441695767225948	81	2.4558448062488676	24	2.4632746404572043	26	2.522152704708509	
24	72	1.5559288311421364	88	1.5712600697056784	30	1.5723215999833045	86	1.783806395521482	59	1.9591204405085414	26	2.3269109913301946	75	2.3596077925791166	3	2.380371700032623	23	2.4632746404572043	54	2.563791858787775	
25	89	0.3821018691750704	20	0.9050701176701136	38	1.236743908221171	5	1.4184711108323242	1	1.4570515117162388	19	1.5492270811684	87	1.7673241183995816	56	1.8161258917668068	61	1.9505055638226854	49	2.291403757092002	
26	44	0.7367637925041357	3	0.8213038583122373	54	0.9582674547640951	86	0.9916220049298956	59	1.02448424502043	75	1.232225992488569	70	1.4350620195531858	96	1.446265881699277	9	1.6134426704528706	88	1.6699476896001677	
27	63	0.5308000929497418	10	1.0109872711611476	6	1.0322618269339217	87	1.3090301902035908	19	1.4072459737244238	50	1.4307838926048286	65	1.4492211149458132	56	1.5287115540157878	38	1.7277269840176097	61	1.8197285151432363	
28	85	1.470936105053884	11	1.5122233939248528	46	1.7041980366607006	53	1.7165942389198017	79	1.7357476461961152	40	1.825277992172203	62	1.934412529300546	35	2.090502906397014	16	2.109138623285382	52	2.1362878521694157	
29	64	0.4183116187624669	13	0.6478921888939048	84	0.9011416239495287	43	0.9944446810286163	54	1.1293154432365504	33	1.2727825145482028	75	1.349041434654617	44	1.3655197501280336	9	1.585148204865752	91	1.6324221558151415	
30	24	1.5723215999833045	88	1.8989478373830149	23	1.9759562176207934	73	2.3522894368226903	83	2.4503920538142636	59	2.747892848431378	14	2.755567239232138	82	2.8499314652484973	70	2.876001665773147	3	2.8864016366742926	
31	77	0.5304061263644549	99	0.7713529926309833	57	0.8500590659111785	2	0.8717052609699015	90	0.8938719959116694	0	0.9610906775436105	32	1.0487188530558809	8	1.0563555222155332	42	1.106399098561842	66	1.2988112962144507	
32	90	0.6110619195676728	77	0.7867147384188067	31	1.0487188530558809	68	1.234988804463163	57	1.3536879175527576	8	1.4095135136495698	99	1.5409809847689746	18	1.5777218842082783	82	1.6531267920278725	0	1.660657746456276	
33	43	0.35835882654435836	69	0.6361055192222722	64	1.0102284676014068	29	1.2727825145482028	13	1.3985555789030812	91	1.6255196103841891	39	1.6958770455065453	84	1.7197563775338454	80	1.9820042165314933	67	2.0066711055954505	
34	48	1.4167754246566717	97	1.7298628095891289	98	1.8218786040538506	40	1.8282996668140572	16	1.967565394937484	11	2.008925342828679	15	2.0894924690743375	46	2.1885252507231363	52	2.2440393333563207	78	2.402841440749375	
35	53	0.593091808287477	94	0.92190392830975	85	1.1077526079350886	79	1.1325774389563639	46	1.3594039268269476	98	1.400855900507205	40	1.5356356868441254	15	1.6255625955160364	48	1.8613716009747934	41	1.9447671056277587	
36	76	0.32557260843238445	45	0.678099336902892	18	1.050225273532331	52	1.9194241445544356	68	1.971663940977874	71	2.0360078439224893	32	2.0650732222227743	47	2.1648714781239673	16	2.3035191821052234	83	2.3765006436234493	
37	68	1.344784540380939	96	1.508481215271856	47	1.9975522196222593	45	2.134970938239108	26	2.162414862485975	58	2.1665266592621006	59	2.255840986107603	44	2.2985514476599755	9	2.3090805395165255	90	2.4293902090118453	
38	19	0.4701478403849512	20	0.690181880652168	87	1.0351519219761576	56	1.083015467861135	89	1.102829470044443	25	1.236743908221171	61	1.3787824006925358	1	1.3857065650904334	65	1.4890262752555297	5	1.5805249740751204	
39	13	1.152326389515542	92	1.1708114044005253	84	1.2604101550795017	91	1.3556331481877917	64	1.4345002163149012	69	1.5296543876716313	33	1.6958770455065453	29	1.7334171042433884	80	1.7348612126404774	43	1.802142428556258	
40	48	0.5078515439027541	11	0.7004619664144061	46	0.7211367921992173	53	1.0321153970151702	98	1.0511123665161821	16	1.145801160573385	78	1.3257684766838571	41	1.5143695785770237	35	1.5356356868441254	15	1.5640650722798837	
41	78	0.4597848346498025	48	1.4720786500210645	53	1.4987589978259532	40	1.5143695785770237	11	1.7516008281898856	97	1.8387712822017823	98	1.929574686087316	35	1.9447671056277587	46	2.113869017246622	94	2.298090461453989	
42	2	0.6102480488076228	99	0.7388167243346914	31	1.106399098561842	57	1.1076020346638225	0	1.5088871779000788	77	1.590567537048328	90	1.741257156537953	8	1.8068505163456976	66	1.8762918214924262	51	1.9741300182252277	
43	33	0.35835882654435836	64	0.8237496299646818	69	0.9844027180422824	29	0.9944446810286163	13	1.2556843567709561	84	1.56355183777441	91	1.605910374542545	39	1.802142428556258	80	1.997492721986109	17	2.0205602459960694	
44	54	0.5266693908902265	75	0.7210337207677718	26	0.7367637925041357	86	0.8849295120228784	9	1.0643274503331688	29	1.3655197501280336	58	1.3880348181830742	84	1.4852520305068588	3	1.48725566277941	13	1.503991477315043	
45	36	0.678099336902892	76	0.9381204105461497	18	1.4796453663937832	68	1.575073719423323	47	1.6124979863964195	59	1.8300843610850206	32	1.9166930520670582	95	2.060854316981491	37	2.134970938239108	16	2.169427390091288	
46	16	0.6834226510082072	40	0.7211367921992173	53	1.043202968821806	11	1.0638632122821812	79	1.1315357090756915	48	1.1426207996057849	98	1.1497079111226731	15	1.3363104209196948	35	1.3594039268269476	85	1.4577034274861795	
47	95	0.5491998807671481	9	1.5619359793381369	45	1.6124979863964195	59	1.683026648792428	7	1.6941329349244059	75	1.8229190201224739	58	1.866845466765771	86	1.8963123864712355	37	1.9975522196222593	26	2.0899970687324423	
48	40	0.5078515439027541	11	0.9609477589364566	98	1.0029984872437951	46	1.1426207996057849	78	1.2500377853014029	53	1.3948332819046378	16	1.3963795802267414	34	1.4167754246566717	41	1.4720786500210645	97	1.4828543471452862	
49	5	1.232863960471737	61	1.769199175990635	65	1.9498122434506828	56	1.9749403392675533	19	2.1374492323915044	89	2.203075759869979	38	2.2057673935589825	25	2.291403757092002	87	2.5210125022651773	20	2.610147793386437	
50	10	0.7767955405129043	27	1.4307838926048286	63	1.8338331381551145	87	1.8902114749691452	6	2.121087318713099	56	2.169174252869821	55	2.1731111213061354	65	2.1757414122647702	61	2.3190429066441838	1	2.3353398530051614	
51	2	1.6377912596419915	42	1.9741300182252277	0	2.1606681061666677	31	2.392344399604663	57	2.512853702150691	99	2.5743264145865763	77	2.7474212898800947	8	2.88383739177662	73	2.970172918641715	82	3.0058208813766663	
52	11	1.2828743817244368	16	1.6717798297817086	76	1.7168940220328683	40	1.8550257417681764	36	1.9194241445544356	46	1.9261881377562695	48	1.974431403994838	28	2.1362878521694157	34	2.2440393333563207	45	2.2865493429261066	
53	35	0.593091808287477	40	1.0321153970151702	46	1.043202968821806	85	1.2134563279116715	79	1.2527035737521626	98	1.260350545817827	94	1.3769188244945134	48	1.3948332819046378	41	1.4987589978259532	11	1.5029031332135734	
54	44	0.5266693908902265	26	0.9582674547640951	75	0.9992732994432544	86	1.0594351738013348	29	1.1293154432365504	84	1.1842015821570604	13	1.2896602510678887	64	1.4680816133905326	9	1.4684295301219976	3	1.4903271125667479	
55	27	1.8224971619107262	87	1.9986308781215976	20	2.0511094622270747	1	2.1241717594209693	50	2.1731111213061354	63	2.273027475811322	19	2.279312487877608	38	2.293179910433143	10	2.398234708451842	56	2.577483411157841	
56	61	0.37237540013748005	87	0.6096420688663438	19	0.668025681543725	65	0.6994652946357528	38	1.083015467861135	1	1.1860317703612155	20	1.4023289871817066	63	1.4930382932501798	89	1.4957236919469012	27	1.5287115540157878	
57	99	0.7030552322476724	90	0.8041613754799406	31	0.8500590659111785	2	0.9884839875139433	42	1.1076020346638225	77	1.2876892284612416	32	1.3536879175527576	0	1.7598603459285662	8	1.8836545153221553	68	1.9754135876689483	
58	9	0.6372964031995976	93	0.8299979627147576	75	1.2744493905863024	44	1.3880348181830742	7	1.4699631045575194	64	1.6621120419244304	92	1.705068465461023	29	1.7132717583994772	13	1.7276942646200075	54	1.7640697581552105	
59	88	0.9184250624948241	26	1.02448424502043	3	1.2568061813688132	86	1.2688127570843317	44	1.5822035099904495	47	1.683026648792428	75	1.6965298651698704	45	1.8300843610850206	54	1.8834707910393562	95	1.8949475212112743	
60	66	2.334478341940809	99	2.5859001461809354	8	2.723834256152783	42	2.844809746434772	62	2.889683158262057	31	2.9889794512491434	77	2.996033991688677	18	3.1425275003701447	0	3.1785487772536576	57	3.2393639640358987	
61	56	0.37237540013748005	65	0.7078631531382269	87	0.930108796502156	19	1.0002053869506642	1	1.3581873847800197	38	1.3787824006925358	89	1.6242710178267588	20	1.6831057367351807	63	1.7487618928295057	49	1.769199175990635	
62	79	1.28596978942064	85	1.4263907997710799	28	1.934412529300546	46	2.0152549033068015	16	2.08664226083381	68	2.2093056370119295	35	2.3938254538203196	53	2.4259645959613247	37	2.552925328016404	11	2.6480094652153476	
63	27	0.5308000929497418	6	0.5476908975174093	65	1.2198407961650228	10	1.2469779570278834	19	1.3445550670389737	87	1.4720650751919806	56	1.4930382932501798	38	1.67119786662092	61	1.7487618928295057	21	1.7639764511735967	
64	29	0.4183116187624669	13	0.5573843120162082	43	0.8237496299646818	84	0.9507073587052124	33	1.0102284676014068	39	1.4345002163149012	69	1.439300162369606	54	1.4680816133905326	91	1.5716210974815497	75	1.6067827325554866	
65	56	0.6994652946357528	61	0.7078631531382269	19	1.0525908950868292	87	1.1740797122806093	63	1.2198407961650228	6	1.2638634634431236	27	1.4492211149458132	38	1.4890262752555297	10	1.7438783829973086	1	1.8681988014124873	
66	8	0.4254999080786013	77	1.028276795142272	0	1.063029479326737	31	1.2988112962144507	18	1.585744565344091	99	1.6165452853776152	32	1.6658025218334056	22	1.669634453236245	42	1.8762918214924262	2	1.8855353700464121	
67	93	1.399177501418174	33	2.0066711055954505	7	2.0260391358302674	69	2.0907273096420926	43	2.110548016723023	64	2.136890487224983	58	2.179103423939725	9	2.3973520015828624	92	2.406533896109614	29	2.432477816222979	
68	32	1.234988804463163	90	1.2926158951948454	37	1.344784540380939	45	1.575073719423323	77	1.9258375353167962	36	1.971663940977874	57	1.9754135876689483	18	1.9787561752702	96	1.9896647668225755	76	2.038215559181	
69	33	0.6361055192222722	43	0.9844027180422824	64	1.439300162369606	39	1.5296543876716313	91	1.670261626088688	13	1.6929533363346785	29	1.7741737605980588	80	1.9410042863491102	84	1.9891033615583011	67	2.0907273096420926	
70	14	0.6572893401142615	3	0.7252750899837521	23	1.3669864906110458	26	1.4350620195531858	81	1.7376328881372807	54	1.7671471274312132	96	1.8490280878798737	88	1.9103372649494608	59	1.9302699056991248	44	1.9544038391139102	
71	22	1.2013818548957282	18	1.5541579807905102	76	1.9749589450382528	36	2.0360078439224893	8	2.165803758999677	82	2.211520156972684	66	2.226413976585796	83	2.3409329929358105	77	2.5685229521356483	45	2.5870302003633214	
72	86	1.1267500087860103	75	1.3855581340621674	24	1.5559288311421364	54	1.562918263414656	44	1.732190505911958	29	1.7555487393663742	26	1.937926952173371	9	2.047306892289792	64	2.1326655263338314	59	2.2232238658314927	
73	82	0.9724968787465129	83	1.114172109140045	88	2.233753085220214	0	2.2470873759659855	23	2.2657006013389385	30	2.3522894368226903	77	2.4194541171579442	74	2.450819170556714	32	2.5168523718426026	8	2.580009664144676	
74	73	2.450819170556714	71	2.7363258501884924	82	2.7896306066593186	22	2.8174063599179515	83	2.9284895324464006	30	3.0670064197982208	0	3.7065646464081516	88	3.7988538587589584	8	3.824164565576231	18	3.959057516828462	
75	86	0.6279527453336259	9	0.7064367448499169	44	0.7210337207677718	54	0.9992732994432544	26	1.232225992488569	58	1.2744493905863024	29	1.349041434654617	72	1.3855581340621674	64	1.6067827325554866	93	1.6810916036729366	
76	36	0.32557260843238445	18	0.9229055714842058	45	0.9381204105461497	52	1.7168940220328683	71	1.9749589450382528	68	2.038215559181	32	2.126011913619158	16	2.248735157244849	47	2.413325449864431	77	2.4593431562750503	
77	31	0.5304061263644549	8	0.7185445791639553	32	0.7867147384188067	0	0.9123566641015156	90	0.9723989283672257	66	1.028276795142272	99	1.1949515603993852	57	1.2876892284612416	2	1.3592233786588794	82	1.5700452551254125	
78	41	0.4597848346498025	48	1.2500377853014029	40	1.3257684766838571	11	1.4261660721443803	53	1.5961067918307672	97	1.8753706783684563	98	1.9331697260881475	46	1.9886190819303051	35	2.121280992862976	28	2.2414874064853842	
79	85	0.5907973827054059	46	1.1315357090756915	35	1.1325774389563639	53	1.2527035737521626	62	1.28596978942064	16	1.5296331284185436	28	1.7357476461961152	40	1.7368008281573177	15	1.7958895800197954	98	1.8594554224219388	
80	91	0.5288170267355639	84	1.6804064506583123	39	1.7348612126404774	13	1.8377961755630676	69	1.9410042863491102	33	1.9820042165314933	43	1.997492721986109	64	2.0805329380727464	29	2.1343436225675316	12	2.547274506052824	
81	96	1.6138271877875203	70	1.7376328881372807	3	1.853130285562035	14	2.0497633809721623	90	2.176231017136432	57	2.190155180773089	23	2.4558448062488676	26	2.4700449938666167	32	2.4851210146679668	31	2.6729436852761617	
82	83	0.5726079204865027	73	0.9724968787465129	77	1.5700452551254125	0	1.6146133063171413	32	1.6531267920278725	8	1.7387462996801821	31	1.8885139125352364	90	2.0597101077784954	88	2.0738540830501555	18	2.1080269224664834	
83	82	0.5726079204865027	73	1.114172109140045	88	1.5048408733772007	32	1.7075147364116878	77	1.8737708012007532	59	2.0770546015650972	0	2.1165768547681645	8	2.141554777075861	18	2.1474403712747567	90	2.1519890152439625	
84	13	0.42919168199455254	29	0.9011416239495287	64	0.9507073587052124	91	1.1743058145402543	54	1.1842015821570604	39	1.2604101550795017	44	1.4852520305068588	43	1.56355183777441	80	1.6804064506583123	33	1.7197563775338454	
85	79	0.5907973827054059	35	1.1077526079350886	53	1.2134563279116715	62	1.4263907997710799	46	1.4577034274861795	28	1.470936105053884	40	1.9087119020243832	94	1.9357722392017511	16	1.9709914569941542	11	2.116192789648835	
86	75	0.6279527453336259	44	0.8849295120228784	26	0.9916220049298956	54	1.0594351738013348	72	1.1267500087860103	9	1.2675587996465243	59	1.2688127570843317	3	1.6284927310692503	29	1.7388615105532021	24	1.783806395521482	
87	56	0.6096420688663438	19	0.704197267328624	1	0.8160618979344035	61	0.930108796502156	38	1.0351519219761576	20	1.1208748833066995	65	1.1740797122806093	27	1.3090301902035908	89	1.439653312371335	63	1.4720650751919806	
88	59	0.9184250624948241	3	1.474304821860374	83	1.5048408733772007	24	1.5712600697056784	26	1.6699476896001677	86	1.8194206801445696	30	1.8989478373830149	70	1.9103372649494608	23	1.9933334490547676	82	2.0738540830501555	
89	25	0.3821018691750704	20	0.7688131598969576	38	1.102829470044443	1	1.1057325798680882	19	1.319000693898822	87	1.439653312371335	56	1.4957236919469012	5	1.5160821743521704	61	1.6242710178267588	65	2.1212586666440525	
90	32	0.6110619195676728	57	0.8041613754799406	31	0.8938719959116694	77	0.9723989283672257	99	1.154631404103939	68	1.2926158951948454	2	1.5399666825903986	8	1.6672153735697735	42	1.741257156537953	0	1.7708290900599493	
91	80	0.5288170267355639	84	1.1743058145402543	13	1.3091139469054989	39	1.3556331481877917	64	1.5716210974815497	43	1.605910374542545	33	1.6255196103841891	29	1.6324221558151415	69	1.670261626088688	54	2.2130452514100405	
92	39	1.1708114044005253	13	1.6395615044879253	58	1.705068465461023	64	1.8225277811183582	84	1.8379234440769054	93	1.8813766067057383	29	2.12145300183238	69	2.2472916209063176	9	2.250145858135664	33	2.33440835584389	
93	58	0.8299979627147576	9	1.1037007237478706	7	1.1085999930840043	67	1.399177501418174	75	1.6810916036729366	64	1.7113354163232586	29	1.8701685651268274	92	1.8813766067057383	13	1.9912767326144407	44	2.0268380220856708	
94	35	0.92190392830975	53	1.3769188244945134	98	1.526473138665063	15	1.6386043765023803	79	1.8699656864182002	85	1.9357722392017511	46	2.0413934816100947	40	2.131502628975924	48	2.284760668950138	41	2.298090461453989	
95	47	0.5491998807671481	7	1.3538000956141705	9	1.4521809764582683	75	1.6846879865759865	86	1.7981013857963923	58	1.8434947104835986	59	1.8949475212112743	45	2.060854316981491	93	2.0622404823011746	44	2.1301345842905017	
96	3	1.439374248913995	26	1.446265881699277	37	1.508481215271856	81	1.6138271877875203	44	1.7928792457876672	70	1.8490280878798737	59	1.9705989989153745	68	1.9896647668225755	54	1.9979429245951155	90	2.3146109324874873	
97	98	1.4083942531972706	48	1.4828543471452862	34	1.7298628095891289	41	1.8387712822017823	78	1.8753706783684563	40	1.8901646415095597	15	1.9312089194587776	53	2.2373481029542908	94	2.3058770795074954	46	2.3826863627993635	
98	15	0.7067516356495409	48	1.0029984872437951	40	1.0511123665161821	46	1.1497079111226731	53	1.260350545817827	35	1.400855900507205	97	1.4083942531972706	16	1.434285906581499	94	1.526473138665063	11	1.734514438120691	
99	57	0.7030552322476724	42	0.7388167243346914	31	0.7713529926309833	2	0.9559590230857021	90	1.154631404103939	77	1.1949515603993852	32	1.5409809847689746	0	1.5441721397943036	8	1.5622217082832432	66	1.6165452853776152	
