0	149	0	149	1.0
0	3	0	3	1.0
1	112	1	112	1.0
2	49	2	49	1.0
2	172	2	172	1.0
3	127	3	127	1.0
4	18	4	18	1.0
4	103	4	103	1.0
5	175	5	175	1.0
7	132	7	132	1.0
8	14	8	14	1.0
9	26	9	26	1.0
9	184	9	184	1.0
10	106	10	106	1.0
11	29	11	29	1.0
12	80	12	80	1.0
12	179	12	179	1.0
13	22	13	22	1.0
13	44	13	44	1.0
14	104	14	104	1.0
15	149	15	149	1.0
16	26	16	26	1.0
16	133	16	133	1.0
17	40	17	40	1.0
18	4	18	4	1.0
18	181	18	181	1.0
19	89	19	89	1.0
19	173	19	173	1.0
20	138	20	138	1.0
21	90	21	90	1.0
22	13	22	13	1.0
23	115	23	115	1.0
23	95	23	95	1.0
24	42	24	42	1.0
24	38	24	38	1.0
25	37	25	37	1.0
26	16	26	16	1.0
26	184	26	184	1.0
27	36	27	36	1.0
27	102	27	102	1.0
28	151	28	151	1.0
28	97	28	97	1.0
30	1	30	1	1.0
31	57	31	57	1.0
31	81	31	81	1.0
32	79	32	79	1.0
32	181	32	181	1.0
33	177	33	177	1.0
34	36	34	36	1.0
34	147	34	147	1.0
35	81	35	81	1.0
35	57	35	57	1.0
36	27	36	27	1.0
37	150	37	150	1.0
38	42	38	42	1.0
39	104	39	104	1.0
40	104	40	104	1.0
40	39	40	39	1.0
41	170	41	170	1.0
41	106	41	106	1.0
42	24	42	24	1.0
42	38	42	38	1.0
43	145	43	145	1.0
44	13	44	13	1.0
45	111	45	111	1.0
45	66	45	66	1.0
46	112	46	112	1.0
47	146	47	146	1.0
47	72	47	72	1.0
48	57	48	57	1.0
48	199	48	199	1.0
49	2	49	2	1.0
50	111	50	111	1.0
50	45	50	45	1.0
51	168	51	168	1.0
51	46	51	46	1.0
52	127	52	127	1.0
53	29	53	29	1.0
54	183	54	183	1.0
55	96	55	96	1.0
55	160	55	160	1.0
56	176	56	176	1.0
57	135	57	135	1.0
57	31	57	31	1.0
58	96	58	96	1.0
58	171	58	171	1.0
59	27	59	27	1.0
59	186	59	186	1.0
61	75	61	75	1.0
61	125	61	125	1.0
62	143	62	143	1.0
63	104	63	104	1.0
64	187	64	187	1.0
65	5	65	5	1.0
66	77	66	77	1.0
66	90	66	90	1.0
67	3	67	3	1.0
68	143	68	143	1.0
69	73	69	73	1.0
69	173	69	173	1.0
70	155	70	155	1.0
71	76	71	76	1.0
71	100	71	100	1.0
72	84	72	84	1.0
72	185	72	185	1.0
73	173	73	173	1.0
74	120	74	120	1.0
75	125	75	125	1.0
75	61	75	61	1.0
76	100	76	100	1.0
76	71	76	71	1.0
77	66	77	66	1.0
78	155	78	155	1.0
78	6	78	6	1.0
79	100	79	100	1.0
79	32	79	32	1.0
80	88	80	88	1.0
80	12	80	12	1.0
81	35	81	35	1.0
81	92	81	92	1.0
82	108	82	108	1.0
82	186	82	186	1.0
83	42	83	42	1.0
83	24	83	24	1.0
84	72	84	72	1.0
85	109	85	109	1.0
85	153	85	153	1.0
86	172	86	172	1.0
87	182	87	182	1.0
88	80	88	80	1.0
89	73	89	73	1.0
89	173	89	173	1.0
90	66	90	66	1.0
91	131	91	131	1.0
92	96	92	96	1.0
92	171	92	171	1.0
93	176	93	176	1.0
93	56	93	56	1.0
94	166	94	166	1.0
95	115	95	115	1.0
95	145	95	145	1.0
96	92	96	92	1.0
96	55	96	55	1.0
97	28	97	28	1.0
97	119	97	119	1.0
98	64	98	64	1.0
98	53	98	53	1.0
99	160	99	160	1.0
99	75	99	75	1.0
100	76	100	76	1.0
100	71	100	71	1.0
102	27	102	27	1.0
102	156	102	156	1.0
103	181	103	181	1.0
103	18	103	18	1.0
104	14	104	14	1.0
104	63	104	63	1.0
105	119	105	119	1.0
105	32	105	32	1.0
106	41	106	41	1.0
107	128	107	128	1.0
108	117	108	117	1.0
108	82	108	82	1.0
109	85	109	85	1.0
109	80	109	80	1.0
111	45	111	45	1.0
111	50	111	50	1.0
112	46	112	46	1.0
112	1	112	1	1.0
113	159	113	159	1.0
113	74	113	74	1.0
114	4	114	4	1.0
114	103	114	103	1.0
115	23	115	23	1.0
115	95	115	95	1.0
116	38	116	38	1.0
116	42	116	42	1.0
117	108	117	108	1.0
117	191	117	191	1.0
118	164	118	164	1.0
118	131	118	131	1.0
119	125	119	125	1.0
119	105	119	105	1.0
120	74	120	74	1.0
120	159	120	159	1.0
121	183	121	183	1.0
121	54	121	54	1.0
122	112	122	112	1.0
122	129	122	129	1.0
123	178	123	178	1.0
124	146	124	146	1.0
125	119	125	119	1.0
125	75	125	75	1.0
126	177	126	177	1.0
126	33	126	33	1.0
127	3	127	3	1.0
127	138	127	138	1.0
128	107	128	107	1.0
129	122	129	122	1.0
130	7	130	7	1.0
131	89	131	89	1.0
132	172	132	172	1.0
132	7	132	7	1.0
133	14	133	14	1.0
134	149	134	149	1.0
134	3	134	3	1.0
135	57	135	57	1.0
135	71	135	71	1.0
136	133	136	133	1.0
137	1	137	1	1.0
138	127	138	127	1.0
138	107	138	107	1.0
139	10	139	10	1.0
140	16	140	16	1.0
140	184	140	184	1.0
141	175	141	175	1.0
142	42	142	42	1.0
144	185	144	185	1.0
144	145	144	145	1.0
145	95	145	95	1.0
145	43	145	43	1.0
146	152	146	152	1.0
147	179	147	179	1.0
147	148	147	148	1.0
148	156	148	156	1.0
149	15	149	15	1.0
149	0	149	0	1.0
150	37	150	37	1.0
151	28	151	28	1.0
151	61	151	61	1.0
152	146	152	146	1.0
152	6	152	6	1.0
153	85	153	85	1.0
154	25	154	25	1.0
154	150	154	150	1.0
155	27	155	27	1.0
156	179	156	179	1.0
156	148	156	148	1.0
157	54	157	54	1.0
157	184	157	184	1.0
158	195	158	195	1.0
158	134	158	134	1.0
160	99	160	99	1.0
160	75	160	75	1.0
161	162	161	162	1.0
161	182	161	182	1.0
162	165	162	165	1.0
162	1	162	1	1.0
163	28	163	28	1.0
163	199	163	199	1.0
164	118	164	118	1.0
164	91	164	91	1.0
165	162	165	162	1.0
165	1	165	1	1.0
166	94	166	94	1.0
166	148	166	148	1.0
167	123	167	123	1.0
168	46	168	46	1.0
169	79	169	79	1.0
169	103	169	103	1.0
170	41	170	41	1.0
171	199	171	199	1.0
171	96	171	96	1.0
172	132	172	132	1.0
172	7	172	7	1.0
173	73	173	73	1.0
173	69	173	69	1.0
174	71	174	71	1.0
174	55	174	55	1.0
175	141	175	141	1.0
175	5	175	5	1.0
176	56	176	56	1.0
176	93	176	93	1.0
177	33	177	33	1.0
178	122	178	122	1.0
178	123	178	123	1.0
180	16	180	16	1.0
180	26	180	26	1.0
181	18	181	18	1.0
181	103	181	103	1.0
182	65	182	65	1.0
183	143	183	143	1.0
184	187	184	187	1.0
185	186	185	186	1.0
186	59	186	59	1.0
187	184	187	184	1.0
187	64	187	64	1.0
188	151	188	151	1.0
188	160	188	160	1.0
189	13	189	13	1.0
190	76	190	76	1.0
190	71	190	71	1.0
191	156	191	156	1.0
191	179	191	179	1.0
192	14	192	14	1.0
192	60	192	60	1.0
193	61	193	61	1.0
193	75	193	75	1.0
194	39	194	39	1.0
194	98	194	98	1.0
195	158	195	158	1.0
195	73	195	73	1.0
196	81	196	81	1.0
196	92	196	92	1.0
197	79	197	79	1.0
197	100	197	100	1.0
199	171	199	171	1.0
199	58	199	58	1.0
