-1.7770953568502370	1.0981337173081531	1.1053977200023941	1
-0.9746180160625414	1.7484334573761515	-1.0386939934764670	2
-0.8067034714173972	-0.2324669352404621	-0.0719193825544382	1
2.0185033544948698	0.2060962471999876	3.1097852751815993	4
-0.9336708351864411	-1.8839970940464856	-2.5758815692782902	3
-0.5972243728889480	0.6904011030175656	-0.6215724290174180	1
1.0009677919530975	-2.3251930569178660	-3.3582208111409200	0
-0.1241692195491354	-1.7601432971298356	-2.1792889375673470	3
0.6215343182065313	-2.3818746886654099	-2.6187703416706212	0
-0.1019079430039741	-1.5197090323436260	-2.9002292441729933	0
-1.0235813233804012	1.2012533250413577	-1.0293675529220063	2
-0.7496234397176730	-2.0803431822807497	-0.5788249774545063	3
-0.8205118419060460	-3.2483775376221553	-0.5625503935709264	0
-1.1042911062018792	1.9169366567093860	0.2327021713945858	1
-1.0434232605892755	2.1975527147364038	-0.4876731733081784	2
-1.5291624068196110	0.7260758062234266	0.5782440797835992	1
-0.0231923268132726	-2.8867563745949454	-2.0579298436499340	0
-1.9029625518869109	3.1959886914183135	-1.4582246761653146	2
-1.0717063197069399	0.3988327799518128	-0.3579700529292266	1
-1.3788501099001051	2.6710415836682904	-0.9044158698051208	2
-0.8283882790571484	2.4419029881792511	-0.3202844803800751	2
-1.9203515020730468	-1.7871918232667006	-1.5786952755673762	3
-1.4447870235180227	2.7421369501766364	-1.1396267001923304	2
-0.2050678847333567	-2.4492001891125521	-2.0717889356233252	0
-1.0411273633665556	-2.2964927031657258	-1.2662933533790053	3
-0.9760550691338592	2.7801347716046401	-0.6990931200285480	2
-1.0743166418176093	2.7669134538181273	-1.6083057751593870	2
-1.9418583922181729	-2.0412044833620251	-1.6028629443564013	3
-0.3032455106437277	-2.0459276839653815	-2.3523818336142281	0
-0.3029721523606897	-3.1765133002114014	-2.0739773390540823	0
-0.9236504854762264	0.1371878534358060	-0.0433169234302824	1
-0.6836995044290382	0.9303195881423603	0.1660683237366436	1
2.3148305549491655	-1.5171093352215563	3.5660080977285662	4
2.8599071445018796	-1.2624999862213317	2.1713305508123151	4
0.1456378104129015	2.0605114803859448	-0.0837786157726338	2
2.0755271815997323	-0.3472412963375672	2.4905798639690957	4
-2.2705695784555404	1.9132892030068960	0.2566878601164222	2
-0.0851123595410215	-2.5474153377989510	-2.2448864529252410	3
-0.4944089989680054	0.8117727860167183	-0.3811092535201938	1
-1.3264232239015104	-0.9679472863752143	-1.6332994343289000	3
1.1088929377068306	-0.6628389606023397	4.1775311537598823	4
-1.0209180324726177	-0.0003321492117090	0.9590365380546853	1
2.4791289782003263	-1.5020590577401001	3.0530154331243273	4
-0.4641584306736308	-1.8438224020875804	-1.6170814364164292	0
-1.1842163109859107	-3.6040107675884459	-1.9134784033304966	0
2.6018987829876292	-0.5166636471302202	3.0040960934259839	4
-0.1331831136174255	-2.0742724755308148	-3.3882959084814583	0
-0.9349500172794406	-2.1671975856195100	-1.1969662914897650	3
-2.1612525359308705	0.1750384836082181	-0.2576307976070930	1
1.1095015127513255	1.0248173930392854	0.1778204554749207	1
-0.2293729234332100	-2.1651339005360448	-1.3421021252913672	0
0.0319025739125520	1.2589153271879616	-0.2423904788536210	2
-1.0370590891026155	-1.3325193276247602	-1.0976330032877386	3
-0.8287635617434440	-2.6421614135645144	-1.1592108165411106	0
-0.8681325798527730	-0.8258910759498201	-2.2550947764070122	0
0.9134289817253978	-0.3091797487269203	4.2058290062960468	4
-1.8836179499637613	1.7093397767559921	-1.1337133709472054	1
-0.9581635311354699	-2.0760457350893349	-2.0853735804228446	3
0.4650495395990433	1.6438982695095452	-0.8830077503732817	2
-0.9137472147660350	-3.1123776717593010	-0.6728307836123663	3
2.4905642996648956	-0.9495371797098554	3.5093198468078421	4
-2.6946190952594700	1.7123436082520793	-0.8852327623532451	2
-0.5258049112335028	-1.1058902500829686	-1.8277366303804334	0
-1.4691757655467546	-2.7752635328352109	-0.1008451203662479	3
-0.2695711751372716	0.4741951154749084	-0.6525611551567481	2
2.3780573590290999	-1.7885003006079820	2.9574463349829547	4
2.2871413900645035	0.0607500138729666	2.6921061632760246	4
0.2136548077675717	-3.2167773724560549	-2.0363489298860191	0
-0.9069713595149812	0.4721507407012653	-0.2895578238293003	1
-1.3832697169723280	3.1517345372638497	-0.0487672516132704	2
-0.7870503955756959	-1.7808622648434334	-1.0601158889321227	0
-1.0858777545574301	2.0302149404791021	-0.3316724134875958	2
2.0727969774574309	-0.6594462793287711	2.9629926132638000	4
-0.4713963036603694	-1.4986673370878050	-1.3971665118456855	3
1.6960909900255721	-0.6185645593648249	4.4500369583210553	4
2.2991769576458623	-1.8465546770811583	2.9262567273717743	4
0.0522395409519061	-2.5771365716004082	-1.8489677896996226	0
-0.9729297166535293	-2.3497621416373793	-0.5778999391487457	3
0.5207760048390959	-1.8157960240193076	-1.5426331506288060	3
1.5197048434859775	-1.7837450094826137	2.7083434123594241	4
-0.1311283185742966	-0.2919300203012778	-1.6195681699058555	0
0.2329250460414611	-1.8430793155762095	-0.3721765673037084	3
-1.9220912649357986	2.0807070819624305	-0.7331732494619814	2
1.5046190506154229	-0.2322103291287556	2.7958235400141374	4
-1.9243687496090953	2.0854126340353782	-0.0497465845970086	2
-0.7911178391454998	-2.1356727030889568	-2.6851974345043534	0
-0.7572027884018062	0.5002362475395766	0.4549290065684387	1
-2.2139253228387585	-2.5269266486802491	-1.0813953074948592	3
-1.3285320476581461	2.9900711866547343	0.0522151387564442	2
-0.9687371417651260	2.1209805766087602	0.2251846357261968	2
-0.2418719242846663	-1.0158439559982839	-1.6171193134702786	3
1.9797735582807865	-1.4855113736801109	3.9907813143417608	4
0.1276003403941311	-2.0032544707636384	-1.5041732725005068	0
2.3561164287667102	-1.3095134784274749	2.6902887698400764	4
0.1330923207283723	-2.3414655006737504	-1.1136236139154492	0
-0.6347064505820462	-1.6177541354873801	-0.7790117743510703	0
1.0951501478555701	-0.7423148814134041	2.6456727112663145	4
-1.3740289027052586	1.0600306216741571	-0.6502591202355879	1
-0.8348293496026667	0.2983339618825331	-1.6895947618615026	0
2.5079919274208358	-0.3559976671092807	2.1846950698930847	4
-0.0711203517883194	-1.7901242177339036	-1.4781704079117075	0
2.8620330573078854	-0.9406615737357155	1.4639871116534675	4
-0.5978825324447938	0.2783344680703983	-1.2189115592024320	1
-1.3743112252003258	0.9842034301161968	-1.0002066956325741	1
-0.1661099551935697	-2.3236346065519373	-0.6469332400983825	0
-0.0687912679445390	-1.6775242010848159	-1.8179419141885866	3
-0.7654958071946915	-1.3211461158497209	-1.6565187044198655	3
2.3853259111446343	-1.5319927728291003	2.7110303509497937	4
-0.4204692191004989	-3.3755970077672233	-1.0702436793904220	0
-0.1133976950686566	1.9326100236819788	-0.9054796677834673	2
-1.1158654469816089	-2.3240227736977741	-2.2054504156325216	0
-0.6267272807280218	1.4502465228066286	-1.1309715998908330	1
-1.0705388502317379	1.6490507611589966	-0.1947555682030174	1
1.7784938577216982	-1.5998221646134201	-1.5109645961523974	0
2.9613837633246520	-0.1080465786852920	3.3330383915624680	4
-0.3508183479991644	0.8640445698119472	-0.0715495595442869	1
1.5603190716918016	-1.3110760065969980	2.8800402890019683	4
-0.0294536637755265	-2.1296359086703180	-1.6959145702280094	0
-0.4794698892099639	1.2226803366801682	-1.0168407828275887	2
-1.6607243888486416	1.7452619402793901	-1.1849141127267873	2
-0.8875639171121250	-1.6826717781023488	-2.4825105055768861	0
-0.7040181722514249	1.8833846652989099	0.0461564280334805	2
0.1320398262347440	-1.6267746194494221	-0.8903746668112263	3
1.0690807192989622	-0.8986308414929567	4.5948124575014981	4
1.5350147334313304	1.1368245478562156	3.2861191049489102	4
-1.2353654334272763	-2.7187690475333279	-2.1969715686636286	3
-1.2973662227966640	0.0514119506292519	-0.9605004579712557	1
-0.5711837739546011	-2.8022913087567751	-0.3518217331332383	3
-1.5950967670663354	-2.0913581792435454	-1.6308311268840538	3
-0.7914962584041163	0.9932039793102077	0.6901203218934472	1
-2.1676255983360053	3.6799505257949447	-0.3982014677731779	2
-1.2742468605957737	-2.8262006408134126	-0.8218194482175497	3
-0.1908377709025225	-2.7534842739931360	-1.6360546648155672	3
-2.1036980180328815	-2.4162081951695273	-1.5953608809820814	3
-1.1300008779037158	0.9986981413881451	-0.3747570949776236	2
-1.0503745866651155	0.2607401091465995	1.4711783134715306	1
0.3741353737241280	-1.6048983028799184	-0.1652516796999475	0
2.2372874476926436	-0.8184545914863757	3.4985579076867417	4
-0.3492577517196684	0.8671620673897886	-0.8991959792672581	2
0.1434096965263452	-1.7745721363271052	-2.2724974179282857	0
1.0252804801174853	-2.2596617471964757	-1.9049084505840381	0
-0.8924736098710923	-3.1043887342601049	-1.2368812518870940	3
-0.1509891953281367	-1.7136995209577468	-0.8421639468449809	0
-1.7603383482506643	1.2063795143980971	-1.3462197284696571	1
-1.9897151632558587	3.2382347988489846	-1.1051925933354212	2
1.7399856996964309	-1.0928051283537126	3.9438685808208920	4
1.8953793286424223	-1.4753344175962892	3.7872384130683665	4
-1.3981943329533724	1.0618506914590882	-0.0081473744997206	1
-1.1912088581760862	0.8501727448480674	0.0224597828138791	1
2.5791263458100064	-1.1008140469005923	1.0694145338172780	4
-0.6137328411685501	-2.1429399115268764	-1.0268854823980602	3
-1.0968953603178753	-3.3257853408909637	-1.5732106237708103	0
-1.4529349567757150	0.9207359553912842	-0.4083239581300844	1
-0.8784147607958782	-2.4676450739315818	-1.3832304370246808	3
2.9604547513575201	-1.2327227351207364	3.8325768906507620	4
-0.5414907424642748	-1.5393289374432126	-0.5918212039329183	3
-0.5506366686132848	-2.5881131975254821	-1.6114042058774132	3
-0.2151209303862306	-2.7217835549719860	-2.7872493001056924	0
0.5467615251705480	-2.5754004727337576	-2.4490058619629798	3
-1.4785326597895072	2.0597961998865699	-0.3401761135426846	2
-0.5629754743969996	2.0055831789591734	-1.9957997383214010	2
-0.3331204433130933	0.9132181759234621	-0.3530930805989523	1
-1.2148887305994625	0.4690852777633679	-0.8468103701374592	1
-2.6576231310393643	0.2367932778363124	-0.5965502782764394	1
-1.0493695032416543	-3.0749894958682265	-1.6112059063912727	3
-2.1776719630252082	-1.3589806849839592	-1.4746034783138169	3
-1.9179481261485662	1.2661609488956180	-0.4370353118054955	2
-0.2900862897885302	1.9082636982637429	-1.5640151879322912	2
1.1211293287146431	0.0537516783732989	5.3022279039657114	4
-1.6361112813019991	1.6405242628555265	-2.1370672655064067	2
-1.5963873156937498	1.2401057267236353	-0.8954257160338968	1
0.8222027066329980	-3.1460184284144437	-0.3729342327136542	0
-0.4437151424768967	-2.7773563227802249	-1.5056799658828892	0
-0.3327599949684735	-2.4459450424368909	-1.4781508483722301	0
0.1445443545963014	-0.0638311877656492	-0.6111263997641359	1
0.5449589920635125	-1.8157735069376462	-2.5183220208347872	0
-2.1241559314157188	-1.1318582330097562	-0.9547771597736581	3
-1.4703072908508537	-1.4488358119107645	-1.8257544747646075	3
-0.1675355074472259	-2.3434543666352763	-1.8135011948984932	3
-1.2130094359292067	0.6693536297168424	-1.1467504660108627	1
-2.4252412678341284	-1.7557766056587529	-1.8729548564024929	3
-0.1616157965321929	-2.4511152409763035	-2.2129523038279300	3
-0.0628708244854745	1.5051486702281920	-0.8625434893994509	2
0.4104098566118263	-1.3818644115936003	-1.8660901653800028	0
-0.3118683132169211	-1.8228452142752576	-1.2468753318494181	3
2.3341689923379807	-1.0653634233952642	2.7051461613423169	4
-2.7302794677404068	1.6442225257392609	-1.8441947468065485	2
-0.2081538956621430	-3.0606910421492772	-1.4823138096775210	3
-0.7722557904500011	1.7384879259603268	-0.9862706504179997	2
1.9499380883964237	-0.7977641982447067	2.6451826067136484	4
0.1012528665055639	0.9526810153881242	-0.3041639632011625	1
-1.4276835210526571	2.5902889382081731	-2.8698222989261541	2
0.9536666137648528	-1.3213959258304775	-1.1397364784027548	0
2.1890900860159199	-1.1231522333865480	2.2174492271213833	4
1.9166462478619208	-0.9179845969804290	3.5277669452891955	4
0.9588575680769573	-2.9885809773820422	-2.4372752996479257	0
1.7617275098678915	-0.1332923963787244	2.3621232081839523	4
0.0963176419518508	-2.9375874634228945	-2.8853845001878349	0
-1.5676684259348868	1.1675802031523648	-0.4010843549596722	1
2.0759468541643891	-0.5245080365095236	1.5223095768809747	4
-0.2391490639080728	1.6313281064642782	-1.1265962846144382	2
-1.5935023796444252	1.6739727944606344	0.3586876162875879	1
-1.3586827540082245	-2.6535493297314461	-2.5572333842446433	3
-0.5389098843091656	-1.6123225301170656	-2.0881140432438867	0
1.8356521696583601	-1.9936096328583293	5.0542370380273338	4
0.3930051003309011	-2.1776307178597527	-0.7983487311982849	0
-0.6192432012892225	1.2819684724027753	-0.7940497618182025	2
-0.2312013813119321	-2.8368350817675552	-1.5726833098973283	3
2.1632525409436250	-1.3804346029465728	3.5427481415970510	4
0.1670770362612568	0.2277890437397768	-1.4503113385617543	1
-1.0916801696532799	-2.4486198437240927	-1.9713132353823002	3
-0.0230494737147998	-1.9251390372303812	-1.7365082215528422	0
-0.2646623157019686	-2.5311920800802987	-1.1427136274705947	0
-0.8486659271787962	0.4654607501578613	-0.6497877061225308	1
-1.4395734061162924	0.2523554909854880	0.4893046843077462	1
-1.3676759614738982	-1.5994520023148504	-0.7319484633046646	3
1.2931197875253255	-3.0605208320553223	-1.6344310651668841	0
0.6382910460878350	-1.9396246695089006	-2.3282490210433266	0
-3.1463132721760312	-0.0868787270896800	-0.3187991646201631	2
-1.8361926062911742	0.6839156382736031	-0.3249771710022294	1
-1.7999268371486816	-3.3852312872978754	-1.3591939872772623	3
-1.9961963761727444	-2.9280754287252106	-2.9446511372113280	3
-0.6351386591764370	1.5763158601211980	-1.6748237930101233	2
-1.3109901787752736	-2.5987768044028061	-0.7317809393560545	3
-0.6911691996040457	1.1904964353247058	-0.7956176421507890	1
0.3028054348255921	-2.2309087367732436	-2.6772089901271059	0
1.8570410355960665	0.1687576830387325	3.1196297199553187	4
-0.3109369961062107	-1.6289626977780829	-2.5925623484191398	0
1.8716782103885006	-1.2336246765288283	2.7781071497251348	4
-1.7700570627529220	1.9934856058323489	-1.6679254700618609	2
-0.8066440592444484	1.5008427893429006	-0.6590231715976000	2
2.2840832591832294	-2.0215867321151402	2.7176643711169297	4
0.9983115624896163	-1.2451631517270627	2.5327317325909715	4
-1.9831215799136666	0.9976556534916494	-0.8567867237678601	1
-0.1890863412638726	-3.0772062166156227	-2.2910664950227044	0
-1.3043141061416303	2.9337921493460057	-0.9569265818715389	2
1.6698292378038095	-0.2499766564064990	2.7744948507962741	4
0.5358534898300664	-0.3769260180632035	1.8437305683385821	4
0.1567268165994871	1.2346434809236164	-0.4636898203365787	1
-0.2716218780156154	-1.3693802676804361	-2.1255814249033924	3
1.2482976545046405	-2.2105341241396896	3.0408750887332237	4
-1.8746494327507688	0.9199090575175249	0.4430328729622842	1
-1.3443944076589991	2.0669926196614665	-1.8084672239981525	2
1.2315071169638099	-1.0381607809749736	2.8775621641749232	4
0.0814408312715302	1.7177656206269312	-1.8395614102143822	2
-2.3886184702412576	0.6444220719519174	-0.1422570073911813	1
-0.0336630585326689	-1.6443782885488125	-0.8627945584799293	0
2.2670626049014788	-0.6557092355394631	2.1048170331799727	4
0.0852195116804375	-0.0180711496063759	-0.9771922858410297	1
0.4418051911441359	-1.4451150162265136	-0.9825311832616437	0
-1.1278602939488833	2.2676164387079365	0.3160295797905723	2
2.2359425461682143	-0.1175759593416703	4.1685326353102230	4
-1.5804012711411297	1.5872920031601008	-1.2900296531281488	2
2.2503020592665957	-0.2928507017679129	3.7981764505833575	4
2.7217124543593134	-1.6642576241895086	4.2682157401592118	4
-2.8201697087403490	2.4384918075400832	0.2789138510944655	2
-1.4414242405814472	1.7066564749782362	0.0163004003263196	1
-1.5854399709003786	3.1323483556829537	-1.1606923440586234	2
-1.4704795324151920	2.2241305379836454	0.0961452617278373	2
1.7933085125857233	-0.5900324643532977	2.0409220480511365	4
0.2434206987158476	0.7882388809414846	-0.0981292490968759	1
-1.2635351976451339	1.7599798919548526	-2.2072215303587575	2
-0.4332330645590795	-1.9386564659575216	-1.3344800899524989	3
-1.1473411681588204	2.7509667735608909	-0.6430071322864317	2
-2.7905182734936549	-1.3245992033696474	-0.7423325313976215	3
1.8416158449889330	-0.7944654853917146	3.5412543789588784	4
-1.3520476102805792	1.5105138921411707	-0.4193002155889566	2
-1.4812806951338118	2.1939267437777130	-0.3626389582846637	2
2.3925394535922266	-0.7371675374091962	2.6247431499419944	4
1.8304610129818928	-0.5129709385813470	3.4961892996756374	4
-0.1907023955147441	-0.9286425971690542	-2.4168011681808377	0
-0.9238758702968889	-1.1251972593122770	-1.9653178154988269	0
-0.2234123844618615	-2.8534110684513552	-2.6332509251217413	0
-1.4720940596656011	-1.5996028640879920	-2.2279179033405940	3
-0.2325352824266730	1.1097548157834112	0.3077064886499450	1
2.5764505815870473	-1.2757879676007366	2.5819012359141742	4
-2.0676744548633641	0.3013674882840492	-0.2373122303943737	1
-1.7061597134668989	1.0362158038980538	-1.1268501326637548	1
2.7178106282556693	-1.8337774233252786	4.5298096220142927	4
-1.4241712918506593	2.1961214441109762	-0.3727816092475027	2
-0.7539445272393920	3.1900246374855881	-0.8561067355899665	1
-0.0215616772304732	-1.8564713642746244	-1.6332592400726786	0
-1.1355296817414209	0.9192125464470975	0.1938640365156841	1
-1.5201276267802108	3.2309893603057658	-0.5252435357290882	2
-0.3431643259598389	2.0122988202733358	-0.0209589333936931	1
-0.9630256542707648	0.0333680770226757	-0.3087275008304123	1
-1.2568530782300840	2.6022607394596773	0.3488451800823387	2
-1.3430968620581496	-3.0627286436875858	-1.1025208799869275	3
0.2676746247523316	-2.2599614449912195	-2.3283114619493674	0
-2.3548977868887322	1.0575278454622372	-0.7786836934871342	1
-1.1971496913237287	1.1607632634502971	-1.8142940842264594	2
-1.5908541468472444	-3.1656772775911426	-1.6802102170342590	3
-1.6114858174863036	-2.3013355043821946	-1.1847214284057341	3
0.4052279698297502	-3.1868713286021544	-0.4215456162958444	0
1.9412085736076137	-0.7907905625126167	2.7127721456272753	4
-1.1763627260794776	0.4248781026524875	-0.1685101623776352	1
0.3537337546574837	-3.6317682299158207	-1.1139262552873541	0
0.0806153636171658	-1.3385528155584314	-2.2559107439185127	0
-0.8563508724650986	-2.7958556230529159	-1.9808636838915121	0
1.1708887603668605	-0.3121401779887576	3.0554154846577473	4
-0.9492991334665342	-3.0524595643134580	-1.1399028250646168	3
2.9311854723815318	-0.6441739505711638	2.9205078670817444	4
-1.9450812159946032	1.7149271974702920	-2.0430416424026219	2
-0.1497965434957642	0.5091271268195195	0.5886907807757708	1
-1.1442629630074310	-2.9299189762048723	-1.8030989610839261	3
0.3364832996328794	-1.8814882213072901	-1.4576234951975808	0
2.9025083764295818	-0.7576585500345733	1.6682921921494480	4
-2.9754944576091820	-0.3715273219477888	-0.3687021878400974	1
0.3161513089423700	2.5379607511850186	-2.7201419733501568	2
0.1324240829617536	0.0049124348805758	0.3078487809537728	1
-0.5087526505872690	-2.2008100613305821	-1.4178483900888850	3
-0.3054793703164004	0.4129715294931460	-0.3916549005093130	1
-1.3951920220149285	1.3840981905882050	1.1292639914506741	1
-1.3834463915623336	-2.2322604636693315	-1.3592407339114112	3
1.7003487375160500	-1.2373749287665381	3.3925124915039357	4
0.4166144474551089	-3.7165450911912927	-0.9823659231454341	0
-1.3736065980884082	-1.9540099125249148	-2.2425101610787284	3
-1.9242862851990008	0.8712700776695059	-0.3029409826371153	2
-0.3494500274985917	-2.4079048296476131	-0.6776694089136652	0
1.6652873908211969	-1.8421573762046952	4.3585874794477117	4
1.3096078433620435	-1.4925040247419865	-1.4627396350395530	0
-0.4106171349850638	-1.9290797988888957	-0.7492995107157175	3
0.4785523965530361	-2.2696681583810348	3.2346039875234269	4
0.5214891595954770	-2.2805570170578933	-1.4956229013248885	0
-0.4465443038374521	0.6494271874189371	-0.5173466721557429	1
-1.7864248243677947	2.3155187034963416	-0.2925495644564915	2
1.5868111297666017	-0.8080825094165485	2.2987562659762895	4
-0.5993594275049532	-2.6370247819135919	-0.9923916901602681	3
-1.4128376661113353	-2.9421264701202698	-1.6065119595565447	3
-0.1496471518804959	-3.8350311789191047	-3.2017126741413389	3
-0.1699553469001290	-1.8014097732084864	-0.6168259697188054	3
0.0298854164422011	0.4770890106946721	-0.4652081983458703	1
-0.5438130082397592	-3.8696455609554592	-1.6206503449772609	0
-2.1785129471644922	1.5464577246370517	-0.2128173180569350	1
-1.0626726088031699	-3.9439393406947847	-1.9535107142705215	3
-0.4120296869167513	-3.4107140590625473	-1.5275891166446547	0
-1.2498897378322269	1.4261822109040847	-0.9837084575274755	2
0.8544806511773164	-2.1031734877622497	-0.6119545298728657	3
2.0122072697567921	-1.0109909901267242	4.0420782083145692	4
1.1411890126004565	-1.6087659170020407	2.8175423453881554	4
-0.9890477933429618	-1.8393978598635834	-2.6424323449934333	0
-0.3942489453899408	2.6383848174551296	-0.6584395742911153	2
-1.2202025773488840	1.6056926651243915	-0.1992295200922232	1
-1.8534827592724654	-1.5657102525694924	-1.8454351479955953	3
0.0836590076750843	0.0175688084996440	-0.3674988330142740	1
2.5515896355190533	-0.3856803797815949	3.5603978787324575	4
-0.7899268191915888	-1.8768766458047730	-0.6941042817631448	3
-0.7246825398240848	-3.1388374159386325	-0.8444407678127090	3
0.1248356736875469	0.4053647487906202	0.7174115530623310	1
-0.0579856490226049	1.8286590072368814	-0.4427776680066445	2
-1.0030671161356282	-0.6972736203031145	-0.9390755670638768	3
-0.3112285821690963	3.4848391747968250	-0.1469979472813191	2
-0.9955221935532355	-2.4740689665105293	-0.0932887738833366	3
1.1627256424205434	-1.6247452533691604	2.6660360223162658	4
-1.4926945615459664	-0.4290140067963704	1.7083150865492818	1
2.6909016542884077	-0.9407577553013176	2.8364739918679431	4
3.0224339998433467	-1.5449719672205835	2.2887935625047553	4
-1.1875176010721342	2.2730924479172501	-2.6321441127713232	2
-0.6440316715738674	-3.1386070585982924	-1.0215273956681470	0
0.4133396427535424	-2.8068456374600199	-0.9385578525594418	0
-2.0076220055639498	1.3726441414071995	0.4209636556743790	2
-0.8689040716450778	0.8190392827261419	0.5997869682104511	1
-0.9574735940374863	0.0666852129464468	0.6389721507547422	1
2.4423307833333592	-0.4280394336271002	3.1184308952812820	4
-1.3546282279503268	1.1672498196287187	0.8556829005693812	1
3.0673411333833656	-2.2489653042932347	4.1826588765850197	4
1.3629636542019559	-1.6264858794631851	2.9823635344733002	4
-0.8341695436035194	-0.3603811817570794	0.9345236391738556	1
-1.2174838294822745	-0.2603896537366006	-1.2754542074699249	1
-1.4985370042452049	-2.3220726751201708	-2.2250781851340382	3
1.9778761705816097	-0.1089316727391252	4.4909864364052225	4
-2.1136128283656288	0.7180698858372685	-0.3008837763397341	1
-1.1094645707869542	-0.8349432896082769	-1.1882721682907269	0
-0.9075325225230488	-2.6594662688789219	-1.5167734595936024	0
1.8459091072477563	-0.0154200625831862	2.2374018823044577	4
-1.3405479218305292	0.1288675690152414	-0.8527070092490266	1
-1.3592608316322405	-3.0353733759614157	-1.1184014331959218	0
-0.3122615545570981	3.0145467810717634	-1.4994277228433308	2
-0.0782783712607613	0.6212430144420491	-0.2139243183742620	1
-2.1022936516691115	0.8398762803710969	0.3089387169356044	1
-1.9494341653978893	-1.5036427775556607	-0.0478218876082304	3
-1.8228158905122505	1.9972778898767529	-1.7516906260305081	2
3.0783345445759136	-1.6908882319139789	2.3528968825145054	4
2.2133669738178425	-1.6170029356732156	2.0867192390608293	4
-1.3957335507301685	1.0730661314318208	0.6939356228384077	1
2.6303472927494451	0.8769901459310028	3.6189250105276249	4
1.3303154802852424	-0.2712022726663375	2.3209252209710138	4
-0.5383320373711933	2.3444173062652656	-0.4849650296002695	2
-1.1634436132441832	-4.0135730401449621	-1.2141310556200624	3
0.1807909054623986	2.4420006588838503	-1.8817297002247253	2
-0.5484565922745426	1.7545386922093384	-0.3957692374725140	2
-0.1254374267888262	-2.8123234066290745	-1.9099497294396575	0
1.1569761336923858	-0.8217299759970182	2.4678746270468452	4
-1.8957332851540980	2.7899981460436161	-0.7285246413611748	2
0.3089168694855968	-1.6986745983621176	-2.1013531005086898	0
-0.9900167695208341	0.7201699766698980	-0.1436369507577317	1
-0.7499649426487713	-1.9986912711180564	-2.1189683169463818	3
-0.7446856275580562	-0.5801700009399096	-0.1102101009197827	1
-1.5553760708794773	0.3478167498267189	-0.0909843397110945	1
-1.3521466464158338	2.3236393761279310	-1.7754625794968353	2
0.5569595372561539	-2.0953522784885950	-2.6640369491985605	0
-0.7051796740002534	-3.1908695448697633	-1.5552161382703096	0
-1.4845905400834776	0.3537605463611169	-0.3628588997813490	1
0.4856302772332468	-0.6982339470881620	-1.6024390809535125	0
-0.8528357498845180	1.7099270385266150	-1.6922596059623969	2
2.3932849549794324	-0.5442641097145580	3.0431160128877748	4
0.5917538729060768	-3.5131595452030484	-2.6923305604841001	0
-1.7888858940734385	1.2514219672502747	-1.1668745230661914	2
-0.6287143410810623	-2.8803896598970185	-1.7803199398424325	0
2.3799122402508108	-0.7981140706172920	3.0766294410536736	4
-0.7273689285164537	-2.4195352789364328	-0.7813904015011666	3
2.1912307644879627	-1.4906706646409316	1.6624167390625137	4
-0.4568822278309449	-0.7725777191543830	-0.9767096126640228	1
2.5874325123714437	-1.1564441836506447	3.5520960407459086	4
1.7009092800247509	-1.6568832791670316	3.2525731487174019	4
-1.1097935770520133	-1.4582883022903204	-0.5385270627739850	3
-1.8676004879283639	-1.8648494446781732	-1.7606222979154424	3
-1.6392101580729410	1.1174178652876363	0.1639936883457756	1
-0.5500025592368661	2.0523926560681143	-1.4344854940908367	2
-0.5241572643832093	-2.9486349761037958	-0.9541890450131785	0
-1.1974985491587262	0.8469217691766935	0.8831034950230219	1
-2.0208979064511396	1.4513073625620700	-0.2157698190952133	2
1.7715683422544080	-2.4510228755068946	2.6888261904423527	4
0.3404140701300421	-2.1927911328679488	-2.2982899203771914	0
1.0145795463703864	-1.9109096926958535	-2.0809958853566970	0
1.0195852901787772	0.4341062143221179	2.5591751557920985	4
-0.7650842584781006	-2.5685317062905129	-1.6204452246708858	3
-0.1957377034330637	1.7440140025151494	-0.7238235969621736	1
-0.8480782132117638	0.7042898135163846	0.0843218809285964	1
-2.3019389295078185	0.2682319109562690	0.4441573610573236	1
0.1006330738450278	-2.1253117275701405	-1.4638596123625631	3
0.9357978405873781	-2.7912713995072154	-0.9679682541420229	0
-0.8436137618587088	-3.8592252325813314	-1.3515637729590282	3
2.9255929973172021	0.1598480859369256	0.5172615340313413	4
1.3276391000043550	0.2238587454257144	3.0073388041324138	4
-1.0869195980851369	-1.6580424408464864	-2.4743192716747857	3
-1.6270185643047677	1.6748976555367707	-1.8749607683682590	2
2.5259561235388528	-1.2437137923286381	3.0955053358472036	4
-0.4842850834968929	-2.9940204242387347	-0.9503075219686525	0
-0.6574797009359316	1.2531111818568079	-0.5683025317700898	2
-1.6834953546001525	-2.1664782503903295	-2.2006951843349132	0
-0.7458123979513311	1.2224284550569240	0.3302477364677328	1
-1.3860337507584271	2.6073108898626063	-1.3898261387104023	2
1.6844304373910186	-2.5197493037610790	-1.3842977514061945	0
-1.3649469516897088	-2.7648321366049542	-2.3703538918241702	0
-1.3696117383562973	1.5331377576260379	-1.4887751615858575	2
-0.5103174515741903	0.7605776693050068	-2.1183020326625530	2
-1.2321542672015657	1.8311079288988887	-1.3568159666939963	2
2.2584229442082577	0.2143062978368737	3.1735825266982749	4
-0.4999028200998114	-1.7101886500866104	-1.0273030706916424	3
-0.4917825348356246	1.2572151849133812	-1.3992623940243742	2
-0.7529425582986474	0.2285156263266338	-0.2253738684720717	1
1.7875386209995476	-1.5102450698313923	-1.1844702575516945	0
-1.2169656601339205	-2.9530527184373447	-1.6686459739716153	0
0.9221437937109185	-0.6137622306243515	2.4708319681572988	4
-1.3321329249648426	2.2904046878729050	-1.8128235470359590	2
-0.7033449006530520	0.5661122405929061	-1.8535905095179088	1
-0.8294439013770158	-2.1897582313523460	-0.7599546127522889	3
-0.0120702145794782	-1.9251353217197296	-0.6350444116229856	3
-0.9915217376031553	-1.9757601138031178	-2.0893085846874735	3
-1.3711137129183362	1.6983779406952200	-1.2247952866061729	2
-0.1867824754464091	-3.0772150003476928	-1.1930057537858407	3
-1.7716843556781838	0.6127156667372438	-1.4708109250169876	1
-0.0525220175523181	-2.5943510266292829	-1.5772151966615553	0
1.5410152656844818	-0.5874853126190452	4.0257905156478744	4
1.4600826246150751	-0.8430982572661525	2.3641552672439645	4
-1.1748054573897739	-0.0966210057137270	0.8582508097887567	1
-1.4686211163930314	3.4698145487831149	-0.6009593736658239	2
-0.8218025189365665	2.8559941327438949	-1.5501162982196777	2
-1.3066120967562025	-2.7580695740492325	-1.6286262318292075	3
0.5135194519060677	-2.2072421843585959	3.4536520649779692	4
-0.9896155994819378	-1.7028857634463987	-0.8438192697302815	3
3.3079065020841640	-0.8318220510111077	2.5625447968492989	4
-0.1939506119791280	-1.7386681673124891	-1.7159346697909876	3
-0.8715507908618618	1.8108063040795286	-1.4960203004734924	2
-1.4212322580563026	1.5326007152637240	0.1001207323506031	1
-2.0186777366030006	2.0457340389786500	-0.6322671391946847	2
-0.0849936173861120	-1.7725675626661375	-2.1028482713956338	3
-0.2341836408192086	2.0776875757980289	-2.4783354476457768	2
-2.0233714978294746	1.7407286180610551	0.3533025748324812	2
1.9853010415740153	-1.2713167151476537	3.1017964774636684	4
-0.8117764984011101	3.5371251308539859	-1.7570889988870402	2
1.2739598008292976	-0.6660612061890008	3.0031523669142377	4
-1.2284275956191448	1.3813645573485951	-2.1082265618491061	2
-1.6497786267403560	-2.1073288019287175	-2.9588082259427853	3
-1.3858767602032096	1.3363141231149709	0.3375347950602826	1
-2.0533841762016229	-2.0496378599732843	-0.8934959922134993	3
-1.6555745461433604	2.2614882082918188	-0.3484525007747092	2
-0.5881502181213651	-1.7484964165210721	-1.7449385765219176	0
0.0284357652896126	1.8951883529591753	-1.2322901877922772	2
-1.7138281941690947	0.2014604232453024	-0.3016898033788638	1
-0.1055452996951608	-2.5696907355848673	-1.4418324178034354	3
-1.3070120915046510	-3.0920278846055615	-1.4014041105142279	3
-0.1635584642831345	-3.5333061666027277	-0.6846277152493416	0
-1.3382275203922283	-2.3895304194353413	-2.5141419797617437	3
-0.2971041352440976	0.8236040915825974	-0.2645260226812247	1
-0.8028415816688911	-1.9426048598028671	-1.2989727020541868	0
-0.2269706264430360	0.1474631185397542	0.5507286491760454	1
0.2716296491231746	-1.5691466946872563	-1.6027116687870813	0
-0.8340618838860421	-2.7151841955259561	-1.2772650683273756	3
G3
0	312	0.4776980594994188	364	0.49559358515358376	384	0.561574811072767	
1	188	0.20927873959728818	447	0.4175662567020005	336	0.4273684544072547	
2	397	0.35526020599933505	30	0.3887664691772189	285	0.388822534684388	
3	226	0.16601554713551936	448	0.248392640311227	66	0.5174434869812299	
4	340	0.09738944980159647	120	0.22666249418695159	435	0.29129982651422126	
5	324	0.18774012187658803	38	0.28831341508635866	213	0.33855150188776484	
6	8	0.8330483570458534	400	0.8554889524998017	225	0.9798455543071668	
7	477	0.08678862611959771	139	0.2837155063437761	105	0.3747856772342129	
8	158	0.26807308378141387	400	0.29717681542376195	225	0.3574827203731514	
9	227	0.38767051370267314	297	0.6937425041829441	139	0.7205436778692442	
10	336	0.32232476656222653	224	0.4065126707686187	103	0.41348818183291763	
11	457	0.2261656557613428	346	0.2373021530969158	77	0.34993302884356275	
12	59	0.19836976255152308	347	0.3172451362686732	358	0.5038399518098532	
13	89	0.24508225530410863	250	0.3612136114594742	121	0.4428808780553307	
14	71	0.232681223600184	20	0.3660137619465904	279	0.397707409205978	
15	384	0.3893457057166124	241	0.41858653208634644	420	0.4664160420705154	
16	391	0.1946598093878287	234	0.3437217836703771	76	0.3810768020649542	
17	144	0.36598142122188143	257	0.4397683144767306	22	0.719312788791006	
18	68	0.19285581030481105	295	0.21800544111837444	213	0.37328788599167545	
19	22	0.25441376230041773	235	0.2781202087263079	263	0.3582163510180024	
20	387	0.34749930188517053	14	0.3660137619465904	71	0.48571345836102964	
21	416	0.20472131573681804	27	0.25606455050848687	343	0.35309442712290906	
22	19	0.25441376230041773	442	0.2902236596739218	235	0.2997393686510275	
23	181	0.14771204390824527	37	0.23237532991207877	178	0.2816086208284151	
24	47	0.1810996900979881	153	0.26352003071047936	313	0.36048205670110667	
25	263	0.1825796753477171	235	0.44479509794686706	19	0.46508343347813474	
26	468	0.2740159937645521	442	0.4127637168774386	399	0.5492019816455977	
27	416	0.2479986888152111	21	0.25606455050848687	128	0.3514843341066847	
28	7	0.37908070968206825	477	0.4296820260387583	181	0.45130535788113846	
29	234	0.26449872676564556	16	0.403104637575394	391	0.4371017205264761	
30	451	0.2657568244474887	285	0.28770075510491994	2	0.3887664691772189	
31	428	0.29119117402544126	441	0.34079389847317887	115	0.4143241494478648	
32	208	0.20541884609631672	413	0.4523104288844277	146	0.4760539123021425	
33	356	0.3464144308089462	275	0.49909165588460763	382	0.5139974231049371	
34	349	0.4733903273649964	284	0.49517502119137635	427	0.7914325447554516	
35	196	0.40093076483117723	374	0.47637052977610705	189	0.4925906145457886	
36	479	0.31657297680270685	84	0.4933391919458771	333	0.6028887701883802	
37	181	0.12706799124123558	23	0.23237532991207877	16	0.39235086779374617	
38	161	0.192587827402803	324	0.2172734605525732	495	0.22947949527867487	
39	372	0.5126503563196584	177	0.5375828692422671	271	0.5449845239247533	
40	55	0.4050700738025617	464	0.4641477134015144	123	0.48094335454478776	
41	466	0.20763103442451278	362	0.33310319064319166	367	0.4063387578650242	
42	437	0.26597076819544224	65	0.3184297573047244	107	0.35587756197603493	
43	488	0.2020110273095624	262	0.29968883690026477	473	0.30633582899063777	
44	334	0.36321741735990193	151	0.4481255385414279	164	0.624031914165588	
45	405	0.2140188517068242	363	0.21538023272343726	301	0.3628713172447966	
46	9	0.7394104527430775	225	0.8486845928636536	157	0.8872662673943602	
47	24	0.1810996900979881	496	0.2798210839902059	153	0.35799338034459105	
48	276	0.15852040516047378	490	0.45036413765390004	245	0.5341603996554104	
49	260	0.939262268101954	190	1.1198562271486299	238	1.16762238876951	
50	310	0.29165616232901687	262	0.3048099095105598	173	0.32871422090963476	
51	238	0.2552324678097158	190	0.32000762518210774	161	0.5147847992414786	
52	471	0.4514904127808109	372	0.5109206647010482	70	0.5147069749502882	
53	499	0.13891438106880752	327	0.2836921971378421	153	0.2882810863165053	
54	271	0.42031201850734845	62	0.614998174950808	270	0.7040017662659892	
55	40	0.4050700738025617	464	0.7097410716745634	123	0.7231792167121839	
56	119	0.23150260771222594	252	0.3623131151791406	407	0.46878837942677326	
57	459	0.1057613352509599	396	0.22463074514906314	110	0.3174601585908474	
58	182	0.5462326867673437	489	0.613006129697088	109	0.6468853587492323	
59	12	0.19836976255152308	347	0.2567012973285933	358	0.4416149705711698	
60	413	0.2324301221454352	137	0.28539030819911637	409	0.4715864962565653	
61	289	0.7453502228049603	476	0.7950078654594562	56	0.8482184232388689	
62	90	0.36480944387242265	106	0.36483200452250614	271	0.4216181110360491	
63	352	0.5613581489725633	223	0.6739808994766462	131	0.7485959179525412	
64	311	0.2703882387894135	324	0.28338793858059136	331	0.3532474420228924	
65	75	0.10278725588811753	42	0.3184297573047244	231	0.34735544646662797	
66	35	0.5018469206280194	448	0.5061855094839411	3	0.5174434869812299	
67	16	0.40678761046433626	234	0.49654967390480054	29	0.5195579935114174	
68	18	0.19285581030481105	451	0.29530072923340256	295	0.2990968856917346	
69	88	0.1983146352060179	283	0.5020369147554844	467	0.6429431504947155	
70	496	0.288898954233604	449	0.29753179824240206	471	0.3064265394541494	
71	14	0.232681223600184	279	0.37902170293763504	159	0.39385941454479706	
72	294	0.31173243523422767	405	0.34985602052913634	409	0.3556147769871621	
73	184	0.3913156201550847	43	0.4093250294684253	449	0.42702792933783745	
74	464	0.4527686428840313	370	0.5837854287893863	338	0.6483504820530985	
75	65	0.10278725588811753	231	0.27271745655650237	107	0.3907598071748815	
76	463	0.2917546802111126	391	0.3009995834063555	178	0.3227480815791075	
77	457	0.2816617380351108	410	0.32646096187363094	11	0.34993302884356275	
78	305	0.21332113700541785	498	0.35569541263638654	92	0.43727215163234473	
79	366	0.35268294786669313	353	0.39307122470325545	339	0.43106417620917487	
80	209	0.6226413206148091	248	0.7310621322037442	90	0.7323397636342744	
81	136	0.34567102939515487	458	0.3685856338057836	330	0.4731831483474128	
82	476	0.14399341420336004	487	0.5017200728526865	325	0.5173887440712193	
83	236	0.1675260019206387	299	0.4302936963191809	386	0.5073761126823675	
84	325	0.3618433594007159	487	0.43872332514475876	36	0.4933391919458771	
85	4	0.30921178382666836	340	0.35886474106229216	120	0.505562731173803	
86	361	0.36755459590847	428	0.43271912622077113	362	0.5118073603502769	
87	133	0.5371864158768562	486	0.5374794882338598	292	0.6515374196909223	
88	69	0.1983146352060179	286	0.49348171093658677	283	0.6543767669111245	
89	250	0.23468075651088938	13	0.24508225530410863	121	0.3982198501345964	
90	62	0.36480944387242265	73	0.5780822545252762	106	0.6074073522529362	
91	146	0.22058030077542215	145	0.46251185585801824	338	0.4783857349242549	
92	430	0.1313407727934339	281	0.2458816277733084	305	0.24622345934933623	
93	107	0.2253451652136392	185	0.24558436721476282	275	0.2478556162166165	
94	430	0.4128453838223307	205	0.4402212406651276	212	0.44164596072394974	
95	155	0.22333828507812445	449	0.297262049577251	346	0.3137628411428579	
96	392	0.20430704472565803	454	0.277536066215239	243	0.3998633987776745	
97	152	0.290106518518359	198	0.33339352285706303	103	0.3580686361743908	
98	456	0.34042322499215255	102	0.527339028689692	446	0.7090607456709214	
99	247	0.392752420043031	35	0.529781028023963	268	0.5935166859426377	
100	281	0.17581396969262789	473	0.2725194344822251	92	0.2925586560415098	
101	306	0.2772524554593395	149	0.5112460672236673	33	0.7771223997399552	
102	98	0.527339028689692	213	0.6494694116482317	64	0.6833026567353084	
103	170	0.35465875015775844	97	0.3580686361743908	277	0.3589808718223077	
104	318	0.20410723820297796	458	0.427400591883955	321	0.475327372007663	
105	473	0.1726526105067946	281	0.2614582405878629	211	0.26464479045513783	
106	62	0.36483200452250614	271	0.39854371124099364	73	0.43043218021197027	
107	93	0.2253451652136392	275	0.34473739313237695	65	0.3557664695332053	
108	358	0.3294202216967088	461	0.3983865502514202	438	0.4050405356294997	
109	427	0.27449456140994977	489	0.35822092052993687	200	0.39430541290493926	
110	210	0.2663260720885513	57	0.3174601585908474	369	0.38317955707293755	
111	118	0.2941036413041653	188	0.3538361462771327	450	0.35700298607942604	
112	342	0.15588191669288828	266	0.3858237223541007	71	0.4052994400506414	
113	452	0.3386804050881172	320	0.4834220976350608	443	0.9333586437927603	
114	345	0.5447055086019725	45	0.6359248345643912	363	0.6464269492461849	
115	495	0.2043540169807215	161	0.2863529528678664	38	0.34522140513190624	
116	228	0.33665054086115637	366	0.38587899045923985	243	0.4273244236537643	
117	211	0.20858530295046698	430	0.2660653327979429	92	0.27821386257213987	
118	206	0.2696061958662539	111	0.2941036413041653	224	0.3078832238019717	
119	252	0.20604752147404562	56	0.23150260771222594	460	0.29607931548795274	
120	435	0.20103827521821618	4	0.22666249418695159	340	0.24583945281715236	
121	284	0.3890229163888704	89	0.3982198501345964	13	0.4428808780553307	
122	246	0.1689023314272761	142	0.299976064159688	249	0.3707392834119812	
123	40	0.48094335454478776	74	0.7018111905239737	55	0.7231792167121839	
124	434	0.9768467975430662	226	1.0337180995605084	3	1.0635365700627128	
125	444	0.2213020741759195	210	0.38019433284029075	202	0.38632803277933436	
126	375	0.13958316352067388	162	0.4406574417731739	368	0.45033021392087924	
127	12	0.5527784161683587	318	0.5575690603262036	59	0.5626278290221827	
128	27	0.3514843341066847	313	0.3720358541356257	416	0.3773728034659569	
129	361	0.21091568427830235	441	0.4291143823367082	420	0.4727354970918683	
130	467	0.7575454857716813	283	0.798097386486627	144	0.8524091493910496	
131	223	0.24734309344827038	376	0.37274855092192805	287	0.37346902501063284	
132	207	0.11221633939005572	463	0.21889888317222367	491	0.28067267704522275	
133	27	0.4085047482075593	87	0.5371864158768562	128	0.6045336249342899	
134	152	0.3339030638437026	97	0.37311220289319996	395	0.38805928697209263	
135	41	0.575600217856388	466	0.7203264071060487	420	0.8432593853546515	
136	81	0.34567102939515487	458	0.6873221338208568	330	0.7338738376902086	
137	60	0.28539030819911637	194	0.33700173426882146	265	0.3986909618444294	
138	118	0.39647035242722406	5	0.4120761087387047	324	0.4502022262499727	
139	394	0.24988685030455235	7	0.2837155063437761	477	0.28452227512272554	
140	424	0.3908315368368834	323	0.6494281852277849	217	0.6568118389175	
141	300	0.12381677629548596	358	0.330562511204411	401	0.3793350088066066	
142	246	0.13782771047388973	330	0.2425489789519983	122	0.299976064159688	
143	407	0.18710555211605912	277	0.28286751740385485	252	0.42500470630390735	
144	17	0.36598142122188143	257	0.42158106258553785	393	0.5929818179119558	
145	338	0.3007378714967567	146	0.4415980598866118	91	0.46251185585801824	
146	91	0.22058030077542215	208	0.3748833492344429	145	0.4415980598866118	
147	148	0.29763625103312963	417	0.3013451248700328	282	0.36075888012520574	
148	282	0.19299244306539248	395	0.29149116826176463	147	0.29763625103312963	
149	101	0.5112460672236673	306	0.7622244304707293	411	0.8087662083883178	
150	457	0.3463745165819623	47	0.3642751578166266	410	0.38689274012927705	
151	164	0.2580715103859917	492	0.3582025503692313	453	0.4030563122034157	
152	198	0.27230178745666983	97	0.290106518518359	134	0.3339030638437026	
153	373	0.2355354617798968	24	0.26352003071047936	499	0.2728945836271752	
154	413	0.4728990540865036	60	0.6367779925369055	254	0.658028458397221	
155	95	0.22333828507812445	346	0.43141716197924374	321	0.4402647524381802	
156	426	0.21552944953912298	172	0.24170806384962895	173	0.2922986255975649	
157	272	0.20275613434159623	197	0.3914023872408452	37	0.5843491778508824	
158	8	0.26807308378141387	288	0.43813059286341893	423	0.4600918106229825	
159	267	0.1360262250328578	279	0.15034243874297015	487	0.26849952395467686	
160	404	0.5133888824601663	167	0.519978351812678	222	0.5408359397528271	
161	495	0.1310419104995594	38	0.192587827402803	115	0.2863529528678664	
162	179	0.3606591266766514	375	0.3627300539512585	213	0.41587282801500075	
163	48	0.6042051279786477	218	0.6486349527694979	245	0.6670135810423001	
164	453	0.21507303610383102	151	0.2580715103859917	304	0.25859847026034855	
165	21	0.5103074571564774	343	0.5341833778609313	176	0.5697964331908517	
166	421	0.3063270638096168	198	0.3656589984004378	317	0.41708543675485044	
167	418	0.32420296912331814	489	0.4600747112632137	222	0.491456052793139	
168	55	1.1734347863122647	123	1.1875092150316422	370	1.1910473300704238	
169	436	0.2645071331152349	302	0.33141972636416206	261	0.39749742931694165	
170	277	0.32738103267470786	407	0.33296878955408693	103	0.35465875015775844	
171	293	0.4217818834417378	431	0.7020076891557783	359	0.7759750424183506	
172	207	0.2306279895508561	156	0.24170806384962895	132	0.2855072711673797	
173	491	0.2612633589307881	156	0.2922986255975649	310	0.30773521129172227	
174	344	0.26398366643064325	248	0.3736544540462371	331	0.5718683893223341	
175	217	0.24531149183920206	400	0.3155014151076312	139	0.47261942943632945	
176	165	0.5697964331908517	264	0.7254795467280226	215	0.9168197783567904	
177	343	0.4010865285424543	273	0.42949891716860106	39	0.5375828692422671	
178	117	0.2803775005589526	23	0.2816086208284151	76	0.3227480815791075	
179	162	0.3606591266766514	103	0.38291479557502395	10	0.5766966654969848	
180	416	0.579205254915658	21	0.5852258473281005	343	0.6031503502776977	
181	37	0.12706799124123558	23	0.14771204390824527	178	0.4137476226712956	
182	427	0.30651829153843607	200	0.3416418394805229	109	0.43257333339180415	
183	498	0.35171413394817264	394	0.4074532728074136	297	0.5124454950653945	
184	262	0.18925179662781524	449	0.31025869061707356	100	0.3354514223510567	
185	93	0.24558436721476282	268	0.34290566423938523	275	0.3437559729472678	
186	302	0.8130655158334137	61	0.9620396206367049	381	0.9781079932719737	
187	207	0.24250633839794394	461	0.29056656724476077	132	0.3439652556817469	
188	1	0.20927873959728818	111	0.3538361462771327	230	0.4058924443530604	
189	294	0.06850680108083158	72	0.3677354396545805	268	0.44719760192863595	
190	260	0.2995049440539725	51	0.32000762518210774	238	0.32867718236084775	
191	357	0.46344816619210066	261	1.0748942100847434	455	1.1028630202837126	
192	320	0.5101991568374126	249	0.5495653137854778	78	0.7708122111617483	
193	247	0.487102331188924	383	0.5114373991102865	185	0.5120895773869174	
194	265	0.14514972666161738	137	0.33700173426882146	314	0.4087646808238353	
195	158	0.583677037489706	406	0.6892031506787107	8	0.7175095441527419	
196	374	0.1911434998658639	35	0.40093076483117723	236	0.4383045523119488	
197	157	0.3914023872408452	272	0.415793572505068	234	0.6739159599994297	
198	152	0.27230178745666983	97	0.33339352285706303	166	0.3656589984004378	
199	259	0.5942531262246876	247	0.6269401258897251	99	0.808587182234217	
200	182	0.3416418394805229	489	0.3903781137129344	109	0.39430541290493926	
201	475	0.34135010332110083	256	0.37606513931331537	485	0.3969498936001138	
202	444	0.2175937682140113	494	0.26829325507089524	125	0.38632803277933436	
203	239	0.36313582290188356	488	0.37247461493657447	396	0.4413355048929709	
204	319	0.7320452528810885	278	1.0386404555692565	91	1.18738068532295	
205	94	0.4402212406651276	337	0.503235890443573	458	0.5044880936291775	
206	224	0.11637414252974317	439	0.23077388283183756	118	0.2696061958662539	
207	132	0.11221633939005572	172	0.2306279895508561	187	0.24250633839794394	
208	32	0.20541884609631672	146	0.3748833492344429	413	0.4797788441723624	
209	248	0.539434451115298	80	0.6226413206148091	102	0.8007895101481116	
210	110	0.2663260720885513	125	0.38019433284029075	57	0.4118833833706428	
211	281	0.12400731843011807	117	0.20858530295046698	473	0.25377520647233476	
212	491	0.34098742203892524	173	0.3527357091572569	327	0.381863067425123	
213	5	0.33855150188776484	68	0.3649792425746634	18	0.37328788599167545	
214	15	0.49025232501617094	362	0.5378606059809341	466	0.5727197442281478	
215	415	0.3519124217514663	471	0.407606743788211	52	0.560611944125709	
216	443	0.7128285524338277	431	0.8027122206433404	195	0.8726198707801762	
217	175	0.24531149183920206	400	0.3789715493571449	423	0.39207333330413013	
218	307	0.3356995705853802	163	0.6486349527694979	48	1.02112038882527	
219	317	0.20820128679364847	371	0.2805512144134162	276	0.45564468074433545	
220	291	0.4415504192904608	492	0.5750781480175979	376	0.612019722430202	
221	202	0.7949092481458595	444	0.8688737160207461	484	0.8909717760293944	
222	404	0.2560233932103731	474	0.37795125778216254	450	0.44532045081613547	
223	131	0.24734309344827038	77	0.4471828938442841	376	0.5851683761798416	
224	206	0.11637414252974317	439	0.2381758766356864	118	0.3078832238019717	
225	400	0.2883459100233354	288	0.3518632104095825	8	0.3574827203731514	
226	3	0.16601554713551936	448	0.4075451118914784	434	0.5439777442697186	
227	9	0.38767051370267314	7	0.47210747094642913	28	0.48125423462733924	
228	116	0.33665054086115637	480	0.34511681853204257	294	0.45299579104708276	
229	381	0.09906804065521697	436	0.4059826460043085	242	0.4542509896777014	
230	439	0.3030696118517129	206	0.3182094094224174	224	0.3582001564029019	
231	75	0.27271745655650237	65	0.34735544646662797	107	0.49999632975566594	
232	353	0.4346085540181306	392	0.45681127898000873	243	0.4649066300558493	
233	289	0.38458069476140083	277	0.38875314209600015	407	0.44528562398324406	
234	29	0.26449872676564556	16	0.3437217836703771	272	0.41030809129932994	
235	19	0.2781202087263079	22	0.2997393686510275	263	0.3957411301820171	
236	83	0.1675260019206387	196	0.4383045523119488	35	0.5046374456243184	
237	454	0.7736716074066983	386	0.9327711944092875	392	0.9865088472654102	
238	51	0.2552324678097158	190	0.32867718236084775	182	0.5296040320236423	
239	203	0.36313582290188356	297	0.37683834411103895	7	0.4210968161715944	
240	366	0.5980670912014828	79	0.6053000300780524	339	0.6507493761366607	
241	379	0.27605865048068995	417	0.41509546824680993	15	0.41858653208634644	
242	455	0.22379069178761937	399	0.25887634378049695	229	0.4542509896777014	
243	482	0.39501040865702125	96	0.3998633987776745	116	0.4273244236537643	
244	167	0.5002475785852732	489	0.6348753425279835	160	0.7228566504262696	
245	371	0.3259057461607197	276	0.479298449614232	48	0.5341603996554104	
246	142	0.13782771047388973	122	0.1689023314272761	330	0.32207921649805216	
247	99	0.392752420043031	259	0.48253388210982606	193	0.487102331188924	
248	174	0.3736544540462371	209	0.539434451115298	344	0.6107362345615012	
249	122	0.3707392834119812	246	0.529256806721871	192	0.5495653137854778	
250	89	0.23468075651088938	286	0.3601427634213228	13	0.3612136114594742	
251	253	0.4099891882897016	370	0.41309736351117876	345	0.7357587562734014	
252	119	0.20604752147404562	460	0.24575778750721022	445	0.2947281570755069	
253	345	0.39487998424288095	251	0.4099891882897016	269	0.5620637527128025	
254	278	0.3117427554410606	154	0.658028458397221	365	0.6845890970800261	
255	36	0.7605209225869319	84	1.0174192563206916	479	1.061741277205557	
256	475	0.19423947000739294	342	0.3249397817738055	201	0.37606513931331537	
257	235	0.399971004887802	22	0.41532150672227514	144	0.42158106258553785	
258	250	0.4094240826562969	267	0.45990422354332366	159	0.46631209512114363	
259	326	0.39580989779982484	247	0.48253388210982606	465	0.5287357581497564	
260	190	0.2995049440539725	378	0.3805080933707811	331	0.526458463235268	
261	483	0.3929149005945823	169	0.39749742931694165	436	0.49975629936062915	
262	184	0.18925179662781524	310	0.28526827532784294	43	0.29968883690026477	
263	25	0.1825796753477171	19	0.3582163510180024	235	0.3957411301820171	
264	176	0.7254795467280226	165	0.9555016620761706	307	1.0402700771789295	
265	194	0.14514972666161738	269	0.28529716355387114	137	0.3986909618444294	
266	342	0.273629717961641	112	0.3858237223541007	198	0.4054968172074418	
267	279	0.0580445864957668	159	0.1360262250328578	487	0.18746774006135367	
268	185	0.34290566423938523	355	0.41868714937086465	189	0.44719760192863595	
269	265	0.28529716355387114	194	0.41528436751656006	137	0.5087569365380399	
270	297	0.5172286169380992	239	0.5344217395752061	62	0.7005051435917771	
271	106	0.39854371124099364	54	0.42031201850734845	62	0.4216181110360491	
272	157	0.20275613434159623	234	0.41030809129932994	197	0.415793572505068	
273	316	0.36812643216099894	177	0.42949891716860106	435	0.4609644067631192	
274	115	0.4671183561673521	31	0.5057741846848283	441	0.5259818002190132	
275	93	0.2478556162166165	185	0.3437559729472678	107	0.34473739313237695	
276	48	0.15852040516047378	490	0.3732734517151556	371	0.4240195322629818	
277	407	0.23400697752335345	143	0.28286751740385485	170	0.32738103267470786	
278	254	0.3117427554410606	365	0.6442563081333268	154	0.951985499035135	
279	267	0.0580445864957668	159	0.15034243874297015	487	0.24168613008571127	
280	25	0.491930961054724	235	0.615407509511761	263	0.6268525870481285	
281	211	0.12400731843011807	100	0.17581396969262789	473	0.22456795122497478	
282	148	0.19299244306539248	147	0.36075888012520574	428	0.37525939260853775	
283	467	0.2557797477869739	69	0.5020369147554844	235	0.5667908875586342	
284	121	0.3890229163888704	34	0.49517502119137635	390	0.49906709195443233	
285	30	0.28770075510491994	451	0.29860559479001736	18	0.3844486507505738	
286	250	0.3601427634213228	88	0.49348171093658677	258	0.5024698597253154	
287	376	0.035521494267362716	492	0.30247601834641963	131	0.37346902501063284	
288	423	0.10346096221746846	225	0.3518632104095825	158	0.43813059286341893	
289	233	0.38458069476140083	166	0.5926013791537044	371	0.6338319165112348	
290	483	0.3688353827496816	445	0.5238019574003145	404	0.6595645199756115	
291	328	0.2951207618750822	492	0.4046274712635208	453	0.4302737911722467	
292	313	0.2953478102498837	128	0.49332843129346154	24	0.5761824345234206	
293	171	0.4217818834417378	359	0.6417063016769942	493	0.7160637509336107	
294	189	0.06850680108083158	72	0.31173243523422767	228	0.45299579104708276	
295	18	0.21800544111837444	68	0.2990968856917346	395	0.35005825664131757	
296	315	0.16866896195720849	493	0.6793991861690364	461	0.7784218949341914	
297	239	0.37683834411103895	139	0.4408300058795805	394	0.45353868761980665	
298	408	0.3149320356568035	304	0.36395968350032987	210	0.41957570905368874	
299	482	0.37231057876536167	83	0.4302936963191809	434	0.5605148366352829	
300	141	0.12381677629548596	358	0.33855923609723737	347	0.3810663651733744	
301	45	0.3628713172447966	355	0.3908451850145685	472	0.5525107270172855	
302	169	0.33141972636416206	436	0.3619632506809669	381	0.42374064952371193	
303	348	0.32055970275017737	497	0.3717496703419297	86	0.6220237988407858	
304	453	0.1545912608867906	164	0.25859847026034855	469	0.2938199984749466	
305	78	0.21332113700541785	92	0.24622345934933623	430	0.3392847187360289	
306	101	0.2772524554593395	33	0.7139519108028902	149	0.7622244304707293	
307	218	0.3356995705853802	163	0.7231949147307605	48	0.9869452571190404	
308	478	0.7570933553949108	389	0.8546729888513283	244	1.2260632890239354	
309	497	0.45659159535357285	348	0.5728536496946391	303	0.6424586885000286	
310	262	0.28526827532784294	50	0.29165616232901687	173	0.30773521129172227	
311	64	0.2703882387894135	324	0.3026698119965647	331	0.3492716410129852	
312	364	0.35144736542545985	0	0.4776980594994188	384	0.5350252551001936	
313	292	0.2953478102498837	24	0.36048205670110667	128	0.3720358541356257	
314	480	0.40849193537956824	194	0.4087646808238353	414	0.44223363725882986	
315	296	0.16866896195720849	493	0.6773663347409453	293	0.7714942405636711	
316	273	0.36812643216099894	440	0.37805069539384917	369	0.38907798367048496	
317	219	0.20820128679364847	371	0.24355506733100296	166	0.41708543675485044	
318	104	0.20410723820297796	410	0.39206633035819966	327	0.4626021779574431	
319	91	0.6011483142537563	146	0.716896881333083	204	0.7320452528810885	
320	113	0.4834220976350608	192	0.5101991568374126	452	0.5533230695909344	
321	330	0.30293063688860355	142	0.34988445902869986	449	0.3649263596257219	
322	470	0.23043818570116223	240	0.7959494219930707	339	1.0246069836415932	
323	305	0.4415054097385048	430	0.44969973465305685	78	0.4671330140115717	
324	5	0.18774012187658803	38	0.2172734605525732	64	0.28338793858059136	
325	487	0.1522045597623689	267	0.3358720997662397	84	0.3618433594007159	
326	465	0.14684429162285098	259	0.39580989779982484	392	0.46210972424888125	
327	53	0.2836921971378421	419	0.3228245972005237	410	0.32895236747934575	
328	453	0.20578110062694052	469	0.21365826362272125	492	0.275206678778499	
329	406	0.9553779178207645	197	0.982836413613878	272	1.136735726064295	
330	458	0.2014140958019905	142	0.2425489789519983	321	0.30293063688860355	
331	378	0.3092302865183745	311	0.3492716410129852	64	0.3532474420228924	
332	432	0.4029846874937537	335	0.48646208426493054	334	0.6209113272044756	
333	421	0.18413258735067214	166	0.44354708562083295	36	0.6028887701883802	
334	44	0.36321741735990193	332	0.6209113272044756	432	0.6461450136713561	
335	401	0.36746670280669386	187	0.407592080455114	108	0.4587693123699799	
336	10	0.32232476656222653	460	0.3832866115681937	170	0.4030866803486332	
337	205	0.503235890443573	81	0.7151739788434398	431	0.7789974283072635	
338	145	0.3007378714967567	91	0.4783857349242549	194	0.5313173941689001	
339	353	0.15386140369015486	366	0.27688267027486374	79	0.43106417620917487	
340	4	0.09738944980159647	120	0.24583945281715236	435	0.2659524085076092	
341	387	0.3705000036244766	20	0.5843209202232853	25	0.6002034037793667	
342	112	0.15588191669288828	266	0.273629717961641	256	0.3249397817738055	
343	416	0.31125035912678767	21	0.35309442712290906	177	0.4010865285424543	
344	174	0.26398366643064325	331	0.4728610106711527	311	0.555297672056829	
345	253	0.39487998424288095	363	0.4572380131666148	137	0.5384269361836358	
346	11	0.2373021530969158	471	0.3042417028280193	95	0.3137628411428579	
347	358	0.19458748515572255	59	0.2567012973285933	419	0.2973752487316904	
348	303	0.32055970275017737	497	0.4669733548561298	309	0.5728536496946391	
349	427	0.3242332794472528	34	0.4733903273649964	109	0.4774614636433495	
350	372	0.30392812022892435	412	0.5526345636172559	368	0.5916018229575447	
351	280	0.886424442965153	341	0.9924464205237938	25	1.1150836889754752	
352	77	0.5008099322321847	63	0.5613581489725633	127	0.5955101101707592	
353	339	0.15386140369015486	366	0.374381337794542	79	0.39307122470325545	
354	135	0.8530190793789979	466	0.9665132509874592	41	0.9837477174768445	
355	301	0.3908451850145685	185	0.4000397026470548	409	0.4180146841885863	
356	382	0.16889541983056602	33	0.3464144308089462	275	0.5977234671839425	
357	191	0.46344816619210066	261	0.6705388662256376	455	0.8321655454257839	
358	347	0.19458748515572255	438	0.22692848575582342	419	0.2345073966755399	
359	431	0.523517045656432	94	0.5707584900959817	293	0.6417063016769942	
360	479	0.3745827683181094	241	0.47237465179330707	201	0.5159189149512058	
361	129	0.21091568427830235	86	0.36755459590847	420	0.43476432474188925	
362	41	0.33310319064319166	466	0.3492637831052878	86	0.5118073603502769	
363	405	0.14692174828971089	45	0.21538023272343726	409	0.3776223947801733	
364	384	0.19163088617596624	312	0.35144736542545985	420	0.35784310090280874	
365	278	0.6442563081333268	254	0.6845890970800261	154	1.0801532553006397	
366	339	0.27688267027486374	79	0.35268294786669313	353	0.374381337794542	
367	41	0.4063387578650242	466	0.43751548627428644	362	0.5337979736241453	
368	126	0.45033021392087924	375	0.5876913729957216	372	0.5910843837371214	
369	440	0.24292745234123697	494	0.3373537538636068	110	0.38317955707293755	
370	251	0.41309736351117876	74	0.5837854287893863	253	0.7668296750381987	
371	317	0.24355506733100296	219	0.2805512144134162	245	0.3259057461607197	
372	350	0.30392812022892435	52	0.5109206647010482	39	0.5126503563196584	
373	426	0.19826355559407285	153	0.2355354617798968	499	0.256645069265922	
374	196	0.1911434998658639	35	0.47637052977610705	386	0.5815818732228417	
375	126	0.13958316352067388	162	0.3627300539512585	402	0.557921407979399	
376	287	0.035521494267362716	492	0.2933090171882877	131	0.37274855092192805	
377	468	0.5360412935084601	481	0.7674585617198298	280	0.7998363701968685	
378	495	0.30231647821966806	331	0.3092302865183745	311	0.3557885119572663	
379	241	0.27605865048068995	360	0.5525883650862287	417	0.5590033226306669	
380	215	0.9031340913485405	415	0.973573271489546	176	0.9956501939899675	
381	229	0.09906804065521697	436	0.39681373014938714	302	0.42374064952371193	
382	356	0.16889541983056602	33	0.5139974231049371	275	0.6903902777518913	
383	411	0.44326342728956486	193	0.5114373991102865	107	0.6531163513045569	
384	364	0.19163088617596624	420	0.35527858406419954	15	0.3893457057166124	
385	448	0.8807993707229385	3	1.0409970692761776	114	1.0777818204984795	
386	196	0.45478868433227615	83	0.5073761126823675	454	0.5535553119328702	
387	20	0.34749930188517053	341	0.3705000036244766	14	0.5260168115747069	
388	432	0.3807914538590989	334	0.7494570882053473	332	0.7549272405626088	
389	244	0.7322328813725376	167	0.7794504393870022	478	0.8129368452868612	
390	230	0.44757682364471063	427	0.48181017674899446	121	0.4859001788219662	
391	16	0.1946598093878287	132	0.28767647621064546	76	0.3009995834063555	
392	96	0.20430704472565803	454	0.3136966000501207	465	0.3210729728298266	
393	19	0.5587992527163266	144	0.5929818179119558	22	0.6120850657617649	
394	139	0.24988685030455235	477	0.40078407824803	183	0.4074532728074136	
395	428	0.269005506063874	148	0.29149116826176463	68	0.29950456212130283	
396	57	0.22463074514906314	459	0.24444881444201544	203	0.4413355048929709	
397	2	0.35526020599933505	285	0.6808160533082387	30	0.7423647410800454	
398	402	0.2810012393223706	490	0.30153613734483636	295	0.3944614313414494	
399	455	0.05386033276156112	242	0.25887634378049695	442	0.4799305449829963	
400	225	0.2883459100233354	8	0.29717681542376195	175	0.3155014151076312	
401	164	0.36746384644487484	335	0.36746670280669386	141	0.3793350088066066	
402	398	0.2810012393223706	490	0.28193419073689135	295	0.3712593754627059	
403	183	0.7365599894086354	80	0.7387607543131076	90	0.7939465222545182	
404	474	0.22144241688539817	222	0.2560233932103731	160	0.5133888824601663	
405	363	0.14692174828971089	45	0.2140188517068242	409	0.25640160299218795	
406	195	0.6892031506787107	197	0.7835879681962982	67	0.8130886760144661	
407	143	0.18710555211605912	277	0.23400697752335345	170	0.33296878955408693	
408	298	0.3149320356568035	156	0.3464883527268224	172	0.34679631967208785	
409	405	0.25640160299218795	72	0.3556147769871621	45	0.36572319116426927	
410	457	0.2523416032290963	77	0.32646096187363094	327	0.32895236747934575	
411	383	0.44326342728956486	193	0.6656841913526435	149	0.8087662083883178	
412	350	0.5526345636172559	372	0.688848237029969	90	0.71800590353145	
413	60	0.2324301221454352	32	0.4523104288844277	437	0.4689034045329617	
414	366	0.4337562490056625	314	0.44223363725882986	480	0.5022687068902055	
415	215	0.3519124217514663	471	0.4092358683266645	346	0.5493043010742896	
416	21	0.20472131573681804	27	0.2479986888152111	343	0.31125035912678767	
417	147	0.3013451248700328	485	0.37710727636407454	241	0.41509546824680993	
418	167	0.32420296912331814	474	0.4068706958296034	404	0.5248220015463235	
419	438	0.060536732090405714	358	0.2345073966755399	347	0.2973752487316904	
420	384	0.35527858406419954	364	0.35784310090280874	361	0.43476432474188925	
421	333	0.18413258735067214	166	0.3063270638096168	198	0.5659147817457966	
422	231	0.6692671977546485	240	0.6749707245355816	79	0.7134955462013435	
423	288	0.10346096221746846	225	0.3826839722239287	217	0.39207333330413013	
424	140	0.3908315368368834	217	0.4511670405128641	175	0.6487283773971326	
425	434	0.5830538599641539	386	0.8067070994504729	83	0.8574601696840122	
426	373	0.19826355559407285	156	0.21552944953912298	153	0.2815897207327711	
427	109	0.27449456140994977	182	0.30651829153843607	349	0.3242332794472528	
428	395	0.269005506063874	31	0.29119117402544126	282	0.37525939260853775	
429	379	0.6204188937847451	245	0.7020784796121803	276	0.7213727293422111	
430	92	0.1313407727934339	117	0.2660653327979429	305	0.3392847187360289	
431	359	0.523517045656432	171	0.7020076891557783	337	0.7789974283072635	
432	388	0.3807914538590989	332	0.4029846874937537	151	0.6307432224284635	
433	149	1.4192184782300634	101	1.453083169103107	306	1.472149076249095	
434	83	0.5329724295292309	226	0.5439777442697186	299	0.5605148366352829	
435	120	0.20103827521821618	340	0.2659524085076092	4	0.29129982651422126	
436	169	0.2645071331152349	302	0.3619632506809669	381	0.39681373014938714	
437	42	0.26597076819544224	355	0.43137759057379593	93	0.44426972210314813	
438	419	0.060536732090405714	358	0.22692848575582342	347	0.2999511088979459	
439	206	0.23077388283183756	224	0.2381758766356864	230	0.3030696118517129	
440	369	0.24292745234123697	316	0.37805069539384917	494	0.5169245989674554	
441	31	0.34079389847317887	129	0.4291143823367082	361	0.5005255057785727	
442	22	0.2902236596739218	26	0.4127637168774386	399	0.4799305449829963	
443	216	0.7128285524338277	140	0.879295003597706	431	0.8986129666144229	
444	202	0.2175937682140113	125	0.2213020741759195	494	0.4027906666645396	
445	252	0.2947281570755069	460	0.31143530375121536	447	0.3536863136469012	
446	456	0.3809837129689813	98	0.7090607456709214	290	0.8510627873624301	
447	460	0.23314467030860803	445	0.3536863136469012	474	0.387072176294782	
448	3	0.248392640311227	226	0.4075451118914784	66	0.5061855094839411	
449	95	0.297262049577251	70	0.29753179824240206	184	0.31025869061707356	
450	111	0.35700298607942604	118	0.38417514976263045	222	0.44532045081613547	
451	30	0.2657568244474887	68	0.29530072923340256	285	0.29860559479001736	
452	113	0.3386804050881172	320	0.5533230695909344	192	0.8561586503893092	
453	304	0.1545912608867906	328	0.20578110062694052	164	0.21507303610383102	
454	96	0.277536066215239	392	0.3136966000501207	386	0.5535553119328702	
455	399	0.05386033276156112	242	0.22379069178761937	442	0.5312830199911395	
456	98	0.34042322499215255	446	0.3809837129689813	102	0.7048090006800892	
457	11	0.2261656557613428	410	0.2523416032290963	77	0.2816617380351108	
458	330	0.2014140958019905	142	0.3269588398050775	246	0.36216141702047944	
459	57	0.1057613352509599	396	0.24444881444201544	110	0.38760439011208647	
460	447	0.23314467030860803	252	0.24575778750721022	119	0.29607931548795274	
461	187	0.29056656724476077	438	0.392850570851028	108	0.3983865502514202	
462	277	0.549504205250884	143	0.6067029439199465	179	0.6483368768613001	
463	491	0.1474723540699794	132	0.21889888317222367	76	0.2917546802111126	
464	74	0.4527686428840313	40	0.4641477134015144	145	0.5492254120038673	
465	326	0.14684429162285098	392	0.3210729728298266	96	0.4717892248991916	
466	41	0.20763103442451278	362	0.3492637831052878	367	0.43751548627428644	
467	283	0.2557797477869739	69	0.6429431504947155	257	0.6639511084399745	
468	26	0.2740159937645521	377	0.5360412935084601	442	0.6370974599609365	
469	328	0.21365826362272125	453	0.21830366454939107	304	0.2938199984749466	
470	322	0.23043818570116223	240	0.8427898172137979	339	1.0755363756600487	
471	346	0.3042417028280193	70	0.3064265394541494	95	0.37068572876376643	
472	301	0.5525107270172855	355	0.6838122357462105	33	0.7343265585373903	
473	105	0.1726526105067946	281	0.22456795122497478	211	0.25377520647233476	
474	404	0.22144241688539817	222	0.37795125778216254	447	0.387072176294782	
475	256	0.19423947000739294	485	0.31007075750242336	201	0.34135010332110083	
476	82	0.14399341420336004	325	0.4920703313924317	487	0.5088659327165129	
477	7	0.08678862611959771	139	0.28452227512272554	105	0.30077797307165666	
478	160	0.5883398887073011	308	0.7570933553949108	244	0.7982448822843451	
479	36	0.31657297680270685	360	0.3745827683181094	201	0.43505493610029944	
480	228	0.34511681853204257	314	0.40849193537956824	116	0.48100549175927476	
481	468	0.711953408936124	377	0.7674585617198298	26	0.8272181103012305	
482	299	0.37231057876536167	243	0.39501040865702125	96	0.4069142651517287	
483	290	0.3688353827496816	261	0.3929149005945823	169	0.48394372267635005	
484	494	0.6119067864330611	202	0.737804869596061	440	0.7611641471107422	
485	475	0.31007075750242336	417	0.37710727636407454	201	0.3969498936001138	
486	87	0.5374794882338598	292	0.5860359360326334	27	0.7181299291400552	
487	325	0.1522045597623689	267	0.18746774006135367	279	0.24168613008571127	
488	43	0.2020110273095624	203	0.37247461493657447	473	0.39538734245149704	
489	109	0.35822092052993687	200	0.3903781137129344	167	0.4600747112632137	
490	402	0.28193419073689135	398	0.30153613734483636	276	0.3732734517151556	
491	463	0.1474723540699794	173	0.2612633589307881	132	0.28067267704522275	
492	328	0.275206678778499	376	0.2933090171882877	287	0.30247601834641963	
493	108	0.4894639787787098	315	0.6773663347409453	296	0.6793991861690364	
494	202	0.26829325507089524	369	0.3373537538636068	110	0.3860396677882907	
495	161	0.1310419104995594	115	0.2043540169807215	38	0.22947949527867487	
496	47	0.2798210839902059	70	0.288898954233604	262	0.3713311464574888	
497	303	0.3717496703419297	309	0.45659159535357285	348	0.4669733548561298	
498	305	0.35044800377703	183	0.35171413394817264	78	0.35569541263638654	
499	53	0.13891438106880752	373	0.256645069265922	153	0.2728945836271752	
