2.7743012658893611	-0.1869532031482118	-0.7643388908927048	2
2.2649891688980013	1.2714801871812318	-0.2717849281447797	0
1.5268609728229374	1.4334261788422875	0.0233030647419172	0
-1.4053228782730911	-3.5622845567773660	1.6393079065920584	3
4.6048526617892112	0.3432211553591802	0.9627704179673440	2
-0.1343108066270006	-2.9325360575930839	-0.8631096280968593	4
1.1746605980124984	-0.2530516695975457	0.0604432918119386	1
1.0963699883562130	1.5001896917487323	-1.9749378904867385	1
2.6899041192684878	3.3295681126126913	-0.8180048162185182	0
2.7567823330300874	2.1862895861200209	-0.1311773144694259	0
-1.9904533937605078	-2.0487620983027099	1.2665509220244306	3
0.6924538711645440	-0.8118017137917706	-2.5198644800709755	1
-0.1941156162588959	-3.3938029450629155	0.7985625166407545	4
3.4523990550375352	-1.6802824071212850	0.0707049864820600	2
3.9485986702186020	3.3023464555315494	0.4248296766968175	0
1.7102123393757298	0.8728858854247874	-3.4843008959613146	2
1.4009496490537705	-3.2795344860376132	-1.2140635249318805	4
-2.6750996801725373	-3.6646917649181092	3.3566932558846192	3
-4.3709265908343617	-2.3770320224251349	0.5202603697357513	3
1.8079866626341929	0.0059781317309378	0.6053634219138427	0
0.8761150313504164	-1.7498092411538528	-1.8619727527849077	1
0.1810875805170862	-1.5864442471114704	-3.0021085803225049	1
-0.9240194956446042	-1.8809603401870816	-0.6755238812615177	4
0.7646044338808180	-1.0881718836274654	1.9039105213253706	4
1.2306810732837972	0.0412284885991326	-0.7717911609483206	1
3.5075284789592112	1.0790785066101538	0.1001431299996943	0
3.4262531954570759	0.0981080275635043	0.2466418974773641	2
3.1492196191482722	-2.1411531493674199	0.4661334478863342	2
3.0158462343640555	1.9133743936638659	1.9089827158800183	0
-1.0658196640402684	-1.1707212938923399	-1.3128908573190079	1
-2.0098761131913769	-4.3387561913143662	1.2565614605432116	4
3.0406222022466429	0.9707304368353318	-0.0003574913834250	0
-4.4123018866428341	-3.8288241439068820	2.8345988701619915	3
2.6425830210589814	1.2765760240104485	0.7692292488666719	0
2.8185699294109159	-0.3814902782922058	1.2982647554623417	2
-1.5846735484736381	-1.6710108448433521	3.8081674522182767	3
0.4679139500097912	-3.2566132210446526	0.4420555672715080	4
4.0802160032819437	1.3946643237807044	1.1490325784445361	0
3.2190211823032238	-0.1561029070088977	0.4524638390748140	2
3.3644205932615456	-1.9927711332419906	0.2980598909727625	2
0.7611944518783227	-2.6145450850034120	1.1112824019975989	4
-1.1179026459829384	-1.5715066721034354	0.8397494339086060	3
2.8642172768806882	4.0638036720331190	-0.1601185930628164	0
-0.5470327762739603	-3.3086389228674187	0.9579388726303832	4
-1.8149289401905884	-3.2589553084709859	1.1051997898410584	3
-2.4391565581174759	-2.4288228932854752	2.3231822707527736	3
1.3077674382226838	-1.1405059901185197	1.8844516726513880	0
2.7574359650217839	-0.5382001086067312	-1.1667646677720085	2
-0.1464681374688216	-0.5799229072531094	-1.4377278368551047	4
3.3114353720193348	1.0723133997677734	-0.1854399075981817	0
1.4311817935085669	-0.7168603872397176	-0.7469686686116306	2
3.6203596310044635	1.9801068935622410	0.4563814557121328	0
1.2385670219826683	-0.4898954913507299	-1.8825313797802596	1
3.8727390786516649	2.8876034763607548	-2.2152612350878838	0
0.4563516478251589	-3.2790883584518831	-0.0493224410276834	4
1.1963206429188615	0.8036923576156594	-0.4539376547885403	0
-0.7635887304775494	-2.7043007704805810	2.3577549884687117	3
0.2132676801398903	3.4569928685201718	1.0439109892098777	0
3.6296086688672582	-1.7450829974183695	0.1893540536490685	2
-0.7858358000819879	-2.8108854540563266	0.1384629608105305	4
0.0253521242255712	-0.7758584945343662	-2.5062367974049189	1
3.1820640429712244	1.8761254422610829	-0.9706088088295991	0
0.7748504441661810	1.3723167712482134	-3.0556537275553723	1
0.3125858866217738	-0.8492952755847791	-1.9984109337038645	4
2.5813557261154041	-2.5988302741450431	-3.0429337457326167	2
3.1894556379438059	-1.0743258636106086	-1.0242951642984870	2
0.6216823932593337	-3.1927058321542106	1.1957654749961768	4
-1.5924603131060238	-2.0519682499342906	2.5491699854981533	3
0.8898959736987464	2.6579011675512465	-0.4110038531992332	0
3.1188137183418103	-0.5210166158706319	0.1326241561196471	2
3.7789719742478272	-2.1251903114831352	0.0864424246572449	2
-1.1149774571557944	-3.5122691889813531	3.2361068921828720	3
2.7727274397654780	-1.6440342838390436	-0.6910354433789285	1
-1.3334230219839105	-1.5374334940513370	0.1317508027488030	4
3.1257391029491122	0.9951385454159674	-4.7926068844112919	1
0.8865215267201214	-3.7863546206954597	0.3967209087533743	4
2.3381907651398599	-2.6910190792699735	-2.4257206987832407	1
-0.0720041146147108	-0.3577628845075397	-1.7808473113305923	1
0.8555835879354962	-0.7223760877370302	-2.6972867629897328	1
1.8679954488631560	0.7246382398960043	0.0779463206339819	0
1.1973476643555434	-1.0589958802651056	-0.9404431230923368	1
2.9217380966956537	-1.7892674564349618	-2.0432212083713157	2
-2.5827840937817652	-1.8031508811744061	2.6426339194869186	3
2.7729415167880216	1.1860934788439432	-1.1807815016110046	2
2.9856238123276913	-1.1980626102121748	-1.3242200820254784	2
3.7421738299362355	2.8576888131375733	0.5696217153591875	0
2.8120158983958135	4.5994227886446257	-0.9655634183526075	0
-1.0115861461425828	-2.4101123937466120	-0.6458016673813851	4
2.3880433304625743	1.6232694380256345	1.9880067504580516	0
4.1130372014291590	-0.3230097920905921	-1.0815085118151362	0
1.3199821731644659	-1.3678698664933115	-0.9165628167794586	1
1.0860831917203220	2.5273984711049566	1.3816682041385910	0
2.2580769951217299	1.5722888941254511	0.2585024018262065	0
2.7431854792971615	1.3520972312482673	0.0021111787030262	0
0.7582325379149664	-2.0460527624354174	-1.7422003572413525	1
2.7658767298040785	2.0610662100746580	-0.1686112552108883	0
2.0073865128762058	1.9359943660250323	0.6846028677709599	0
0.3006707373523484	-0.1438240925623981	-3.1478009593045462	1
-1.9744909174097054	-4.5430542838842038	4.1349309299833763	3
-1.1891494587013560	-2.1825248319717092	2.2547053316957011	3
-0.7068859155902725	-3.5465458189238190	-0.4713571798992939	4
2.3425777086759680	-0.0430737275674289	-0.8207162234545673	1
-0.4572193373990424	-1.3548762123961557	0.0557384524036884	4
4.3290288857695005	-1.2155023920134562	-0.6505162986427284	2
-0.5654969179001970	-1.1022237248671769	-2.8306871328557208	1
3.7207285635666412	-1.2642978511500937	-1.8321147533176940	1
3.4543426440783120	-1.1454346972290037	-0.8615513297889981	2
2.5394072629677726	1.8604109769984234	-2.6773251966812270	1
1.5780086980477135	2.0400613030992627	0.4668842919442396	0
3.1369657724847766	-0.4110954213105703	0.5140392936686562	2
0.4775818259237720	-2.6814039800174614	0.0912380957643365	4
0.2163071715968367	-3.9802468852877020	2.0139192851313990	4
2.3596642506915826	1.0569050173730079	-0.6873326489124660	0
1.1852158217220936	-2.4164608591544567	-0.0019988118457146	1
3.0850326131171508	0.9699268946246031	0.8697769051016285	0
-3.8043805665671719	-2.8381230032140192	3.2892596410546795	3
0.5121257002077451	-2.5298279870936655	-0.8975249288607209	4
1.6861933898036416	1.0842203268248860	-1.3271867447629437	0
0.5003113449679532	-3.7423027745757533	1.8155305829963739	4
4.0506521031808367	-2.3296108564513198	0.8054755475282488	2
0.4451693255720848	-1.3797203643580156	-2.4868126036335050	1
-0.8697459142336098	-2.8981576236230424	0.6343348798104320	3
-0.2394529805873000	-3.6512913123216046	0.3180054345668174	4
-0.8916690499110349	-3.3627193839860703	-0.2429843896163371	4
0.9787220288776679	-2.0133278921691407	0.8219786557422495	4
-2.2106891422133232	-1.7596934710406558	2.4089613524102562	3
-0.8742412391777002	-2.8367373897687789	0.3650300234044169	4
2.6224909935270477	-1.1900459843546884	-1.0845958324535483	2
2.5488916633347971	0.3413530736571089	-1.3023390511231481	2
0.6650744283045658	0.1027013012295558	-0.3041754805628987	1
0.7707327134659610	-2.0516945938202049	-2.0938704807628894	2
1.0815834050056299	-2.8425678240249428	-1.6589491716843983	4
1.2818875047229041	-3.2783625136156873	-1.9108233963934651	4
-1.6665844690775151	-2.5544979397612537	2.2965119452192981	3
2.5765661196922727	2.8994481430523988	0.8244498751555405	0
-2.8402551221199612	-3.5413069049636299	3.0441825567780745	3
-1.8614677600079008	-3.5350403913457855	1.8997491280118499	3
3.6295254270481423	-2.7647273239856069	-0.9541842280605606	1
1.4630372246396124	0.1150820579842268	-0.4073296622225766	1
4.2767087950841951	-0.8966367272858187	0.7872102387123641	2
-2.8986075202382153	-5.0830117028581689	2.5223361704820597	3
1.1113238993995749	-0.5621253823607577	-2.2203353110331827	1
1.4561899691519637	-0.2822429718925207	-2.7978533849649749	1
-4.0352020376936508	-3.1293958471625531	1.7095982757982719	3
-0.8885900510862018	-2.5993245876803321	1.7265731946566183	3
-0.2616716433321040	-1.4515807157419238	-1.3711791252273990	4
2.2859756953306611	1.1110435380500361	-1.2686817435775493	2
2.1288644959041987	2.0101989022283626	-0.4838317997610190	0
-2.0358515790716862	-4.6740388960437196	2.7566775395302918	3
1.5169834833767470	-0.1354572609102098	-0.6071332266691771	1
2.9819895281540010	2.6209456829156910	0.9985407563474986	0
3.5743242115570593	2.0514210567942257	0.8508618377880831	0
2.6345487687418188	0.4582411146737866	-1.2395593985224638	2
-1.9716865182436230	-3.5943849290253334	3.1382488831161792	3
3.5926508791640757	1.3073981801956207	-1.7389802663950147	0
1.0477985444921936	1.0161828561142050	0.1318184269932565	0
-3.3568637482318922	-3.0635009623443423	3.4570064635872431	3
-3.7259921423263069	-2.3912950753627857	2.9631996176706483	3
-2.4066313177305556	-1.8923226055843285	0.0051412394195292	3
0.8048633222972295	2.3774014719381276	0.6474025518756985	0
2.6339722504853920	0.2111395335428534	-1.4206474350006166	2
1.5988974533472267	1.8819478457038459	-0.9490067020762841	2
-0.4348582681451796	-1.6202531951934127	-0.3518866215595995	4
-0.2814872372487320	-1.4668468740381702	-1.6126558448417052	1
-1.4919006386885565	-1.2322729470641949	-0.0293188513549903	4
2.1393792256722688	0.5356961208023445	-2.7562947835677880	2
-1.9212259746996450	-1.3284116083836359	3.2958575855266048	3
1.2567755855998690	-2.5770607401775445	-1.2374781074155330	2
3.2874842648188065	1.8917384406579538	1.1048878833229252	0
2.2982029694624790	1.4500517361522207	-0.9103635556354500	0
0.0572645616496030	-1.7922693435598291	-1.2738616678816670	4
-3.0361390533584034	-3.1851282040410189	1.9151613816679229	3
1.4951592747251057	-0.6560736446508456	-1.7950946384319511	2
3.6156600408909130	0.2185618717291365	-0.7177038862050164	2
0.9237630453915598	1.5673327692958554	-2.1843531937752414	1
0.0015367208377604	-1.1899898406775651	-0.4655862062991767	1
-0.7986194598077776	-1.1515706516934305	-1.9212607985331414	1
-0.8119812083515234	-2.3230559540996536	-0.9107518917557887	4
2.0159723749172329	1.4233951617993332	1.5987303573066818	0
-0.4057696101043968	-2.9998693405953043	0.3754742964610120	4
1.1721254433437709	0.3459833369081631	-1.3266130942428853	1
0.8983153561860936	-0.6053236131973040	-0.8581115003094524	1
0.0720676632461084	0.4869787452568235	-0.1538527175131793	2
1.9415828681021046	-1.6517801663183556	-3.5203469662016578	1
2.2170588699600060	-0.2679296284582001	-0.9877051866725798	1
-2.0491377400595372	-5.2484876228153148	1.0806633528968421	3
-2.7533863577708941	-4.2004027381928202	-0.2712100322682697	4
-0.5654215797250692	-1.1837212932063799	0.4100998356217201	4
0.6646037955090252	-3.4328174065730961	3.0762440750420987	3
-2.1116115303531244	-2.3391246870825046	3.4704252992803912	3
2.2198663813421526	-2.5160371674948476	-1.7790862259942726	2
0.6673019144810277	-4.2674460347131351	0.5729763515927015	4
-1.5097562360548271	-0.7640642796074055	4.0004911043275007	3
3.2627110320810044	-1.5052018902942330	-1.2394360432832763	2
2.7242018256964506	0.5411829780035873	-1.6574331876350663	1
-2.8758566450060945	-1.8146000558248419	-1.1300946412526240	4
2.8514177486753254	3.3669330927500432	1.3903331716428540	0
0.7676310336325418	-0.5482680914758187	-1.2416195890967017	4
3.4921525170132650	-1.6266015800058113	-0.6238549744510165	2
3.7013640103138918	1.4505725367131406	0.5964333989253715	0
3.6588668939371609	-2.6255800488329069	-0.7004536484527074	2
-1.0318001545959417	-3.9352369475290967	0.6705242787592298	3
2.6912880309075957	-0.6486428762492880	0.2587944016931201	2
0.9447858612358926	-1.5669977782446525	-1.6763850821727069	1
1.1468051265334716	-2.4136419919396346	-1.5360899700401520	1
-1.4767284571078063	-1.0127984712343636	3.6775961497543026	3
3.5456743355954790	1.9239370237572113	-0.9731642982317462	0
2.4136783517943741	-1.3401046107015326	-1.5601179451988019	2
-0.6219806580847509	-4.6548873781611091	-1.4456777938362280	4
1.0698006847308852	-2.7138545511762366	2.9624834319291895	3
-3.1319902545795144	-4.0706636584326024	3.0691462134870675	3
0.3583820515486470	-3.6149000883842985	0.6602331283040350	4
1.1991366376316159	0.3503656749601012	-1.0122247061173222	1
-0.9069265366628123	-2.5950515293852527	3.5901713648239850	3
0.7651665759874677	0.0044082015524558	0.6951913098273450	0
-3.3675779842820432	-2.8307397724982093	2.3014062060561606	3
3.8458785909948525	-0.2057051852487489	-0.4311136432344467	2
4.3430856405836993	-0.7160508670011756	-0.4924453158817804	2
1.8415417639016303	-0.5601766844513452	-2.2539527372399597	1
-0.1629960368425319	-0.7286992551636819	0.0328001940757076	4
3.1393159172531391	3.9001948887790512	-0.4628458659003323	0
-3.9994865376158737	-1.6324368158439531	0.9041825264036958	3
0.9549022013134920	-1.7949275837468637	-1.8319037585357378	1
-2.2183329532221565	-4.3203355521898930	2.6921394551294648	3
-1.0081912561579658	-2.9960385475528613	3.5849396335379677	3
0.3338170840847560	-4.3615813495440072	-1.6420774451205429	4
-0.6459651194465978	-2.9748731541570228	-0.1823390062395183	4
-1.6821343406919638	-1.6443056368428595	1.0471356820880777	3
-0.7895116038006011	-0.9356698337998661	-0.8111536900760626	4
3.1016797064577850	2.3854048998118458	-1.3008987950769799	0
-0.9422225219532953	-1.9847112987358906	-1.0659029172718304	4
0.8584577287140667	-2.5795193974575339	0.4385454005572580	4
-1.9902202646041098	-1.7350202790797944	-0.1626246622359384	4
2.5001558688464312	-1.1890258904275808	-0.8524176967236740	2
4.2631045382807837	1.0790844135665054	-1.4480408426587323	0
-2.0007305562584374	-2.8146549444670614	1.6792917959584650	3
1.8346426995897316	2.7761035377099725	1.1869912044123956	0
-1.4453616069032136	-2.0514707552708984	2.9801505021491979	3
1.8771677135582596	3.6430188895706817	-2.7917176878028429	0
-0.5746064843168126	-4.0330208487841892	0.1461161080924807	4
3.5075230664616033	0.9447600657020451	0.1090356602572637	0
-3.2684324888103626	-3.3921138183607296	2.3333737029868664	3
2.5437391730365269	0.1596027510264032	-0.3614944087714920	2
0.6951263661909732	-1.6263076760948785	-3.5285981897935175	1
-0.9852603525631523	-2.9667681725160664	2.5408225939871776	3
-0.4837984520259142	-4.0697656285884349	-0.1046909378666860	4
0.4252639132050386	-3.3764436627848688	-1.3411354099159045	4
-1.2932295403061671	-3.2558797012262035	0.4730534454634209	4
0.3346268100329204	-3.9266508535456950	0.4484379641486023	4
0.1583468300617512	-0.8519698654207090	-0.4239929028283267	1
0.2524267173767547	-2.8690120366535821	-2.2808244972345912	1
-2.0554021737479458	-3.6624670678308955	3.3264330814731693	3
3.3866067750256734	3.0265904227408491	1.2486830197396954	0
-1.0689745074042489	-3.2258305078394702	1.1952287682148421	3
-1.8494776965020010	-1.7190863309465554	2.9482748426387291	3
2.8260138994332147	-1.7247403397959034	0.9065518965916637	2
1.3151239149647094	-0.5687467790720021	-0.3658089033694651	1
-0.1035045986463241	-1.6794722653716947	1.4500458359738355	4
0.5397103000747623	-0.2776449709246989	-0.3606664267390994	2
-0.7664457635417617	-1.9121347104481465	3.4730852396477587	3
-1.0015799030068708	-2.7921063353584228	0.8648269427110048	4
1.7151920489436661	2.0008600188615024	0.3562081031136096	0
0.9294483997081779	-2.9150987187546722	1.0867596614478545	4
1.7054865587693546	-1.5175724632653498	-1.8762802890427390	2
3.4865251356812590	-0.2338821570140098	-1.7180917439695953	1
-1.3823461997912367	-2.5217995014856793	3.7014199876621081	3
-1.2747931842836355	-3.9103237642724058	3.0226977718704768	3
-2.8319580605287022	-3.3821640909943054	2.3460916024603167	3
-2.5707096123375845	-4.7362996807678135	2.8170819431747276	3
1.8870737324538631	-1.4773106767969089	-1.8615134776484230	1
2.3034372712216227	-0.0206001492877318	-0.2447584014059878	2
1.8158163918073131	0.5188737990696437	-0.3329275673819947	2
-0.0464578413216159	-1.3618784220191944	-0.0211584397409497	1
2.1860398692726903	0.8454029927532087	-1.7616956323996331	2
-1.8846429662871429	-3.8677793131179552	3.4990402388458461	3
2.8101362345281853	2.8506612157269982	-0.2262705661484696	0
0.1371673935014083	-3.7517242081075706	-0.7528996129908203	4
4.4567670103837083	-0.2635632579956217	0.2509718282649389	2
-0.6495917931519470	1.2600581656367422	0.6343408426611261	0
-1.3864199544949039	-2.1329593697471250	-0.2385364852507940	4
-1.3551053559989277	-2.9015446635684961	0.8582457429449313	3
3.0869850045658467	-0.0874471808785019	1.4579322719844057	2
1.8945790473616473	2.5994021524093238	-1.1755485131143162	0
2.9733403018108633	3.6146625004481123	-0.7461279913975437	0
-1.0679373695873382	-3.5303724469382800	3.2227422691167060	3
-1.6728034007323709	-3.0544745591725819	0.7017129325739276	4
-0.1151850948706341	-2.4227590659628691	-3.6514043311761148	1
-3.1520796809463145	-3.5780322719802604	1.1908656857635129	3
3.7153404760221398	1.5599304629380710	0.9672918346741068	0
0.9767136165207260	-0.4507059268371769	-1.4809946571895267	1
-1.7729881439268214	-2.0090990462332687	0.6924724174328907	4
-1.4856067115022968	-2.2614210571419031	0.7656141310604325	4
3.6989854942072347	0.2148365799826750	-0.0415370142168243	0
-1.1042144752368253	-3.4574544599272246	1.5335669936111671	3
-2.5662440515296536	-2.0586826375036980	3.2357487974317864	3
2.4985750552157162	-1.4506825683133480	-2.1063229037820195	2
-4.8725403986486580	-2.2530993286852596	1.5913924170447333	3
-0.3302862667331636	-0.5468507330220675	-2.2680014148358967	1
-2.2216565811612643	-2.7870008636839376	1.9944644424417144	3
-1.2097937771608862	-3.8665082674760418	0.9558353392523991	4
2.0427170872691214	-2.3325187381111543	0.4262168147906746	2
1.4427395482915852	1.0496376704601420	-1.8439573090354677	1
-1.0757428529941071	-0.1516214923152843	-0.9021508266931264	1
1.2595456496976623	-3.3269197682726910	-0.5133056679381462	4
-1.1207675760228177	-4.6916415524141497	-0.6154282958876106	4
-2.0241753510688785	-1.4545908758125647	2.3215387824565328	4
-2.2511722961836194	-2.8582613471925171	1.0082981350729139	3
-0.4369325499279264	-3.2551928606036160	0.6230707775422007	4
-1.6646433635294402	-2.9119798089184710	2.3289651231483397	3
2.3636582675333768	-1.5224139664927896	0.4419566832677317	2
2.6864391035347319	1.1813514232075313	0.7310782475934912	0
1.2360864338881923	-0.3300967489806783	-2.2443796392955067	2
-0.2744245761048922	-0.4282629091342027	-2.3631398489879576	1
2.3941097620662788	-0.4649125426374270	-0.3966754795240437	1
1.7737390604523369	-1.4583814075367976	-1.8833513266685518	1
0.1288826038099948	-3.6998189482268344	0.3686178873694975	4
3.1683763210677851	-0.4012841815188768	-0.7860049273134391	2
0.1845288905678539	-3.3085166338851884	3.1258987631572888	3
0.5626520709785329	-0.4809983957865375	-1.2354074178103125	1
-1.2459304496917976	-3.6070807255915964	2.1901538118995392	4
2.9187591237177255	-0.3011515760837333	-0.8698533370929578	2
-0.2925425880310395	-2.0356262106073464	2.7344903697929039	3
0.4432666320866786	-0.6685217564991812	-2.1410790884697679	1
-1.8271939396099057	-3.2625119460762182	1.9851859754454906	3
3.3369511183188854	0.8469136683949936	-0.7144901124207028	0
2.3741166802048119	-0.9265404203768648	-1.9082717825379198	2
3.7600440079411777	-1.8780400892561939	-0.7933392329744098	2
1.0602716609623370	-1.6971586692799931	-0.5446923194664197	1
2.2829016055907712	-1.8921385673255002	-1.3982692620604260	2
0.3415652793441788	-2.7893939966788048	1.3237398540786913	4
-1.7846731847817543	-1.8533321291650493	3.9824219617471588	3
-1.6897746172705017	-0.9996255441717354	1.8832580660190761	3
2.5430179756179236	-1.7106806671091257	-0.3926545576698837	2
1.0842324280973459	0.7403877655414817	-0.4872682126506724	1
0.1632295979003442	-2.1392188958134106	1.0247352127979061	2
1.4502648269115657	-0.0780052988719688	-1.5946387442639971	1
-2.2380240883193019	-3.0096763905405104	1.9788602435917473	3
-0.3960090376333096	-2.2578087336053096	3.4143406048633915	3
-0.1656328337665211	-4.1561960463868344	-1.5674070568374303	4
0.8778740903357432	-2.1082940721070131	-0.2714271825543672	4
-0.5060773649263608	-4.4095959285702477	-0.4159278146488061	4
1.3513628039119576	0.3228197470870888	1.3459366682666951	0
2.3811956919748063	-1.0228082503804736	-0.8212707841240093	2
1.5618103159540064	-0.5128310452593248	-1.1148856050009475	1
-0.5221065095766588	-1.3674693484823468	1.9824327591761453	3
2.7609918213324320	0.3238953461449554	-0.9655877488264526	0
-1.1464381444347160	-1.7810417713842179	-0.5610893266089122	4
2.6286599713138941	-0.6184549416234331	-1.2781950555723007	1
0.1774154666032420	-2.4099634123803986	-2.6047923201571201	1
-0.9909094151969550	-2.6283609860275363	-0.6471869161767424	4
-2.3711855329069866	-1.7832904547470982	1.8517026905607437	3
3.2566823099255555	1.8576537351304994	1.2040071333928983	0
2.6856290121504958	1.0866837572676267	0.3376496277344272	0
1.2553772943519041	0.9576879931708256	-0.4144804048439594	0
3.7467481606271882	1.0034163747865295	0.9701858529132568	2
0.9561829609412291	-0.4806575163794944	0.0239820821020684	2
-0.2209135680451294	-0.2758850778726620	-2.2036791500326638	1
1.9142659800593558	1.5580067482959328	1.2805800989083096	0
-0.6018627047434602	1.2190448933311195	-1.6059322449633764	1
2.5387197560316759	-0.9936775596015306	-0.6016806441762702	2
-1.7522030544794021	-3.6834377938815961	1.8679139823229920	3
-1.6000615642207794	-2.5504301791928734	-0.2658534240584421	4
-1.1392901989682731	-2.2560562005926785	1.6320655786463267	3
-1.3388874718095793	-3.3265402084952402	1.7612145818970242	3
2.9317279410621593	1.0303092590057010	-1.3366702178323810	0
1.6266062114626774	2.4092655419753815	0.8103072932825878	0
3.8678490832816186	-0.3402087686520749	0.9553051481019337	0
1.8771192665831962	-1.8295799253868239	-2.3609499292884637	1
0.2687799314513095	-2.5680687643188138	0.9712210416101928	4
2.5690522383779677	-0.5535266148390849	-0.3182481647323289	2
-1.8671771900500338	-1.2205017318174636	-3.5900020685804908	1
3.5786145306396069	3.1742524130858980	1.0300286508831680	0
-1.4316644534194725	-1.8251295520322666	-0.1480108810524464	4
-1.1963351956324375	-3.1706349980612218	2.3956401009190400	3
2.4963871249736593	-1.1726446195523259	-1.3341848808230583	1
3.7804924522849568	-1.4747709663129063	-0.4431693235063943	2
2.8673761710305232	-0.5452765893254816	-0.2512715048213540	2
-0.4632458464933915	-0.2526436335985414	-2.8900990060396703	2
-2.6941748279408735	-3.0443939123289958	2.5174311379513172	3
1.9768333099789006	1.1601121932588705	1.4881130894044572	0
-1.7665776274749612	-3.8061261725712434	2.5320877475409160	3
4.6997637578086158	-1.6512818767554733	-1.6449754537840715	2
3.3347845783968784	-0.5567730330575738	-0.8799862365969725	0
-1.6094337435790125	-0.3168960286127438	0.5977912925605169	4
-1.4552915484005764	-1.3477305031091529	-2.0512104815007497	1
1.4683534592915619	2.8774949116725224	-0.8487902931289493	1
1.6096036368374058	0.7675372211719549	-1.6582734107167190	1
1.5896571022419381	0.4635545800706651	0.3035718008300359	1
-1.8525986237054348	-2.5603729092150398	1.3335691587902998	3
-3.0105034032514335	-2.9281822263842785	3.4743949298354706	3
-1.8560209501058516	-2.6022158219494820	3.2259076812370928	3
-1.8526410081675846	-5.1522367735542991	2.3336075571278911	3
4.9449225319736465	0.9506955974385689	0.0534989711212175	0
-1.9702430288820487	-3.1311801188279005	4.0926681929510513	3
-0.9930589510352483	-1.3099283700657627	1.5304238058761914	3
1.5115113089647150	-1.0523521207375697	1.3097890048385765	2
-1.5885278471123705	-2.1178319659115861	0.5101756842426850	3
-1.6472924026137383	-2.7773034320683703	2.4164756727140517	3
2.0697392270444106	2.8780878083398402	0.8504370816391186	0
-1.2133164180680405	-1.3845926234316466	-0.8787915226071904	4
3.5016834178087799	0.9743585609923857	0.6310686979092723	0
2.3570727488971048	0.7121271281184869	-1.7409958647595527	2
1.1299229362241674	0.0412045048973625	-0.8559905796218892	1
2.3853083577079395	1.6773253489440767	0.0304065389786549	0
3.3959860473350441	-1.5169954402008541	-0.0980779313875697	2
3.2118738759811980	0.9142406460936258	-0.0101893899659195	0
0.9337822499593704	2.7400209974823131	-0.6988213232582891	0
0.3995958557947270	-1.5571446139724494	-1.4039566063261004	1
2.7847278741475541	-0.8130729726906859	-1.5302092516894397	2
0.7371353643724456	-1.7950091591006196	1.5482610974350381	4
1.7007680832684351	0.0815533281179739	-2.3033823991283962	1
1.3862571674338524	-0.4830015510141655	-3.4117916638198618	1
-0.0665245348877170	-1.1373015645447964	-0.8012030916627625	2
5.0291014135066181	0.5246678024367839	-0.6833809879242845	0
2.2585589298089239	-1.5975612751745305	-1.0096871686331141	2
-0.0943241933366493	-2.5872441828108976	-0.1515001819082772	4
-0.2363762682655239	-1.5156572275911444	2.8223910688689267	4
2.3106040574408389	-0.3842743137781905	1.9611326535098033	2
-2.0154374902612551	-3.6508624680117445	2.1094402749954559	3
-0.9827871869468370	-3.7555704492196540	-0.0992295661791378	4
3.1729234960166388	2.1009247581879915	-0.1919237849642719	0
0.2588442619005540	-1.2051787905860913	-1.7054480458662260	1
-0.4543866862057746	-1.3634647911454549	1.0196430670570145	4
0.6386406687513614	-0.1783487567920279	-1.5500454537611184	1
-0.3797784333354467	-2.2612597912207386	-0.8585951036777041	4
5.0895356566185965	-1.9442094273078199	-1.0732407736543952	2
0.5427260232258474	-2.7586256220672856	-0.8084255614479284	4
4.1157558210440897	0.4707031841656237	-2.5552954756960742	2
-0.8010914373972676	-3.1089579947624912	0.7768751933472682	4
1.6835605534054321	-0.4018583356255001	-1.5838176662507770	1
1.2998167078051757	-2.2071666421362335	0.5922709621725996	4
1.7012313490496895	0.6885894715809382	-2.4776762145204207	1
0.2103198022540118	-3.1198220245726844	1.1726186419349220	3
3.1470915111860798	-2.5266041527700631	-3.2341139845718621	1
2.2348172643136497	-0.7665101880308001	-0.4432774087889507	2
3.0636352194259446	1.8674770589328329	0.0539210831433307	0
0.8987548676373069	1.0230535137911856	-1.5424899798303930	1
0.0177474622669966	-4.8081116157511756	1.0779459187629887	4
0.6702618003353265	-1.4618611928769507	-0.4795344133524707	4
0.3060347224051569	0.1406038599080611	-0.5840040181814735	2
1.6343054589692065	2.6537488588540201	-0.8572305227205611	0
2.7313689390518539	-0.0852731693169020	0.2451356135074525	2
0.3506080571974323	-2.4411603225493965	-1.9752367518601222	4
2.9757046882998144	-0.1192765226128023	-2.2089456503756422	2
0.6753640627976369	-0.9942067406006907	-0.7947364806815114	1
2.6832310830601394	-0.0700224894427950	-1.5567422855434456	2
3.3357154774757216	-0.0880777865787722	-1.7590233870167529	2
3.5372209841912934	2.3797612046911389	0.2478701869798646	0
1.5276619886508469	1.5780038185133844	-0.8572142820106610	0
-0.7909640816516199	-0.0241957132379413	-1.5945483692596756	1
-0.1115314398299037	-1.6624502827735297	-1.5106417455313492	1
1.9409762706788585	0.3065994319008220	-0.2893362744639698	2
-1.3950503800668714	-3.1811851660590631	1.0153490675904979	4
3.9816740353267619	1.9835412477817032	0.1154844357152306	0
-1.5591073881305892	-2.6661728643931131	0.1018626514134838	4
-1.5047398872431228	-2.5006501709540347	1.7409003066289899	3
3.7947855913536985	1.0801208516511003	-0.4729588713865588	0
-0.5724505932245068	-1.4318290368402198	-0.5331301557106315	4
4.6058016372670334	2.0236917567947170	-0.7529303573667245	0
1.9312353101890589	-0.7132377391849731	-2.7020816828077661	1
3.7088557730124663	-0.0885713147082018	-0.1921481826842684	2
-0.4579459015055378	-2.3581523270929545	1.1688209659878415	3
0.4324597235783629	-0.7974491270973421	-2.1414236053268505	1
1.5650508392893490	0.8533311412612639	-1.0471190926307856	1
-5.1754754494584940	-4.2395448989139100	1.9468891398061092	3
1.8628720710646181	-0.1550816880140622	-0.6404240529479275	2
0.6195059770903774	-2.1591903660645624	-2.9342540513621920	1
1.3939163296331576	-0.9220946915933371	-1.7289982493340657	1
3.1013621626880896	-1.6050778082868367	-1.6627988243353107	2
-3.3837796820907977	-3.1889892773163355	1.1748816439202898	3
4.3788644123489231	-1.4667227515146826	-2.5565235125571557	2
2.4020806714927145	-0.5116120228937089	-1.7037265703195250	1
-0.9856600548250363	-2.2521624760149419	0.3322614141972509	4
1.4095331561627851	1.5716124947052963	-2.9809771257293742	0
0.1368868902677643	-0.6326473559769440	-1.8413033335307456	1
-0.2318856819674711	-3.5021813401393973	-1.0669802475162595	4
1.8154168462743447	-0.9066622881815991	-0.4072397829026437	2
1.8781272916364555	-1.4919851655212581	-1.3614460681862002	2
0.1060409150650405	-4.8581575022953967	0.4163890158569792	4
-1.3419433345710994	-1.4871907049742543	0.0470433510551676	4
4.2009556556285395	0.8500041847296500	-0.3830111007814130	0
1.9442846611436559	0.7997045661403501	0.4806346352889616	0
-1.4700797664048300	-2.1266874372037470	2.6586881824253403	3
0.8373296976967621	2.2352567314854586	0.0430149653131643	0
-0.2401599215339350	-2.4890672128184246	1.9896879842986701	3
-0.1105103256565245	-2.0870614929898372	-3.7551883738392529	1
2.1913015023906537	0.3401167443254316	-2.9812041950911614	0
2.5284494345845285	1.0884347455192416	-2.0848499509613330	2
3.8468571161923788	-2.0352223952933874	-0.2810904210473331	2
1.5016911106617035	-0.7523712993616311	-4.3107335347872997	1
5.8643452087032628	1.0019920851566297	-0.4341077693053750	0
1.6236238660548019	0.5225060295769302	1.5601772003256047	0
1.2957382262281163	-0.9834908506821860	-2.9004763255281865	1
0.4631581334113429	-3.2287953554588529	-0.8613599000504858	4
2.8446026079106961	1.9958919094007090	0.9474507154012193	0
2.4864068029165316	-0.6449344571620375	-1.6976088700852905	2
-1.6379542245071965	-1.7700352921823230	0.3477617809784912	3
4.2222673019414438	1.3112428601293349	-0.1103362406653001	0
-1.8336272188569587	-4.6069847872904806	4.1945543217263088	3
3.4914198586428773	-0.5965324074853271	1.4116126697689433	2
G3
0	320	0.21223251265163512	316	0.44911283051966905	101	0.45854654831671976	
1	112	0.47716431430490325	403	0.5201025719263511	93	0.5569469421945514	
2	155	0.6444907946928794	261	0.6843065991242534	353	0.7012022356102309	
3	363	0.27358782586739233	293	0.33591183406169656	360	0.4327409171396351	
4	277	0.9469814764528692	366	1.0051400230919028	354	1.082707740502804	
5	475	0.6128456850524671	493	0.6668896216246707	426	0.7011519490860962	
6	355	0.31759458308208016	256	0.5487114719524934	138	0.6614340909676951	
7	174	0.2795641587784773	301	0.5832022879365021	436	0.6735887942088423	
8	283	0.40838848844671577	275	0.770686058087512	220	0.8085318557960012	
9	95	0.13101489182652665	420	0.42912790058122036	435	0.47964730602783595	
10	388	0.5340795853882779	227	0.5538851101248656	290	0.61516698710086	
11	78	0.25707375121773296	462	0.45936962154781685	322	0.4755016289893187	
12	307	0.3301062999733258	43	0.3964899183562509	122	0.5470748075073543	
13	58	0.2228900286601701	404	0.24152170579204965	39	0.3963327721561606	
14	85	0.5111715642374631	371	0.7208065937588864	447	1.025529037438887	
15	486	0.8765820160741252	165	0.9098758450150993	473	0.9121193252062669	
16	131	0.7006125178972453	132	0.7068603017649143	303	0.7164509963318155	
17	135	0.37438360103895674	251	0.6204398656609663	210	0.6754594561461553	
18	221	0.916398361619657	296	1.1892432835799034	469	1.436058012695663	
19	387	0.5900188010332098	481	0.8149454382293823	6	0.8747206927332589	
20	222	0.09564113866055485	203	0.26940396680714396	94	0.3405905648929541	
21	120	0.6148201975893666	466	0.7244674211654731	243	0.7368963801161863	
22	346	0.26934929556204873	230	0.4043407020359595	177	0.5131601373659043	
23	46	0.5460252327316163	409	0.7917449061986398	395	0.9550567060722879	
24	402	0.13130782483885714	149	0.37456529394190335	212	0.3928983851510784	
25	240	0.13461248341688825	49	0.34649090121322446	405	0.35602869193888786	
26	38	0.3872092175748358	292	0.4135886203423249	460	0.5543014776456934	
27	39	0.3107690501036558	13	0.6787365317213937	58	0.6813604313644885	
28	88	0.6960906330888118	351	0.7470591536031874	168	0.8490134473592452	
29	399	0.5059036177424336	228	0.6191409516725466	176	0.6647380548843308	
30	185	0.927411934945132	360	0.9325178352644714	299	0.9765173045185791	
31	405	0.1805959535666973	49	0.3433866218599075	240	0.4802475807407677	
32	464	1.240626451008846	115	1.2481079673495432	241	1.3230191895607484	
33	310	0.1115642391913332	352	0.47346911165822586	114	0.5476359751147476	
34	281	0.42895420680929996	499	0.7154144912377881	417	0.8351233011967562	
35	330	0.3218781436059976	205	0.6796650178941792	166	0.7022130530907489	
36	211	0.43355295435120905	54	0.49202760661711126	315	0.5628202760584616	
37	288	0.43985991530410085	354	0.5442994680414689	199	0.6723246344247824	
38	109	0.27485597908504794	26	0.3872092175748358	69	0.495480548096155	
39	27	0.3107690501036558	58	0.37880217414831074	13	0.3963327721561606	
40	262	0.34531614866016386	329	0.5017957286591321	368	0.5140518388113341	
41	227	0.605529644621391	422	0.718259404643531	73	0.7408590119977789	
42	220	0.44055748502583336	283	0.7463528934219342	86	0.9686868372087617	
43	307	0.3565321619727205	428	0.3704083318395409	12	0.3964899183562509	
44	452	0.4363706596361445	285	0.4741452201459296	306	0.6002115018473889	
45	298	0.5325909397504368	378	0.6940422320276447	336	0.7045585242325844	
46	23	0.5460252327316163	395	0.6160518251977807	409	0.9311387999533342	
47	347	0.18825734010475317	320	0.4127632573141017	408	0.45649962244492626	
48	77	0.4154887966844164	474	0.49592652757623673	318	0.7440235755403048	
49	405	0.25614884516205716	31	0.3433866218599075	25	0.34649090121322446	
50	256	0.4250762740215254	343	0.44051635082858326	80	0.45734829187511467	
51	151	0.40350928311993556	447	0.45838035754837836	453	0.49676017533861394	
52	172	0.3179621778439798	141	0.3681296855320774	311	0.39557041635410267	
53	229	1.2972257465215775	206	1.6057487906180425	154	1.6740196350878196	
54	36	0.49202760661711126	110	0.6143570632701317	315	0.6774395338783582	
55	333	0.13297430340841507	353	0.16958543104203444	155	0.6405631998621091	
56	244	0.3892829219983637	373	0.6373165592252077	144	0.6519476865125532	
57	159	1.2933375152181723	91	1.319102951705275	483	1.69820064802305	
58	13	0.2228900286601701	39	0.37880217414831074	70	0.42116715278080546	
59	126	0.2445740748611931	226	0.3864837320624295	179	0.4861477052936533	
60	312	0.4807967322028607	297	0.48546814258445437	462	0.5470753311742838	
61	206	0.36674912781565205	229	0.6123060365986931	420	0.8105360253757882	
62	473	0.6694158088631647	174	0.9051910419705708	7	1.1347568116492872	
63	462	0.19367597720011723	322	0.2647842986699968	474	0.32013943278260143	
64	433	0.6015176430006338	76	0.6697610912565263	183	1.2386026803069932	
65	106	0.3189155811626682	84	0.3831620438758006	193	0.48714074039358635	
66	432	0.41841009376801397	262	0.42856492101293797	329	0.5074480030941612	
67	482	0.18042779889826646	237	0.4553926685842472	99	0.516153173711946	
68	406	0.3025038310222312	483	0.6225147550648724	385	0.7579521370653279	
69	109	0.39735333550210655	376	0.4595489799784934	202	0.46366540373679893	
70	488	0.38442555990992916	58	0.42116715278080546	39	0.48391077513679354	
71	284	0.05214509504070122	266	0.47909494276192405	224	0.6321247102546553	
72	332	0.3824125145421542	233	0.5544115177760877	414	0.606686013661716	
73	479	0.09885487318922218	164	0.3797124542426704	372	0.41314283286968057	
74	15	1.9314052631909042	486	2.1408892760060105	165	2.3088005806214875	
75	191	0.5572900215886449	248	0.5717914524352095	211	0.6146272461719827	
76	64	0.6697610912565263	190	0.6802613252630578	367	0.9792137637947854	
77	474	0.3505022898585535	48	0.4154887966844164	356	0.4557024954512089	
78	11	0.25707375121773296	492	0.550638741247817	141	0.5644165864012133	
79	481	0.41666878453499445	387	0.44333257261487863	271	0.4624705514486161	
80	90	0.33318558064373754	50	0.45734829187511467	444	0.5457975252384848	
81	468	0.4592513710858388	295	0.5456083852935016	207	0.8326228013118766	
82	125	0.44152697322185364	294	0.6460304249259393	45	0.7170381381900645	
83	364	0.27163052760970197	146	0.5004944129743987	169	0.6067755066114874	
84	65	0.3831620438758006	193	0.4222560810046258	127	0.4351430699932501	
85	14	0.5111715642374631	371	0.5821844239390384	447	0.6115100276436263	
86	220	0.9212870865468774	42	0.9686868372087617	283	1.021729071206772	
87	349	0.21923023092043684	177	0.34295710558410075	22	0.5371715033987187	
88	178	0.5743889209606599	28	0.6960906330888118	379	0.7959283803758285	
89	216	0.7128447088893914	217	0.7445797604874352	173	0.8203887569273952	
90	80	0.33318558064373754	327	0.560507210088171	50	0.681865729257219	
91	365	0.7953450913096337	159	0.800455971812595	236	0.8124621106236839	
92	403	0.28151056661265444	93	0.5912284407183105	1	0.6097034595994385	
93	352	0.4316747732486525	31	0.48364794052256704	403	0.48440684358302954	
94	222	0.3313450046046099	20	0.3405905648929541	130	0.35193743822991197	
95	9	0.13101489182652665	420	0.40965747617406917	435	0.4191151622109417	
96	261	0.44432902125011176	108	0.492540976487153	92	0.6137499452191637	
97	377	0.813523531498871	78	0.9195725767681661	60	0.9417390285233412	
98	498	0.1657849199374607	274	0.9318937233073555	251	1.1981858151073155	
99	482	0.4952189375664947	67	0.516153173711946	133	0.6066761697856663	
100	123	0.34654162268470823	419	0.5082241321499176	226	0.6434691008509897	
101	184	0.30692094890155475	0	0.45854654831671976	465	0.5245651043536176	
102	187	0.4081344405014549	272	0.4179559422006998	162	0.48691186198359104	
103	217	0.5240571092772345	375	0.6411748439992014	326	0.8849284615358084	
104	60	0.7489224755108264	297	0.8248505487401295	377	0.8577711721427157	
105	468	0.7269206294572595	193	0.7868181928198017	84	0.8959481567385528	
106	65	0.3189155811626682	198	0.5380062387309904	193	0.5558344759147038	
107	487	0.9731876965737518	473	1.205082799901253	165	1.38604764582684	
108	261	0.18056918680385364	96	0.492540976487153	365	0.5065696853962453	
109	38	0.27485597908504794	69	0.39735333550210655	202	0.5658687105369952	
110	231	0.5254229586269105	54	0.6143570632701317	415	0.6283823945049299	
111	118	0.42027829761900737	432	1.2033925219025214	66	1.2057883884609724	
112	169	0.45616292805406794	1	0.47716431430490325	146	0.5884961788152822	
113	339	0.5118763087245035	231	0.5722221083998188	430	0.6403858186125586	
114	310	0.47203223911328646	400	0.48020739363109166	33	0.5476359751147476	
115	156	0.5283990193257864	157	0.5586726062838484	389	0.8201382135129549	
116	426	0.247433697809522	493	0.7016132224710141	5	0.7623899004713662	
117	463	0.38265287575838264	386	0.46451325065901117	301	0.5722914896857739	
118	111	0.42027829761900737	66	0.8371956280206874	432	0.9406982209664259	
119	70	0.7953656287819926	39	0.9175212983116429	58	0.9479219834902712	
120	21	0.6148201975893666	11	0.6203012709046238	462	0.6771225058105723	
121	428	0.26356777998340536	126	0.2762566899767856	260	0.2859259823776345	
122	315	0.3749502027717157	239	0.5362753496347834	307	0.537547232571274	
123	100	0.34654162268470823	419	0.4281354033638155	226	0.46311227792318416	
124	430	0.43981914272738587	231	0.6943035242142561	40	0.7017670677027436	
125	305	0.3681272791295201	82	0.44152697322185364	350	0.5803904937815958	
126	59	0.2445740748611931	121	0.2762566899767856	179	0.4961721308847802	
127	233	0.26243782127056703	374	0.28017795457014955	342	0.39437540908856294	
128	152	0.1579279538906547	160	0.19542555113053986	345	0.39836250936933143	
129	258	0.40443872018927585	439	0.4567823604655303	6	0.7205449949711981	
130	94	0.35193743822991197	20	0.3949895635564795	222	0.4104561624223259	
131	204	0.4509164288621461	167	0.5280380381472947	132	0.5417373615617023	
132	131	0.5417373615617023	16	0.7068603017649143	204	0.9520577557750957	
133	397	0.25378291342226894	308	0.35895718884649824	67	0.5673328520133673	
134	398	0.5079420221944038	150	0.5217656517490553	196	0.783778987592673	
135	17	0.37438360103895674	210	0.6049389589956065	267	0.7160490604486552	
136	360	0.18701347933942022	418	0.28476623465714157	323	0.2876558762568927	
137	200	0.29086438917433277	326	0.9105605222250133	488	1.0161032315331386	
138	149	0.32496401879191017	24	0.4384927762657224	451	0.5282301352588343	
139	366	0.7106576078867296	277	0.8489726799227127	499	1.047196119344136	
140	268	0.5608933363731392	148	0.9831187354430959	223	1.0359930273916484	
141	311	0.2645394232280647	52	0.3681296855320774	78	0.5644165864012133	
142	311	0.5975522883920742	459	0.6485343355664482	411	0.6497036355834768	
143	469	0.8448812571619737	215	0.9408262081509982	171	1.021513158391441	
144	362	0.4354485494358665	455	0.6241654646405426	56	0.6519476865125532	
145	163	0.24276886016761084	450	0.29403720422732704	170	0.4767176643222055	
146	169	0.49342475457084056	83	0.5004944129743987	273	0.5688714821530069	
147	403	0.6640853301817937	95	0.7125560054143996	161	0.7167294394960031	
148	223	0.4032005353460614	268	0.5418470384187448	391	0.6642496016984863	
149	138	0.32496401879191017	465	0.3480406762810726	24	0.37456529394190335	
150	134	0.5217656517490553	252	0.6251671163367466	494	0.6420105746194147	
151	51	0.40350928311993556	168	0.4150962837113786	351	0.5129851386001589	
152	128	0.1579279538906547	160	0.3063533918960584	345	0.330298495163373	
153	251	0.2169257502283241	274	0.4609679723796823	380	0.6740440145662684	
154	234	0.7656899067764686	364	0.8218581237232687	206	0.9842769114226748	
155	353	0.5873269958471105	55	0.6405631998621091	2	0.6444907946928794	
156	389	0.3722620147628247	115	0.5283990193257864	135	0.8158471483119543	
157	115	0.5586726062838484	215	0.8715175673406506	156	0.9121193600036557	
158	232	0.47569694643531896	496	0.8504160723807785	290	0.9421064467818592	
159	483	0.6217262641716408	91	0.800455971812595	365	0.8383404139287108	
160	128	0.19542555113053986	152	0.3063533918960584	445	0.31622827846396695	
161	448	0.32539562301415326	147	0.7167294394960031	440	0.7780445988880684	
162	457	0.29543955395884397	102	0.48691186198359104	272	0.571833494313358	
163	145	0.24276886016761084	450	0.2784825722433365	170	0.5791666938528689	
164	479	0.30545284793728333	73	0.3797124542426704	372	0.6076143102196833	
165	486	0.3025416644274119	431	0.5412746488790913	410	0.777016755524957	
166	254	0.5278146620049501	205	0.6655178637009952	35	0.7022130530907489	
167	204	0.35772647881176467	131	0.5280380381472947	16	0.7174982695925962	
168	351	0.10924812726345941	151	0.4150962837113786	494	0.4814338676495753	
169	112	0.45616292805406794	146	0.49342475457084056	83	0.6067755066114874	
170	450	0.31844918563358904	407	0.4352000073799112	145	0.4767176643222055	
171	267	0.5159591783974503	241	0.5212531346595057	215	0.6201838354148539	
172	467	0.2922089389444641	52	0.3179621778439798	429	0.3804713184003211	
173	216	0.5613707187007233	460	0.6158125008474685	292	0.6812918961379645	
174	7	0.2795641587784773	301	0.8082166691355929	436	0.8419345000312769	
175	412	0.34647811289304553	249	0.3749358837469465	272	0.4789208724627087	
176	29	0.6647380548843308	163	0.679751314399407	384	0.6975556173866344	
177	87	0.34295710558410075	230	0.39434977659511616	424	0.439702552893177	
178	379	0.2882463666481814	357	0.3601167267610169	88	0.5743889209606599	
179	307	0.3570227529607421	59	0.4861477052936533	126	0.4961721308847802	
180	212	0.3155770398679963	402	0.562278168985101	335	0.5735552536865213	
181	197	0.4091603339589999	444	0.45271818951248943	318	0.5200757734055513	
182	439	0.5997885356011127	129	0.7224424617117465	258	0.9198429069417674	
183	492	1.1171237720144263	367	1.174721158168477	64	1.2386026803069932	
184	101	0.30692094890155475	465	0.5087112462048834	0	0.605779474204512	
185	30	0.927411934945132	391	1.2719058025435144	299	1.621711213388124	
186	287	1.6382816511260974	30	1.7047096222033744	304	1.7393233949220785	
187	102	0.4081344405014549	422	0.6451196971251121	272	0.697887544231374	
188	317	0.49838557813895684	209	0.8330867844330148	111	1.2763944752448686	
189	390	0.4408314365948736	294	0.5834479694053166	330	0.7778326770649573	
190	76	0.6802613252630578	328	0.7336514586703535	367	0.9629457404907993	
191	248	0.49226404558294123	75	0.5572900215886449	211	0.727228601518401	
192	205	0.40892625735616095	35	0.9301360454546251	166	0.9921207835415171	
193	84	0.4222560810046258	468	0.4639447176435464	65	0.48714074039358635	
194	401	0.41350741528811363	160	0.416097998222698	152	0.4353567812050866	
195	158	1.2308426817686458	232	1.3140330663483575	361	1.707633432592927	
196	252	0.6498655187721599	134	0.783778987592673	371	0.8341225040093995	
197	318	0.21582441511778394	289	0.33246702943392215	181	0.4091603339589999	
198	375	0.37261207439390553	326	0.4046135053762529	106	0.5380062387309904	
199	288	0.3868985357789688	400	0.5175439050270657	51	0.5536992788045695	
200	137	0.29086438917433277	488	0.7481497171396279	326	0.7600529793205693	
201	299	0.3432313540097466	239	0.7025607966219102	247	0.7542322731225553	
202	69	0.46366540373679893	376	0.5494168284215533	441	0.5649588200758103	
203	20	0.26940396680714396	222	0.27611663345505033	94	0.5182928426598785	
204	167	0.35772647881176467	131	0.4509164288621461	94	0.5732294392173337	
205	192	0.40892625735616095	166	0.6655178637009952	35	0.6796650178941792	
206	61	0.36674912781565205	229	0.7193703717528908	420	0.8835182998195892	
207	374	0.29313706584928617	127	0.5405937387707976	325	0.542043872607939	
208	338	0.6868510716433349	304	0.9692540882942459	225	1.0188967432395022	
209	188	0.8330867844330148	317	1.0789039404102525	321	1.53881568460059	
210	135	0.6049389589956065	17	0.6754594561461553	268	0.9064456243779035	
211	248	0.3776374486697702	315	0.38068445990690375	36	0.43355295435120905	
212	180	0.3155770398679963	402	0.3532425056796988	24	0.3928983851510784	
213	224	0.41360911881344103	265	0.4937266164224119	337	0.6369347299907222	
214	6	0.7980451025482822	355	0.8498810725137983	341	0.9319235223412984	
215	241	0.5709575899315068	171	0.6201838354148539	378	0.738773763500972	
216	460	0.29933273728679033	173	0.5613707187007233	292	0.5917794420766513	
217	103	0.5240571092772345	216	0.7151427403769927	89	0.7445797604874352	
218	459	0.4819669807958837	172	0.5828617422899962	311	0.6477689229595083	
219	249	0.5719412687003641	272	0.646071623365763	102	0.6922363007343715	
220	283	0.43511540116804664	42	0.44055748502583336	8	0.8085318557960012	
221	18	0.916398361619657	296	1.2726753053727426	469	1.6956498782120595	
222	20	0.09564113866055485	203	0.27611663345505033	94	0.3313450046046099	
223	148	0.4032005353460614	268	0.5592907039026127	380	0.7029300886508995	
224	213	0.41360911881344103	265	0.6151928702096701	71	0.6321247102546553	
225	338	0.5451687904502256	208	1.0188967432395022	246	1.0341300174457804	
226	59	0.3864837320624295	123	0.46311227792318416	179	0.6078440365046697	
227	290	0.5168313810062157	10	0.5538851101248656	41	0.605529644621391	
228	457	0.6087581808362006	29	0.6191409516725466	399	0.6210612433863084	
229	61	0.6123060365986931	206	0.7193703717528908	8	1.1376246751144516	
230	177	0.39434977659511616	22	0.4043407020359595	346	0.581396644430561	
231	110	0.5254229586269105	113	0.5722221083998188	430	0.5975582575060463	
232	158	0.47569694643531896	372	0.5659662868763743	496	0.6211374530369317	
233	342	0.20676062901009248	127	0.26243782127056703	359	0.3201830933567851	
234	154	0.7656899067764686	456	1.0817155637943023	480	1.0911592853209553	
235	298	0.3858845083112035	336	0.4290487613359515	388	0.4540116350318662	
236	398	0.423012820411917	365	0.5654556255011164	91	0.8124621106236839	
237	482	0.33106881407402033	67	0.4553926685842472	254	0.5242187301835631	
238	107	1.9050821065750283	282	1.923913160680992	385	2.127938654238637	
239	245	0.2692590794646875	122	0.5362753496347834	419	0.5511666808705473	
240	25	0.13461248341688825	405	0.3202413018423362	49	0.3760799077413665	
241	267	0.4367730172360528	171	0.5212531346595057	215	0.5709575899315068	
242	270	0.32225049994239724	101	0.54076646049815	0	0.5792612405556451	
243	21	0.7368963801161863	466	0.8018275122523089	485	0.955346884927215	
244	373	0.32740224224653997	56	0.3892829219983637	397	0.6997467256066294	
245	239	0.2692590794646875	340	0.46135601894290185	419	0.5896933057931665	
246	493	0.5034089137549156	475	0.7230605832240343	276	0.7548883660165505	
247	285	0.4867499438213945	280	0.5270247067440177	452	0.5568045427002224	
248	315	0.31647217306093195	211	0.3776374486697702	191	0.49226404558294123	
249	175	0.3749358837469465	412	0.5237068224300562	219	0.5719412687003641	
250	442	0.5348649688229025	348	0.5668399046281695	130	0.9856980837034311	
251	153	0.2169257502283241	274	0.3179702120855526	17	0.6204398656609663	
252	371	0.3263139203720976	150	0.6251671163367466	196	0.6498655187721599	
253	452	0.37506717794561	293	0.4115388988636745	428	0.5103334567846525	
254	237	0.5242187301835631	166	0.5278146620049501	67	0.5797870249926875	
255	309	0.6859718681746352	27	0.6868988100090008	39	0.85556109956952	
256	50	0.4250762740215254	149	0.5354666384794072	355	0.5371548557277176	
257	422	0.6389252746825655	334	0.6807372635578324	344	0.7456602550617883	
258	129	0.40443872018927585	439	0.528598183730776	355	0.6021777530056756	
259	337	0.5100635551609047	213	0.7069790590340334	237	0.8504856913474879	
260	121	0.2859259823776345	280	0.37013552353835977	428	0.38513128816774467	
261	108	0.18056918680385364	96	0.44432902125011176	365	0.6171293190444375	
262	40	0.34531614866016386	66	0.42856492101293797	329	0.6461949025336179	
263	314	0.09062000130959902	269	0.18658234593635456	477	0.5436118168469979	
264	446	0.2137238097373031	443	0.717641650361487	445	0.8355626687253463	
265	213	0.4937266164224119	224	0.6151928702096701	390	0.6759781854795222	
266	284	0.4766236801671766	71	0.47909494276192405	380	0.7024295499578421	
267	378	0.40302623884831457	241	0.4367730172360528	171	0.5159591783974503	
268	148	0.5418470384187448	223	0.5592907039026127	140	0.5608933363731392	
269	314	0.11696134730004297	263	0.18658234593635456	477	0.5003626619052214	
270	242	0.32225049994239724	313	0.4782403183589147	451	0.490331244783361	
271	451	0.25025108002629814	79	0.4624705514486161	138	0.5413285348778465	
272	102	0.4179559422006998	175	0.4789208724627087	162	0.571833494313358	
273	401	0.2178145596306764	487	0.5298466352395272	146	0.5688714821530069	
274	251	0.3179702120855526	153	0.4609679723796823	266	0.7750025372719368	
275	9	0.6732599999603373	8	0.770686058087512	95	0.7929336497131012	
276	475	0.545085736788922	493	0.625690163985815	246	0.7548883660165505	
277	139	0.8489726799227127	217	0.8776887491328764	460	0.8867630705579227	
278	182	1.3189743172343935	155	1.786935338273625	159	1.834139131920039	
279	372	0.32403880380715844	361	0.46975613810930933	346	0.5343010393640235	
280	452	0.3232272732856183	260	0.37013552353835977	285	0.3857747027988928	
281	34	0.42895420680929996	499	0.6518288308221954	366	0.9624298183996665	
282	440	0.41475564893607225	385	0.604793162170601	161	0.8083869614222746	
283	8	0.40838848844671577	220	0.43511540116804664	42	0.7463528934219342	
284	71	0.05214509504070122	266	0.4766236801671766	224	0.648281763507235	
285	280	0.3857747027988928	452	0.43768703838985457	44	0.4741452201459296	
286	485	0.3514055228346494	466	1.0599735631715026	348	1.086818990878727	
287	469	0.4530947272051112	171	0.8321178347051194	143	1.1181517064443236	
288	199	0.3868985357789688	37	0.43985991530410085	151	0.524408747893893	
289	197	0.33246702943392215	423	0.4395904441586976	52	0.48097273052397216	
290	396	0.28121263814855074	291	0.38936383391851115	496	0.44069384018789504	
291	396	0.3105791161496193	290	0.38936383391851115	280	0.6598253184086867	
292	460	0.33887681689896115	26	0.4135886203423249	216	0.5917794420766513	
293	3	0.33591183406169656	363	0.352183731879824	253	0.4115388988636745	
294	189	0.5834479694053166	82	0.6460304249259393	254	0.8436355456067747	
295	81	0.5456083852935016	207	0.5637151689836865	325	0.5739678780035257	
296	18	1.1892432835799034	143	1.21778641151308	221	1.2726753053727426	
297	312	0.16197197938907207	356	0.2992024853477445	60	0.48546814258445437	
298	336	0.22382085821739223	235	0.3858845083112035	45	0.5325909397504368	
299	201	0.3432313540097466	253	0.6982888172225913	452	0.7124111496297298	
300	430	0.7714843495727689	309	0.8715048626645356	113	0.9621451673191516	
301	386	0.37669987739535027	117	0.5722914896857739	7	0.5832022879365021	
302	449	0.7594410014826699	228	0.8396074134213579	29	1.0988040080068682	
303	16	0.7164509963318155	493	0.8746446278221021	54	0.9288104668142253	
304	340	0.7051200121694301	208	0.9692540882942459	245	1.0263098842151248	
305	125	0.3681272791295201	350	0.6702278961211364	254	0.7023355362149963	
306	388	0.5944743331242861	44	0.6002115018473889	285	0.6833774141514888	
307	12	0.3301062999733258	43	0.3565321619727205	179	0.3570227529607421	
308	397	0.16154528347018213	133	0.35895718884649824	323	0.5171842721504264	
309	255	0.6859718681746352	300	0.8715048626645356	332	0.8741797177609197	
310	33	0.1115642391913332	352	0.4046587477699797	114	0.47203223911328646	
311	141	0.2645394232280647	52	0.39557041635410267	142	0.5975522883920742	
312	297	0.16197197938907207	356	0.22695846746674467	60	0.4807967322028607	
313	369	0.21120645708800007	434	0.34424842680586	270	0.4782403183589147	
314	263	0.09062000130959902	269	0.11696134730004297	477	0.5333021790616999	
315	248	0.31647217306093195	122	0.3749502027717157	211	0.38068445990690375	
316	382	0.24637568377332983	320	0.28171943437874997	0	0.44911283051966905	
317	188	0.49838557813895684	209	1.0789039404102525	337	1.234589030340647	
318	197	0.21582441511778394	423	0.4431344769276797	289	0.48236675809775814	
319	373	0.48494244738910647	363	0.5208962014920507	3	0.5751902767115364	
320	0	0.21223251265163512	316	0.28171943437874997	47	0.4127632573141017	
321	416	0.5303290786605604	337	0.722680234851097	484	0.8735463809514841	
322	462	0.1293799631037489	63	0.2647842986699968	474	0.4301407003052783	
323	136	0.2876558762568927	360	0.4433451506154724	418	0.4491000926364582	
324	456	0.567745836987649	49	0.575630273209198	173	0.6873972448565734	
325	495	0.36917455608395866	471	0.4634504328276735	207	0.542043872607939	
326	198	0.4046135053762529	375	0.5344745923730774	488	0.5428090257319846	
327	438	0.46012840220648704	339	0.5262841706528728	90	0.560507210088171	
328	414	0.48822575746018365	477	0.5703691241816943	207	0.5899483391341487	
329	432	0.38632328124805804	368	0.4225542314204065	40	0.5017957286591321	
330	35	0.3218781436059976	189	0.7778326770649573	265	0.8292633720046385	
331	305	0.71477779075799	394	0.8403526512518591	350	1.0389645180351255	
332	72	0.3824125145421542	414	0.6887976397798706	233	0.6966656373499114	
333	55	0.13297430340841507	353	0.2860210117078155	212	0.6640026570300503	
334	368	0.44487846559226657	461	0.6742043849355273	257	0.6807372635578324	
335	429	0.3992803290222963	52	0.5452996065067386	180	0.5735552536865213	
336	298	0.22382085821739223	235	0.4290487613359515	323	0.48243885013037663	
337	259	0.5100635551609047	213	0.6369347299907222	321	0.722680234851097	
338	225	0.5451687904502256	208	0.6868510716433349	475	0.8261668520159998	
339	113	0.5118763087245035	327	0.5262841706528728	438	0.7101316425982866	
340	245	0.46135601894290185	239	0.6799988250068677	304	0.7051200121694301	
341	491	0.39987460903469113	19	0.9259280159869242	214	0.9319235223412984	
342	233	0.20676062901009248	359	0.27181290893649407	127	0.39437540908856294	
343	50	0.44051635082858326	429	0.49702649896254586	149	0.6342183344357456	
344	394	0.6553008928547739	257	0.7456602550617883	416	0.8995173040783804	
345	152	0.330298495163373	128	0.39836250936933143	160	0.48572333960255115	
346	22	0.26934929556204873	372	0.5039162449483885	399	0.5124249366869473	
347	47	0.18825734010475317	408	0.35460474243297807	495	0.44367226244896596	
348	250	0.5668399046281695	466	0.6057030399048229	442	0.6536888665218151	
349	87	0.21923023092043684	177	0.4412402543710063	226	0.6746412596376781	
350	125	0.5803904937815958	305	0.6702278961211364	10	0.7468833560418564	
351	168	0.10924812726345941	494	0.504718405896731	151	0.5129851386001589	
352	310	0.4046587477699797	93	0.4316747732486525	33	0.47346911165822586	
353	55	0.16958543104203444	333	0.2860210117078155	155	0.5873269958471105	
354	400	0.41940616296514305	37	0.5442994680414689	288	0.5574071656383335	
355	6	0.31759458308208016	256	0.5371548557277176	258	0.6021777530056756	
356	312	0.22695846746674467	297	0.2992024853477445	77	0.4557024954512089	
357	178	0.3601167267610169	379	0.453105605621556	96	0.7118531680218582	
358	449	1.2575913999375177	436	1.514691599104292	302	1.6120164454339527	
359	342	0.27181290893649407	233	0.3201830933567851	434	0.41116094678355564	
360	136	0.18701347933942022	418	0.35873175227323023	3	0.4327409171396351	
361	454	0.38767089892983086	279	0.46975613810930933	87	0.7143899958699321	
362	144	0.4354485494358665	455	0.4530173098374687	99	0.6289459992954799	
363	3	0.27358782586739233	293	0.352183731879824	319	0.5208962014920507	
364	83	0.27163052760970197	194	0.6206452208165133	152	0.6519263251682709	
365	108	0.5065696853962453	236	0.5654556255011164	261	0.6171293190444375	
366	499	0.6446838941037165	139	0.7106576078867296	38	0.841262144306704	
367	263	0.6014242287993682	269	0.6112523898682674	314	0.6136580740919229	
368	329	0.4225542314204065	334	0.44487846559226657	40	0.5140518388113341	
369	313	0.21120645708800007	376	0.3058612507119723	434	0.4155807168368815	
370	104	1.5115953127232555	384	1.598035196892974	377	1.8432679709317163	
371	252	0.3263139203720976	85	0.5821844239390384	14	0.7208065937588864	
372	279	0.32403880380715844	479	0.40037319713161795	73	0.41314283286968057	
373	244	0.32740224224653997	319	0.48494244738910647	308	0.5391294831951253	
374	127	0.28017795457014955	207	0.29313706584928617	233	0.4820603376558967	
375	198	0.37261207439390553	404	0.5183783855034164	326	0.5344745923730774	
376	369	0.3058612507119723	69	0.4595489799784934	313	0.5015792955389324	
377	312	0.5866698861297117	297	0.7008862105811174	356	0.7283112772918957	
378	267	0.40302623884831457	45	0.6940422320276447	241	0.6961020998989358	
379	178	0.2882463666481814	357	0.453105605621556	491	0.7324559831998287	
380	418	0.5144598481014994	319	0.6539200180756832	153	0.6740440145662684	
381	425	0.7514048359157124	470	0.9838487302828027	105	1.0692463070163492	
382	316	0.24637568377332983	320	0.48838732974841115	65	0.5566026409935835	
383	164	1.1157939174330507	479	1.3207816032575912	73	1.3353229426317277	
384	176	0.6975556173866344	29	0.8533091329094041	399	1.1976965370189459	
385	440	0.2786998382210296	406	0.5719756523259759	282	0.604793162170601	
386	301	0.37669987739535027	117	0.46451325065901117	273	0.5907943503334804	
387	79	0.44333257261487863	481	0.5197198918781825	19	0.5900188010332098	
388	235	0.4540116350318662	10	0.5340795853882779	455	0.5389723276738181	
389	156	0.3722620147628247	135	0.7681074369142183	17	0.8177992674595237	
390	189	0.4408314365948736	265	0.6759781854795222	237	0.7296285463875842	
391	148	0.6642496016984863	268	0.9604028672456633	223	0.976900897056604	
392	497	0.8240551478801846	413	0.8553232372928528	480	0.8684276115857057	
393	265	0.9327607284771572	251	0.9362874281953828	274	0.9498946739718784	
394	344	0.6553008928547739	422	0.7442653561917288	41	0.7490261973775832	
395	46	0.6160518251977807	23	0.9550567060722879	409	1.0991207936986187	
396	290	0.28121263814855074	291	0.3105791161496193	496	0.38701908094178783	
397	308	0.16154528347018213	133	0.25378291342226894	373	0.598753909704805	
398	236	0.423012820411917	134	0.5079420221944038	365	0.6463525252145366	
399	29	0.5059036177424336	346	0.5124249366869473	22	0.6094188654602912	
400	354	0.41940616296514305	114	0.48020739363109166	199	0.5175439050270657	
401	273	0.2178145596306764	194	0.41350741528811363	487	0.5377852953630288	
402	24	0.13130782483885714	212	0.3532425056796988	149	0.49290488816701195	
403	92	0.28151056661265444	93	0.48440684358302954	1	0.5201025719263511	
404	13	0.24152170579204965	58	0.4349949529260538	375	0.5183783855034164	
405	31	0.1805959535666973	49	0.25614884516205716	240	0.3202413018423362	
406	68	0.3025038310222312	385	0.5719756523259759	440	0.723373432425615	
407	170	0.4352000073799112	421	0.4843428952010801	450	0.5326557191483395	
408	347	0.35460474243297807	495	0.38116748836132236	47	0.45649962244492626	
409	23	0.7917449061986398	124	0.7959355318030739	334	0.8496631823981258	
410	311	0.6235913300503518	431	0.631562687442412	218	0.6588459073756475	
411	142	0.6497036355834768	492	0.7211980261838793	78	0.9216462825396502	
412	175	0.34647811289304553	249	0.5237068224300562	457	0.6438716544707707	
413	392	0.8553232372928528	480	0.9390906383502545	490	0.9937845872265983	
414	328	0.48822575746018365	233	0.5000039283218737	477	0.5287805496299063	
415	110	0.6283823945049299	226	0.6749184868355808	179	0.7382139725816812	
416	321	0.5303290786605604	344	0.8995173040783804	259	0.9282084723382898	
417	34	0.8351233011967562	281	0.9716400289466668	491	1.20621625336843	
418	136	0.28476623465714157	360	0.35873175227323023	323	0.4491000926364582	
419	123	0.4281354033638155	100	0.5082241321499176	239	0.5511666808705473	
420	435	0.3562042319548373	95	0.40965747617406917	9	0.42912790058122036	
421	63	0.4640781099422105	407	0.4843428952010801	474	0.6009346913746918	
422	257	0.6389252746825655	187	0.6451196971251121	41	0.718259404643531	
423	289	0.4395904441586976	318	0.4431344769276797	197	0.49860339188484426	
424	177	0.439702552893177	230	0.6601507033200686	87	0.6830952567337192	
425	381	0.7514048359157124	103	1.1349363301827595	326	1.3602467782267382	
426	116	0.247433697809522	493	0.47978398419530516	5	0.7011519490860962	
427	446	1.246895484822219	264	1.262252687390342	234	1.2719481857140589	
428	121	0.26356777998340536	43	0.3704083318395409	260	0.38513128816774467	
429	172	0.3804713184003211	335	0.3992803290222963	343	0.49702649896254586	
430	124	0.43981914272738587	231	0.5975582575060463	113	0.6403858186125586	
431	165	0.5412746488790913	410	0.631562687442412	301	0.7738045387190046	
432	329	0.38632328124805804	66	0.41841009376801397	368	0.5902628569739923	
433	64	0.6015176430006338	76	1.1553581217606192	81	1.4186878337363367	
434	313	0.34424842680586	359	0.41116094678355564	369	0.4155807168368815	
435	420	0.3562042319548373	95	0.4191151622109417	9	0.47964730602783595	
436	301	0.6225018881500503	7	0.6735887942088423	180	0.7614186271805102	
437	478	0.6692965414146325	191	0.9844970902335969	248	1.1285680578818507	
438	327	0.46012840220648704	444	0.5639849847864251	339	0.7101316425982866	
439	129	0.4567823604655303	258	0.528598183730776	182	0.5997885356011127	
440	385	0.2786998382210296	282	0.41475564893607225	406	0.723373432425615	
441	38	0.5346087870644486	202	0.5649588200758103	109	0.5856433388926049	
442	250	0.5348649688229025	130	0.5850318301534412	94	0.6136559806246297	
443	446	0.5770712022958401	445	0.7164747020264182	264	0.717641650361487	
444	181	0.45271818951248943	80	0.5457975252384848	438	0.5639849847864251	
445	160	0.31622827846396695	128	0.5019939634013675	471	0.543738218216325	
446	264	0.2137238097373031	443	0.5770712022958401	445	0.6833589998849741	
447	51	0.45838035754837836	453	0.609962913671679	85	0.6115100276436263	
448	161	0.32539562301415326	117	0.6998774589604951	463	0.7500748312031872	
449	302	0.7594410014826699	77	0.8141730699103586	48	0.865332546261668	
450	163	0.2784825722433365	145	0.29403720422732704	170	0.31844918563358904	
451	271	0.25025108002629814	270	0.490331244783361	138	0.5282301352588343	
452	280	0.3232272732856183	253	0.37506717794561	44	0.4363706596361445	
453	51	0.49676017533861394	447	0.609962913671679	497	0.7489093535677451	
454	361	0.38767089892983086	279	0.6557508313757994	396	0.6842973309405842	
455	362	0.4530173098374687	388	0.5389723276738181	133	0.5812035304535516	
456	480	0.4754139280089531	49	0.5624549274150152	324	0.567745836987649	
457	162	0.29543955395884397	22	0.5878737907673584	102	0.6049514171663118	
458	497	1.0332517677471673	453	1.0701829655350028	206	1.087347180628953	
459	218	0.4819669807958837	142	0.6485343355664482	492	0.7185079834329954	
460	216	0.29933273728679033	292	0.33887681689896115	26	0.5543014776456934	
461	334	0.6742043849355273	144	0.7447858695154378	260	0.7591221081394319	
462	322	0.1293799631037489	63	0.19367597720011723	474	0.452321899866282	
463	117	0.38265287575838264	386	0.6187528981820861	212	0.6229647513916924	
464	32	1.240626451008846	143	1.6090249609076481	296	2.0406159776852344	
465	149	0.3480406762810726	184	0.5087112462048834	101	0.5245651043536176	
466	348	0.6057030399048229	21	0.7244674211654731	243	0.8018275122523089	
467	172	0.2922089389444641	52	0.48425404306256825	429	0.6128760430460153	
468	81	0.4592513710858388	193	0.4639447176435464	84	0.5419338538530422	
469	287	0.4530947272051112	171	0.8178526791250342	143	0.8448812571619737	
470	381	0.9838487302828027	105	0.9994431880816661	468	1.565214981387589	
471	495	0.15787081483382423	325	0.4634504328276735	347	0.49379212066740147	
472	126	0.5959998020301122	59	0.6242266731806109	396	0.6427657025758544	
473	62	0.6694158088631647	15	0.9121193252062669	174	0.9330598081207504	
474	63	0.32013943278260143	77	0.3505022898585535	322	0.4301407003052783	
475	276	0.545085736788922	5	0.6128456850524671	246	0.7230605832240343	
476	434	0.4436643239068753	50	0.5468793771574695	256	0.6051416579562825	
477	269	0.5003626619052214	414	0.5287805496299063	314	0.5333021790616999	
478	437	0.6692965414146325	191	0.8297430572842619	248	0.9596787395424397	
479	73	0.09885487318922218	164	0.30545284793728333	372	0.40037319713161795	
480	456	0.4754139280089531	497	0.5362339799866882	240	0.8555334287719376	
481	79	0.41666878453499445	387	0.5197198918781825	352	0.807708620292732	
482	67	0.18042779889826646	237	0.33106881407402033	99	0.4952189375664947	
483	159	0.6217262641716408	68	0.6225147550648724	108	0.8754266633376188	
484	56	0.6751122291402735	144	0.7084121075694501	461	0.859297446829219	
485	286	0.3514055228346494	21	0.9501453263363994	243	0.955346884927215	
486	165	0.3025416644274119	431	0.7843101580715215	410	0.8757399514460864	
487	273	0.5298466352395272	401	0.5377852953630288	194	0.7214489484692209	
488	70	0.38442555990992916	326	0.5428090257319846	375	0.587179396338242	
489	411	0.9455059724572582	183	1.2755986814139348	243	1.42339283948224	
490	413	0.9937845872265983	392	1.0419835514279043	458	1.6521047130514976	
491	341	0.39987460903469113	379	0.7324559831998287	178	0.9833742557522112	
492	78	0.550638741247817	459	0.7185079834329954	411	0.7211980261838793	
493	426	0.47978398419530516	246	0.5034089137549156	276	0.625690163985815	
494	168	0.4814338676495753	351	0.504718405896731	150	0.6420105746194147	
495	471	0.15787081483382423	325	0.36917455608395866	408	0.38116748836132236	
496	396	0.38701908094178783	73	0.4398904324031081	290	0.44069384018789504	
497	480	0.5362339799866882	456	0.6063441003269054	453	0.7489093535677451	
498	98	0.1657849199374607	274	1.016251533340806	251	1.3018956719985992	
499	366	0.6446838941037165	281	0.6518288308221954	34	0.7154144912377881	
