-1.8152417172247592	0.7720425373864322	1.0822011340676592	1
-1.0682134299310606	1.5462366935474376	-1.2562993659980375	2
-0.4104200834863690	-0.0651313188783516	0.2131815720861869	1
2.1003966644588279	-0.4134239686797546	2.6172004708359213	4
-0.7709917018457290	-1.8588110862740432	-2.1534587377574250	3
-0.4240244969775336	0.2425237020786190	-0.9425671388020157	1
0.9576804208933398	-2.3665564152648364	-3.0972933193190952	0
0.0831462620014959	-1.8716867439169218	-2.4831721128671194	3
0.6215343182065313	-2.3818746886654099	-2.6187703416706212	0
0.1138417885034495	-1.2352184062497189	-2.4757538983934624	0
-1.4963031118344401	0.8824952958834988	-1.1132066632718738	2
-0.7496234397176730	-2.0803431822807497	-0.5788249774545063	3
-0.8205118419060460	-3.2483775376221553	-0.5625503935709264	0
-0.5927653220216347	1.2558703554326240	0.6829434890803882	1
-0.9543086240269405	1.8476229666940602	-0.2382581317441631	2
-1.8125624617414728	0.7942259992359374	0.1019734488604731	1
0.4455617074251819	-3.4684000179133636	-2.1355286283196024	0
-2.1591232629794299	3.4143485452582150	-1.2364780959351995	2
-1.4182709890739238	0.3207004095660919	-0.5327335002977085	1
-1.0865921395600311	3.1341613811417988	-0.5475745423142112	2
-0.9675168032383449	2.7974568157653383	-0.8038966446984942	2
-2.1403537247855544	-2.0605621226145541	-1.6258721192539198	3
-1.8364537367408194	2.1831885839967327	-0.9590945319459497	2
-0.2050678847333567	-2.4492001891125521	-2.0717889356233252	0
-0.9276308040071694	-2.4034446433557557	-0.3673351932054045	3
-1.4361113190471988	3.0978468966720598	-1.0017981007643257	2
-1.5745892087798308	3.0940522113289819	-0.9532508007794869	2
-1.9418583922181729	-2.0412044833620251	-1.6028629443564013	3
-0.3782188194773551	-2.2574280819421517	-2.5524500233464069	0
-0.7568124371207841	-2.7417292428586353	-1.5901198305677944	0
-1.7963616248413654	0.2070918229472125	-0.8943473546176979	1
-0.3137346556719447	1.4611256720082917	-0.5736685001543822	1
2.3148305549491655	-1.5171093352215563	3.5660080977285662	4
2.8599071445018796	-1.2624999862213317	2.1713305508123151	4
0.1456378104129015	2.0605114803859448	-0.0837786157726338	2
2.5719877046915900	-0.1233553664310262	2.4814208755448735	4
-2.0881549616560355	2.1701339262855686	-0.3224862052012761	2
-0.3982490975658954	-1.9088680147092272	-2.4849343890900570	3
-0.0785915812610416	0.4838373285097443	-0.9452365058100053	1
-1.4426170067792699	-0.9105364086415827	-1.9357165221941441	3
0.9194742480843957	-0.7179689675298111	4.5668337024906567	4
-0.6237367134015750	-0.4242677540634721	0.3541412564876252	1
2.4791289782003263	-1.5020590577401001	3.0530154331243273	4
-0.8143543526628523	-1.1507985905879368	-1.6303727656472282	0
-1.1842163109859107	-3.6040107675884459	-1.9134784033304966	0
2.6688807218559942	-0.1581052676817800	3.2211937371946888	4
-0.5100057132409972	-1.9265338822671558	-3.6356131335841368	0
-0.1888319932528144	-2.2487460444841698	-1.2971894648139850	3
-2.1612525359308705	0.1750384836082181	-0.2576307976070930	1
0.9421191067098841	1.3506222757143174	-0.3158040381007073	1
-0.0069121338925673	-2.0382335227846711	-1.2064631167382767	0
0.3811134490717838	0.9112802306451595	-0.4303896304471374	2
-1.4145331516269892	-1.8020669334369215	-1.4408265509189202	3
-0.8287635617434440	-2.6421614135645144	-1.1592108165411106	0
-1.3062652253508684	-1.2597804498849952	-2.5152947158764292	0
0.6534944662763685	-0.0730231337619798	4.3723467639353482	4
-1.8836179499637613	1.7093397767559921	-1.1337133709472054	1
-1.0922928015198590	-2.6413163879870050	-1.5232846891209744	3
0.3584203859889165	1.9848010115145653	-0.9507650607493238	2
-0.0172637678065559	-3.2688600866312174	-0.3863023404218796	3
2.5244219371573617	-0.6653498075904687	3.1323028658408063	4
-3.6356050919539769	1.6058268101986257	-0.2379282320987717	2
-0.3386139903260572	-1.4625508799885085	-2.5451819921048267	0
-1.5852007297543182	-2.2522266606758885	0.1363309732464602	3
-0.1970958383934530	0.8339448197085811	-1.2423045084511628	2
2.3780573590290999	-1.7885003006079820	2.9574463349829547	4
2.4067118150620503	-0.3133561251721901	3.1740990958924304	4
0.5648187289700687	-3.8731671683467508	-1.7051885730652390	0
-0.4445960788177354	0.6023249355000475	0.0656603790404243	1
-1.5756653950968362	3.3175016281421446	-0.3450052662524142	2
-0.9046884735443500	-2.7619666212521188	-1.6755971686377105	0
-1.4246294179946029	1.6014259370747608	-0.6001351169242244	2
2.0727969774574309	-0.6594462793287711	2.9629926132638000	4
-0.8499479398699198	-1.9295457668502449	-0.9203871749062271	3
1.6960909900255721	-0.6185645593648249	4.4500369583210553	4
2.2991769576458623	-1.8465546770811583	2.9262567273717743	4
-0.5682754540966539	-2.7439498319729272	-1.0014423651592557	0
-1.5414884485346008	-2.9665032353520271	-1.1757560547206476	3
0.5207760048390959	-1.8157960240193076	-1.5426331506288060	3
1.1593055180946132	-1.4460189103522918	2.6493153829133353	4
-0.3179211632351976	-0.1205212421560368	-1.3231233563602998	0
0.1535110580182585	-1.9201054935107755	-0.7334124818014649	3
-1.9443903527580588	2.0112846274552014	-1.1827804341232786	2
1.4462093656209556	0.1482079825124141	2.5927660730352393	4
-1.8849125549694998	1.9723688919804996	0.1385324557098612	2
-0.5858127616592089	-1.7119891834513261	-3.0667522790744051	0
-0.8110383900439770	0.0675454986888320	0.1931409226555626	1
-2.2985292471658534	-3.2075090313051322	-0.6887170490835683	3
-1.1237754193699141	3.4588175937323475	-0.5083481569259686	2
-1.3383961330775827	1.9031003483167515	0.4755773645818531	2
-0.2418719242846663	-1.0158439559982839	-1.6171193134702786	3
1.6119827913797291	-1.6896175524466170	3.7312147212811979	4
-0.1082509623788829	-1.0382825945490066	-1.7109901630177580	0
2.0383320373155129	-1.5083338727054012	2.6561485661070989	4
0.4295425791173536	-2.8377118422352838	-1.5934873246604071	0
-0.6347064505820462	-1.6177541354873801	-0.7790117743510703	0
1.3566767227130527	-0.7624246604020850	2.6157055056682448	4
-1.3740289027052586	1.0600306216741571	-0.6502591202355879	1
-0.5332004319565363	0.9548483652567027	-0.7981155658245181	0
1.6362956121303327	-0.1808533369961574	2.2805668630169569	4
0.3933822243068178	-2.0797726658693847	-1.8140587401778139	0
2.7072066515474007	-0.8449426232486732	1.3138379850750139	4
-1.3421066137817499	0.3876539717078157	-1.5543787631743307	1
-1.2047470525907515	1.1567912661602266	-1.2818608522624872	1
-0.1661099551935697	-2.3236346065519373	-0.6469332400983825	0
0.3168608279037379	-1.5760365293561787	-1.6868765678534980	3
-1.5011839290133191	-1.0526709653837329	-1.9420157215169294	3
2.4218250185176369	-1.8012608241511230	2.0868312697952822	4
-0.4204692191004989	-3.3755970077672233	-1.0702436793904220	0
-1.0013402066739672	1.9902398716912810	-0.5666052118255458	2
-0.6567997824934069	-2.4368549936681041	-2.4917171592389336	0
-1.2373356829458007	0.6021064895735568	-0.7297344982895738	1
-1.0705388502317379	1.6490507611589966	-0.1947555682030174	1
1.1776955520598353	-2.0354809391025928	-1.3188121429944182	0
2.8151696553640102	0.6170055928728116	2.9615097913345800	4
0.0776406618883898	0.9260209982552786	0.3184868655565248	1
1.2634517932504352	-0.9117582768865373	2.8952359808028159	4
0.4992438288789298	-1.8414501966977290	-1.2634094837371403	0
-0.8589447814537965	1.5595537741694976	-1.0619672292236189	2
-1.6361541021024748	1.7879276922211820	-1.6251896868774698	2
-1.2612153947939102	-1.4802151328189035	-1.8289106130384916	0
-0.5435285122657240	1.9050849646331567	0.3000981595415921	2
-0.1865013102835396	-1.5645933420668081	-0.7165840080703513	3
1.4388988413719370	-0.6397949577582073	4.2296198790251989	4
1.9403709632495438	1.2129214931789458	3.6580806231087504	4
-1.0165215743453984	-2.5133790555454762	-2.6658488220055516	3
-0.6307932167409165	-0.6040095651134970	-0.5687236853342992	1
-0.5508529547171159	-3.2840331213044949	-0.2041062891474380	3
-1.5480660716646799	-1.4265860420633178	-2.4435144947061067	3
-0.7914962584041163	0.9932039793102077	0.6901203218934472	1
-3.0559356593678269	3.7897322711213288	-0.2820626427090230	2
-1.4655008039145598	-2.6465376575170332	-0.6302287275527158	3
-0.2050941875386644	-3.1966273636284637	-1.8539546449728701	3
-1.5749989262307977	-2.2158474882645964	-1.4344829963630013	3
-1.1300008779037158	0.9986981413881451	-0.3747570949776236	2
-1.0503745866651155	0.2607401091465995	1.4711783134715306	1
1.0025216509484354	-1.2940613576029909	-0.2340330450864637	0
2.7273260991009511	-1.0361027429051091	3.1674589841712524	4
-0.1676987787808715	0.4034816330047509	-0.5399033572467810	2
-0.2489644097543592	-1.7237596714823180	-2.7274297747704268	0
0.7868278615049195	-2.2133604307483941	-1.4283658973908369	0
-1.2076841738329169	-4.0890730312960999	-1.6264815734620461	3
-0.5381862858760824	-1.5034158251818792	-0.7065806824137634	0
-1.4082144614529426	1.5057300133382474	-1.6843166199767015	1
-2.2116367347720143	2.7302292398229477	-1.0644968785732842	2
1.8975288861203854	-0.7846536146678538	4.4078117460412019	4
1.8953793286424223	-1.4753344175962892	3.7872384130683665	4
-1.9034043052721725	0.3747029833695774	0.3425842272929251	1
-1.3555079719723517	0.5625052892668738	-0.3025100089135167	1
2.5791263458100064	-1.1008140469005923	1.0694145338172780	4
-0.7901550254224886	-1.8411454173307795	-0.6070494285644696	3
-1.5403911967150621	-3.9018291581307132	-1.3446984918671401	0
-1.8355534550374062	1.3386312870749881	-0.2762511112049056	1
-0.9155639389353087	-2.5199774321234152	-1.5095838871698977	3
3.2802379707860783	-1.4351863435757024	4.5502347643881222	4
0.2174157851388278	-1.5428343397763620	-0.2086261395107731	3
-0.5506366686132848	-2.5881131975254821	-1.6114042058774132	3
-0.2522683903580077	-2.5539032416913754	-2.2878913037875632	0
0.3503732798601571	-2.0054912989943188	-2.4126067083505824	3
-1.5609920340521786	2.3111233951746089	-0.1515050254684855	2
-0.5629754743969996	2.0055831789591734	-1.9957997383214010	2
-0.1940137952816742	0.7697519953214087	-0.9056896729349418	1
-0.8877556891940831	0.1837945191268293	-1.2480651625573542	1
-2.2732858491650560	0.3256403008991304	-0.5272551538343502	1
-0.6139360561835548	-3.0103809133302333	-1.5344818986096764	3
-2.4471367526863435	-1.3526281750309437	-1.2011159565566345	3
-1.8087844075628630	1.4637035462970553	-0.5574292878729655	2
-0.1717894214942985	1.7967905804764306	-2.0818364810990495	2
1.4857875933946181	0.2228774413500773	4.9885551259771166	4
-1.2790094295806784	2.0178128796135821	-2.4214130570674026	2
-2.2201179049625428	1.6515766189647239	-1.1848380653220714	1
1.0178534861492055	-3.1760144596742852	-0.8500651452732770	0
-0.0523961633795826	-2.4389154543937810	-1.7107015374800683	0
-0.2245119276817923	-2.5076109680945855	-1.2891052699575101	0
0.1445443545963014	-0.0638311877656492	-0.6111263997641359	1
0.1789602572378614	-1.7265386960998281	-2.2531011664286846	0
-2.1241559314157188	-1.1318582330097562	-0.9547771597736581	3
-1.6412194923339105	-1.3716272347618128	-1.5318074439427503	3
-0.0487021861255514	-2.3676921748794308	-2.1645681763763176	3
-0.6384219673832560	0.3301859377803894	-0.9475335023290441	1
-3.3410499468549490	-1.7674949210712096	-1.6918439496323674	3
-0.1616157965321929	-2.4511152409763035	-2.2129523038279300	3
-0.3282361765662096	1.7317653039443455	-0.7315574535363851	2
0.3587443236680805	-1.8323556638784138	-1.6131583450015916	0
-0.3118683132169211	-1.8228452142752576	-1.2468753318494181	3
1.8483237353491568	-1.2005361576937168	2.3408371058685216	4
-3.0046442865401017	1.1799924510898347	-2.2761842159708312	2
-0.2221852658210479	-3.2654005766863148	-1.5619519262037533	3
-1.0306875902158921	1.0398156665898695	-1.0788825112410367	2
1.9499380883964237	-0.7977641982447067	2.6451826067136484	4
-0.3486490519094847	1.1753604960122366	0.0937660173670819	1
-1.7788746586502420	2.5617336736608034	-2.8219967312939236	2
1.0426914866194061	-0.8484533751828303	-1.5039185754748972	0
3.0034449057753614	-0.4848474793326927	1.6747503213673909	4
1.4154754965375693	-0.8782016157829763	3.4064726299365846	4
1.4718066403493748	-2.6834168440374762	-3.1624757500831091	0
1.1504658603885840	0.2886688211033980	2.7400926230447462	4
0.0963176419518508	-2.9375874634228945	-2.8853845001878349	0
-1.6539822086253815	1.0265829237172870	0.4792366219935325	1
2.3260390684334200	0.1951114129284487	1.7086112434758616	4
-0.0271130617713877	1.1543414212759222	-1.1298248451386148	2
-1.6510372388424179	1.2608430579424161	0.7637882545071988	1
-1.9572699516864944	-1.9147350496753361	-2.9724573054427128	3
-0.8858848141097717	-1.6664162811692620	-2.0168026800111303	0
2.2277918610169816	-1.7025025869934853	4.9714318604090071	4
0.3930051003309011	-2.1776307178597527	-0.7983487311982849	0
-0.7054324384524163	1.5849460742630188	-0.5018458648751422	2
-0.2761800347899843	-2.6085359995248392	-1.0522280773234054	3
2.1704828558505351	-1.2920564733858140	3.5936065117450204	4
-0.3273212323845138	0.1878371603794546	-1.0649606154874207	1
-1.3367426347568483	-2.9298426302876837	-2.0740986956779106	3
0.0090084900822028	-1.3336654601929125	-1.7419827974260100	0
-0.2521273548100537	-2.3591043157101481	-0.9783360511880952	0
-0.6513401466951293	0.5742058577180666	-0.7419867396635287	1
-1.4395734061162924	0.2523554909854880	0.4893046843077462	1
-1.5970829387040670	-1.5043893978582825	-1.0271184520380350	3
1.1655614035572168	-2.7564564735040564	-1.1853650474350652	0
0.6382910460878350	-1.9396246695089006	-2.3282490210433266	0
-2.9721364504747010	-0.2048698186704887	-0.0259377884852202	2
-2.4214524262246888	-0.0110651642418541	0.0877871188087309	1
-0.6761229562241675	-3.0145509762660829	-1.7793913008703348	3
-1.3661515105122928	-3.2045529749805022	-3.1996389927215612	3
-0.9077773401756559	1.6770603734544896	-2.0803337814283225	2
-1.0328026620436637	-3.0449868120520622	-0.3256841481275650	3
-0.8713048449476748	1.3586978389810516	-0.0102939458263531	1
0.3028054348255921	-2.2309087367732436	-2.6772089901271059	0
1.8997226419091398	0.0491994159076133	3.0603207790380220	4
-0.4290316244551822	-1.3935647504595865	-2.1857652249064192	0
1.8716782103885006	-1.2336246765288283	2.7781071497251348	4
-2.1215090492321558	2.0696633196904850	-1.3467282583065852	2
-1.0293867268552446	1.7476536052857137	-0.5233593681831142	2
2.2561891567581052	-1.8675397306456110	2.4161784397681623	4
0.7719854235565407	-0.8012566588251664	2.3964162670774711	4
-1.6104048306811132	1.4633951798416884	-1.0707048488379121	1
0.1030615911863784	-3.2069232700482875	-1.8530370085193415	0
-1.2585409222882444	2.9063244720500427	-0.7768904679578169	2
1.4195966884202080	-0.7075172650769580	2.6677859894008686	4
1.2003618668023663	-0.9237693371302937	1.2274032289377499	4
0.1567268165994871	1.2346434809236164	-0.4636898203365787	1
-0.5918091727759248	-1.4411114081944583	-1.8454725914524110	3
0.5593817877523197	-2.8258598899453728	4.0071421462898060	4
-1.8746494327507688	0.9199090575175249	0.4430328729622842	1
-1.7955056999829484	1.8835651472088553	-1.5938683414377306	2
1.6676048266704691	-1.0932035453400695	2.1568200341552060	4
0.1124034837280764	1.3307488404848105	-2.6033829220400904	2
-2.3886184702412576	0.6444220719519174	-0.1422570073911813	1
-0.0421341613862207	-0.8934608360714507	-0.4688925075800612	0
1.7427893964410346	-0.9472377645856181	1.7678486652515513	4
0.0852195116804375	-0.0180711496063759	-0.9771922858410297	1
0.2591178760069779	-1.8708551106238247	-1.2636509853679874	0
-1.7721942947719573	1.3749086988016244	0.5816334036018982	2
2.6991093769327432	0.3238691158311139	3.8879800930385451	4
-1.5804012711411297	1.5872920031601008	-1.2900296531281488	2
2.4441559514351194	-0.5111654601250634	3.8474222757304455	4
2.4943675761414781	-1.1523560833804936	3.4890700473785898	4
-3.1771966272871550	2.5297037023143707	0.2484970822685424	2
-1.4414242405814472	1.7066564749782362	0.0163004003263196	1
-1.3680596689575415	3.8672571184210551	-1.2907053784853453	2
-1.6425409067111523	1.8149962182288033	-0.6318124096425610	2
1.3109273497555969	-0.5093643528380364	1.9576962038076797	4
0.1934505619046428	0.8663899691359347	-0.0955801666558422	1
-1.5439879622198243	1.8507550311928449	-1.7390990909539905	2
-0.0756034705062996	-2.1226127696596384	-0.8449736473203947	3
-1.5786554039668466	3.0870526884606893	-0.5525175949782885	2
-3.5516636162484625	-0.6896370878576050	-1.0013687346970528	3
1.9185089242264817	-0.2652432827956503	4.3577547347576422	4
-1.3520476102805792	1.5105138921411707	-0.4193002155889566	2
-1.6888008386226989	2.1937492849464024	-0.0905396489403607	2
1.7841595042447682	-2.0235152669068119	3.0710119721863989	4
2.0608776916617901	-0.7571121956188810	3.9497119247608072	4
-0.1907023955147441	-0.9286425971690542	-2.4168011681808377	0
-1.5177019783836765	-0.8835345477489976	-2.4576776192658825	0
0.3013025210011693	-2.8344763381745945	-2.7701924003213767	0
-0.6773050703417636	-1.1079974389489848	-2.6518767582422016	3
-0.3787046894343964	0.9334513378039988	0.0294050741438969	1
2.7890556937319495	-1.9637644261616085	2.7906913209504616	4
-1.6390160573072006	0.4932941964903627	-0.2668721139912942	1
-1.7678655063220075	0.5456895646437726	-1.4704058772240174	1
2.7178106282556693	-1.8337774233252786	4.5298096220142927	4
-1.1261637418729813	1.7239887685071391	0.0930497367747621	2
-0.2635577742836317	3.2855591543667755	-1.0561073319159751	1
-0.2359114290497763	-2.2611462386043382	-1.5988427806184589	0
-1.1355296817414209	0.9192125464470975	0.1938640365156841	1
-1.3746670579699352	3.2544432368338003	-1.0981657188592839	2
-0.3431643259598389	2.0122988202733358	-0.0209589333936931	1
-1.3513281635299976	0.1885830227627665	0.0504422781260381	1
-1.9524649365339386	2.7247759498883592	0.4485147836436725	2
-1.4540363166766341	-3.0033741848644664	-0.8005732272431179	3
0.4914786907154642	-1.8372662956757049	-2.4938779274375400	0
-2.2663027511054672	0.9979907263663365	-0.8624730357762851	1
-1.1971496913237287	1.1607632634502971	-1.8142940842264594	2
-1.8263008955930031	-3.2222850948979733	-1.8628260898960267	3
-1.9695102093763808	-2.2389391226899420	-1.4578909645755960	3
0.4052279698297502	-3.1868713286021544	-0.4215456162958444	0
1.5078879637023725	-1.6152725000884314	3.3464249873352743	4
-1.5269406743421396	0.1529932077732079	-0.2983414945196207	1
0.9783782519572279	-3.4699048636389342	-1.5380037269018776	0
1.2842619291738069	-1.4327243445293090	-1.5484060208187582	0
-0.5864150837796273	-3.1624632237598185	-2.1573868387577142	0
0.7935554718091155	-0.9815847018076401	2.7548174691626244	4
-1.4693605216792187	-3.2350492945869531	-1.4495321431277892	3
3.1742889317291296	-0.4442718383567851	2.4565305562378463	4
-1.9344334616834882	1.9738364388253491	-2.0422529955247466	2
0.3336120224564195	0.4975223213432474	0.4118310056113149	1
-1.1442629630074310	-2.9299189762048723	-1.8030989610839261	3
0.1475356009225701	-2.5897209844203100	-0.6334383508205388	0
2.5424542740259413	-0.5984299166219268	1.9110520864612486	4
-3.0679978476234382	0.2680565571580673	-0.6231771778989863	1
-0.0742531864661049	2.0547975098552760	-2.3197297953565843	2
0.0214180399803378	-0.5317396086787752	-0.2429364818746218	1
-0.9444585505579927	-2.0387824160084778	-1.0968676535471302	3
-0.1717248304069713	0.4411944674030368	-1.3748272058864541	1
-1.3951920220149285	1.3840981905882050	1.1292639914506741	1
-1.5831614699126455	-2.0763769452433296	-1.4124942900180755	3
1.7298477590091492	-1.8021134570162816	3.0005937913905809	4
0.3245373728853898	-4.3226191028175371	-0.8511609996685261	0
-2.0317024811540012	-2.2276308155590843	-1.6018778741204398	3
-2.4043626790143482	0.8133387308468844	-0.2824335996034644	2
-0.3494500274985917	-2.4079048296476131	-0.6776694089136652	0
1.8959823148229722	-2.0615100715889598	4.7794272407440497	4
1.2254280006282383	-1.9750060171928303	-1.0739635759457276	0
-0.5562950848105509	-2.3509602198600317	-1.2350376346402792	3
0.1261877662485548	-2.0171726104099363	2.8277609425141734	4
0.7788612201240268	-1.8885573937621429	-1.3193739018007367	0
-0.2308193196852114	0.3040867651025552	-0.6818778721295315	1
-1.6871011843586885	2.1126643171629578	-0.0238731915319977	2
1.3441078168964844	0.0146764565834971	2.3056498624077433	4
-0.7850389048060830	-2.4265911254711354	-1.4003462727182299	3
-1.5244140243608268	-2.6923075710942559	-1.0456235115584129	3
-0.7159087527321450	-5.1761154533964833	-2.8421422057842789	3
-0.3859800611504141	-1.5242209327567033	-0.8829605802344828	3
-0.4833044237841442	0.6738820692577587	-0.3883494937178317	1
-0.5438130082397592	-3.8696455609554592	-1.6206503449772609	0
-1.7090741294421607	0.7450143448971482	-0.4397707860898142	1
-1.1494087355650988	-3.5997127627572083	-1.1404640937196227	3
-0.0234975394010489	-3.1175595593649321	-1.8591581286334529	0
-1.8476700127404353	1.7102923216424857	-1.1166489281231951	2
1.0776198876531327	-2.3364788343759089	-0.7195243538050238	3
2.0122072697567921	-1.0109909901267242	4.0420782083145692	4
0.7734701230558234	-1.9218428182773089	2.4079963124086206	4
-1.4094064050635255	-1.3675777374702243	-2.7729640606813057	0
-0.6013070544936292	3.1698526379205010	-0.5836130823038761	2
-0.6790711182949549	1.8017226832996962	-0.7522312138038889	1
-1.8534827592724654	-1.5657102525694924	-1.8454351479955953	3
0.0836590076750843	0.0175688084996440	-0.3674988330142740	1
3.2442075471868281	-0.3044729491570951	3.3822904641155658	4
-1.4707343836201172	-2.6121257008303842	-0.3890757256327524	3
-0.9405825555212250	-3.6204652402850002	-1.6239607006709562	3
0.1067653815785239	0.6574713052061906	1.1063251635111757	1
-0.0579856490226049	1.8286590072368814	-0.4427776680066445	2
-0.9349855668329068	-1.4491118310768893	-0.4416196444048529	3
-0.3112285821690963	3.4848391747968250	-0.1469979472813191	2
-1.1342062221594045	-1.7867456293308146	0.1097433249410403	3
1.1627256424205434	-1.6247452533691604	2.6660360223162658	4
-1.0265792186863965	-0.5764286047465822	1.4753410702621015	1
2.6815346016897070	-1.0757680929113778	3.2543073998159624	4
3.0224339998433467	-1.5449719672205835	2.2887935625047553	4
-0.8643684804966256	2.0578512306206687	-2.6329195736231643	2
-0.5381544525298200	-3.0450137405272697	-0.9527936537075569	0
0.7501917319893406	-2.7090776229515119	-0.8731357108148377	0
-1.5124931838552331	1.2687005894051351	0.5527080045548488	2
-0.8630480861813925	0.4421924388542039	0.3699677297732068	1
-0.9574735940374863	0.0666852129464468	0.6389721507547422	1
2.0376061435063448	-0.0433095593433205	3.6149754094395758	4
-1.8371016287328508	1.1692616771109774	0.7709639383942001	1
3.0673411333833656	-2.2489653042932347	4.1826588765850197	4
1.3540329459272205	-1.6610726665554738	2.5738377706849045	4
-1.2784295280130555	-0.2183196882492113	1.2933838869526464	1
-1.4855287480570538	-0.2824356224915900	-1.3168486197625040	1
-1.9938638385250262	-2.1803623589434191	-2.3911140305501370	3
2.0138718458040374	0.0286417854123268	4.6852321150157463	4
-1.5431268476331406	0.4612966919498105	-1.3681146152857224	1
0.0154253776143435	-1.2617681413598965	-1.3343721644355777	0
-1.3869484811060964	-3.2594994892220788	-2.0279462465618447	0
2.0001293365347919	-0.3386873678079901	1.9607018555100559	4
-1.7523519608146096	-0.1862685866942356	-0.9781211907265881	1
-1.4688182346243912	-2.2737947971304635	-0.8145622181801436	0
-0.6540507138744576	3.4709782335682915	-1.2022967914853275	2
0.1070898241171011	0.9745050453330835	0.2685918142398033	1
-2.0742956716986720	0.4075489520957304	0.3737205228694789	1
-2.4931645609118154	-1.6745536539372061	-0.0296920526168183	3
-1.5663256240341372	2.0286676879929644	-0.8359358072193784	2
3.4653411425724183	-2.0339950683127905	2.4198633828259362	4
1.9670702936183107	-1.1020458949321030	1.5334804984840522	4
-1.2036382179591816	0.8634736082814465	0.4053505843545518	1
3.0035047995051483	0.6229117386319646	2.8758517320768004	4
2.8047519717266716	-1.0096651054193355	1.6995742001525684	4
-0.9150539616313795	2.5317100108925281	-0.6302743555269417	2
-1.0249846590445078	-4.1359057356323756	-1.6390099811082131	3
0.1807909054623986	2.4420006588838503	-1.8817297002247253	2
-0.5484565922745426	1.7545386922093384	-0.3957692374725140	2
0.0604997670601951	-2.8585275847587353	-2.1171625403115493	0
1.4071865925596576	-0.7889544895522400	2.4864930951991639	4
-2.0786269423524359	3.0609266642200148	0.0965449930813030	2
0.1589086298097316	-1.2393596409228875	-1.7212700475694827	0
-0.8792322763327075	1.2092721712340815	0.2784991188467059	1
-0.7620974379070096	-2.3008127601918100	-2.0872375618862802	3
-0.5333625906149695	-0.2488795976334602	-0.3390310249035747	1
-1.9861654401923898	1.0239894314769020	-0.8130202171035371	1
-1.3521466464158338	2.3236393761279310	-1.7754625794968353	2
0.9179662705580951	-2.3019149309831626	-2.7382512533075349	0
-0.2193880435331772	-3.6854776271090888	-1.9497830745093414	0
-1.9058682797773732	0.2074395396309517	0.0610796449967966	1
0.0962413838071976	-0.0727145641734143	-1.4317543753574151	0
-0.3084518769611797	1.1476734656166414	-1.4388628157276220	2
2.5290853083697060	-0.5663311361931724	3.4562614331390362	4
0.4896262574578705	-3.0670113925895430	-2.5093894277817501	0
-1.7888858940734385	1.2514219672502747	-1.1668745230661914	2
-0.7041921379213676	-2.4146582478934251	-1.5367757966609248	0
2.8512201304641698	-0.1974316059875758	3.2165392000725102	4
-0.5730021557631726	-2.0931122296174358	-1.4639632455082179	3
2.1912307644879627	-1.4906706646409316	1.6624167390625137	4
-0.3748833364782854	-0.9795886682068152	-1.0841032236261772	1
2.4083241853438033	-0.6755216043949853	3.6478141557602326	4
1.6544898356639322	-1.1710921541898154	3.6384331069683098	4
-1.2698383067254797	-0.9998382888562681	-0.6978148966877237	3
-2.3004621969988981	-2.0073581333023225	-1.9054559828867630	3
-1.2928777580638080	0.5494243376147102	0.4375125803630678	1
-0.0105961719410720	1.9706650088769564	-1.3464752635422947	2
-0.0352176629314925	-3.0126719357169724	-0.7000993278128178	0
-1.1063509926856274	0.7628620681503889	1.0565138675901418	1
-2.1487640096251939	1.0144920174885477	-0.5190812741223791	2
1.9644318472833997	-2.1152013948864896	3.1842356990305793	4
-0.1250188875441305	-2.0388361058193585	-2.1793565163616400	0
1.0145795463703864	-1.9109096926958535	-2.0809958853566970	0
1.0195852901787772	0.4341062143221179	2.5591751557920985	4
-0.4396266482989375	-2.1969643903437408	-1.8559477267554212	3
-0.3555708803625371	1.4616181441532539	-0.4624948845659602	1
-0.8480782132117638	0.7042898135163846	0.0843218809285964	1
-1.5379446687049860	0.0934280910715045	0.4271405048667084	1
0.1938577633180137	-2.9299633808538723	-1.3205782627018039	3
1.0971914559265632	-2.5504163411283081	-0.6783061953920508	0
-1.6757631143153748	-3.4993971269505169	-1.9388022417103499	3
3.0578738388303752	-0.1674883083487724	0.0146170401727682	4
1.3413483414079912	0.9525571936671186	3.3309966957823010	4
-1.1223385886805222	-1.8380097995515776	-2.2403189428762018	3
-1.6270185643047677	1.6748976555367707	-1.8749607683682590	2
2.2922562725385403	-0.9153509059533975	3.2492513845182409	4
-0.8497180506469539	-3.3333779182278467	-0.7037457381785733	0
-1.0083034952682706	0.8842177921734125	-0.3425117319665560	2
-1.4825470399097742	-1.7393918071169361	-2.6362315206134466	0
-1.0746783788255523	0.5241253788428905	0.1406254339796669	1
-0.8297651324884975	3.1764515656449421	-2.2556473184153676	2
1.2632175719158687	-2.2564879654946832	-0.9192277110460301	0
-1.4237488294804728	-2.1533055499656979	-2.5623028886124284	0
-1.1864169716811379	1.8788263984831906	-1.5415136514122254	2
-0.3343447877036144	0.8240057652722604	-2.4773969338084454	2
-0.1283173118965230	2.4752117408446952	-2.1816842137792896	2
2.9675924218297118	0.8748775508811185	3.7217099202779584	4
-0.4999028200998114	-1.7101886500866104	-1.0273030706916424	3
-0.4917825348356246	1.2572151849133812	-1.3992623940243742	2
-1.0400218873847644	0.1627673098779732	-0.1580168980600526	1
1.7875386209995476	-1.5102450698313923	-1.1844702575516945	0
-1.2169656601339205	-2.9530527184373447	-1.6686459739716153	0
1.2133907807080329	-0.3836603415176159	2.8956914140392946	4
-1.3184581727532436	2.4314833966672356	-1.9349286024113852	2
-0.7233402878291904	0.6583151523557924	-1.8349460768830539	1
-1.2344312884738891	-2.3945048738121701	-0.6577887014127370	3
-0.0997699941693392	-1.7465543306485867	-1.0200827328559778	3
-1.4564950345977659	-1.8369576523655426	-2.5782776449692815	3
-0.8417999465628464	1.1605374001319466	-1.5957823221837595	2
0.3361774381844949	-2.4838376090819105	-1.0222744438918649	3
-2.1240312599157884	0.8980174021932029	-1.7144222420048960	1
-0.2246292134666768	-2.1840263386635361	-2.0576593078635828	0
1.4702713132155041	-1.0504758562456071	3.6199974089570879	4
1.5117078451075983	-0.8314430654028987	2.0723354318926335	4
-1.1228825741200645	-0.5865410265218428	1.2945311535538193	1
-0.8087117343947066	3.0986756392923289	-0.5175199960077771	2
-0.7696296769736738	2.9213788358752653	-1.4806531170280295	2
-1.9493996738531492	-3.1940729045704783	-1.2982409502609658	3
1.3623039776084056	-2.2911127078960671	2.9910658111399444	4
-1.2567495498400678	-2.0373806347527963	-0.8429044666143403	3
3.4716995217326176	-0.6658456646938357	2.1787005986831276	4
-1.0076651402089847	-1.9143985677230524	-1.3789630085664450	3
-0.8715507908618618	1.8108063040795286	-1.4960203004734924	2
-1.2938735467505764	1.8870339316473856	0.1532245253732113	1
-1.0864707786869863	2.0063002985102854	-0.7975353531381650	2
-0.0849936173861120	-1.7725675626661375	-2.1028482713956338	3
-0.3908733530473610	1.8948524443022194	-2.8961812836602898	2
-2.5905576672718529	2.3475431216446401	0.5989453480827805	2
1.6039629350249538	-1.3956673078007666	2.7653681508242514	4
0.0131798469685841	3.9012839296989252	-1.4212180385265019	2
1.2739598008292976	-0.6660612061890008	3.0031523669142377	4
-1.2284275956191448	1.3813645573485951	-2.1082265618491061	2
-1.4950608823588545	-1.6223536170757342	-2.9821288845474032	3
-0.8175176823223403	0.7198031638506310	0.4280776896222238	1
-2.3936353578811431	-1.7322352221546189	-0.8409918250188277	3
-1.6555745461433604	2.2614882082918188	-0.3484525007747092	2
0.0034063820768588	-1.2581618976475668	-1.8542968412534666	0
-0.0023782122844218	1.6297936728631153	-1.0731892865369441	2
-2.1869357452571490	0.4204280592280880	-0.7790548183867403	1
-0.7534108738087085	-1.7009608219347045	-1.4576592210565673	3
-0.8604907073460811	-3.2242138930021689	-1.1082856021546110	3
-0.7186732423955584	-3.4579790041841587	-1.5370251851211738	0
-1.3382275203922283	-2.3895304194353413	-2.5141419797617437	3
-0.3158614656541292	1.0188039405763238	-0.4097554895089512	1
-0.9258174280871896	-1.5971012330493228	-0.8637051578114135	0
-0.9565328217030304	0.5987253276127832	0.3456856944015979	1
0.2819157950764035	-1.7823652771659886	-1.5009750328845746	0
-1.1690717214791109	-2.2352956135707767	-1.5141511985541407	3
G3
0	364	0.5051034474890548	201	0.606032855121405	241	0.6587335200550879	
1	118	0.28589454568967654	474	0.40760201035881755	103	0.4134761911034709	
2	86	0.42249235862728035	41	0.44085439353874006	397	0.5948252199417136	
3	189	0.413688524255926	72	0.42527746921806076	35	0.5700649101073934	
4	203	0.26247107725572993	435	0.3625217561072538	396	0.4470233011945536	
5	209	0.1652945926553643	179	0.2316799681700771	324	0.33026829248307255	
6	400	0.36696994480861495	8	0.5849898221243403	195	0.6074331651584737	
7	175	0.2884110224373276	158	0.3070723275511421	423	0.40444474944017383	
8	400	0.3294558444908081	225	0.3574827203731514	158	0.5076378713621587	
9	270	0.4361322174894834	62	0.5110934803035615	175	0.5433325696478071	
10	103	0.43438168752359063	407	0.47391118628218165	188	0.4926719602574704	
11	150	0.24424373039500255	73	0.3866129855027721	24	0.42521653863864317	
12	438	0.16737440865019376	223	0.3775457558933301	127	0.4499660121427585	
13	129	0.3294527540482357	395	0.49780513787684383	485	0.6346953860591651	
14	112	0.23416417174565654	230	0.3113090261520034	109	0.36105866054595664	
15	241	0.3687445645386263	198	0.47060061499664435	147	0.49208266386404304	
16	234	0.515245509010089	406	0.5502966567983182	67	0.6027032822326841	
17	144	0.7073573551708	26	0.7242150942701676	283	0.8124478807238011	
18	295	0.3080169125261913	148	0.3397229049503858	276	0.3862632226383235	
19	467	0.2817446240891523	88	0.3291245387109363	235	0.3661445544863164	
20	235	0.31189186914032135	387	0.3217427751275158	19	0.4396020020838994	
21	316	0.20073057740265277	27	0.20075989982546572	292	0.29870307872588536	
22	82	0.3020540782455539	381	0.3346848906845911	229	0.4943727567610991	
23	181	0.14771204390824527	178	0.1992530441424557	157	0.24472607232728275	
24	457	0.422575078747497	11	0.42521653863864317	346	0.5822215494872647	
25	26	0.14679021056417177	283	0.1938672968519399	235	0.34466727177504985	
26	25	0.14679021056417177	283	0.2944392652636809	263	0.40081495667625516	
27	21	0.20075989982546572	316	0.20694856369766634	292	0.24673971205271877	
28	110	0.33688254687525787	37	0.35560328088863624	157	0.41683611532386483	
29	70	0.17199781671900247	156	0.2579910105716399	153	0.28436234467964483	
30	375	0.4045828938764403	490	0.45973129343086844	18	0.5353727854913118	
31	427	0.11878587890897438	182	0.31366387436680326	390	0.41573276946702936	
32	208	0.26878750214946767	254	0.41376072831878835	146	0.4760539123021425	
33	356	0.3464144308089462	386	0.538072136819799	107	0.699513629664269	
34	349	0.4733903273649964	284	0.49517502119137635	121	0.8040329599830343	
35	3	0.5700649101073934	301	0.6829155716773545	66	0.737034276651305	
36	487	0.4428833584949914	267	0.46242902775420924	325	0.5033056925863488	
37	139	0.3396395572124518	28	0.35560328088863624	423	0.43002824171974313	
38	161	0.3108591902741465	324	0.35332891096680064	209	0.4047423888341988	
39	106	0.15385706520132533	271	0.5280248481926108	120	0.6073284908859063	
40	123	0.6242004859433318	55	0.7242413562437215	74	0.7916162452063362	
41	2	0.44085439353874006	86	0.5503483452776906	362	0.6584403994602979	
42	65	0.3184297573047244	75	0.408812586561221	355	0.5130404262524682	
43	239	0.42435341900232443	491	0.5798470116335602	90	0.5883234979104763	
44	347	0.37874616384434306	373	0.415801925028378	432	0.5031933728311866	
45	409	0.18659015389870615	66	0.3083071028705431	405	0.491373522923516	
46	85	0.6126816532044994	139	0.966466220781445	28	1.1402197508052114	
47	173	0.26143729765119583	50	0.29264590763769205	281	0.30555680490706105	
48	163	0.32852650443536113	402	0.4096917047576515	219	0.4707994133737508	
49	51	0.7217192241037297	238	0.8075656845071323	260	0.9184138883255103	
50	47	0.29264590763769205	249	0.3194651019173258	458	0.3583810553537287	
51	260	0.386432234476484	238	0.39499627227301576	495	0.7055218974112794	
52	313	0.3232401728016397	473	0.42659942879595025	133	0.4438511609279655	
53	76	0.32110095079105655	327	0.32638735110095757	153	0.38108334970619473	
54	340	0.297744604343094	128	0.302397346237193	271	0.43541498507632503	
55	40	0.7242413562437215	123	0.9790103659162278	168	1.0770244868386791	
56	336	0.03980397896274806	82	0.3118838798237012	170	0.3452282382527889	
57	153	0.2148114174214156	70	0.27009434292225537	29	0.3565063147449476	
58	489	0.5207624507125004	418	0.5412574352297816	349	0.675148504167323	
59	419	0.4054913813074771	293	0.4318142115637487	127	0.5640417027747753	
60	405	0.33878547436729284	437	0.36066383382786826	66	0.3734998663354531	
61	255	1.1403054058983413	317	1.4649150019959312	307	1.5034041319541742	
62	139	0.3308796372351518	227	0.37698122920411264	37	0.4542962738454327	
63	346	0.6470564602324851	352	0.6486721355702472	24	0.841988534815764	
64	161	0.3426948572449807	200	0.37973648929613363	404	0.3866018607665889	
65	75	0.10278725588811753	42	0.3184297573047244	275	0.4769112910590081	
66	45	0.3083071028705431	60	0.3734998663354531	405	0.39823010010024634	
67	296	0.6013341319418792	16	0.6027032822326841	234	0.8239901371863287	
68	274	0.3395597394137962	428	0.4165848302288137	331	0.46124150281997095	
69	263	0.31012420177500666	88	0.5008549213362712	19	0.5602147865379112	
70	29	0.17199781671900247	57	0.27009434292225537	153	0.2936621409483161	
71	266	0.2150218134654683	258	0.30675907937800767	166	0.4103246285158525	
72	189	0.3677354396545805	3	0.42527746921806076	437	0.4422597022626968	
73	310	0.22805758131067158	150	0.33101413519034656	496	0.34567093941840066	
74	145	0.26447262396444	123	0.33938506153089754	265	0.42757650861159224	
75	65	0.10278725588811753	42	0.408812586561221	422	0.5007778926003914	
76	358	0.30645301254077656	53	0.32110095079105655	207	0.3259383815358938	
77	328	0.30398894231286966	287	0.3870006412378226	300	0.39022143757945793	
78	183	0.17748884589372954	498	0.24475950117827983	117	0.2812252252729504	
79	353	0.17953936259391987	366	0.2997728459268889	480	0.46230265762858685	
80	209	0.4022701411853101	403	0.43083267299582795	5	0.5365469072577438	
81	262	0.3254974004907019	205	0.3576218029776245	458	0.42006086507520796	
82	229	0.24831027647325762	22	0.3020540782455539	56	0.3118838798237012	
83	326	0.3327027398052701	196	0.359024484405334	99	0.4918154937014342	
84	325	0.2918693867573329	267	0.3740897122444132	256	0.5312491401510463	
85	139	0.47827305851011986	46	0.6126816532044994	62	0.6287783902398021	
86	361	0.4175321041345235	2	0.42249235862728035	451	0.42989818612120123	
87	469	0.7025605842698937	287	0.8759858159639826	77	0.9318806562469196	
88	19	0.3291245387109363	467	0.47859322557906714	69	0.5008549213362712	
89	475	0.32580936662980065	279	0.47270596773685686	256	0.5100395241585156	
90	92	0.1648326131425523	488	0.4184884850292399	211	0.4237244157078885	
91	146	0.3596797370651181	294	0.4054948326544922	414	0.5284731453968683	
92	90	0.1648326131425523	488	0.28522109762247533	211	0.3193138892924061	
93	228	0.34367504508112723	480	0.46184325215153216	185	0.4798582135801533	
94	430	0.3722056352004768	234	0.5570215007514299	335	0.5950975296987279	
95	142	0.16623974999263563	330	0.28533950139674175	449	0.297262049577251	
96	236	0.09841809250236197	392	0.14124774619755037	116	0.3303463379766674	
97	134	0.37311220289319996	111	0.4844542112574927	333	0.5057626888226276	
98	161	0.4010990266538091	213	0.40248746051278084	495	0.4496110438631324	
99	326	0.35246952310711593	83	0.4918154937014342	374	0.5095097480163852	
100	183	0.3205868459822103	78	0.39948052946642665	498	0.4459790661827421	
101	149	0.3763211044894865	386	0.43062862566682447	193	0.589646784463311	
102	371	0.283772298596917	277	0.4618412376418442	162	0.584654993139735	
103	188	0.2918564617425661	1	0.4134761911034709	10	0.43438168752359063	
104	318	0.20410723820297796	262	0.2963464283075832	212	0.3442163803521177	
105	183	0.26997796636042853	498	0.27991443013154843	78	0.34622561730518137	
106	39	0.15385706520132533	120	0.5031616818550116	177	0.538157868808468	
107	231	0.37456333311747547	411	0.5742539952609682	356	0.6835231483368623	
108	358	0.3700400238883113	492	0.4668864374143065	187	0.5415134158405838	
109	476	0.24664525490578307	230	0.24800182849168134	14	0.36105866054595664	
110	28	0.33688254687525787	125	0.4069121963732306	396	0.43954388882042816	
111	18	0.38824780756449395	148	0.44503225645130207	97	0.4844542112574927	
112	14	0.23416417174565654	279	0.302558634133556	230	0.34553795086738487	
113	320	0.25668350864853834	323	0.425036078561628	140	0.4431937388662581	
114	385	0.20698384524450425	448	0.817089274504093	45	0.8304414789460293	
115	378	0.07554781348863791	260	0.43407291984269636	303	0.5077849761749336	
116	482	0.26855802941632034	96	0.3303463379766674	236	0.343262461946141	
117	249	0.24191978118521365	78	0.2812252252729504	323	0.2890276623286709	
118	1	0.28589454568967654	342	0.43236178658107843	474	0.501685971421202	
119	261	0.1594278024693203	242	0.18846878050153257	436	0.27430792987591723	
120	203	0.4591811638938768	177	0.4944337557634792	106	0.5031616818550116	
121	284	0.39334243976376226	279	0.6443048132685697	14	0.6796099453308958	
122	330	0.2628742422642387	142	0.3571065347398798	458	0.3643399490957051	
123	74	0.33938506153089754	145	0.512911191044102	265	0.6218788708796706	
124	434	0.7304803662341011	448	1.0832849668254758	251	1.1911976646805222	
125	494	0.37662735743943787	110	0.4069121963732306	444	0.553361298852396	
126	397	0.4340146759792924	246	0.6635267784815136	412	0.687143069517815	
127	12	0.4499660121427585	223	0.5515431389778558	59	0.5640417027747753	
128	54	0.302397346237193	340	0.36227820756173235	440	0.37320241457880476	
129	13	0.3294527540482357	485	0.37959381123027414	395	0.4730909925171528	
130	393	1.2765710645646808	17	1.3623855083329757	255	1.3725413794559032	
131	346	0.2436520951162704	457	0.3430352710541202	287	0.3955767817905614	
132	335	0.1981316141560428	187	0.30047869734760074	234	0.30832909643318485	
133	313	0.14142900231822497	292	0.3958791597008487	499	0.41412817771290455	
134	439	0.17016394075232458	97	0.37311220289319996	148	0.4963237805724447	
135	367	0.5595696595199802	420	0.6536102985899899	354	0.8375171661541654	
136	155	0.8239688877858302	320	1.1040181913451523	246	1.1432171758763527	
137	355	0.10589073862373465	254	0.41378519616885645	60	0.42410351405584534	
138	324	0.1844459414721391	38	0.42271987388116267	331	0.44237076376530593	
139	62	0.3308796372351518	37	0.3396395572124518	7	0.4379974000512655	
140	323	0.3426948136653022	113	0.4431937388662581	78	0.4918313258585026	
141	388	0.18902215716025914	151	0.47450599172844715	347	0.5393912226766914	
142	95	0.16623974999263563	330	0.23390052522747373	122	0.3571065347398798	
143	436	0.33591385489101494	119	0.36754320013309283	261	0.37480371607340984	
144	22	0.6716587048590973	17	0.7073573551708	229	0.7239646995865071	
145	74	0.26447262396444	338	0.4451300482118757	269	0.4871312023389225	
146	91	0.3596797370651181	208	0.3831005987028172	414	0.4156129470958044	
147	379	0.17678287723336233	402	0.3274568072820971	429	0.4688561347303107	
148	276	0.29400181864750113	18	0.3397229049503858	333	0.4209027251587492	
149	101	0.3763211044894865	386	0.6755118486594036	383	0.768095923720573	
150	11	0.24424373039500255	95	0.3219300740719825	73	0.33101413519034656	
151	141	0.47450599172844715	334	0.5346524952406386	388	0.6380086174243562	
152	166	0.30890260433343875	421	0.5119898491335032	266	0.5327143494438923	
153	327	0.1941407819487714	57	0.2148114174214156	408	0.23771741369221555	
154	278	0.6896495856032556	365	0.9179723817070006	204	1.164692140292673	
155	122	0.6493409508006615	81	0.6494752055646874	246	0.7461840955174038	
156	408	0.24338303385500937	29	0.2579910105716399	327	0.35437161178957355	
157	181	0.15620217531551758	23	0.24472607232728275	178	0.30219588789945984	
158	288	0.23412688817406885	7	0.3070723275511421	217	0.3071665222597247	
159	267	0.18392539088669801	487	0.22404868087061713	325	0.267543283358517	
160	167	0.45168927181698476	222	0.4836957357938084	308	0.5883895027418288	
161	38	0.3108591902741465	64	0.3426948572449807	98	0.4010990266538091	
162	179	0.4170336090616981	5	0.5584127309465504	102	0.584654993139735	
163	490	0.2825670374311756	48	0.32852650443536113	245	0.512978560765003	
164	220	0.252715680710998	29	0.3093266230854959	70	0.40762746245181	
165	176	0.46231891699255634	486	0.5259784212188915	177	0.8713325740693216	
166	152	0.30890260433343875	258	0.3956972222957471	71	0.4103246285158525	
167	308	0.36424459051495844	160	0.45168927181698476	447	0.6871060070103363	
168	370	0.6392224312858984	265	0.9074242255197349	74	1.0209084073007018	
169	357	0.46718860512029126	222	0.60849043289784	455	0.6398020198774732	
170	56	0.3452282382527889	336	0.38316409616972347	82	0.45323257634796305	
171	359	0.5387068545350181	216	0.557021145930686	431	0.6535814075086293	
172	281	0.2789124025622021	23	0.3921715687900219	178	0.4594358790034916	
173	47	0.26143729765119583	207	0.26261427922250535	212	0.34553486792574334	
174	344	0.26398366643064325	248	0.3736544540462371	324	0.5303463763001679	
175	7	0.2884110224373276	477	0.3071908803206898	158	0.36419637132997545	
176	165	0.46231891699255634	215	0.6494756893032231	486	0.6678463841244133	
177	343	0.4255422999446979	120	0.4944337557634792	52	0.4949167143611401	
178	181	0.14849213838220485	23	0.1992530441424557	463	0.2758857816355206	
179	5	0.2316799681700771	213	0.31931500485476383	209	0.3617125497532656	
180	416	1.0890304525050638	165	1.100912884322322	21	1.237704360788814	
181	23	0.14771204390824527	178	0.14849213838220485	157	0.15620217531551758	
182	31	0.31366387436680326	342	0.35833866052615476	427	0.3822582111554848	
183	498	0.14486806786439863	78	0.17748884589372954	105	0.26997796636042853	
184	449	0.31025869061707356	458	0.3197512765033902	50	0.3755310132077547	
185	243	0.2793597972339931	228	0.43914163186542604	93	0.4798582135801533	
186	462	1.0819268673319817	302	1.3528722417151928	170	1.4243980101493032	
187	132	0.30047869734760074	335	0.38686600496199364	234	0.4403812422566609	
188	103	0.2918564617425661	10	0.4926719602574704	1	0.5379100162136352	
189	72	0.3677354396545805	3	0.413688524255926	228	0.46235040734348964	
190	274	0.25212241706088956	378	0.5278303652137527	495	0.5283170343166321	
191	169	0.8403465698665917	302	0.9888488223179425	455	1.0078880594698052	
192	297	0.633804368184873	394	0.9905157792822835	105	1.0438778752055566	
193	306	0.5303318365021705	386	0.5617193673446176	101	0.589646784463311	
194	464	0.2797745998265978	414	0.443529463171327	482	0.4771765711756089	
195	6	0.6074331651584737	400	0.795141049461749	8	1.053331032679473	
196	425	0.26648243649781794	83	0.359024484405334	326	0.5489166925912474	
197	272	0.2567487578557653	406	0.5592982343489497	225	0.7650941604103939	
198	241	0.247758045231888	360	0.2898933462913758	201	0.36858664503802996	
199	374	0.6743203751465019	306	0.8470688743100321	35	0.8712901632932003	
200	64	0.37973648929613363	404	0.41797183856193243	161	0.47539610518078923	
201	364	0.20750565519893233	250	0.2467192581345601	360	0.2526085269600499	
202	484	0.5470079207288473	440	0.6075811666441923	369	0.6402007366801276	
203	4	0.26247107725572993	435	0.36785084317525374	239	0.40816267327824624	
204	319	0.5252139782162402	278	0.6725932473232394	145	1.1265824434575331	
205	81	0.3576218029776245	461	0.38358150140783936	262	0.4741253527176415	
206	390	0.2542741104128806	342	0.3322346164746457	230	0.36315692537891403	
207	212	0.26125605797996404	173	0.26261427922250535	76	0.3259383815358938	
208	32	0.26878750214946767	254	0.3678931684440675	146	0.3831005987028172	
209	5	0.1652945926553643	179	0.3617125497532656	80	0.4022701411853101	
210	304	0.3323992870261194	373	0.33663677786235274	453	0.4234113146584289	
211	488	0.13544968073797115	394	0.1783049563112096	92	0.3193138892924061	
212	207	0.26125605797996404	318	0.3197712034508127	262	0.3238432705004339	
213	179	0.31931500485476383	98	0.40248746051278084	331	0.4040181345449486	
214	429	0.19697514805754177	417	0.3353385376394593	285	0.45216629916650203	
215	177	0.5237220692945558	52	0.5413785468871986	176	0.6494756893032231	
216	359	0.5217891127499624	431	0.551575620675546	171	0.557021145930686	
217	288	0.24385249438359785	158	0.3071665222597247	424	0.4511670405128641	
218	219	0.5947659146096119	307	0.7678174605236382	48	0.9249565889717006	
219	48	0.4707994133737508	402	0.5606109228687617	218	0.5947659146096119	
220	164	0.252715680710998	29	0.3417106671107815	70	0.3561099184122599	
221	125	0.9406882722370196	494	1.0653392276868539	210	1.1589528099640447	
222	483	0.43707048536604215	160	0.4836957357938084	474	0.600518593267097	
223	12	0.3775457558933301	438	0.5095291659203361	127	0.5515431389778558	
224	395	0.3252572959262404	112	0.3975237079831	279	0.45724220853895053	
225	158	0.3508419710601777	8	0.3574827203731514	7	0.46361719348428027	
226	363	0.5789745499938392	66	0.6335850751463162	83	0.6588508109854071	
227	62	0.37698122920411264	239	0.3802055908086212	477	0.5185368869695206	
228	480	0.31319572970509946	93	0.34367504508112723	185	0.43914163186542604	
229	82	0.24831027647325762	242	0.449431790389568	170	0.459051881966267	
230	109	0.24800182849168134	14	0.3113090261520034	112	0.34553795086738487	
231	107	0.37456333311747547	93	0.4838142560999121	75	0.5123164871277339	
232	299	0.4017896112688706	96	0.6256673313931146	392	0.641674141162172	
233	252	0.25368091412326205	407	0.2933201989075306	336	0.3454906998291251	
234	335	0.15505016747361255	132	0.30832909643318485	391	0.43926456600304264	
235	20	0.31189186914032135	25	0.34466727177504985	19	0.3661445544863164	
236	96	0.09841809250236197	392	0.1991309757359111	116	0.343262461946141	
237	247	0.7660676612607723	383	0.8445754186247442	259	0.8469262341971224	
238	51	0.39499627227301576	260	0.5219808421255995	495	0.5223363894489624	
239	227	0.3802055908086212	203	0.40816267327824624	43	0.42435341900232443	
240	470	1.4010887589744412	322	1.4941794404181479	91	1.5732614106479403	
241	198	0.247758045231888	15	0.3687445645386263	364	0.41367299907051763	
242	119	0.18846878050153257	261	0.29228350402908193	436	0.38851382143683333	
243	185	0.2793597972339931	465	0.3161646180976251	247	0.4222054648031271	
244	446	0.6872008669477797	167	0.7549643705840808	308	0.7997163774879505	
245	317	0.22006861376938328	163	0.512978560765003	48	0.5341603996554104	
246	309	0.4312044227481861	126	0.6635267784815136	412	0.7047157172440259	
247	383	0.35943833359002814	465	0.39939865646372036	243	0.4222054648031271	
248	174	0.3736544540462371	403	0.4579673325098923	209	0.4693520824751949	
249	117	0.24191978118521365	498	0.2543086692760335	50	0.3194651019173258	
250	201	0.2467192581345601	360	0.28206649610151924	364	0.2869663933928212	
251	448	0.6350899237456363	363	0.8043247258436148	45	0.8232964971927871	
252	233	0.25368091412326205	336	0.3415004163776201	56	0.3623131151791406	
253	413	0.2610368923706783	405	0.40405822880148745	269	0.46674960462082044	
254	355	0.3098559607741687	208	0.3678931684440675	437	0.39310739528461414	
255	479	0.7072069948536819	61	1.1403054058983413	393	1.229692085573352	
256	475	0.270287717338874	279	0.3249308404724903	112	0.430603080448035	
257	283	0.6423830878724304	377	0.8213780011507046	25	0.8246760161008283	
258	381	0.3051731111074788	71	0.30675907937800767	166	0.3956972222957471	
259	465	0.3964715084557127	99	0.5639410042446386	392	0.6058569457540083	
260	51	0.386432234476484	378	0.38957448376630394	115	0.43407291984269636	
261	119	0.1594278024693203	436	0.23723046356875951	242	0.29228350402908193	
262	104	0.2963464283075832	212	0.3238432705004339	81	0.3254974004907019	
263	69	0.31012420177500666	26	0.40081495667625516	235	0.4306729103582221	
264	307	1.1376021040224853	218	1.2338219368987626	180	1.2972631378387716	
265	74	0.42757650861159224	370	0.4502265593100049	145	0.5222384122536068	
266	71	0.2150218134654683	112	0.3858237223541007	230	0.41373130952552734	
267	325	0.10498608178439892	159	0.18392539088669801	487	0.26872213788455424	
268	422	0.23178454661393944	314	0.23859431527162137	470	0.505926738217804	
269	338	0.2745082559900524	253	0.46674960462082044	413	0.4674594672008627	
270	9	0.4361322174894834	62	0.5686981011874813	273	0.5693951663488305	
271	54	0.43541498507632503	39	0.5280248481926108	106	0.5429430601042479	
272	197	0.2567487578557653	406	0.3969339639414613	8	0.5747393295450067	
273	62	0.5018003221962714	270	0.5693951663488305	227	0.6003735127771914	
274	190	0.25212241706088956	68	0.3395597394137962	495	0.45177022726491656	
275	65	0.4769112910590081	75	0.5216294477567194	42	0.6148498646476777	
276	148	0.29400181864750113	333	0.31331312994930965	295	0.3596609185044642	
277	371	0.26094659212133653	102	0.4618412376418442	462	0.5572548209088536	
278	365	0.6442563081333268	204	0.6725932473232394	154	0.6896495856032556	
279	475	0.241518755086181	112	0.302558634133556	256	0.3249308404724903	
280	377	0.4563291891731251	341	0.5922105961117243	468	0.7543044469743686	
281	172	0.2789124025622021	47	0.30555680490706105	426	0.3342486402784168	
282	384	0.2290680288699451	428	0.37525939260853775	395	0.3962146427278819	
283	25	0.1938672968519399	26	0.2944392652636809	235	0.487739418772701	
284	121	0.39334243976376226	34	0.49517502119137635	390	0.49906709195443233	
285	451	0.37554397443621146	295	0.3921179783504886	429	0.4310240539209624	
286	393	0.5027891087984574	479	0.7563704743330429	267	0.8013037855240789	
287	77	0.3870006412378226	131	0.3955767817905614	328	0.4022003254403879	
288	158	0.23412688817406885	217	0.24385249438359785	175	0.4097582472788633	
289	398	0.285654383666199	421	0.3633256808006275	490	0.5889281408471015	
290	483	0.3688353827496816	460	0.4171581022428647	143	0.4247876374504685	
291	432	0.3243841511923695	373	0.4708291849468648	300	0.5462428413798016	
292	316	0.15725134848166566	27	0.24673971205271877	21	0.29870307872588536	
293	59	0.4318142115637487	419	0.5494815320826522	305	0.6840266233808755	
294	91	0.4054948326544922	314	0.45141434404200964	414	0.5514136654788934	
295	18	0.3080169125261913	276	0.3596609185044642	285	0.3921179783504886	
296	67	0.6013341319418792	171	0.7491257275986367	16	0.8005821272686453	
297	452	0.6258962623080625	192	0.633804368184873	113	0.6537470870047507	
298	220	0.4156996054844691	132	0.4885119349494531	335	0.6386179330301318	
299	232	0.4017896112688706	116	0.4953742433076159	79	0.600502223665569	
300	77	0.39022143757945793	453	0.43730550643872407	469	0.5049808681501851	
301	472	0.4633977825569746	35	0.6829155716773545	193	0.8012580105551532	
302	436	0.4602770954016751	242	0.47801530005007686	261	0.5094104541651296	
303	115	0.5077849761749336	378	0.5471218248891249	260	0.6427866476161805	
304	453	0.1545912608867906	70	0.31915613203049925	210	0.3323992870261194	
305	104	0.4115308097762964	461	0.4449612783305755	419	0.4655426387621541	
306	193	0.5303318365021705	386	0.531636491525865	374	0.6033635960643792	
307	218	0.7678174605236382	163	0.8025484924523929	490	0.9076262125309126	
308	167	0.36424459051495844	447	0.4457887816780434	160	0.5883895027418288	
309	246	0.4312044227481861	344	0.5666828518352014	174	0.6079985159092178	
310	73	0.22805758131067158	473	0.31471289139956415	471	0.4025232086977657	
311	64	0.4152815823244574	209	0.429438551106117	38	0.4416337682877264	
312	201	0.4628402715747761	360	0.599577330252997	364	0.6081264309770723	
313	133	0.14142900231822497	52	0.3232401728016397	27	0.4076037398023163	
314	268	0.23859431527162137	422	0.43217832147498825	294	0.45141434404200964	
315	67	0.9945377155258126	59	1.2013865560463315	293	1.2169648132550461	
316	292	0.15725134848166566	21	0.20073057740265277	27	0.20694856369766634	
317	245	0.22006861376938328	421	0.40223804690190557	163	0.5612205335809365	
318	104	0.20410723820297796	212	0.3197712034508127	262	0.42938817456652273	
319	204	0.5252139782162402	278	0.8885791419030358	91	1.1479151802588405	
320	113	0.25668350864853834	443	0.32342437571118127	323	0.5168379649166837	
321	327	0.29218267384102525	408	0.34201885257073783	410	0.3452124673345687	
322	339	0.777344558988917	353	1.1200736355731997	79	1.1938976740115748	
323	117	0.2890276623286709	140	0.3426948136653022	78	0.34892246626263046	
324	138	0.1844459414721391	5	0.33026829248307255	38	0.35332891096680064	
325	267	0.10498608178439892	159	0.267543283358517	84	0.2918693867573329	
326	83	0.3327027398052701	99	0.35246952310711593	196	0.5489166925912474	
327	408	0.15903335589185844	153	0.1941407819487714	321	0.29218267384102525	
328	77	0.30398894231286966	287	0.4022003254403879	131	0.42204085005050956	
329	388	1.6202133571994994	141	1.7033305801349308	332	1.7968090858922774	
330	142	0.23390052522747373	449	0.2615284715798911	122	0.2628742422642387	
331	495	0.38401361720261973	213	0.4040181345449486	138	0.44237076376530593	
332	493	0.45501496987892104	347	0.4685380073315194	401	0.49749144639013215	
333	276	0.31331312994930965	148	0.4209027251587492	97	0.5057626888226276	
334	492	0.47487733525266995	347	0.5270749545640641	151	0.5346524952406386	
335	234	0.15505016747361255	132	0.1981316141560428	391	0.3751258292979706	
336	56	0.03980397896274806	82	0.3229931398921952	252	0.3415004163776201	
337	431	0.21874926208577558	443	0.2841240405199685	359	0.5192643867740169	
338	269	0.2745082559900524	145	0.4451300482118757	146	0.5424084325490639	
339	353	0.5535081881232392	366	0.6576911529073798	79	0.6584164618287073	
340	54	0.297744604343094	484	0.3405838543625239	128	0.36227820756173235	
341	467	0.22902218764723814	19	0.4879285357129001	20	0.5668448432292128	
342	206	0.3322346164746457	182	0.35833866052615476	390	0.3825593078109872	
343	177	0.4255422999446979	27	0.541060338588878	120	0.5986343681940504	
344	174	0.26398366643064325	138	0.49176494883773936	324	0.5289833060411921	
345	409	0.4397390594224646	45	0.6151232474474808	405	0.7651413142857374	
346	131	0.2436520951162704	457	0.41881337189769074	376	0.5436085240001853	
347	493	0.2884498293257079	44	0.37874616384434306	332	0.4685380073315194	
348	303	0.7479072210330703	115	0.8328603548361933	378	0.8957162843910108	
349	182	0.4072069521827219	31	0.46649835674598267	427	0.4729320603571533	
350	496	0.4473713205961007	150	0.44948106963855394	142	0.4802113543080452	
351	341	0.6115511545653727	467	0.7306834824286872	88	0.8896535614138683	
352	63	0.6486721355702472	350	0.6765253692198185	150	0.796945678442738	
353	79	0.17953936259391987	366	0.21544995457805227	480	0.5069851331988277	
354	466	0.20510685830074066	367	0.47410862778562196	135	0.8375171661541654	
355	137	0.10589073862373465	254	0.3098559607741687	437	0.4210663305334761	
356	33	0.3464144308089462	382	0.67267349307171	107	0.6835231483368623	
357	169	0.46718860512029126	478	0.5657499165100728	222	0.6724857349681018	
358	76	0.30645301254077656	108	0.3700400238883113	492	0.400238806024431	
359	431	0.42841656228741753	461	0.49435135382288997	337	0.5192643867740169	
360	201	0.2526085269600499	250	0.28206649610151924	198	0.2898933462913758	
361	497	0.18393357029222376	485	0.28725859385275954	441	0.322642644515095	
362	86	0.4692648431414844	361	0.4714713477513047	214	0.5378606059809341	
363	226	0.5789745499938392	66	0.6352448884780383	253	0.6619693617318441	
364	201	0.20750565519893233	250	0.2869663933928212	198	0.37282003141570674	
365	278	0.6442563081333268	154	0.9179723817070006	32	1.2174331657982258	
366	353	0.21544995457805227	79	0.2997728459268889	480	0.41181171719905035	
367	466	0.39972881437961183	354	0.47410862778562196	135	0.5595696595199802	
368	375	0.44179067081774714	30	0.717468825926822	102	0.725265842214874	
369	444	0.5958765136960841	416	0.5998306050617528	202	0.6402007366801276	
370	265	0.4502265593100049	168	0.6392224312858984	74	0.7584045666738403	
371	277	0.26094659212133653	102	0.283772298596917	10	0.494549077635101	
372	394	0.41325483242897176	211	0.4139526893593487	90	0.4545619394510877	
373	210	0.33663677786235274	432	0.3858904281586398	44	0.415801925028378	
374	99	0.5095097480163852	306	0.6033635960643792	3	0.6683034703513593	
375	30	0.4045828938764403	368	0.44179067081774714	18	0.752992598658165	
376	457	0.3067345736917868	471	0.3188543025978988	131	0.41584502050952626	
377	280	0.4563291891731251	468	0.6268175481152883	341	0.690092783591914	
378	115	0.07554781348863791	260	0.38957448376630394	190	0.5278303652137527	
379	147	0.17678287723336233	402	0.4076222293047953	15	0.540249834994908	
380	486	0.8194147583900921	63	1.088883862733537	176	1.1342257905821007	
381	258	0.3051731111074788	22	0.3346848906845911	476	0.4819082564026595	
382	356	0.67267349307171	275	0.7744725373465534	33	1.0116934102284618	
383	247	0.35943833359002814	411	0.4667994028126547	243	0.6915995443689406	
384	282	0.2290680288699451	417	0.32806254573121574	497	0.3670321894180684	
385	114	0.20698384524450425	448	0.8833190499245586	409	0.901233473821197	
386	101	0.43062862566682447	306	0.531636491525865	33	0.538072136819799	
387	20	0.3217427751275158	235	0.5289759645522363	109	0.5519864016348921	
388	141	0.18902215716025914	347	0.5225218657288726	332	0.550234235935942	
389	447	0.43199950949691546	308	0.6378227424455769	418	0.7384332199682578	
390	206	0.2542741104128806	427	0.3570149258971076	342	0.3825593078109872	
391	335	0.3751258292979706	234	0.43926456600304264	157	0.4687944340135098	
392	96	0.14124774619755037	236	0.1991309757359111	465	0.42925114022857647	
393	286	0.5027891087984574	69	0.716775879649324	263	0.8197172387823085	
394	211	0.1783049563112096	488	0.20550085582731212	92	0.3345323636110974	
395	224	0.3252572959262404	282	0.3962146427278819	129	0.4730909925171528	
396	426	0.4102034640339045	110	0.43954388882042816	4	0.4470233011945536	
397	126	0.4340146759792924	2	0.5948252199417136	309	0.6300995914395007	
398	289	0.285654383666199	421	0.3360485052115855	407	0.46460482939108333	
399	455	0.1954345376026989	261	0.5116102006734204	445	0.5292041299166008	
400	8	0.3294558444908081	6	0.36696994480861495	217	0.6144707439766464	
401	332	0.49749144639013215	132	0.49835929040371557	187	0.5717390596596114	
402	147	0.3274568072820971	379	0.4076222293047953	48	0.4096917047576515	
403	80	0.43083267299582795	248	0.4579673325098923	311	0.5823650807870395	
404	450	0.21720430884823064	64	0.3866018607665889	200	0.41797183856193243	
405	413	0.25139262663053846	60	0.33878547436729284	66	0.39823010010024634	
406	272	0.3969339639414613	16	0.5502966567983182	197	0.5592982343489497	
407	233	0.2933201989075306	252	0.4140551956948161	398	0.46460482939108333	
408	327	0.15903335589185844	153	0.23771741369221555	156	0.24338303385500937	
409	45	0.18659015389870615	345	0.4397390594224646	66	0.4613320919388008	
410	321	0.3452124673345687	408	0.35482998871737986	281	0.4000725874187467	
411	383	0.4667994028126547	107	0.5742539952609682	247	0.7124148149064977	
412	372	0.542771305523285	90	0.5505566580282889	330	0.5806942430210469	
413	405	0.25139262663053846	253	0.2610368923706783	269	0.4674594672008627	
414	464	0.22096296138495472	146	0.4156129470958044	194	0.443529463171327	
415	350	0.6161242410791116	215	0.6856396300683903	496	0.708937915603971	
416	21	0.32654635835834295	316	0.46142334957363784	27	0.47043045307740583	
417	384	0.32806254573121574	214	0.3353385376394593	497	0.3521231046320397	
418	489	0.43697371523301987	58	0.5412574352297816	182	0.7321831428116943	
419	59	0.4054913813074771	305	0.4655426387621541	293	0.5494815320826522	
420	129	0.5351963472076716	135	0.6536102985899899	384	0.6660338637360144	
421	398	0.3360485052115855	289	0.3633256808006275	317	0.40223804690190557	
422	268	0.23178454661393944	314	0.43217832147498825	75	0.5007778926003914	
423	463	0.21403885465018269	477	0.2799186861785749	178	0.3379189963180187	
424	217	0.4511670405128641	288	0.670469563652539	100	0.696890419021675	
425	196	0.26648243649781794	83	0.5146593537671731	326	0.5878020639718328	
426	463	0.2950912606616575	281	0.3342486402784168	23	0.40648264316144234	
427	31	0.11878587890897438	390	0.3570149258971076	206	0.373043412789357	
428	441	0.29491854581153565	497	0.3020220286340643	485	0.3454600788766283	
429	214	0.19697514805754177	285	0.4310240539209624	147	0.4688561347303107	
430	94	0.3722056352004768	461	0.5552191120718218	187	0.5864052863638687	
431	337	0.21874926208577558	443	0.4147309222835044	359	0.42841656228741753	
432	291	0.3243841511923695	373	0.3858904281586398	44	0.5031933728311866	
433	149	1.4875798630377222	101	1.506614379556405	193	1.6910712177466485	
434	124	0.7304803662341011	196	0.9090387868310456	425	0.9838858514649815	
435	4	0.3625217561072538	203	0.36785084317525374	459	0.47526594837226016	
436	261	0.23723046356875951	119	0.27430792987591723	143	0.33591385489101494	
437	60	0.36066383382786826	254	0.39310739528461414	355	0.4210663305334761	
438	12	0.16737440865019376	492	0.41914834615155144	358	0.4921896371135384	
439	134	0.17016394075232458	148	0.47502633718243087	428	0.4901358501587288	
440	459	0.11643218129894892	484	0.36537586203445477	128	0.37320241457880476	
441	497	0.24813954829605828	428	0.29491854581153565	361	0.322642644515095	
442	468	0.8181041392549777	455	0.9469207755606804	447	0.9946038798167436	
443	337	0.2841240405199685	320	0.32342437571118127	431	0.4147309222835044	
444	494	0.2558037458784391	459	0.31843916076117734	440	0.4245553658809429	
445	474	0.32532612874780725	261	0.4094936151581357	1	0.45380081281972084	
446	244	0.6872008669477797	456	0.7690994616372785	167	1.0626394569763153	
447	389	0.43199950949691546	308	0.4457887816780434	160	0.6663570683824165	
448	251	0.6350899237456363	114	0.817089274504093	385	0.8833190499245586	
449	330	0.2615284715798911	95	0.297262049577251	184	0.31025869061707356	
450	404	0.21720430884823064	460	0.41289086299679584	64	0.5391046549272402	
451	285	0.37554397443621146	86	0.42989818612120123	441	0.4700723017698037	
452	297	0.6258962623080625	320	0.7376874774632427	113	0.8159834736605798	
453	304	0.1545912608867906	57	0.3658589407559618	70	0.36616834503963475	
454	482	0.3081666934605146	236	0.4464807564636408	96	0.4923264966692771	
455	399	0.1954345376026989	169	0.6398020198774732	261	0.6530377615123336	
456	460	0.5687347171313628	290	0.6909239900184202	102	0.731332522430334	
457	376	0.3067345736917868	131	0.3430352710541202	471	0.4028693006923225	
458	184	0.3197512765033902	50	0.3583810553537287	122	0.3643399490957051	
459	440	0.11643218129894892	444	0.31843916076117734	128	0.44153280743383744	
460	450	0.41289086299679584	290	0.4171581022428647	103	0.479886783076277	
461	205	0.38358150140783936	305	0.4449612783305755	359	0.49435135382288997	
462	277	0.5572548209088536	407	0.7328203786493381	371	0.8050489968249188	
463	423	0.21403885465018269	23	0.2662695305970982	178	0.2758857816355206	
464	414	0.22096296138495472	194	0.2797745998265978	146	0.6238518857784539	
465	243	0.3161646180976251	259	0.3964715084557127	247	0.39939865646372036	
466	354	0.20510685830074066	367	0.39972881437961183	135	0.8685314906273495	
467	341	0.22902218764723814	19	0.2817446240891523	20	0.44493079737498886	
468	377	0.6268175481152883	20	0.7159017423147761	280	0.7543044469743686	
469	77	0.4828892955166821	300	0.5049808681501851	291	0.5785374808851684	
470	268	0.505926738217804	314	0.6118001969720226	422	0.6563667930904036	
471	376	0.3188543025978988	310	0.4025232086977657	457	0.4028693006923225	
472	301	0.4633977825569746	193	0.7113287639874492	33	0.8545996781187625	
473	310	0.31471289139956415	491	0.3411656447684093	499	0.3838005279090371	
474	445	0.32532612874780725	1	0.40760201035881755	118	0.501685971421202	
475	279	0.241518755086181	256	0.270287717338874	89	0.32580936662980065	
476	109	0.24664525490578307	230	0.38122063377473014	342	0.4581254729586796	
477	423	0.2799186861785749	175	0.3071908803206898	7	0.4274831640239564	
478	357	0.5657499165100728	308	0.676850849337039	244	0.8106980515839123	
479	255	0.7072069948536819	286	0.7563704743330429	84	0.922318143908857	
480	228	0.31319572970509946	366	0.41181171719905035	93	0.46184325215153216	
481	280	0.7674676136852937	377	0.8235812806587168	468	1.2556023543434214	
482	116	0.26855802941632034	454	0.3081666934605146	236	0.36796645908578246	
483	290	0.3688353827496816	222	0.43707048536604215	143	0.476958826931759	
484	340	0.3405838543625239	440	0.36537586203445477	459	0.45895320053899424	
485	497	0.20192447172521572	361	0.28725859385275954	428	0.3454600788766283	
486	165	0.5259784212188915	176	0.6678463841244133	380	0.8194147583900921	
487	159	0.22404868087061713	267	0.26872213788455424	325	0.35846088695472905	
488	211	0.13544968073797115	394	0.20550085582731212	92	0.28522109762247533	
489	418	0.43697371523301987	200	0.4794520234774254	182	0.4830051094456033	
490	163	0.2825670374311756	30	0.45973129343086844	48	0.5768523905733696	
491	473	0.3411656447684093	410	0.4317056553007713	239	0.4940000383154062	
492	358	0.400238806024431	438	0.41914834615155144	108	0.4668864374143065	
493	347	0.2884498293257079	332	0.45501496987892104	164	0.4596959836870085	
494	444	0.2558037458784391	125	0.37662735743943787	459	0.5687154397193243	
495	331	0.38401361720261973	427	0.4477082758861337	98	0.4496110438631324	
496	95	0.3038833868527148	73	0.34567093941840066	150	0.3792545513683938	
497	361	0.18393357029222376	485	0.20192447172521572	441	0.24813954829605828	
498	183	0.14486806786439863	78	0.24475950117827983	249	0.2543086692760335	
499	153	0.3812227615948367	473	0.3838005279090371	57	0.4133174233656227	
