2.7743012658893611	-0.1869532031482118	-0.7643388908927048	2
1.4730506394719878	1.3889903033683171	-0.6567048986887385	0
1.1618883618730220	2.1021968640574715	0.9954306576461605	0
-1.4053228782730911	-3.5622845567773660	1.6393079065920584	3
4.6048526617892112	0.3432211553591802	0.9627704179673440	2
-0.1343108066270006	-2.9325360575930839	-0.8631096280968593	4
1.1270441070329809	-1.1315256915584984	-0.4582641968717800	1
1.0963699883562130	1.5001896917487323	-1.9749378904867385	1
2.6899041192684878	3.3295681126126913	-0.8180048162185182	0
3.5740402030468736	1.3485406459644427	-0.9503226627929668	0
-0.6064413442440226	-3.0665289062926462	1.6639152144779246	3
0.6924538711645440	-0.8118017137917706	-2.5198644800709755	1
-0.1941156162588959	-3.3938029450629155	0.7985625166407545	4
4.2136342122088699	-1.0497427390019656	0.7754565667614158	2
3.9485986702186020	3.3023464555315494	0.4248296766968175	0
1.2182486072667498	0.2983496334445515	-3.3783124401392368	2
1.4009496490537705	-3.2795344860376132	-1.2140635249318805	4
-2.3548000626380974	-3.0194062734218061	4.3255690542705345	3
-4.3709265908343617	-2.3770320224251349	0.5202603697357513	3
2.6919734112965910	-0.4471599376340858	1.0258550710292198	0
1.6975319415360781	-1.6916673687121684	-2.6302165344619368	1
0.1810875805170862	-1.5864442471114704	-3.0021085803225049	1
-0.9240194956446042	-1.8809603401870816	-0.6755238812615177	4
0.1281240656009497	-0.2830742606052965	1.1362834300127986	4
1.2306810732837972	0.0412284885991326	-0.7717911609483206	1
3.5075284789592112	1.0790785066101538	0.1001431299996943	0
3.4262531954570759	0.0981080275635043	0.2466418974773641	2
3.3603187886515786	-2.8252978921579768	0.1344689060790143	2
2.8550166604337650	1.5719027212607566	1.4923652178731754	0
-1.0658196640402684	-1.1707212938923399	-1.3128908573190079	1
-2.0098761131913769	-4.3387561913143662	1.2565614605432116	4
3.0406222022466429	0.9707304368353318	-0.0003574913834250	0
-4.1232871595923495	-3.9966727271133458	2.6094954421447074	3
2.6425830210589814	1.2765760240104485	0.7692292488666719	0
3.5433992654424973	-0.9040065930814813	1.9408278741125942	2
-1.9840010177904759	-2.5033585549384325	2.8543753981850983	3
-0.3020398401032022	-2.5292344679067100	-0.0604182641126836	4
4.0802160032819437	1.3946643237807044	1.1490325784445361	0
3.2190211823032238	-0.1561029070088977	0.4524638390748140	2
3.3644205932615456	-1.9927711332419906	0.2980598909727625	2
0.7611944518783227	-2.6145450850034120	1.1112824019975989	4
-1.6650881209094759	-2.3719986903196459	0.6940598034851917	3
2.8642172768806882	4.0638036720331190	-0.1601185930628164	0
-1.3811810626870411	-4.0914858447765958	1.3297390031585941	4
-2.7482328756040433	-3.5118840194762302	1.6798462957862546	3
-2.4391565581174759	-2.4288228932854752	2.3231822707527736	3
2.2417770260314089	-0.6685896794762056	1.6498177261922748	0
2.7574359650217839	-0.5382001086067312	-1.1667646677720085	2
-0.4085016666215395	0.3026039264118681	-1.3046529274082308	4
3.3114353720193348	1.0723133997677734	-0.1854399075981817	0
1.4311817935085669	-0.7168603872397176	-0.7469686686116306	2
3.3409334315782164	2.5765275457659103	0.0262009633916767	0
1.2385670219826683	-0.4898954913507299	-1.8825313797802596	1
3.8727390786516649	2.8876034763607548	-2.2152612350878838	0
-0.2569776001230107	-3.7589505959293641	0.8114485214735925	4
1.1963206429188615	0.8036923576156594	-0.4539376547885403	0
-0.7635887304775494	-2.7043007704805810	2.3577549884687117	3
0.2132676801398903	3.4569928685201718	1.0439109892098777	0
3.6296086688672582	-1.7450829974183695	0.1893540536490685	2
-1.0291452975441153	-2.2236831807877731	0.4545478004052785	4
0.0253521242255712	-0.7758584945343662	-2.5062367974049189	1
3.1820640429712244	1.8761254422610829	-0.9706088088295991	0
0.7748504441661810	1.3723167712482134	-3.0556537275553723	1
0.6299291485664921	-0.3427279933997442	-2.9446283733116418	4
2.5813557261154041	-2.5988302741450431	-3.0429337457326167	2
2.6196650237603301	-0.2473565930417931	-1.6081377121041860	2
0.6216823932593337	-3.1927058321542106	1.1957654749961768	4
-0.8565999994647475	-2.8583858578601316	2.9181573803930023	3
1.7529486849557838	3.1259693205718975	-1.2699006312105381	0
3.1188137183418103	-0.5210166158706319	0.1326241561196471	2
3.7789719742478272	-2.1251903114831352	0.0864424246572449	2
-1.1149774571557944	-3.5122691889813531	3.2361068921828720	3
2.3895031382782168	-1.2920833447035469	-1.3885544893008521	1
-0.6693857519891151	-1.7077490024522692	0.1833677685241736	4
3.5434537735982188	0.0719669340882267	-4.0891647850782675	1
0.8865215267201214	-3.7863546206954597	0.3967209087533743	4
3.1074032341874798	-2.9031459750227180	-3.0410626650376589	1
-0.0720041146147108	-0.3577628845075397	-1.7808473113305923	1
0.5293066014360918	-0.1363318774797195	-3.5947391803526507	1
1.8679954488631560	0.7246382398960043	0.0779463206339819	0
1.1973476643555434	-1.0589958802651056	-0.9404431230923368	1
2.9217380966956537	-1.7892674564349618	-2.0432212083713157	2
-3.5763577568353830	-2.0645481984496987	3.5958360772037294	3
3.2727471418964473	1.5505160266850349	0.2617426763697670	2
3.9560725615022378	-2.1333571894212424	-1.4641838846907711	2
3.0689546324179124	2.9897340374708730	1.1771183880077083	0
2.8120158983958135	4.5994227886446257	-0.9655634183526075	0
-1.8123825114084227	-2.0290751591232903	0.1844057578717890	4
2.1430021629214142	2.2308309282711871	2.3190753734405618	0
4.1130372014291590	-0.3230097920905921	-1.0815085118151362	0
1.9707983397573599	-0.6949325436141789	-1.4001574313815581	1
1.0860831917203220	2.5273984711049566	1.3816682041385910	0
2.2580769951217299	1.5722888941254511	0.2585024018262065	0
3.7118581266088366	0.3410406047604693	-0.8980671296972187	0
0.7582325379149664	-2.0460527624354174	-1.7422003572413525	1
2.7658767298040785	2.0610662100746580	-0.1686112552108883	0
2.8349062253678969	1.0140930971335107	1.1391707123351118	0
0.3006707373523484	-0.1438240925623981	-3.1478009593045462	1
-1.9744909174097054	-4.5430542838842038	4.1349309299833763	3
-1.1891494587013560	-2.1825248319717092	2.2547053316957011	3
-0.7068859155902725	-3.5465458189238190	-0.4713571798992939	4
2.3425777086759680	-0.0430737275674289	-0.8207162234545673	1
-0.4572193373990424	-1.3548762123961557	0.0557384524036884	4
4.3290288857695005	-1.2155023920134562	-0.6505162986427284	2
-0.4638883790391328	-1.4825122155528796	-2.9647600784958401	1
4.1490661823800448	-0.3682840476873694	-0.9511802527185529	1
2.7335833554940887	-1.4081353457022736	-0.8315409916811125	2
2.6754954175769448	2.3046580933316942	-2.3089083058825182	1
2.2196673890016991	1.7760797526512877	-0.3363273725458226	0
4.1237989250137526	0.0047191750113058	1.4021615788007551	2
1.0910156310187156	-2.2726490701851598	-0.7815517155966042	4
0.1227534209685351	-4.7250776488820296	3.0903429754499139	4
2.3596642506915826	1.0569050173730079	-0.6873326489124660	0
1.1852158217220936	-2.4164608591544567	-0.0019988118457146	1
3.0850326131171508	0.9699268946246031	0.8697769051016285	0
-3.8043805665671719	-2.8381230032140192	3.2892596410546795	3
1.3743247125427001	-1.5418233261416316	-0.7742338937629475	4
1.6861933898036416	1.0842203268248860	-1.3271867447629437	0
0.3941675883005556	-5.4730444906444280	2.3745754986931442	4
4.0506521031808367	-2.3296108564513198	0.8054755475282488	2
0.4451693255720848	-1.3797203643580156	-2.4868126036335050	1
-0.8697459142336098	-2.8981576236230424	0.6343348798104320	3
-0.2394529805873000	-3.6512913123216046	0.3180054345668174	4
-0.8916690499110349	-3.3627193839860703	-0.2429843896163371	4
0.9787220288776679	-2.0133278921691407	0.8219786557422495	4
-3.0894690236527529	-1.1877968386089941	1.5382753372426137	3
-0.7804898165871367	-3.0266522943816541	0.8976642118181293	4
2.6224909935270477	-1.1900459843546884	-1.0845958324535483	2
2.6490487582998377	1.1795573463899496	-0.9431592030222375	2
0.6650744283045658	0.1027013012295558	-0.3041754805628987	1
1.2018651214566967	-2.3437084819518494	-1.8863751763260177	2
1.3932625336742732	-3.8107991592515447	-2.6206480317611875	4
1.2818875047229041	-3.2783625136156873	-1.9108233963934651	4
-1.6665844690775151	-2.5544979397612537	2.2965119452192981	3
2.5765661196922727	2.8994481430523988	0.8244498751555405	0
-3.6454789682909903	-3.9896188180122496	2.5338570908853759	3
-1.8614677600079008	-3.5350403913457855	1.8997491280118499	3
3.6295254270481423	-2.7647273239856069	-0.9541842280605606	1
1.4630372246396124	0.1150820579842268	-0.4073296622225766	1
4.2767087950841951	-0.8966367272858187	0.7872102387123641	2
-3.1996719114085028	-4.1305267419082847	2.8976814779556053	3
0.4515196214851132	0.2010227483876170	-2.8406615807666289	1
2.6115878495765608	-0.9478973235241744	-2.9760879821760615	1
-4.0352020376936508	-3.1293958471625531	1.7095982757982719	3
-0.8885900510862018	-2.5993245876803321	1.7265731946566183	3
0.4038876270948006	-1.4097741474734002	-1.2411399998421988	4
2.9326246708638699	1.2393157239393651	-1.9781905324249462	2
2.1288644959041987	2.0101989022283626	-0.4838317997610190	0
-2.0358515790716862	-4.6740388960437196	2.7566775395302918	3
1.8530157784212165	-1.4386962039984759	0.4227703205494415	1
2.9819895281540010	2.6209456829156910	0.9985407563474986	0
3.5743242115570593	2.0514210567942257	0.8508618377880831	0
2.6345487687418188	0.4582411146737866	-1.2395593985224638	2
-1.9716865182436230	-3.5943849290253334	3.1382488831161792	3
3.5926508791640757	1.3073981801956207	-1.7389802663950147	0
0.6861549360614068	0.1055457355649736	-0.1731814264120391	0
-3.3568637482318922	-3.0635009623443423	3.4570064635872431	3
-2.9224110131540924	-2.6662754438088059	2.8306947448854922	3
-2.4066313177305556	-1.8923226055843285	0.0051412394195292	3
0.8048633222972295	2.3774014719381276	0.6474025518756985	0
3.5866973559261677	0.0013694638610269	-1.9433797704714844	2
2.2275045590416678	2.3168376307819658	-1.2870700845146263	2
-1.2321451141639896	-2.1241700888883646	-0.1927934465527272	4
-0.9623876623933774	-1.4213407491067411	-2.0670246623403035	1
-1.9432410788003158	-1.5093580578474866	0.6369428595450769	4
2.1393792256722688	0.5356961208023445	-2.7562947835677880	2
-1.9212259746996450	-1.3284116083836359	3.2958575855266048	3
0.9749453814735554	-1.9175986880881013	-1.6929617632993825	2
3.2874842648188065	1.8917384406579538	1.1048878833229252	0
3.0921386069486783	0.7774143648128482	-1.2773999291296394	0
0.0572645616496030	-1.7922693435598291	-1.2738616678816670	4
-3.0361390533584034	-3.1851282040410189	1.9151613816679229	3
0.7439946831352380	-1.0204778115368338	-2.5711832626203970	2
2.7492488151518839	1.0116003460859679	-0.1157915214290756	2
0.9237630453915598	1.5673327692958554	-2.1843531937752414	1
0.0015367208377604	-1.1899898406775651	-0.4655862062991767	1
-0.7986194598077776	-1.1515706516934305	-1.9212607985331414	1
-0.8119812083515234	-2.3230559540996536	-0.9107518917557887	4
2.8652979784766544	1.1618681619885418	2.4284563013197547	0
0.2546073842028325	-2.6348925367469005	-0.1753535739478065	4
1.3921609198080669	0.9673374585460628	-0.7639211382249316	1
0.8983153561860936	-0.6053236131973040	-0.8581115003094524	1
0.0720676632461084	0.4869787452568235	-0.1538527175131793	2
1.9415828681021046	-1.6517801663183556	-3.5203469662016578	1
2.2170588699600060	-0.2679296284582001	-0.9877051866725798	1
-1.6084724947526359	-4.6461386798978506	1.3218000947732358	3
-2.7533863577708941	-4.2004027381928202	-0.2712100322682697	4
-0.4993980404881293	-1.9080479227030926	0.9527404140983669	4
0.6646037955090252	-3.4328174065730961	3.0762440750420987	3
-2.1116115303531244	-2.3391246870825046	3.4704252992803912	3
2.2198663813421526	-2.5160371674948476	-1.7790862259942726	2
0.2000043301791898	-5.0769092038501267	0.4494358316620690	4
-1.5097562360548271	-0.7640642796074055	4.0004911043275007	3
3.2627110320810044	-1.5052018902942330	-1.2394360432832763	2
2.7242018256964506	0.5411829780035873	-1.6574331876350663	1
-2.8758566450060945	-1.8146000558248419	-1.1300946412526240	4
2.8514177486753254	3.3669330927500432	1.3903331716428540	0
0.7676310336325418	-0.5482680914758187	-1.2416195890967017	4
3.8991041407603042	-1.4940790489222808	0.0424024870773907	2
3.7013640103138918	1.4505725367131406	0.5964333989253715	0
3.6588668939371609	-2.6255800488329069	-0.7004536484527074	2
-1.8937209202590755	-4.3371587639039184	0.7131849405193795	3
2.6912880309075957	-0.6486428762492880	0.2587944016931201	2
0.9447858612358926	-1.5669977782446525	-1.6763850821727069	1
1.1468051265334716	-2.4136419919396346	-1.5360899700401520	1
-1.4767284571078063	-1.0127984712343636	3.6775961497543026	3
3.1470473739992695	0.7643764476215258	0.5736742915187366	0
2.2777867235664493	-1.2726364772171295	-1.0271068953739937	2
0.2463154202154259	-3.8029302139917944	-1.8233401667725266	4
1.2177378152778369	-2.6166254296089226	2.4500029819923981	3
-3.1319902545795144	-4.0706636584326024	3.0691462134870675	3
-0.7198171425498799	-2.8675781674709770	1.8300384401856973	4
2.1444632350834443	1.2829369548612057	-0.9017297898547882	1
-1.7472012601323661	-2.6156476368710218	3.0245068986301020	3
0.8955811939417364	0.0581058611430181	-0.1623816030425460	0
-3.9948909980244194	-1.8346437762762966	3.1038432623863601	3
3.7911586461439404	-0.9387272971596278	-1.0428686434813408	2
4.3430856405836993	-0.7160508670011756	-0.4924453158817804	2
1.8415417639016303	-0.5601766844513452	-2.2539527372399597	1
-0.9774518757646194	-0.9445860162151882	0.4611120731594563	4
3.1393159172531391	3.9001948887790512	-0.4628458659003323	0
-4.3699791616588257	-2.1022870834528606	1.7327685209764345	3
0.9549022013134920	-1.7949275837468637	-1.8319037585357378	1
-2.2183329532221565	-4.3203355521898930	2.6921394551294648	3
-1.0081912561579658	-2.9960385475528613	3.5849396335379677	3
0.1248740244933902	-4.5121120802731021	-1.8167466147783706	4
-1.0182861449866638	-3.0345004402117928	-0.4825914327368420	4
-1.6821343406919638	-1.6443056368428595	1.0471356820880777	3
-0.7895116038006011	-0.9356698337998661	-0.8111536900760626	4
3.1016797064577850	2.3854048998118458	-1.3008987950769799	0
-0.9422225219532953	-1.9847112987358906	-1.0659029172718304	4
1.7478191590081540	-2.6293965856685380	1.3945932855212444	4
-2.9466249752516029	-1.1335393022550400	-0.2666171981469205	4
2.0221898726639345	-0.3282784382382216	-0.9703036316896415	2
3.8981295952580668	0.3586839089413798	-1.7741998745072698	0
-2.7300800253056390	-2.6566191593114294	1.8391031573677608	3
2.1799421296385670	3.0535570816280737	1.3105558581122307	0
-0.5593094295190231	-2.2322328080155698	3.1919484853373841	3
1.8771677135582596	3.6430188895706817	-2.7917176878028429	0
-0.5746064843168126	-4.0330208487841892	0.1461161080924807	4
3.5075230664616033	0.9447600657020451	0.1090356602572637	0
-3.2684324888103626	-3.3921138183607296	2.3333737029868664	3
2.7449377941165682	-0.8391402416316857	-0.0304633567010325	2
0.6951263661909732	-1.6263076760948785	-3.5285981897935175	1
-0.9852603525631523	-2.9667681725160664	2.5408225939871776	3
-0.7334165527335286	-4.9574637998824524	0.7527292631913509	4
-0.0122789800627374	-3.7449535800751121	-0.9985686137647267	4
-1.2932295403061671	-3.2558797012262035	0.4730534454634209	4
1.1027942858523627	-3.1130630312506904	-0.1924585448369966	4
0.1583468300617512	-0.8519698654207090	-0.4239929028283267	1
0.7167307372455101	-2.3817818514979816	-2.5175742468967144	1
-2.0554021737479458	-3.6624670678308955	3.3264330814731693	3
3.3866067750256734	3.0265904227408491	1.2486830197396954	0
-1.4921585765065057	-3.1327252903202227	0.3217623259876701	3
-1.5717792311279404	-3.4199491469095635	2.0441009444589593	3
2.5531393508590599	-1.8289083044314707	1.0293270419235823	2
1.7214243837502923	-0.6012310044365260	-0.7703772803315554	1
-0.2476384187138154	-2.1733302271235195	0.3628544344933720	4
0.5397103000747623	-0.2776449709246989	-0.3606664267390994	2
-0.7664457635417617	-1.9121347104481465	3.4730852396477587	3
-0.6194239342990278	-2.8674075139990234	1.4594391190840708	4
2.1287923130025042	2.7681218276025046	-0.5168505685736750	0
0.9294483997081779	-2.9150987187546722	1.0867596614478545	4
1.6797068796024268	-1.8898614681136707	-1.4457308152835699	2
4.3148359046461557	-0.0118565736344954	-2.1861076329013724	1
-1.3823461997912367	-2.5217995014856793	3.7014199876621081	3
-1.2747931842836355	-3.9103237642724058	3.0226977718704768	3
-2.8319580605287022	-3.3821640909943054	2.3460916024603167	3
-2.1886829952977296	-5.6343239710345676	2.5457327162224490	3
1.8870737324538631	-1.4773106767969089	-1.8615134776484230	1
2.3034372712216227	-0.0206001492877318	-0.2447584014059878	2
1.8158163918073131	0.5188737990696437	-0.3329275673819947	2
0.1702783859456254	-0.5128469400091327	0.4016810259667654	1
2.1860398692726903	0.8454029927532087	-1.7616956323996331	2
-2.8439425176460613	-4.2340306212777472	3.8615116721077927	3
2.8101362345281853	2.8506612157269982	-0.2262705661484696	0
0.1897572340390846	-4.5877650092759694	-0.4162382564283338	4
4.4567670103837083	-0.2635632579956217	0.2509718282649389	2
-0.7510961364513900	0.3244800839172981	-0.0386919330332021	0
-1.8621343613845565	-3.1545772815648352	-1.5250692063528195	4
-2.0001584851047385	-3.4548568205611101	0.6689197217894349	3
3.0869850045658467	-0.0874471808785019	1.4579322719844057	2
2.3888710716831989	2.6904439656071162	-1.1819869375998158	0
2.9733403018108633	3.6146625004481123	-0.7461279913975437	0
-1.5237785335537182	-3.4310231925978716	2.3880528281919142	3
-2.0455117744371103	-3.2352854366916048	0.6327271249140646	4
-0.1151850948706341	-2.4227590659628691	-3.6514043311761148	1
-3.1520796809463145	-3.5780322719802604	1.1908656857635129	3
3.7153404760221398	1.5599304629380710	0.9672918346741068	0
0.9767136165207260	-0.4507059268371769	-1.4809946571895267	1
-1.7729881439268214	-2.0090990462332687	0.6924724174328907	4
-1.4856067115022968	-2.2614210571419031	0.7656141310604325	4
3.0444953142752582	-0.5046429823186718	-0.7915781012138227	0
-1.0458223792293861	-3.9851413518479051	1.8042456671965765	3
-2.5662440515296536	-2.0586826375036980	3.2357487974317864	3
2.4985750552157162	-1.4506825683133480	-2.1063229037820195	2
-4.7809918606603325	-2.9080548865866902	0.6289233515842256	3
-0.3302862667331636	-0.5468507330220675	-2.2680014148358967	1
-2.2216565811612643	-2.7870008636839376	1.9944644424417144	3
-1.2097937771608862	-3.8665082674760418	0.9558353392523991	4
2.0827714100229304	-2.5869434251454795	1.7530303028446577	2
1.4427395482915852	1.0496376704601420	-1.8439573090354677	1
-0.8358359108432705	0.3974230438637238	-1.3969335390146194	1
1.2595456496976623	-3.3269197682726910	-0.5133056679381462	4
-1.7897361399579470	-5.3334622104872160	-1.5682768012868928	4
-2.0241753510688785	-1.4545908758125647	2.3215387824565328	4
-2.2511722961836194	-2.8582613471925171	1.0082981350729139	3
-0.4369325499279264	-3.2551928606036160	0.6230707775422007	4
-2.0888693426448404	-2.3456777129644717	1.5391188184750666	3
2.3636582675333768	-1.5224139664927896	0.4419566832677317	2
2.6864391035347319	1.1813514232075313	0.7310782475934912	0
1.2360864338881923	-0.3300967489806783	-2.2443796392955067	2
-0.5165595068117976	0.1271150519832214	-2.8994559958045016	1
2.3941097620662788	-0.4649125426374270	-0.3966754795240437	1
1.7737390604523369	-1.4583814075367976	-1.8833513266685518	1
0.1288826038099948	-3.6998189482268344	0.3686178873694975	4
3.8899104595006482	0.4802230199532744	-0.8247334359707248	2
0.1845288905678539	-3.3085166338851884	3.1258987631572888	3
0.5626520709785329	-0.4809983957865375	-1.2354074178103125	1
-1.2459304496917976	-3.6070807255915964	2.1901538118995392	4
2.9187591237177255	-0.3011515760837333	-0.8698533370929578	2
-1.0851947118021421	-2.1355371846036375	2.9154510298003524	3
0.4432666320866786	-0.6685217564991812	-2.1410790884697679	1
-3.1319535975580122	-2.4182709657126389	1.8263215615327650	3
3.3369511183188854	0.8469136683949936	-0.7144901124207028	0
3.1693645832579009	-0.6150187478964515	-1.1728770790301430	2
2.9374068204722414	-2.8334297240544837	-0.2750607756780026	2
1.3209313201393782	-1.4321660167122572	-0.1267824049357904	1
2.2829016055907712	-1.8921385673255002	-1.3982692620604260	2
0.3415652793441788	-2.7893939966788048	1.3237398540786913	4
-2.1927745863057138	-1.5788046009419872	4.6458647708987906	3
-2.2993393957578290	-0.7587773667183570	1.9641150652489159	3
2.5430179756179236	-1.7106806671091257	-0.3926545576698837	2
2.0398757376192846	-0.2545766917803904	-0.3212842152041513	1
0.1632295979003442	-2.1392188958134106	1.0247352127979061	2
1.4502648269115657	-0.0780052988719688	-1.5946387442639971	1
-1.3199212124128008	-3.0810216814493705	1.3132228010382254	3
-0.3960090376333096	-2.2578087336053096	3.4143406048633915	3
-0.1656328337665211	-4.1561960463868344	-1.5674070568374303	4
0.8778740903357432	-2.1082940721070131	-0.2714271825543672	4
-0.5060773649263608	-4.4095959285702477	-0.4159278146488061	4
1.3513628039119576	0.3228197470870888	1.3459366682666951	0
3.2870378962075542	-1.7063794098642595	-0.8263881843322450	2
1.3299442326551090	-0.4001875461409627	-0.6613363767500493	1
-0.5221065095766588	-1.3674693484823468	1.9824327591761453	3
2.7609918213324320	0.3238953461449554	-0.9655877488264526	0
-1.1464381444347160	-1.7810417713842179	-0.5610893266089122	4
2.6286599713138941	-0.6184549416234331	-1.2781950555723007	1
0.1774154666032420	-2.4099634123803986	-2.6047923201571201	1
-1.9599145315686441	-3.0814844557193046	-0.3504391089045032	4
-2.3711855329069866	-1.7832904547470982	1.8517026905607437	3
3.2566823099255555	1.8576537351304994	1.2040071333928983	0
2.6856290121504958	1.0866837572676267	0.3376496277344272	0
1.4130786945595220	1.7773141118418874	0.8819431637975077	0
3.5232107795821896	0.4117775515694853	0.6249637926618559	2
0.9561829609412291	-0.4806575163794944	0.0239820821020684	2
-0.0496970258930060	-0.3184491443081503	-2.4309672212847553	1
1.9142659800593558	1.5580067482959328	1.2805800989083096	0
-0.6018627047434602	1.2190448933311195	-1.6059322449633764	1
3.2413686756447744	-0.9531509346751377	0.2497201128768033	2
-3.1266611227132470	-3.9613128846495655	2.9396394431850652	3
-2.4711328248092874	-1.9221179193308291	0.0371000088916262	4
-0.7727708158569850	-3.0395247094740192	1.0422912390638668	3
-1.3388874718095793	-3.3265402084952402	1.7612145818970242	3
2.9317279410621593	1.0303092590057010	-1.3366702178323810	0
1.6266062114626774	2.4092655419753815	0.8103072932825878	0
3.8678490832816186	-0.3402087686520749	0.9553051481019337	0
1.8771192665831962	-1.8295799253868239	-2.3609499292884637	1
0.9132000995677945	-1.7048072805047494	0.3799637792531451	4
2.5690522383779677	-0.5535266148390849	-0.3182481647323289	2
-1.8671771900500338	-1.2205017318174636	-3.5900020685804908	1
3.5786145306396069	3.1742524130858980	1.0300286508831680	0
-1.4316644534194725	-1.8251295520322666	-0.1480108810524464	4
-1.1963351956324375	-3.1706349980612218	2.3956401009190400	3
3.9703469131744038	-1.4661376563898283	-1.8430363599567663	1
3.7804924522849568	-1.4747709663129063	-0.4431693235063943	2
1.8596064786997371	0.5476206789130877	-0.5633440186557201	2
-0.4632458464933915	-0.2526436335985414	-2.8900990060396703	2
-2.6941748279408735	-3.0443939123289958	2.5174311379513172	3
1.3275900007003558	1.0339896299979472	1.1848489887150282	0
-2.6135942539372099	-4.3136131397483428	1.6493359920168735	3
4.6997637578086158	-1.6512818767554733	-1.6449754537840715	2
3.3347845783968784	-0.5567730330575738	-0.8799862365969725	0
-1.4324141097496108	-0.4477738288262636	0.9597035359566741	4
-1.4552915484005764	-1.3477305031091529	-2.0512104815007497	1
0.6722528613840233	3.5699556702422699	-1.5864878280852126	1
1.6096036368374058	0.7675372211719549	-1.6582734107167190	1
0.9910258041007787	1.0471958610417205	0.6124967830360040	1
-2.5182765972021719	-2.0555989535855854	1.2796810376175169	3
-2.9078434170680256	-2.9996142091775986	2.7401503718533284	3
-1.4612352026143633	-3.1127295851173855	4.0445915422570655	3
-1.2712174389686270	-6.0479973513631169	2.7503043417066930	3
5.0680888378383129	1.9199358473350159	0.5694914559888151	0
-0.9862859764335008	-2.5958500415451593	3.9951800645850435	3
-0.9919818716665738	-2.9941605192477931	1.5014027490015520	3
1.5115113089647150	-1.0523521207375697	1.3097890048385765	2
-1.5885278471123705	-2.1178319659115861	0.5101756842426850	3
-1.6472924026137383	-2.7773034320683703	2.4164756727140517	3
2.0697392270444106	2.8780878083398402	0.8504370816391186	0
-1.2133164180680405	-1.3845926234316466	-0.8787915226071904	4
3.5016834178087799	0.9743585609923857	0.6310686979092723	0
2.6599158819752002	1.1084294911854968	-1.6385490428372331	2
1.1299229362241674	0.0412045048973625	-0.8559905796218892	1
2.1147720910967269	1.5931705992549134	-0.3608223931347523	0
4.3274670258185619	-0.6155009534393643	0.3001284322248559	2
4.5478917004115011	-0.6116411573225843	0.2328084755975616	0
0.9337822499593704	2.7400209974823131	-0.6988213232582891	0
0.1229270183800228	-1.5209919572466242	-0.7847170142544182	1
2.7847278741475541	-0.8130729726906859	-1.5302092516894397	2
0.5961525035867297	-2.3283203411945901	1.2768391514646860	4
1.7007680832684351	0.0815533281179739	-2.3033823991283962	1
0.9451508054503770	-0.8409260919803686	-3.4825974758696940	1
-0.0665245348877170	-1.1373015645447964	-0.8012030916627625	2
5.0291014135066181	0.5246678024367839	-0.6833809879242845	0
2.7047447769366224	-0.4241419341084032	-0.3107075346254367	2
1.2382998213402934	-3.9869022638846818	0.4589813632107134	4
-0.2363762682655239	-1.5156572275911444	2.8223910688689267	4
2.3106040574408389	-0.3842743137781905	1.9611326535098033	2
-2.0154374902612551	-3.6508624680117445	2.1094402749954559	3
-0.9827871869468370	-3.7555704492196540	-0.0992295661791378	4
3.1729234960166388	2.1009247581879915	-0.1919237849642719	0
1.1627748745725728	-1.1139712198572527	-0.7774760514743793	1
-0.4543866862057746	-1.3634647911454549	1.0196430670570145	4
0.7301739050619224	0.7753063792741737	-1.1044743493338702	1
-1.0069518390622627	-2.7569769454916870	0.0594229751887304	4
5.3180099522434547	-0.3302226306103895	-0.4152912955118109	2
0.6344952016665172	-2.7789212681276574	-1.4967302001286060	4
4.1157558210440897	0.4707031841656237	-2.5552954756960742	2
-1.7793531566813661	-2.4615931109484022	1.1092654002843176	4
1.6835605534054321	-0.4018583356255001	-1.5838176662507770	1
1.2998167078051757	-2.2071666421362335	0.5922709621725996	4
0.9078815024548992	0.0402823214866879	-2.6941335318536166	1
0.2103198022540118	-3.1198220245726844	1.1726186419349220	3
3.1470915111860798	-2.5266041527700631	-3.2341139845718621	1
0.4472534771602830	-1.2374450302115203	1.1540237005666574	2
3.0636352194259446	1.8674770589328329	0.0539210831433307	0
0.8987548676373069	1.0230535137911856	-1.5424899798303930	1
0.0177474622669966	-4.8081116157511756	1.0779459187629887	4
1.2221957095068723	-1.1644408695452360	0.2665110281414543	4
0.6785196588838263	-0.4966848758433758	-0.1518434501598073	2
0.9710307890688807	2.2975234088218341	-1.2038849057904426	0
2.7313689390518539	-0.0852731693169020	0.2451356135074525	2
0.3506080571974323	-2.4411603225493965	-1.9752367518601222	4
2.9757046882998144	-0.1192765226128023	-2.2089456503756422	2
0.1994479060232710	-1.6660836078530219	0.1718450192813985	1
2.6832310830601394	-0.0700224894427950	-1.5567422855434456	2
2.6103511948423104	0.3234019270049663	-2.6998486045169754	2
3.5372209841912934	2.3797612046911389	0.2478701869798646	0
1.5276619886508469	1.5780038185133844	-0.8572142820106610	0
-0.7909640816516199	-0.0241957132379413	-1.5945483692596756	1
-0.1115314398299037	-1.6624502827735297	-1.5106417455313492	1
1.6261707721773502	-0.0978276569150250	-0.4927546391979476	2
-0.4492687727769893	-3.5685053270340892	0.6671799153234670	4
3.9816740353267619	1.9835412477817032	0.1154844357152306	0
-2.3689748966185240	-2.5089402127665550	-0.0681710499379370	4
-1.5047398872431228	-2.5006501709540347	1.7409003066289899	3
3.7947855913536985	1.0801208516511003	-0.4729588713865588	0
-0.5724505932245068	-1.4318290368402198	-0.5331301557106315	4
4.6058016372670334	2.0236917567947170	-0.7529303573667245	0
1.9312353101890589	-0.7132377391849731	-2.7020816828077661	1
3.6166644837317641	1.0716309411393099	0.6820760547689704	2
-0.4579459015055378	-2.3581523270929545	1.1688209659878415	3
0.4324597235783629	-0.7974491270973421	-2.1414236053268505	1
1.5650508392893490	0.8533311412612639	-1.0471190926307856	1
-4.8377105348064102	-4.6102972884014868	2.4032081297232026	3
2.5488403940997415	-0.7303710405513519	-0.6938669175812693	2
0.1385680613365797	-2.5669401855845098	-2.2986372463385716	1
1.3939163296331576	-0.9220946915933371	-1.7289982493340657	1
2.0155884373437800	-2.3880126423551258	-1.7569111682161480	2
-3.4404744672302829	-3.4676993330607551	1.5728782368246905	3
4.3788644123489231	-1.4667227515146826	-2.5565235125571557	2
2.4020806714927145	-0.5116120228937089	-1.7037265703195250	1
-0.9856600548250363	-2.2521624760149419	0.3322614141972509	4
1.4095331561627851	1.5716124947052963	-2.9809771257293742	0
0.1368868902677643	-0.6326473559769440	-1.8413033335307456	1
-0.2318856819674711	-3.5021813401393973	-1.0669802475162595	4
1.8154168462743447	-0.9066622881815991	-0.4072397829026437	2
1.8056566809694630	-0.7563870451845323	-1.2308844795020981	2
0.1060409150650405	-4.8581575022953967	0.4163890158569792	4
-1.3419433345710994	-1.4871907049742543	0.0470433510551676	4
3.2122319148456970	1.1241582931900982	-0.1138623052782537	0
0.8853127975223749	0.8650895179449258	0.3159741279218254	0
-1.4700797664048300	-2.1266874372037470	2.6586881824253403	3
0.8373296976967621	2.2352567314854586	0.0430149653131643	0
0.0244749150710568	-2.6023082785973264	2.3621152641137098	3
-0.1105103256565245	-2.0870614929898372	-3.7551883738392529	1
2.9150421130857982	0.0726593549229655	-2.5998029993098069	0
2.5284494345845285	1.0884347455192416	-2.0848499509613330	2
4.2588568284971728	-2.4323422801594283	-0.4653105462495124	2
1.5016911106617035	-0.7523712993616311	-4.3107335347872997	1
5.8643452087032628	1.0019920851566297	-0.4341077693053750	0
2.2615971868768128	0.5901740809245808	1.4826308137179431	0
1.2957382262281163	-0.9834908506821860	-2.9004763255281865	1
0.4631581334113429	-3.2287953554588529	-0.8613599000504858	4
2.8446026079106961	1.9958919094007090	0.9474507154012193	0
2.4864068029165316	-0.6449344571620375	-1.6976088700852905	2
-1.6379542245071965	-1.7700352921823230	0.3477617809784912	3
5.0092453875064553	2.1941158266911822	-1.0521853347922645	0
-2.0890322536750725	-4.1142496930095449	3.6219667774858406	3
3.6326718968027905	-1.2203570941698672	0.4142628006640321	2
G3
0	320	0.21223251265163512	292	0.41793970157362914	101	0.45854654831671976	
1	448	0.28091372548661186	180	0.44252637245060333	463	0.6691920632726326	
2	353	0.4260572698386628	159	0.5694980399343071	91	0.5794154578349945	
3	363	0.27358782586739233	254	0.4602439459824406	136	0.5259658044945125	
4	109	0.7342076549475616	277	0.9469814764528692	366	1.0051400230919028	
5	475	0.6128456850524671	493	0.6668896216246707	246	0.8326242455805709	
6	421	0.32168471419156547	327	0.487705889753054	80	0.49264559329163915	
7	174	0.2795641587784773	301	0.5832022879365021	436	0.6735887942088423	
8	283	0.40838848844671577	275	0.770686058087512	282	0.7947223135846385	
9	456	0.5904692217074896	324	0.6028746557433827	61	0.6575732317179874	
10	211	0.2828999721433957	260	0.2857067554346651	394	0.42460450205331285	
11	172	0.22098820446137032	462	0.45936962154781685	322	0.4755016289893187	
12	307	0.3301062999733258	452	0.3359842905203246	54	0.37074315242384454	
13	139	0.16600603191707128	404	0.6538047669334487	499	0.7050442587376791	
14	371	0.7208065937588864	447	1.025529037438887	51	1.0271197510984638	
15	431	0.7943722400696984	78	0.8428698815456523	141	0.9414957816032564	
16	132	0.7068603017649143	303	0.7164509963318155	426	0.958105663866273	
17	390	0.9413372200398455	189	1.1194617191516099	251	1.2253321889657784	
18	296	0.6796664265682024	221	1.2432464341143394	143	1.4468196000719054	
19	281	0.6871085312926087	202	0.7930812787738973	46	0.8006480568366062	
20	367	0.35181811389945	314	0.786153613021838	269	0.8202312304634682	
21	120	0.6148201975893666	104	0.654362870415229	243	0.7368963801161863	
22	346	0.26934929556204873	230	0.4043407020359595	177	0.5131601373659043	
23	272	0.7708522315945846	434	1.0064700017389026	422	1.232950708147628	
24	402	0.13130782483885714	138	0.4384927762657224	343	0.46572690483407786	
25	240	0.13461248341688825	49	0.34649090121322446	480	0.367465065365191	
26	38	0.3872092175748358	354	0.5009159608013132	69	0.7005957475896277	
27	326	0.5887573521913058	70	0.817146044012955	39	0.8484572113257812	
28	351	0.5710860887767994	96	0.6605318804643687	168	0.662919151205504	
29	399	0.5059036177424336	228	0.6191409516725466	176	0.6647380548843308	
30	185	0.5097694955366486	201	0.5556551296736869	43	0.6795256018346804	
31	480	0.2566580280085711	173	0.31605982895934065	49	0.3433866218599075	
32	135	0.48380945163309164	464	0.9641007813161452	140	0.9767462388925962	
33	310	0.1115642391913332	352	0.47346911165822586	96	0.4926887335942479	
34	281	1.0527447049230885	366	1.1808432218591316	109	1.205324713150459	
35	213	0.3124543016056453	397	0.6165830494001526	133	0.6438789748328715	
36	257	0.5556861710011305	179	0.5781261845700703	424	0.750419539331367	
37	288	0.43985991530410085	199	0.6723246344247824	460	0.7329931599825412	
38	26	0.3872092175748358	69	0.495480548096155	441	0.5346087870644486	
39	58	0.37880217414831074	70	0.48391077513679354	198	0.7745585833850884	
40	262	0.34531614866016386	409	0.3695571484336603	329	0.5017957286591321	
41	291	0.22262302458803254	396	0.32291727830793265	290	0.3786041289257712	
42	220	0.44055748502583336	283	0.7463528934219342	86	0.9686868372087617	
43	299	0.4688202873282334	293	0.5907039630501617	185	0.5994699232362086	
44	171	0.4950075956521799	287	0.6376283168686188	267	0.6839005593660814	
45	298	0.5325909397504368	235	0.6089829148603183	378	0.6940422320276447	
46	417	0.4271877472439357	19	0.8006480568366062	395	0.8922898409100294	
47	347	0.18825734010475317	320	0.4127632573141017	325	0.419074756380803	
48	302	0.4473487818216967	449	0.580615940697576	77	0.8809517686852412	
49	480	0.13286298221492607	31	0.3433866218599075	25	0.34649090121322446	
50	256	0.3133031733965159	343	0.3433127166689021	80	0.45734829187511467	
51	447	0.3555039254030463	420	0.5495486837802801	275	0.6485651907332409	
52	311	0.39557041635410267	289	0.48097273052397216	467	0.48425404306256825	
53	229	1.2972257465215775	107	1.3349110372781074	154	1.6740196350878196	
54	452	0.30668995132826865	12	0.37074315242384454	122	0.5053550372291687	
55	180	0.4015257066663628	1	0.6784303438772892	271	0.6924882926355026	
56	244	0.3892829219983637	211	0.5541301432059152	67	0.5885950655466277	
57	159	1.2933375152181723	91	1.319102951705275	2	1.654600783895758	
58	39	0.37880217414831074	198	0.3965167770086821	70	0.42116715278080546	
59	472	0.13287587005469553	291	0.55366364501535	396	0.5720207845109075	
60	356	0.4695968459191339	297	0.48546814258445437	462	0.5470753311742838	
61	229	0.6123060365986931	9	0.6575732317179874	420	0.8105360253757882	
62	473	0.6694158088631647	174	0.9051910419705708	7	1.1347568116492872	
63	97	0.4350321399880922	431	0.5354456815948667	141	0.5816389967151486	
64	433	0.6015176430006338	76	0.6077314600154233	183	1.2386026803069932	
65	445	0.19526781113518824	471	0.3554027467154	495	0.4287551743960063	
66	432	0.41841009376801397	262	0.42856492101293797	329	0.5074480030941612	
67	244	0.41313648304345335	56	0.5885950655466277	373	0.6970967195592659	
68	282	0.7757631302675906	261	0.9145477886940544	161	0.9381855675603248	
69	202	0.46366540373679893	359	0.4641888087158494	38	0.495480548096155	
70	58	0.42116715278080546	39	0.48391077513679354	198	0.6439508360613989	
71	266	0.47909494276192405	224	0.6321247102546553	67	0.7716308789884515	
72	207	0.3788180316809128	127	0.3963405463396724	328	0.6095281238605522	
73	102	0.4310719612493665	472	0.6469812845459618	257	0.6533392328277451	
74	486	1.6165086524426673	427	1.6850149224565125	446	1.6923650397338583	
75	415	0.40968730752106836	315	0.7630825249793869	248	0.9204498352940177	
76	433	0.42500319435313016	64	0.6077314600154233	81	1.5069454104555755	
77	474	0.3505022898585535	297	0.5829090882126041	356	0.6516893997101013	
78	97	0.5020799389198989	63	0.6894695896770168	411	0.8258057707502436	
79	271	0.4624705514486161	376	0.6653261538396371	55	0.8604052311440261	
80	421	0.1754304197919559	50	0.45734829187511467	6	0.49264559329163915	
81	295	0.5456083852935016	328	0.9135959396107542	193	0.9181646802985628	
82	215	0.6856260257217518	115	0.8627870487704302	156	1.0321617634472224	
83	435	0.43287631801020665	25	0.5508992874876008	199	0.5529186204537986	
84	374	0.7674078839766311	137	0.8748490884735136	381	0.9045213065487336	
85	252	0.32769310849238986	150	0.41887677226664305	196	0.4848318956633488	
86	220	0.9212870865468774	42	0.9686868372087617	283	1.021729071206772	
87	496	0.35243732807596856	396	0.405110758195894	290	0.5099830309265659	
88	357	1.2583660253421882	28	1.2745982535607046	178	1.2947419929279222	
89	105	0.14259488352443703	216	0.6958497609583484	217	0.7445797604874352	
90	477	0.24433942675807502	429	0.4495877213278447	471	0.5583592795860453	
91	2	0.5794154578349945	365	0.7953450913096337	159	0.800455971812595	
92	108	0.6299432294583952	403	0.636031086331606	352	0.6518261728229693	
93	316	0.23759673521050342	324	0.6558683882060816	89	0.7972191168713114	
94	167	0.25668919905803883	222	0.3313450046046099	203	0.5182928426598785	
95	420	0.40965747617406917	435	0.4191151622109417	108	0.6385065551021365	
96	114	0.37025246341962276	310	0.46535716786721804	33	0.4926887335942479	
97	63	0.4350321399880922	141	0.4858079120454538	78	0.5020799389198989	
98	498	0.6783253766564794	274	0.9623927471575751	251	1.1981858151073155	
99	482	0.4952189375664947	133	0.6066761697856663	321	0.6705216670413185	
100	123	0.34654162268470823	419	0.5082241321499176	226	0.5994053563034664	
101	184	0.30692094890155475	233	0.45427578094784127	0	0.45854654831671976	
102	73	0.4310719612493665	457	0.6049514171663118	175	0.713739473701118	
103	217	0.5240571092772345	375	0.6411748439992014	216	0.7210056936713889	
104	21	0.654362870415229	60	0.9741454464125959	163	1.028675051331479	
105	89	0.14259488352443703	217	0.6074726767945361	216	0.6796396592045943	
106	127	0.3520528864514201	207	0.5141561394406836	332	0.5661008191758914	
107	229	1.0973769948017094	161	1.115794560442008	146	1.1447462874362544	
108	403	0.21227055366301595	147	0.29122928706030243	92	0.6299432294583952	
109	366	0.6198114854207232	4	0.7342076549475616	281	1.0423953726925057	
110	339	0.5767745841917267	204	0.7696229266422425	116	0.7838519339436048	
111	118	1.0702537677519774	188	1.4013340576874318	317	1.4183531055039114	
112	212	0.3786397336884822	128	0.40525820515398847	403	0.6739153442905118	
113	339	0.5118763087245035	430	0.6403858186125586	248	0.7268581743610142	
114	206	0.36575070006911903	96	0.37025246341962276	310	0.47203223911328646	
115	156	0.5283990193257864	82	0.8627870487704302	157	1.008803073359639	
116	421	0.47730626476487026	80	0.5404338312790553	6	0.5738716722049138	
117	463	0.38265287575838264	386	0.46451325065901117	301	0.5722914896857739	
118	111	1.0702537677519774	437	1.5050169789563097	391	1.8014578109334896	
119	70	0.7953656287819926	39	0.9175212983116429	58	0.9479219834902712	
120	172	0.47483703960212326	21	0.6148201975893666	11	0.6203012709046238	
121	126	0.30630029134178244	362	0.4425123882135629	307	0.5611848614915478	
122	315	0.3749502027717157	452	0.415690995841728	54	0.5053550372291687	
123	100	0.34654162268470823	226	0.42564198445482876	419	0.4281354033638155	
124	430	0.43981914272738587	368	0.5430057477411601	409	0.6726646677158277	
125	350	0.9842664912243873	331	0.994837680271095	388	1.0706130536243903	
126	362	0.14540377936120344	121	0.30630029134178244	307	0.4956449737774523	
127	106	0.3520528864514201	207	0.35909219028943956	72	0.3963405463396724	
128	112	0.40525820515398847	364	0.506984645459741	212	0.5167303842069197	
129	155	0.13270991235342244	214	0.2742765501884517	258	0.40443872018927585	
130	204	0.3614166910961483	167	0.5200681428036465	94	0.553349053490517	
131	132	0.894284178359878	208	1.3968713014962615	16	1.5035894451612142	
132	16	0.7068603017649143	131	0.894284178359878	426	0.9165323381878756	
133	397	0.25378291342226894	455	0.5812035304535516	482	0.5939760526045762	
134	398	0.5079420221944038	150	0.5217656517490553	85	0.6123504471725901	
135	32	0.48380945163309164	140	0.5924248134657631	360	0.659266638160413	
136	418	0.28476623465714157	254	0.3435154803238041	3	0.5259658044945125	
137	200	0.29086438917433277	488	0.8634438644038311	84	0.8748490884735136	
138	451	0.28149694087497773	24	0.4384927762657224	271	0.5413285348778465	
139	13	0.16600603191707128	404	0.5646790305427167	405	0.6797969976288724	
140	360	0.18900892994902133	210	0.1938157655228484	135	0.5924248134657631	
141	97	0.4858079120454538	431	0.5055433911751079	63	0.5816389967151486	
142	459	0.7700806129664458	295	1.0109679449224638	183	1.1138112826117261	
143	469	0.6977409982916818	171	1.021513158391441	241	1.0227668634881952	
144	211	0.3333906638745275	260	0.46441303614549734	394	0.46614054856466813	
145	170	0.5172241603861005	407	0.5473848797993921	450	0.6341397596975304	
146	487	0.44440850895656275	401	0.45481604073623594	364	0.6747094341591409	
147	108	0.29122928706030243	403	0.43502013226139175	95	0.7125560054143996	
148	223	0.4032005353460614	268	0.994988736376555	498	1.0319484489578934	
149	309	0.5178151523063756	438	0.7053842316673951	327	0.7649605951807695	
150	85	0.41887677226664305	134	0.5217656517490553	252	0.6251671163367466	
151	168	0.4150962837113786	351	0.5129851386001589	288	0.524408747893893	
152	345	0.330298495163373	194	0.4353567812050866	169	0.5591886348908967	
153	251	0.2169257502283241	498	0.7197307800766385	266	0.7738408918151457	
154	146	0.7053306798000085	9	0.7899492866471891	364	0.8218581237232687	
155	129	0.13270991235342244	214	0.21500357057440114	258	0.4510341165554474	
156	115	0.5283990193257864	389	0.8482826364394825	157	0.8595368872686895	
157	389	0.34572421211292886	378	0.5414789191705859	45	0.7399239781647067	
158	361	0.0779074327830839	454	0.6221012548684772	87	0.6355852989887566	
159	2	0.5694980399343071	483	0.6217262641716408	91	0.800455971812595	
160	234	0.5032747654679541	443	0.6770470666908471	264	0.767644116371425	
161	282	0.4203133504768692	147	0.8654183462341503	229	0.8769691510982719	
162	372	0.36226880571326414	346	0.5106119683279671	472	0.5939861466708343	
163	176	0.347624846103523	384	0.4986208955433471	29	0.8013900961283108	
164	496	0.49475082628084743	227	0.5046243448626807	290	0.5308584077746653	
165	446	0.51968220249824	410	0.777016755524957	486	0.9168127616950884	
166	205	0.6655178637009952	294	0.9761952477941004	305	0.9878344555843418	
167	222	0.1864264116253031	94	0.25668919905803883	203	0.3522859364226673	
168	351	0.10924812726345941	151	0.4150962837113786	494	0.4814338676495753	
169	364	0.30528736685601154	152	0.5591886348908967	194	0.579316856894678	
170	450	0.31844918563358904	145	0.5172241603861005	407	0.5631744585125636	
171	44	0.4950075956521799	267	0.5159591783974503	241	0.5212531346595057	
172	11	0.22098820446137032	120	0.47483703960212326	462	0.5757509775467	
173	31	0.31605982895934065	352	0.4639977087479285	480	0.47647283651153094	
174	7	0.2795641587784773	301	0.8082166691355929	436	0.8419345000312769	
175	412	0.34647811289304553	249	0.3749358837469465	407	0.47554440181413266	
176	163	0.347624846103523	29	0.6647380548843308	384	0.6975556173866344	
177	230	0.39434977659511616	22	0.5131601373659043	346	0.726570523640983	
178	28	1.0220081026129142	491	1.2593151397085032	88	1.2947419929279222	
179	36	0.5781261845700703	339	0.8215822954552644	5	0.8443088384464169	
180	463	0.3508410552069792	55	0.4015257066663628	1	0.44252637245060333	
181	197	0.4091603339589999	343	0.5168217703048766	318	0.5200757734055513	
182	129	0.7224424617117465	155	0.7231652083058272	278	0.8469158531705524	
183	20	0.9238419936231969	142	1.1138112826117261	492	1.1171237720144263	
184	233	0.20474061410688837	101	0.30692094890155475	0	0.605779474204512	
185	30	0.5097694955366486	43	0.5994699232362086	201	0.7397618932663167	
186	201	1.3140625317960626	349	1.3739915969229382	280	1.41669859106413	
187	461	0.5010020554670852	422	0.5505204575348315	257	0.6940627328484811	
188	317	0.49838557813895684	209	1.1680344574156936	484	1.2686569094202873	
189	294	0.5834479694053166	213	0.6388294035504477	35	0.6502112632882796	
190	468	0.2420981012501269	328	0.7336514586703535	263	0.8916244297154022	
191	478	0.2403612330386478	437	0.707456457215977	245	0.9887004879109582	
192	205	0.40892625735616095	166	0.9921207835415171	330	1.2437134024732108	
193	342	0.46007904155982915	106	0.6751121279689932	127	0.7301920526165697	
194	152	0.4353567812050866	401	0.5711898985468069	169	0.579316856894678	
195	232	1.1020186937485077	158	1.2308426817686458	361	1.2400422625592034	
196	85	0.4848318956633488	252	0.6498655187721599	236	0.7452841411580403	
197	318	0.21582441511778394	289	0.33246702943392215	181	0.4091603339589999	
198	58	0.3965167770086821	375	0.5002214688821727	499	0.5330946838550107	
199	288	0.3868985357789688	460	0.39762470642456604	400	0.5175439050270657	
200	137	0.29086438917433277	488	0.6727711611900248	326	0.8629398711968512	
201	30	0.5556551296736869	185	0.7397618932663167	43	0.8385649652527952	
202	242	0.3504819454711233	69	0.46366540373679893	441	0.5649588200758103	
203	222	0.27611663345505033	167	0.3522859364226673	94	0.5182928426598785	
204	130	0.3614166910961483	167	0.5479082868403896	94	0.5732294392173337	
205	192	0.40892625735616095	166	0.6655178637009952	259	1.1641013221774268	
206	114	0.36575070006911903	400	0.4161169659957109	354	0.5181269170042879	
207	127	0.35909219028943956	72	0.3788180316809128	106	0.5141561394406836	
208	338	0.5999998908813111	225	0.7195348546005637	246	0.8663027580392608	
209	300	1.111276318880667	188	1.1680344574156936	231	1.1811176744098661	
210	360	0.16958182369420535	140	0.1938157655228484	135	0.746172480089902	
211	10	0.2828999721433957	144	0.3333906638745275	260	0.38395661497947	
212	112	0.3786397336884822	128	0.5167303842069197	403	0.624265400267777	
213	35	0.3124543016056453	397	0.6370371634532318	189	0.6388294035504477	
214	155	0.21500357057440114	129	0.2742765501884517	258	0.5279105848950337	
215	82	0.6856260257217518	115	1.038096342767871	157	1.3843535173514319	
216	382	0.6170065056789811	105	0.6796396592045943	89	0.6958497609583484	
217	103	0.5240571092772345	105	0.6074726767945361	89	0.7445797604874352	
218	459	0.4819669807958837	311	0.6477689229595083	410	0.6588459073756475	
219	479	0.773774371785004	102	0.7767288532436203	383	0.8380969100677149	
220	283	0.43511540116804664	42	0.44055748502583336	8	0.8085318557960012	
221	143	1.080539215151983	18	1.2432464341143394	323	1.2811343733630884	
222	167	0.1864264116253031	203	0.27611663345505033	94	0.3313450046046099	
223	148	0.4032005353460614	153	0.8870470071530966	418	0.9104389676732685	
224	393	0.5735223560474118	265	0.6151928702096701	71	0.6321247102546553	
225	338	0.5227242801205609	208	0.7195348546005637	246	1.1299373223446885	
226	123	0.42564198445482876	100	0.5994053563034664	424	0.6090380735318255	
227	164	0.5046243448626807	290	0.5168313810062157	291	0.7061932700746925	
228	457	0.6087581808362006	29	0.6191409516725466	399	0.6210612433863084	
229	61	0.6123060365986931	282	0.784401052599453	161	0.8769691510982719	
230	177	0.39434977659511616	22	0.4043407020359595	346	0.581396644430561	
231	300	0.49241484206506936	262	0.9198466984434654	430	1.0112889953137716	
232	361	0.9696355822125738	158	0.9701535445293302	195	1.1020186937485077	
233	184	0.20474061410688837	256	0.4526958456657835	101	0.45427578094784127	
234	160	0.5032747654679541	264	0.6932621430142127	427	0.8185473904228964	
235	323	0.4674137339218641	298	0.5473855280243883	45	0.6089829148603183	
236	398	0.5046220705355561	134	0.646033421040532	196	0.7452841411580403	
237	337	0.2770909612150304	259	0.4737152388965708	321	0.6019603115052278	
238	68	1.6120476970623534	107	1.6314538434119084	385	1.7057951371028328	
239	122	0.5362753496347834	419	0.5511666808705473	340	0.6799988250068677	
240	25	0.13461248341688825	49	0.3760799077413665	480	0.4111740401440442	
241	267	0.4367730172360528	171	0.5212531346595057	389	0.6704831692168015	
242	202	0.3504819454711233	369	0.4419626321994989	414	0.5023702550288397	
243	21	0.7368963801161863	411	0.8255013740598484	485	0.955346884927215	
244	373	0.32740224224653997	56	0.3892829219983637	67	0.41313648304345335	
245	437	0.8320572849255594	478	0.9097666420352973	191	0.9887004879109582	
246	475	0.3344332753142736	493	0.7150426510542507	338	0.718480998260446	
247	253	0.2786194056440088	121	0.5773345368339857	126	0.7040891500601874	
248	303	0.41623139050213753	113	0.7268581743610142	75	0.9204498352940177	
249	175	0.3749358837469465	412	0.5237068224300562	439	0.6862015157747031	
250	348	0.5470485845196655	466	0.6453596661624194	442	0.6570400126267475	
251	153	0.2169257502283241	498	0.54090543366482	266	0.8735207351304456	
252	371	0.3263139203720976	85	0.32769310849238986	150	0.6251671163367466	
253	247	0.2786194056440088	285	0.6429754672264558	424	0.6674086691677595	
254	136	0.3435154803238041	284	0.3474616522423256	363	0.3781381962426103	
255	309	0.6890905588921149	149	1.005161457802479	39	1.1044364748592994	
256	50	0.3133031733965159	233	0.4526958456657835	343	0.4533928754169156	
257	36	0.5556861710011305	73	0.6533392328277451	187	0.6940627328484811	
258	439	0.3329467729040215	129	0.40443872018927585	155	0.4510341165554474	
259	237	0.4737152388965708	337	0.5100635551609047	321	0.6800481376108861	
260	10	0.2857067554346651	211	0.38395661497947	394	0.3957608965916243	
261	282	0.7183879177452418	275	0.7453046543537694	147	0.7586418160844892	
262	40	0.34531614866016386	66	0.42856492101293797	329	0.6461949025336179	
263	328	0.6050633534393961	269	0.6213488467848002	314	0.6217144084671556	
264	427	0.6393719283816898	234	0.6932621430142127	160	0.767644116371425	
265	393	0.4986403170653665	224	0.6151928702096701	390	0.687887021530805	
266	71	0.47909494276192405	153	0.7738408918151457	284	0.8333648340885559	
267	378	0.40302623884831457	241	0.4367730172360528	171	0.5159591783974503	
268	148	0.994988736376555	391	1.026994772428752	223	1.3224521231637218	
269	314	0.11696134730004297	367	0.6112523898682674	263	0.6213488467848002	
270	333	0.360646509215196	313	0.4782403183589147	414	0.5729249291240905	
271	376	0.23629578038627042	79	0.4624705514486161	138	0.5413285348778465	
272	439	0.7516380442121976	23	0.7708522315945846	355	0.8725472206070777	
273	487	0.5298466352395272	401	0.5557935739222162	386	0.5907943503334804	
274	498	0.8010110698142582	210	0.8587801134847981	98	0.9623927471575751	
275	51	0.6485651907332409	261	0.7453046543537694	8	0.770686058087512	
276	340	0.7182827485127445	478	0.8794252082451957	191	0.9943634510861992	
277	405	0.3602663466279525	404	0.3781467958289105	139	0.8489726799227127	
278	182	0.8469158531705524	48	1.3116808972856966	272	1.320596796353152	
279	349	1.180956980038966	226	1.3465727491043897	177	1.4736468796385334	
280	285	0.22710882311398325	253	0.6945148575595859	306	0.7308295284120994	
281	19	0.6871085312926087	366	0.9624298183996665	417	0.9716400289466668	
282	161	0.4203133504768692	261	0.7183879177452418	68	0.7757631302675906	
283	8	0.40838848844671577	220	0.43511540116804664	42	0.7463528934219342	
284	254	0.3474616522423256	319	0.38387476249301294	373	0.41842408882678106	
285	280	0.22710882311398325	306	0.5705234420594836	253	0.6429754672264558	
286	485	0.3514055228346494	348	1.086818990878727	21	1.0994475642286896	
287	469	0.4912010783117846	44	0.6376283168686188	171	0.8321178347051194	
288	199	0.3868985357789688	37	0.43985991530410085	151	0.524408747893893	
289	197	0.33246702943392215	52	0.48097273052397216	318	0.48236675809775814	
290	396	0.28121263814855074	41	0.3786041289257712	291	0.38936383391851115	
291	41	0.22262302458803254	396	0.3105791161496193	290	0.38936383391851115	
292	320	0.25168503050306185	382	0.3078983557218804	325	0.41612985286676	
293	319	0.5761060433093759	3	0.5790103132270047	43	0.5907039630501617	
294	189	0.5834479694053166	157	0.8124608964809795	35	0.8259475113693351	
295	81	0.5456083852935016	269	0.6592227082138246	72	0.7431297959447335	
296	18	0.6796664265682024	143	1.3315602024295992	221	1.4271185477381112	
297	356	0.39680657992758167	60	0.48546814258445437	77	0.5829090882126041	
298	45	0.5325909397504368	235	0.5473855280243883	308	0.6478720640214007	
299	43	0.4688202873282334	3	0.7732518644263869	247	0.7828838543886576	
300	231	0.49241484206506936	209	1.111276318880667	255	1.1487426403986754	
301	386	0.37669987739535027	117	0.5722914896857739	7	0.5832022879365021	
302	48	0.4473487818216967	449	0.4677899940440582	358	0.8794807466813035	
303	248	0.41623139050213753	16	0.7164509963318155	493	0.8746446278221021	
304	340	1.9568385075382437	186	1.9735317867567792	338	2.005908254824471	
305	350	0.6702278961211364	331	0.8292306099934375	482	0.934026457161344	
306	285	0.5705234420594836	428	0.624622589000697	280	0.7308295284120994	
307	452	0.3166425430208879	12	0.3301062999733258	126	0.4956449737774523	
308	428	0.5422274522683446	388	0.5795206976852066	455	0.6371337790172845	
309	149	0.5178151523063756	255	0.6890905588921149	332	0.8741797177609197	
310	33	0.1115642391913332	352	0.4046587477699797	96	0.46535716786721804	
311	52	0.39557041635410267	410	0.6235913300503518	218	0.6477689229595083	
312	377	0.383596870306307	356	0.7974771225291913	97	0.8960739438905364	
313	369	0.21120645708800007	414	0.3248797354920978	333	0.41881589865646107	
314	269	0.11696134730004297	367	0.6136580740919229	263	0.6217144084671556	
315	122	0.3749502027717157	54	0.5903250115320132	12	0.6187293662008373	
316	93	0.23759673521050342	324	0.6725917447026335	456	0.7019056156664564	
317	188	0.49838557813895684	484	1.0524793345058938	67	1.1531364027287727	
318	197	0.21582441511778394	289	0.48236675809775814	181	0.5200757734055513	
319	284	0.38387476249301294	254	0.4031464947026882	373	0.48494244738910647	
320	0	0.21223251265163512	292	0.25168503050306185	47	0.4127632573141017	
321	482	0.4627547763963972	237	0.6019603115052278	99	0.6705216670413185	
322	462	0.1293799631037489	474	0.4301407003052783	11	0.4755016289893187	
323	235	0.4674137339218641	171	0.777909354936972	45	0.852613420841875	
324	456	0.567745836987649	49	0.575630273209198	9	0.6028746557433827	
325	382	0.341381580742259	292	0.41612985286676	47	0.419074756380803	
326	27	0.5887573521913058	200	0.8629398711968512	137	0.9720889099870419	
327	438	0.4859065751091069	6	0.487705889753054	116	0.6588391383700023	
328	263	0.6050633534393961	72	0.6095281238605522	468	0.6678109351124318	
329	432	0.38632328124805804	40	0.5017957286591321	66	0.5074480030941612	
330	192	1.2437134024732108	205	1.3306498865963794	166	1.39962662869211	
331	305	0.8292306099934375	125	0.994837680271095	350	1.033162851126809	
332	106	0.5661008191758914	207	0.8153282150037112	342	0.861225291050937	
333	270	0.360646509215196	313	0.41881589865646107	451	0.4744725120248253	
334	409	0.5354792197690753	461	0.6742043849355273	187	0.7054776091449282	
335	429	0.3992803290222963	52	0.5452996065067386	289	0.6132466758778881	
336	394	0.38794428146778887	363	0.5112100369078422	3	0.5875703326111155	
337	237	0.2770909612150304	259	0.5100635551609047	321	0.8595452479546357	
338	225	0.5227242801205609	208	0.5999998908813111	246	0.718480998260446	
339	113	0.5118763087245035	110	0.5767745841917267	368	0.7670460892607871	
340	239	0.6799988250068677	276	0.7182827485127445	419	0.8690796066151385	
341	379	0.7295731553691667	491	0.9584833129239897	387	1.0920153722123807	
342	193	0.46007904155982915	106	0.6287193347335409	375	0.6663306726622222	
343	50	0.3433127166689021	256	0.4533928754169156	451	0.45562206659261906	
344	416	0.8995173040783804	422	0.9651766689097384	99	1.0878391842958537	
345	152	0.330298495163373	0	0.5492217079185648	101	0.575086454018001	
346	22	0.26934929556204873	372	0.5039162449483885	162	0.5106119683279671	
347	47	0.18825734010475317	408	0.35460474243297807	495	0.44367226244896596	
348	466	0.3462394510253968	250	0.5470485845196655	442	0.6536888665218151	
349	454	0.7581639331344053	253	0.8205339881429584	226	0.9520166767575455	
350	388	0.6503817887756868	305	0.6702278961211364	308	0.702631152581112	
351	168	0.10924812726345941	494	0.504718405896731	151	0.5129851386001589	
352	310	0.4046587477699797	173	0.4639977087479285	33	0.47346911165822586	
353	2	0.4260572698386628	365	0.6708862112661328	357	0.6769016330950186	
354	26	0.5009159608013132	206	0.5181269170042879	400	0.5630258336313644	
355	439	0.32904164380208306	214	0.5732974570531488	258	0.6021777530056756	
356	297	0.39680657992758167	60	0.4695968459191339	377	0.6214137011942655	
357	353	0.6769016330950186	379	0.7924311266507678	33	0.9333427326660919	
358	302	0.8794807466813035	48	0.9838809704928608	449	1.2575913999375177	
359	69	0.4641888087158494	499	0.501589113383462	242	0.5813302287751722	
360	210	0.16958182369420535	140	0.18900892994902133	135	0.659266638160413	
361	158	0.0779074327830839	454	0.604879031040498	87	0.6834404218601401	
362	126	0.14540377936120344	121	0.4425123882135629	260	0.4766046043284502	
363	3	0.27358782586739233	254	0.3781381962426103	336	0.5112100369078422	
364	169	0.30528736685601154	401	0.41366096157025484	128	0.506984645459741	
365	2	0.5869621050108557	398	0.6463525252145366	353	0.6708862112661328	
366	109	0.6198114854207232	139	0.7106576078867296	13	0.8095377215904841	
367	20	0.35181811389945	269	0.6112523898682674	314	0.6136580740919229	
368	124	0.5430057477411601	438	0.632728750563541	430	0.668514524825724	
369	414	0.18764253710361467	313	0.21120645708800007	465	0.41565841390067176	
370	104	1.5584596648167284	384	1.598035196892974	163	1.7828181567790269	
371	252	0.3263139203720976	85	0.5616365671520346	14	0.7208065937588864	
372	162	0.36226880571326414	479	0.40037319713161795	346	0.5039162449483885	
373	244	0.32740224224653997	284	0.41842408882678106	319	0.48494244738910647	
374	84	0.7674078839766311	381	0.7781744265425854	470	0.8221622749761265	
375	198	0.5002214688821727	103	0.6411748439992014	342	0.6663306726622222	
376	271	0.23629578038627042	138	0.6072045053143895	463	0.643630510228639	
377	312	0.383596870306307	356	0.6214137011942655	297	0.7008862105811174	
378	389	0.31187071831740437	267	0.40302623884831457	157	0.5414789191705859	
379	387	0.6641060986896178	341	0.7295731553691667	357	0.7924311266507678	
380	30	0.7206799560706623	44	0.8135281306585164	418	1.0043534826114955	
381	374	0.7781744265425854	84	0.9045213065487336	470	0.9838487302828027	
382	292	0.3078983557218804	325	0.341381580742259	320	0.48838732974841115	
383	219	0.8380969100677149	164	1.2215071517816776	227	1.2254358169706436	
384	163	0.4986208955433471	176	0.6975556173866344	29	0.8533091329094041	
385	68	1.2104770939609026	406	1.2430370090747171	440	1.3618873323897538	
386	301	0.37669987739535027	117	0.46451325065901117	273	0.5907943503334804	
387	481	0.36368069092528843	379	0.6641060986896178	353	0.8853262983790489	
388	308	0.5795206976852066	350	0.6503817887756868	235	0.8479617255000208	
389	378	0.31187071831740437	157	0.34572421211292886	267	0.5544234060270286	
390	224	0.6558547803117564	265	0.687887021530805	393	0.7036922083830158	
391	268	1.026994772428752	148	1.5724082875657035	118	1.8014578109334896	
392	453	1.179179860979611	37	1.2600281041821013	458	1.4047327849090707	
393	265	0.4986403170653665	224	0.5735223560474118	390	0.7036922083830158	
394	336	0.38794428146778887	260	0.3957608965916243	10	0.42460450205331285	
395	46	0.8922898409100294	149	1.026006432537099	438	1.0884375684255665	
396	290	0.28121263814855074	291	0.3105791161496193	41	0.32291727830793265	
397	133	0.25378291342226894	373	0.598753909704805	35	0.6165830494001526	
398	236	0.5046220705355561	134	0.5079420221944038	365	0.6463525252145366	
399	29	0.5059036177424336	346	0.5124249366869473	22	0.6094188654602912	
400	460	0.1590104144829701	206	0.4161169659957109	114	0.48020739363109166	
401	364	0.41366096157025484	146	0.45481604073623594	487	0.46569058100436034	
402	24	0.13130782483885714	343	0.5222314816644105	138	0.5636662494758964	
403	108	0.21227055366301595	147	0.43502013226139175	212	0.624265400267777	
404	405	0.23050794293422308	277	0.3781467958289105	139	0.5646790305427167	
405	404	0.23050794293422308	277	0.3602663466279525	139	0.6797969976288724	
406	440	0.6725182466196323	483	0.9024473048919716	68	1.0705705639011447	
407	412	0.4282312450482287	175	0.47554440181413266	145	0.5473848797993921	
408	347	0.35460474243297807	495	0.38116748836132236	47	0.45649962244492626	
409	40	0.3695571484336603	329	0.5287752324332056	334	0.5354792197690753	
410	311	0.6235913300503518	218	0.6588459073756475	335	0.7684584602975346	
411	492	0.6943351378881923	63	0.7981082593890927	243	0.8255013740598484	
412	175	0.34647811289304553	407	0.4282312450482287	249	0.5237068224300562	
413	425	0.9413702138098765	490	0.9937845872265983	316	1.1487871356120594	
414	369	0.18764253710361467	313	0.3248797354920978	242	0.5023702550288397	
415	75	0.40968730752106836	248	1.098330873842415	315	1.149516833477387	
416	237	0.8685269559228553	344	0.8995173040783804	259	0.9282084723382898	
417	46	0.4271877472439357	281	0.9716400289466668	19	1.0119986867772228	
418	136	0.28476623465714157	254	0.5044034504983089	284	0.6063685278144716	
419	123	0.4281354033638155	100	0.5082241321499176	239	0.5511666808705473	
420	435	0.3562042319548373	95	0.40965747617406917	51	0.5495486837802801	
421	80	0.1754304197919559	6	0.32168471419156547	116	0.47730626476487026	
422	187	0.5505204575348315	219	0.8723608724372647	434	0.9202685037547846	
423	436	0.5307126116491863	180	0.7688167744628417	55	0.8008099249703596	
424	472	0.5742227812179681	121	0.6076850728473325	226	0.6090380735318255	
425	413	0.9413702138098765	405	1.0451372265370646	217	1.051329436628178	
426	204	0.6304281086826	442	0.6508785502708766	94	0.7827277771041443	
427	264	0.6393719283816898	234	0.8185473904228964	160	0.9352100463684039	
428	41	0.4398628720647745	291	0.49442089359131963	308	0.5422274522683446	
429	335	0.3992803290222963	90	0.4495877213278447	477	0.5149367966812068	
430	124	0.43981914272738587	113	0.6403858186125586	368	0.668514524825724	
431	141	0.5055433911751079	63	0.5354456815948667	311	0.6687134638457451	
432	329	0.38632328124805804	66	0.41841009376801397	12	0.6152654202947465	
433	76	0.42500319435313016	64	0.6015176430006338	81	1.4186878337363367	
434	422	0.9202685037547846	334	0.9542437747986471	124	0.9973499630202858	
435	420	0.3562042319548373	95	0.4191151622109417	83	0.43287631801020665	
436	423	0.5307126116491863	301	0.6225018881500503	7	0.6735887942088423	
437	478	0.6692965414146325	191	0.707456457215977	245	0.8320572849255594	
438	327	0.4859065751091069	368	0.632728750563541	149	0.7053842316673951	
439	355	0.32904164380208306	258	0.3329467729040215	214	0.5958351487733687	
440	406	0.6725182466196323	448	0.9735128425334516	7	1.116231909805783	
441	38	0.5346087870644486	202	0.5649588200758103	69	0.5938388975615309	
442	466	0.4066563827344996	94	0.6136559806246297	426	0.6508785502708766	
443	486	0.4396462172393444	160	0.6770470666908471	65	0.7100274120458179	
444	257	0.7026164752038517	102	0.7358958122200685	368	0.7444831326937061	
445	65	0.19526781113518824	471	0.543738218216325	47	0.6138234191977676	
446	486	0.4070841635775405	165	0.51968220249824	443	0.7552702134483271	
447	51	0.3555039254030463	453	0.609962913671679	420	0.6355164526172907	
448	1	0.28091372548661186	180	0.6324377862926116	212	0.6851933027000189	
449	302	0.4677899940440582	48	0.580615940697576	77	0.8141730699103586	
450	170	0.31844918563358904	145	0.6341397596975304	407	0.7758530414753404	
451	138	0.28149694087497773	343	0.45562206659261906	333	0.4744725120248253	
452	54	0.30668995132826865	307	0.3166425430208879	12	0.3359842905203246	
453	447	0.609962913671679	199	0.7706758477555335	151	0.8433987614860494	
454	361	0.604879031040498	158	0.6221012548684772	349	0.7581639331344053	
455	133	0.5812035304535516	144	0.6241654646405426	308	0.6371337790172845	
456	49	0.5624549274150152	324	0.567745836987649	9	0.5904692217074896	
457	22	0.5878737907673584	102	0.6049514171663118	228	0.6087581808362006	
458	497	0.530438276071104	453	1.0701829655350028	9	1.2487291146765505	
459	218	0.4819669807958837	492	0.7185079834329954	142	0.7700806129664458	
460	400	0.1590104144829701	199	0.39762470642456604	206	0.5715737011236011	
461	187	0.5010020554670852	260	0.608173422121235	334	0.6742043849355273	
462	322	0.1293799631037489	474	0.452321899866282	11	0.45936962154781685	
463	180	0.3508410552069792	117	0.38265287575838264	386	0.6187528981820861	
464	32	0.9641007813161452	135	1.3504543764427182	140	1.7770352278831898	
465	369	0.41565841390067176	313	0.4274722604552415	414	0.514678108110001	
466	348	0.3462394510253968	442	0.4066563827344996	250	0.6453596661624194	
467	52	0.48425404306256825	429	0.6128760430460153	477	0.6671630000930088	
468	190	0.2420981012501269	328	0.6678109351124318	263	0.6766123153476755	
469	287	0.4912010783117846	171	0.6004092946567413	143	0.6977409982916818	
470	374	0.8221622749761265	381	0.9838487302828027	84	1.347724113293456	
471	495	0.15787081483382423	65	0.3554027467154	347	0.49379212066740147	
472	59	0.13287587005469553	424	0.5742227812179681	162	0.5939861466708343	
473	62	0.6694158088631647	174	0.9330598081207504	7	1.0560716497001548	
474	77	0.3505022898585535	322	0.4301407003052783	462	0.452321899866282	
475	246	0.3344332753142736	5	0.6128456850524671	100	0.7631253288922952	
476	256	0.48372687969600325	50	0.5468793771574695	333	0.6949717825610545	
477	90	0.24433942675807502	256	0.4931889671954489	429	0.5149367966812068	
478	191	0.2403612330386478	437	0.6692965414146325	276	0.8794252082451957	
479	372	0.40037319713161795	496	0.5079912219410999	162	0.6894346047472364	
480	49	0.13286298221492607	31	0.2566580280085711	25	0.367465065365191	
481	387	0.36368069092528843	55	0.8326221498080123	155	0.925118245128384	
482	321	0.4627547763963972	99	0.4952189375664947	133	0.5939760526045762	
483	159	0.6217262641716408	406	0.9024473048919716	2	1.0149575881848325	
484	56	0.794648217665915	211	0.9525988282283199	10	1.0493042584290708	
485	286	0.3514055228346494	21	0.9501453263363994	243	0.955346884927215	
486	446	0.4070841635775405	443	0.4396462172393444	165	0.9168127616950884	
487	146	0.44440850895656275	401	0.46569058100436034	273	0.5298466352395272	
488	200	0.6727711611900248	70	0.79313501127114	137	0.8634438644038311	
489	411	1.001692764623988	183	1.2755986814139348	78	1.3556120826684983	
490	413	0.9937845872265983	425	1.4400112225407231	392	1.5760254958839748	
491	96	0.7914261981770778	341	0.9584833129239897	310	1.046332912521897	
492	172	0.6436015024043523	411	0.6943351378881923	459	0.7185079834329954	
493	5	0.6668896216246707	246	0.7150426510542507	475	0.7746647850574049	
494	168	0.4814338676495753	351	0.504718405896731	150	0.6420105746194147	
495	471	0.15787081483382423	408	0.38116748836132236	65	0.4287551743960063	
496	87	0.35243732807596856	396	0.38701908094178783	290	0.44069384018789504	
497	458	0.530438276071104	453	1.5696169055092182	490	1.5919719207006615	
498	251	0.54090543366482	98	0.6783253766564794	153	0.7197307800766385	
499	359	0.501589113383462	198	0.5330946838550107	58	0.5709033205273748	
