-1.3848352543243154	1.2280893756347493	1.1474606055697647	1
-1.0682134299310606	1.5462366935474376	-1.2562993659980375	2
-0.2447733077653961	0.2754872543297411	0.4939037645440075	1
1.6796042106690003	-0.0218797866035511	3.2104195347412023	4
-0.7709917018457290	-1.8588110862740432	-2.1534587377574250	3
-0.0384743596463438	0.2803412853267616	-1.0851032917732906	1
1.4880070126405804	-1.8379485503529200	-3.2023946180614531	0
-0.4917110361058821	-1.7765521363973034	-2.7555714363955803	3
0.4934353896804564	-2.6459981973371107	-2.3638967920893625	0
0.3217442025942125	-1.2835917344752632	-1.8587811355061361	0
-1.4963031118344401	0.8824952958834988	-1.1132066632718738	2
-0.7496234397176730	-2.0803431822807497	-0.5788249774545063	3
-0.8205118419060460	-3.2483775376221553	-0.5625503935709264	0
-0.5927653220216347	1.2558703554326240	0.6829434890803882	1
-0.9543086240269405	1.8476229666940602	-0.2382581317441631	2
-1.4729858526995256	0.4930251032930311	-0.3685617368927927	1
0.8219441341389360	-3.6466996779302066	-2.3878050044423391	0
-2.1591232629794299	3.4143485452582150	-1.2364780959351995	2
-1.4182709890739238	0.3207004095660919	-0.5327335002977085	1
-0.6244282652718958	3.5135869135534983	-0.2056022874629144	2
-1.4674077667878984	2.8509686430947672	-1.0856620753905497	2
-1.8677136639177778	-1.9972753918797759	-1.3010460978348379	3
-1.3366063593912667	2.1931774909489641	-0.5134501733821599	2
-0.4517131110006993	-3.1591089755546200	-2.2709209839411049	0
-0.1292973240589961	-2.8481462455471371	-0.4407027890110784	3
-1.4764287603760422	3.4971608268830847	-1.1816304947476568	2
-1.6113999808120028	2.6636829853701895	-1.4224188079651023	2
-1.9418583922181729	-2.0412044833620251	-1.6028629443564013	3
-0.3782188194773551	-2.2574280819421517	-2.5524500233464069	0
-0.7568124371207841	-2.7417292428586353	-1.5901198305677944	0
-2.0537678854673134	0.3825808218190948	-0.2787270844315629	1
-0.3137346556719447	1.4611256720082917	-0.5736685001543822	1
2.3148305549491655	-1.5171093352215563	3.5660080977285662	4
3.2398988152290240	-1.0056679778679967	2.5250221369553572	4
0.2618677876752619	1.6123985814931285	-0.3229119469284814	2
2.5719877046915900	-0.1233553664310262	2.4814208755448735	4
-2.6803699216323684	2.3932972271022388	0.1587024011502915	2
-0.7827122876996483	-1.6401197268459089	-2.3148594887288922	3
0.6803898065306412	1.1161969483066991	-0.9551806537018591	1
-1.2760403621274070	-0.5567646890653232	-1.6933609460876449	3
0.7623555448037082	-1.0528078467828919	4.8735361962568939	4
-0.6974271837570117	-0.8384875507080103	-0.1101628201968046	1
2.8127743065277615	-1.8275142178403456	3.2705854749768162	4
-0.8143543526628523	-1.1507985905879368	-1.6303727656472282	0
-1.3783206372903440	-3.4409238961325901	-1.4552485194546216	0
2.5904094762216614	-0.3003112970015196	3.0565576287135001	4
-0.5100057132409972	-1.9265338822671558	-3.6356131335841368	0
-0.3930811435785685	-2.1807196944559539	-0.6807990335338111	3
-2.4482724052516245	0.0176704145856860	-0.7408864272911122	1
0.8768870317499409	1.5765236086096406	0.2178787168100658	1
-0.0069121338925673	-2.0382335227846711	-1.2064631167382767	0
0.5573148062439224	0.7351997812043017	-0.8957293350483027	2
-0.9640037584858212	-2.6603012559453836	-0.9647727617928091	3
-0.8287635617434440	-2.6421614135645144	-1.1592108165411106	0
-1.5590188570532568	-1.5387743907019198	-2.9197316420838879	0
0.4761994509923332	-0.2851363111766195	4.6366884450124823	4
-1.8836179499637613	1.7093397767559921	-1.1337133709472054	1
-0.7830356213578561	-2.7405984509172114	-1.6388501622147422	3
0.7217063313366360	1.7206022604133522	-1.2286470744837685	2
-0.4373225006761412	-3.7545700767737986	-0.5066903210099618	3
2.8503094223780088	-0.4548918095261778	2.7830695454307679	4
-3.1652049035269885	1.8881916420749549	-0.2586889802984529	2
-0.2442041971312265	-1.2635029578088042	-2.9103026687808753	0
-1.6610259001140497	-2.0519014217771199	0.0723427718992841	3
0.0938884271659550	0.4172183659778036	-1.6777807242456584	2
2.5607394946124415	-1.5387471217266238	2.9961714114689530	4
2.7797709037048910	-0.4646772702651627	3.0474332072546071	4
0.1084679255131921	-4.4683006714281257	-1.9227804163567475	0
-0.4445960788177354	0.6023249355000475	0.0656603790404243	1
-1.5577917694032788	3.5578411834226467	-0.5004229943612601	2
-0.4365207777193186	-3.1641623510323567	-1.5257840381711265	0
-1.1734896841304805	1.1591461603494277	-0.2636622362408829	2
2.5360572550847467	-0.2084206428156704	2.5853870878447172	4
-0.8656250636531604	-2.6736507663907343	-1.3616991655368664	3
1.9770949489433600	-0.2064011474013097	4.6198669038156419	4
2.2991769576458623	-1.8465546770811583	2.9262567273717743	4
-0.5888321237261330	-2.9624605125918975	-1.4898456632060371	0
-1.2045461341659367	-2.6728351584986814	-0.7584467505844240	3
0.5207760048390959	-1.8157960240193076	-1.5426331506288060	3
0.2494929476479896	-1.7004348135343550	2.7845073899162500	4
-0.3179211632351976	-0.1205212421560368	-1.3231233563602998	0
0.1535110580182585	-1.9201054935107755	-0.7334124818014649	3
-2.0224110882102799	2.0775037315096103	-1.3508655267607430	2
1.4462093656209556	0.1482079825124141	2.5927660730352393	4
-1.6599423943727205	2.2186495714513703	-0.1568469054057896	2
-0.5858127616592089	-1.7119891834513261	-3.0667522790744051	0
-0.8110383900439770	0.0675454986888320	0.1931409226555626	1
-2.2092869424905501	-3.1551780165111336	-0.5193979642782856	3
-1.1237754193699141	3.4588175937323475	-0.5083481569259686	2
-0.9358559108523006	1.7632258015845217	0.0496649924593567	2
-0.2186489346396502	-1.3424854611941524	-1.4382226798201252	3
1.8821084502659784	-1.7790568513799818	3.8831337148482614	4
0.0767245147626626	-1.0559224512439414	-1.9373987308362399	0
1.5494574814056605	-1.9048395999992405	2.2122088116887628	4
0.5999681329234205	-2.5174753768239033	-0.8117958067909589	0
-1.4228127509525699	-1.8052786362906952	-0.7453242101171977	0
1.3677286355665355	-0.5805031095777613	2.9498697858172922	4
-1.3740289027052586	1.0600306216741571	-0.6502591202355879	1
-0.4288313940777033	1.3888175916966607	-0.8831864341577489	0
1.6362956121303327	-0.1808533369961574	2.2805668630169569	4
0.3933822243068178	-2.0797726658693847	-1.8140587401778139	0
2.8671778435849715	-1.0680093266259378	1.4697442856553060	4
-1.3023430316478193	1.1308618329651794	-2.2376296251523304	1
-0.8786061713512117	1.3588270322975897	-1.1314448588070209	1
-0.3230908503782304	-2.0855090312705435	-0.8592647594512764	0
0.0149001339474126	-1.9486549505105826	-1.8330279764010258	3
-1.5011839290133191	-1.0526709653837329	-1.9420157215169294	3
2.3356888984387831	-1.6291104675487882	2.0754263345546970	4
-0.6641870202169460	-3.1376792129106259	-1.1433230731933879	0
-1.3191787265395760	2.0566555962180404	-0.7305148158979125	2
-0.3539366556728174	-2.3484268894453515	-2.2478602551857065	0
-1.2966206697382603	1.0611328022624738	-1.1045588886456410	1
-1.4703603725637664	1.6299694736259758	-0.4528657029440614	1
1.3355054425588198	-1.7040876001642036	-1.7480636320276923	0
2.8151696553640102	0.6170055928728116	2.9615097913345800	4
0.0776406618883898	0.9260209982552786	0.3184868655565248	1
1.2634517932504352	-0.9117582768865373	2.8952359808028159	4
0.8580353309478077	-2.1489462354139919	-1.7141114133525288	0
-0.8660339411740278	1.7842710912537143	-0.5710608253929641	2
-1.2953295379890308	1.3935946679733870	-1.8529594236710123	2
-1.2612153947939102	-1.4802151328189035	-1.8289106130384916	0
-0.5435285122657240	1.9050849646331567	0.3000981595415921	2
-0.5090555515262284	-1.6655952103682126	0.0742525049677865	3
1.3552949110006649	-0.3378309319918167	3.8142227803999864	4
2.3837509667876828	1.3875375055206378	3.3064491492489010	4
-1.1646140594671517	-3.0086492770793605	-2.4604790116326924	3
-1.1107603510086159	-0.3560158247883094	-0.8469983365071779	1
-0.7605829298652986	-3.7673101618293798	0.1693414269179816	3
-1.5480660716646799	-1.4265860420633178	-2.4435144947061067	3
-0.7914962584041163	0.9932039793102077	0.6901203218934472	1
-3.0559356593678269	3.7897322711213288	-0.2820626427090230	2
-1.0235212425325346	-2.6418592371825338	-0.3396665814323253	3
-0.2050941875386644	-3.1966273636284637	-1.8539546449728701	3
-1.5557499175427556	-2.4874997795747853	-0.4751389978973917	3
-1.1732435285847678	1.1259655928736618	-0.7211662887025274	2
-1.6564032241448037	0.2798536274445405	1.4825769233618735	1
1.4985793053406535	-1.6532783067201575	-0.6115582760272597	0
2.4525493990390133	-1.0980573878643287	3.2554184472761913	4
-0.1676987787808715	0.4034816330047509	-0.5399033572467810	2
0.4103350485647962	-2.2360745884333153	-2.6263594345293004	0
0.7868278615049195	-2.2133604307483941	-1.4283658973908369	0
-1.2076841738329169	-4.0890730312960999	-1.6264815734620461	3
-1.0353456926463356	-1.4340827319936309	-1.1798680228548357	0
-1.4082144614529426	1.5057300133382474	-1.6843166199767015	1
-1.9448621576590135	2.5271570413338478	-1.4638493515135105	2
1.5097971670634125	-0.8135850547196618	3.9432206606828375	4
1.7865674121790129	-1.4195628616428611	3.6613268105960768	4
-1.9034043052721725	0.3747029833695774	0.3425842272929251	1
-1.3555079719723517	0.5625052892668738	-0.3025100089135167	1
2.6961631550746485	-1.3056267191184761	1.5337972026816171	4
-0.3328962378522102	-2.1390079196673790	-1.0740774999167695	3
-1.1019081671520561	-3.9162362719516302	-1.0435229641504615	0
-1.9265414800306904	1.8016714129699434	-0.0983048861007860	1
-1.4105362835375890	-2.5889656867128612	-1.3043132190042854	3
3.6463452794381679	-1.3889891579878122	4.8962696409351931	4
0.3692209404656625	-1.6553193182472059	0.1579873690274661	3
-0.4933413098478001	-2.8924499771016894	-2.0559129475967177	3
-0.4888606280748004	-2.4390233527056528	-2.5645246543999578	0
0.3182393662782128	-2.0763476386598949	-2.7304407774195090	3
-1.3088866000268955	2.4012589230966186	-0.2238482880442022	2
-0.5629754743969996	2.0055831789591734	-1.9957997383214010	2
-0.1940137952816742	0.7697519953214087	-0.9056896729349418	1
-0.7545655773551488	0.3443900486895167	-0.7993896911985490	1
-2.2732858491650560	0.3256403008991304	-0.5272551538343502	1
-0.2951947324197256	-2.7970176915731040	-1.0411540671918447	3
-2.2128805459386283	-1.4510667122533132	-1.4405899734891980	3
-1.3524527010150271	1.0990097750152215	-0.8993550032524722	2
-0.6494739967078955	1.3718721007790986	-2.2842052402306345	2
1.4908062412222454	0.1279109583194885	5.2544597922458314	4
-1.0535604852534248	1.8750826780524528	-1.9915142934932744	2
-2.7190458792153200	2.0161058407963166	-0.8858772846815274	1
1.3452428449928697	-3.3590735326895347	-0.5931996396714802	0
-0.2735891899860422	-2.4078082966509093	-1.0241054708676720	0
0.4626696578779917	-2.4472384986836588	-1.3960303177300699	0
-0.2739892810482625	-0.3190688105170079	-0.3737928498805756	1
0.3157689849845807	-1.6198078990493734	-2.2067583819587258	0
-1.9087518526971436	-1.1251038408204581	-0.6262498446305053	3
-1.6412194923339105	-1.3716272347618128	-1.5318074439427503	3
-0.0358365600858335	-2.1786405129259681	-1.7318413089541054	3
-0.9186517197304761	0.2990807690448801	-1.1890104132730697	1
-3.3410499468549490	-1.7674949210712096	-1.6918439496323674	3
-0.4110386049361785	-2.1173046429722424	-2.5087024011897201	3
-0.6909519188589496	1.8358869167392542	-0.7524358373616664	2
0.6402744462487204	-1.5890533148272064	-1.8210153918801457	0
-0.5924273804712964	-1.9864794862884874	-1.3755403189641169	3
1.4522856978721506	-0.7059821553602329	2.4006052305094232	4
-3.0046442865401017	1.1799924510898347	-2.2761842159708312	2
-0.0678391027076369	-3.4214075571522113	-1.6628136541826353	3
-1.3638006928497226	0.9459595291658029	-1.0743614319561934	2
1.4610561935301529	-0.7269234841181317	2.8184936188024858	4
-0.7385178486593980	1.2925558928553551	0.5270774269389252	1
-1.7788746586502420	2.5617336736608034	-2.8219967312939236	2
1.0426914866194061	-0.8484533751828303	-1.5039185754748972	0
3.0650102784084097	-0.1943367381847086	1.5989217744167399	4
0.9638740256602770	-0.6602101598238551	3.2139622051543419	4
1.5900452797909648	-2.3167447652596977	-2.8576664402656395	0
1.1504658603885840	0.2886688211033980	2.7400926230447462	4
0.0963176419518508	-2.9375874634228945	-2.8853845001878349	0
-1.6539822086253815	1.0265829237172870	0.4792366219935325	1
2.3260390684334200	0.1951114129284487	1.7086112434758616	4
0.2115335874556922	1.6278491403959525	-1.5410300419098872	2
-1.5403536851679331	0.8224738736948810	1.1665484431624682	1
-1.8871101109518629	-2.3237700624423772	-3.2434426637969813	3
-1.3609138465112574	-1.7757069202467624	-1.6261222933299917	0
2.2277918610169816	-1.7025025869934853	4.9714318604090071	4
0.4804280466998471	-2.2995249913170217	-1.0879182550079802	0
-0.4252594087328257	1.9374171276933814	-0.4661783919168428	2
0.4170308490121571	-2.0245884750098861	-0.7911397238069041	3
2.0598067778277986	-1.1921640986277089	3.9825139462370340	4
-0.2846981167527861	0.0586955467063077	-0.8566822740267795	1
-1.3367426347568483	-2.9298426302876837	-2.0740986956779106	3
0.0090084900822028	-1.3336654601929125	-1.7419827974260100	0
0.2027296659218928	-2.7102820863750798	-1.0972888027866943	0
-0.8303909636320397	1.0242999141860367	-1.1717977158226214	1
-1.2066614508945097	0.6899716559675144	0.6827393933110368	1
-1.5970829387040670	-1.5043893978582825	-1.0271184520380350	3
0.6032061411075348	-2.5566368506115551	-1.6965270381049320	0
0.4038374768170732	-2.1432283958578462	-2.1957548867842878	0
-2.7076678838267920	0.2586152060461361	-0.0234841834568376	2
-2.2824222462923514	-0.0520583552930053	0.5880749090979239	1
-0.3460227004862202	-2.9634218023608052	-1.7738632861268604	3
-1.8192027223363332	-3.0919703176604183	-3.5369688413500309	3
-0.9077773401756559	1.6770603734544896	-2.0803337814283225	2
-1.0328026620436637	-3.0449868120520622	-0.3256841481275650	3
-0.4201708507323654	2.0393230503515416	0.2361912516854023	1
0.3028054348255921	-2.2309087367732436	-2.6772089901271059	0
2.2413347708557749	0.2106207223320760	2.6170536065543786	4
-0.6479230831754129	-1.3388032892942030	-1.9601562177536804	0
1.9942444049747110	-1.5528909631016048	2.9720383064954476	4
-1.9901874903091143	2.5555782373633651	-1.4780345391479162	2
-0.5579747992832396	2.2203241242478695	-0.8368568430134902	2
2.2561891567581052	-1.8675397306456110	2.4161784397681623	4
0.9131918370426449	-1.0177421518572685	1.4457840904919017	4
-1.6104048306811132	1.4633951798416884	-1.0707048488379121	1
0.1030615911863784	-3.2069232700482875	-1.8530370085193415	0
-1.2585409222882444	2.9063244720500427	-0.7768904679578169	2
1.4195966884202080	-0.7075172650769580	2.6677859894008686	4
1.4384440380480221	-0.9820405951476833	0.3615682426067212	4
0.1567268165994871	1.2346434809236164	-0.4636898203365787	1
-0.1385350257823182	-1.1565634756818852	-2.2018699868141045	3
0.6495847382963504	-3.1393218831566587	3.6539211692328255	4
-1.7079320642441584	0.6302817081608280	0.3029214823850014	1
-2.5748971324751180	1.6481948176285885	-1.1306091408787347	2
1.5384294493166957	-1.3557016270330911	2.0849833813082741	4
-0.0917531687282725	1.7722347237914580	-2.7775219182896271	2
-2.3330217065511270	0.0285905383679897	-0.2983533344309550	1
-0.1990037150388265	-0.6388952933480664	-0.7152140378485301	0
1.7169065124887644	-1.2705389428154032	1.7361387484614197	4
0.4576472220358724	-0.4053287377340048	-1.4655793230060701	1
0.2591178760069779	-1.8708551106238247	-1.2636509853679874	0
-1.7721942947719573	1.3749086988016244	0.5816334036018982	2
2.7820090144480507	0.5020927615063117	3.5346159828910917	4
-1.3284512113983840	1.0375382661171599	-1.2873350074802523	2
2.3896272816247683	-0.6724522167209128	4.2852718258197111	4
2.4943675761414781	-1.1523560833804936	3.4890700473785898	4
-2.7483510889978073	2.1071301797054960	-0.0018480157562336	2
-1.4536288433884597	1.9670483815844495	-0.2342081858530154	1
-1.7089664343760564	3.5698673536404892	-0.7526589329175247	2
-1.6425409067111523	1.8149962182288033	-0.6318124096425610	2
1.4522627865263660	-1.3197250174164470	1.7150063150186203	4
0.6775534227310467	1.2341501942881323	-0.0218226265335237	1
-1.5439879622198243	1.8507550311928449	-1.7390990909539905	2
-0.0756034705062996	-2.1226127696596384	-0.8449736473203947	3
-1.9875673389501576	3.3846171197628721	-0.5090857732555110	2
-3.5516636162484625	-0.6896370878576050	-1.0013687346970528	3
1.9185089242264817	-0.2652432827956503	4.3577547347576422	4
-1.3520476102805792	1.5105138921411707	-0.4193002155889566	2
-1.9036987562067895	2.1548281935028473	0.1160132730696600	2
1.9700674062499224	-2.0352982800685471	2.7399279957086500	4
2.3363375412255527	-0.9464446702575039	3.5705918193666628	4
-0.1907023955147441	-0.9286425971690542	-2.4168011681808377	0
-1.5205585992826767	-0.9343049150300673	-2.0788193946293401	0
0.3827821540291231	-2.6260558491121455	-2.3351320354986109	0
-0.5436807217414650	-0.6148368230239921	-2.9706411947760758	3
-0.7899231242898068	0.9582541159541523	-0.4014392955716347	1
2.7890556937319495	-1.9637644261616085	2.7906913209504616	4
-1.2757029948891057	0.1118148058842009	-0.5743507719045065	1
-1.6810449976165507	1.0203824578257383	-0.9752618901710424	1
2.7178106282556693	-1.8337774233252786	4.5298096220142927	4
-1.2913266569972039	1.6018885692636442	-0.1777673805434026	2
-0.0835695190474688	3.2274641042115149	-0.7906846808531874	1
-0.0290505516572794	-2.5876631527531151	-2.0695163593588335	0
-1.3395063037104282	0.6640761200487640	0.5312168247383608	1
-1.3746670579699352	3.2544432368338003	-1.0981657188592839	2
-0.1782292300963222	2.1811274879856533	-0.5068388220184058	1
-1.3513281635299976	0.1885830227627665	0.0504422781260381	1
-1.8747748019289090	2.8851720947925861	0.8923676638617082	2
-1.5613225194533913	-3.2160610808788701	-0.7046016278838024	3
1.0659799581952929	-1.2037168388611144	-2.3209092242194442	0
-1.9629790387427519	1.0645457056851217	-0.8206215978117500	1
-0.8849879728363140	0.9858692818615945	-1.4342268550257238	2
-2.2798061803287286	-3.6946594779440529	-2.2080463665115291	3
-1.9695102093763808	-2.2389391226899420	-1.4578909645755960	3
0.5431856361127294	-3.3046027463993424	-0.1609641255153678	0
1.9949161903919330	-1.9353875568229353	3.1676768213703879	4
-1.8970204231880947	0.5318039530922358	-0.2427899530823046	1
1.0660976489571066	-3.9488688251730788	-1.9697874651193299	0
0.9885673610709179	-1.0047670725730151	-1.4493421201976506	0
-1.1898753189197460	-2.7512456070405924	-1.3302732586732198	0
0.7935554718091155	-0.9815847018076401	2.7548174691626244	4
-1.4693605216792187	-3.2350492945869531	-1.4495321431277892	3
2.8104148521030132	-0.1106724339030771	2.5308988864157165	4
-2.1990503883939878	1.8416622172984349	-1.8988630120025212	2
0.3336120224564195	0.4975223213432474	0.4118310056113149	1
-1.2132245394721064	-2.4503351278447458	-1.4467155615249134	3
-0.3043532036776014	-2.5251638464794581	-0.9806740392410848	0
2.7050262086544512	-0.2660761554377472	2.1791333877822123	4
-3.0679978476234382	0.2680565571580673	-0.6231771778989863	1
-0.4451073953084109	1.9181958393279190	-2.8113236398937742	2
-0.1065138912535394	-0.3862208079227175	-0.1613887653698063	1
-1.2020698733501325	-2.1320581831759262	-0.9822840535230006	3
-0.3613173480500029	1.0555350608155276	-1.2695384223246755	1
-1.8362361625151769	1.0682212308284815	0.9150174822985865	1
-1.5540552511515042	-2.2265128390061126	-0.9848297408238443	3
2.2643433208582535	-2.0975685692524166	2.8330500573578039	4
0.3245373728853898	-4.3226191028175371	-0.8511609996685261	0
-1.8390122348254958	-1.7452476695602197	-2.0873396514184774	3
-2.6545557839144149	0.3442234180002545	-0.4206120606014169	2
-0.3494500274985917	-2.4079048296476131	-0.6776694089136652	0
1.8959823148229722	-2.0615100715889598	4.7794272407440497	4
1.2254280006282383	-1.9750060171928303	-1.0739635759457276	0
-1.0383787637549453	-2.3761430828863723	-1.6861918408283165	3
0.1261877662485548	-2.0171726104099363	2.8277609425141734	4
0.7788612201240268	-1.8885573937621429	-1.3193739018007367	0
-0.0431418243361663	0.4885021966672508	-0.6066802410952225	1
-1.6871011843586885	2.1126643171629578	-0.0238731915319977	2
0.8839042499822763	0.2183871741282981	2.6945469141321698	4
-0.7850389048060830	-2.4265911254711354	-1.4003462727182299	3
-1.6380977801657448	-2.5920003831146889	-1.1774638021107151	3
-1.1483859078171879	-4.8358729316246798	-2.4310407284765176	3
-0.8075437904646644	-1.5087430838857565	-1.1964487873188996	3
-0.9520174098741089	0.3859728527738691	-0.5242193499998673	1
-0.9488084697327229	-4.0048298444186541	-1.3770929154652363	0
-1.7090741294421607	0.7450143448971482	-0.4397707860898142	1
-1.1494087355650988	-3.5997127627572083	-1.1404640937196227	3
-0.1155772011194788	-2.9570153273385364	-1.8274149862876321	0
-1.8476700127404353	1.7102923216424857	-1.1166489281231951	2
1.0647898153296580	-2.7993115586028372	-0.5847648048510379	3
1.6696865693726326	-0.5932317799474729	4.1186310331948839	4
0.7795764845697477	-1.5685818319761866	2.4686688517387019	4
-1.0676758620400997	-1.4204604465879314	-2.9325653983906319	0
-0.3757993156641898	3.1926240918227649	-0.6770906402511546	2
-0.4028352477339109	1.9921285186760418	-0.9504673415480179	1
-1.7752239672045325	-1.9699525657424832	-2.0507010632122165	3
0.3673841085411613	-0.2881131693356663	-0.4095795734119062	1
3.2442075471868281	-0.3044729491570951	3.3822904641155658	4
-1.4707343836201172	-2.6121257008303842	-0.3890757256327524	3
-0.9405825555212250	-3.6204652402850002	-1.6239607006709562	3
0.3322301872431663	0.2434631055474481	0.9165131052035578	1
-0.0915913310325546	2.1621799083392275	0.0171970190867159	2
-0.9349855668329068	-1.4491118310768893	-0.4416196444048529	3
0.1116625472852669	3.6584655263253674	-0.1782563428035177	2
-0.9354414950206912	-1.4777113835133957	-0.3041064348436073	3
0.9875036769349779	-2.1103089845812049	2.9939297445003423	4
-0.7589620326081212	0.1902704667283673	1.3962465152744707	1
2.3825446951400395	-0.8832625755018713	2.8464240248283845	4
3.0224339998433467	-1.5449719672205835	2.2887935625047553	4
-0.8643684804966256	2.0578512306206687	-2.6329195736231643	2
-0.5381544525298200	-3.0450137405272697	-0.9527936537075569	0
0.5297725856593728	-2.4149075885805029	-0.9374933519621937	0
-2.0492109724841030	1.3868848583610403	0.4987592610560808	2
-0.8630480861813925	0.4421924388542039	0.3699677297732068	1
-0.9574735940374863	0.0666852129464468	0.6389721507547422	1
2.0376061435063448	-0.0433095593433205	3.6149754094395758	4
-1.7464163895455476	1.3946566658592201	1.2066671338318784	1
2.9564894495874743	-2.5649433132083979	4.8290168517792367	4
1.3540329459272205	-1.6610726665554738	2.5738377706849045	4
-1.4835192914867041	-0.2566565127235806	1.7878309461360393	1
-1.4855287480570538	-0.2824356224915900	-1.3168486197625040	1
-1.5606451633818663	-2.3516699675802188	-2.3913432386055669	3
2.2699819523333913	-0.4976597828246155	5.0324634828866550	4
-1.0363457455703187	0.3542443268487068	-1.5124594153165924	1
0.0154253776143435	-1.2617681413598965	-1.3343721644355777	0
-1.3869484811060964	-3.2594994892220788	-2.0279462465618447	0
2.0001293365347919	-0.3386873678079901	1.9607018555100559	4
-1.9533798346183344	-0.3527582873701509	-0.9093076535275861	1
-1.3549301417482780	-1.8096706881875342	-0.5252005136435322	0
-0.6540507138744576	3.4709782335682915	-1.2022967914853275	2
0.1070898241171011	0.9745050453330835	0.2685918142398033	1
-1.9532646780511425	-0.5474752004663821	0.9081260375163897	1
-2.4931645609118154	-1.6745536539372061	-0.0296920526168183	3
-1.9175297350696123	1.8153298143729049	-0.8994104241241248	2
3.4653411425724183	-2.0339950683127905	2.4198633828259362	4
1.9670702936183107	-1.1020458949321030	1.5334804984840522	4
-1.6168276794971455	1.3620997837061877	0.2189888345558724	1
2.9886772095550329	1.1844406349787509	2.6807370886789448	4
2.8047519717266716	-1.0096651054193355	1.6995742001525684	4
-0.8392344120557178	2.4307552348431596	-0.9868881388064322	2
-1.0249846590445078	-4.1359057356323756	-1.6390099811082131	3
0.1807909054623986	2.4420006588838503	-1.8817297002247253	2
-0.7890517148724482	1.2705630344520147	0.0251070750213795	2
-0.4721249159536380	-2.0929797111081498	-1.7296973509131683	0
1.4071865925596576	-0.7889544895522400	2.4864930951991639	4
-2.0786269423524359	3.0609266642200148	0.0965449930813030	2
0.4039978543068630	-1.4583854516000949	-2.1541555078479027	0
-0.9903952239859110	0.5828671907189479	0.9297538513923789	1
-0.7620974379070096	-2.3008127601918100	-2.0872375618862802	3
-0.1329910922669336	-0.7410264417807841	-0.0342537784427689	1
-1.9861654401923898	1.0239894314769020	-0.8130202171035371	1
-1.8483884748204007	2.1882003014393541	-1.9589844249028547	2
0.9179662705580951	-2.3019149309831626	-2.7382512533075349	0
0.2072467046033207	-3.8768568772326910	-2.1352430963405729	0
-1.9058682797773732	0.2074395396309517	0.0610796449967966	1
0.2680068716092022	0.2324433832242657	-1.0099921688856344	0
-0.2225573567370638	1.0492802543039024	-1.1877189714957135	2
2.5290853083697060	-0.5663311361931724	3.4562614331390362	4
0.4896262574578705	-3.0670113925895430	-2.5093894277817501	0
-2.0801254383757408	1.7302689853207642	-0.9418521394138611	2
-0.9448066396057504	-2.2321580572700208	-1.7818215633792502	0
2.5580840818859496	-1.2374635660654700	3.6477010435177268	4
-0.5730021557631726	-2.0931122296174358	-1.4639632455082179	3
1.5162170685015885	-2.2259808163086450	2.3956813578051568	4
-0.1461627697544206	-0.8559151164203648	-1.2440327571674406	1
2.4083241853438033	-0.6755216043949853	3.6478141557602326	4
1.8038701149097680	-2.0616628307679212	3.7527129916340285	4
-1.5083126900725721	-1.4066446754028497	-0.5051509912682184	3
-2.2645144255969805	-2.3416460639553645	-2.1605423426148764	3
-1.2635896532701323	0.0173234775483108	0.8954031934106766	1
0.0835606331428258	1.8199702312550290	-1.2448875888129214	2
-0.4115205627343690	-2.6528849232355443	-0.2000993338181396	0
-1.4102535265339942	0.2633281176575437	0.8528628209845425	1
-2.1487640096251939	1.0144920174885477	-0.5190812741223791	2
2.2580759336596570	-2.2541318674777111	3.5686691695241475	4
-0.5749824114778637	-1.7757031486968555	-2.4691850405621394	0
1.0145795463703864	-1.9109096926958535	-2.0809958853566970	0
1.0195852901787772	0.4341062143221179	2.5591751557920985	4
0.0333893268003174	-2.0307590506438586	-1.4299443738762800	3
-0.4254557392872652	1.4165802501292795	-0.8449083603115998	1
-0.8480782132117638	0.7042898135163846	0.0843218809285964	1
-1.4446713256733514	0.3094665709007777	0.3038658572503616	1
0.1045607934093662	-2.9485869100436988	-1.3978511630192452	3
0.9017924971369439	-2.1099594771029291	-0.4945236783636414	0
-1.6757631143153748	-3.4993971269505169	-1.9388022417103499	3
3.0578738388303752	-0.1674883083487724	0.0146170401727682	4
1.3413483414079912	0.9525571936671186	3.3309966957823010	4
-1.2834113677855989	-2.0529963042103576	-2.4071595862072535	3
-1.6270185643047677	1.6748976555367707	-1.8749607683682590	2
2.0651742428133364	-0.6146473711699911	3.7056271064705455	4
-0.4869208176320601	-3.2420367890802968	-0.3700439993845464	0
-1.2772753354197546	0.8054754327775229	-0.8185595919002998	2
-1.2089574388865199	-1.3553948467904633	-2.3290734265723825	0
-1.5992028360797028	0.0033382105458279	-0.2586968220087869	1
-0.8297651324884975	3.1764515656449421	-2.2556473184153676	2
1.7385181495806257	-2.4711306642117754	-1.2021763219552097	0
-1.4237488294804728	-2.1533055499656979	-2.5623028886124284	0
-1.1864169716811379	1.8788263984831906	-1.5415136514122254	2
-0.2752943157922276	1.1534303706309286	-3.1910021693855537	2
-0.1341161059362812	2.5931873424062690	-2.6073099931487569	2
2.9675924218297118	0.8748775508811185	3.7217099202779584	4
0.1017664772421051	-1.0487120903953713	-1.6885427756468889	3
-0.5753985962486203	1.2379912489234819	-1.3187149969699385	2
-1.0601094792604726	0.1773805722409297	-0.5191326982176622	1
1.3356780885133102	-1.9359912060066891	-1.5036876389582454	0
-1.2169656601339205	-2.9530527184373447	-1.6686459739716153	0
1.2133907807080329	-0.3836603415176159	2.8956914140392946	4
-1.0802158751730329	3.0408877652138262	-2.4417638960198977	2
-0.3167497954758364	0.4502156529667902	-2.1899100223445678	1
-1.4666897108376689	-2.4828243736002689	-0.5272227647259222	3
-0.4982080352471524	-1.7088152189201467	-0.5945836951928126	3
-1.6617112383454047	-1.5234653458348806	-2.5641929647858572	3
-0.6679037538220591	1.1641505376080290	-1.1329745515932899	2
0.3361774381844949	-2.4838376090819105	-1.0222744438918649	3
-2.1240312599157884	0.8980174021932029	-1.7144222420048960	1
0.0738011514224389	-2.6200497607801765	-2.4376368621047124	0
1.8899616776250321	-0.2399563758176021	3.8172203961921518	4
1.5117078451075983	-0.8314430654028987	2.0723354318926335	4
-1.1228825741200645	-0.5865410265218428	1.2945311535538193	1
-0.4403664286814293	3.1479596884863477	-0.8317536898480351	2
-0.9619760917241914	2.9654806883386255	-1.6209817734667675	2
-1.6641122443202945	-2.8938315709678291	-1.3907408616675490	3
1.3623039776084056	-2.2911127078960671	2.9910658111399444	4
-1.2567495498400678	-2.0373806347527963	-0.8429044666143403	3
2.9824036431603949	-1.1355791583527728	2.1742869743088615	4
-1.0076651402089847	-1.9143985677230524	-1.3789630085664450	3
-0.7981357679508281	2.0308093216141399	-1.1793451755342801	2
-1.1016712045310224	2.2238738964045601	-0.0916529673227801	1
-1.5015248266227665	1.6433771119181917	-0.6360410774216237	2
0.1992471999717486	-1.5855165940594249	-2.1991000522073025	3
-0.5511411320135713	1.5104648464154085	-2.8759990410492233	2
-3.0588426718761408	2.1087827285905503	0.9137926415855816	2
1.6039629350249538	-1.3956673078007666	2.7653681508242514	4
0.0131798469685841	3.9012839296989252	-1.4212180385265019	2
1.4418472655652805	-0.4134322279588994	3.4822383853186643	4
-1.2284275956191448	1.3813645573485951	-2.1082265618491061	2
-1.4950608823588545	-1.6223536170757342	-2.9821288845474032	3
-1.1149842569826742	0.3023610027498594	0.6416672101878181	1
-2.5597190660621267	-2.4739040111002604	-0.9858158811719853	3
-2.1149904855509911	2.4632990756782247	-0.4675517630899071	2
0.4006658700042077	-1.3175892324886618	-1.8406338596494172	0
0.8203319655448840	2.3102520003923281	-1.0197099092187101	2
-1.8088108487725010	0.4901161614302266	-1.2448764175028506	1
-0.5568432935305759	-1.5542636641800958	-1.2560564124902416	3
-0.7953094117947744	-2.5507248944505028	-0.2502885437454934	3
-0.5002855161178413	-3.5763686836073889	-1.8746286507318808	0
-1.3382275203922283	-2.3895304194353413	-2.5141419797617437	3
-0.3158614656541292	1.0188039405763238	-0.4097554895089512	1
-1.2525050907602482	-2.0044475068008367	-1.2790164041794569	0
-0.9565328217030304	0.5987253276127832	0.3456856944015979	1
0.2819157950764035	-1.7823652771659886	-1.5009750328845746	0
-1.1690717214791109	-2.2352956135707767	-1.5141511985541407	3
G3
0	364	0.40248104614931934	201	0.43482670489513153	312	0.53230668716013	
1	103	0.29438400364466144	445	0.45380081281972084	143	0.548124312798611	
2	68	0.5745819409722073	303	0.624952077329386	361	0.6522380400493318	
3	482	0.5326604610872102	363	0.5406385805951318	454	0.6688003604592727	
4	37	0.2720541954012805	423	0.38080135173287144	396	0.4470233011945536	
5	403	0.31916552902714973	209	0.4024041915295749	324	0.5217675398650659	
6	195	0.598744636667864	400	0.8692757405070995	288	1.1650636025996144	
7	423	0.29824823629809666	85	0.33144686828437764	181	0.42844443330659193	
8	272	0.1160570852406714	463	0.4268533860753649	406	0.44546012964761467	
9	488	0.08782814514132009	211	0.33756903836981283	92	0.34358212445879954	
10	188	0.1519656274914859	111	0.2680657015971618	277	0.2686469694909206	
11	47	0.38418297886016367	458	0.4488775672148349	104	0.5104931019032392	
12	223	0.3775457558933301	438	0.3852036972445618	358	0.5228501997573237	
13	190	0.21652680435634955	129	0.3294527540482357	390	0.6866534573547024	
14	89	0.30060457340690566	118	0.3500907206060868	279	0.42145661651997773	
15	148	0.151629085178788	18	0.24421687957455201	333	0.35257195150361725	
16	296	0.5706625934168236	406	0.6791586348724336	401	0.7032871274895206	
17	257	0.67890224082854	25	0.6898825387186078	263	0.7479404948422533	
18	15	0.24421687957455201	276	0.25630221553358523	148	0.3397229049503858	
19	88	0.5865171098752382	341	0.6222015383550203	467	0.7480826198410264	
20	235	0.37686805660225703	26	0.41135723188389417	283	0.4141846544295543	
21	292	0.30555557216211915	27	0.3138799366914301	313	0.5009233389505446	
22	109	0.2570194723327907	159	0.3576807507472791	256	0.37789512230523536	
23	156	0.345062869761212	132	0.4858903689988159	220	0.544545946255871	
24	419	0.4191264285273225	438	0.5366907750201579	318	0.5462901207719552	
25	283	0.27610440309784606	257	0.49333214949103504	20	0.653341912193251	
26	144	0.36270214601140416	229	0.39781870675930064	20	0.41135723188389417	
27	292	0.24673971205271877	21	0.3138799366914301	343	0.48311784076393177	
28	181	0.1504179873242603	157	0.2129888468640139	110	0.31881865270749765	
29	57	0.05534960979417776	73	0.26201310437502234	76	0.2949484493370274	
30	295	0.21938274145326472	163	0.33644696549339986	402	0.40989922597456185	
31	427	0.2967102237413931	98	0.3380489153062162	495	0.47172079928335087	
32	409	0.3795362590923226	254	0.41376072831878835	137	0.5394784013929166	
33	472	0.45408791304136775	356	0.6276493274506915	60	0.7223037779606263	
34	238	0.4166196700185259	260	0.6375901257632597	31	0.6458177102844237	
35	72	0.1390542043784437	301	0.24383690237532202	306	0.3597863149276779	
36	255	0.3350961869389094	267	0.8135772494641423	61	0.8151148244279467	
37	4	0.2720541954012805	423	0.29214883485060483	227	0.4845349684343141	
38	51	0.4047724747623962	58	0.6646779068240898	238	0.7278844327190301	
39	368	0.5107869932578488	271	0.592371510181914	106	0.598700140258786	
40	55	0.8528198836067387	145	1.2171209958994174	338	1.2666260515917425	
41	397	0.5777966352878289	352	0.7091347167181978	174	0.7201362910332032	
42	65	0.47139268181213817	275	0.4994247600281906	75	0.6186332211366222	
43	227	0.41449036114496474	330	0.562548365038929	142	0.5762305097772041	
44	300	0.22517834946864768	334	0.42036150822918145	347	0.5023081948184156	
45	66	0.25091269089536017	60	0.4077239857576703	72	0.4831146187519074	
46	85	0.6126816532044994	7	0.8929180298863731	62	1.0180057578950485	
47	104	0.2140414138752658	318	0.23135806554494678	262	0.36210743077247254	
48	163	0.41364727327242407	245	0.4574248691651452	317	0.5017622607471558	
49	260	0.4630444649484387	34	0.8197500998770045	378	0.978563186339955	
50	426	0.2272090397843939	249	0.3194651019173258	150	0.3659877957564374	
51	38	0.4047724747623962	403	0.5912013801988334	324	0.7106034352148215	
52	53	0.23753972684758046	77	0.31715635909155604	73	0.40915418489280875	
53	73	0.20821114557938825	52	0.23753972684758046	327	0.32638735110095757	
54	484	0.12235001215899345	459	0.3703887728927891	128	0.4893760931376359	
55	40	0.8528198836067387	123	1.205004282289732	168	1.257647177503032	
56	336	0.03980397896274806	381	0.2593872937001335	407	0.2754341244991686	
57	29	0.05534960979417776	73	0.29684285977878266	76	0.33036360820733884	
58	200	0.6053614525305693	489	0.633299747836087	418	0.6460399988066786	
59	438	0.5327500175997427	12	0.637326686740413	127	0.7494521592825603	
60	66	0.273787478806795	45	0.4077239857576703	301	0.4285657435678558	
61	255	0.536347338032274	170	0.7802468111848866	36	0.8151148244279467	
62	85	0.5850750263948558	7	0.5902718435306159	270	0.5987801224142981	
63	133	0.7075063604534411	376	0.7137424743436315	346	0.7503126907863362	
64	5	0.6225124749772554	456	0.6572586924600728	403	0.7144232510331213	
65	75	0.4099372085211786	42	0.47139268181213817	137	0.5226103365669755	
66	45	0.25091269089536017	60	0.273787478806795	405	0.4902216788826007	
67	401	0.6361630288508894	493	1.080944964430785	296	1.090446602434325	
68	428	0.4165848302288137	361	0.541615604149945	2	0.5745819409722073	
69	257	0.2943150978103226	88	0.4452400157365844	263	0.46345297512079947	
70	76	0.25529188108476936	220	0.3317076772251825	132	0.40287490720338304	
71	266	0.42375157409861	97	0.44665089153374254	274	0.4543824792035361	
72	35	0.1390542043784437	301	0.29630350568669434	306	0.4437530103792323	
73	53	0.20821114557938825	29	0.26201310437502234	327	0.2627283655461194	
74	265	0.27495001065317676	370	0.5838238831398911	338	0.7038289906669905	
75	314	0.2700163692258459	294	0.39843388008484687	65	0.4099372085211786	
76	70	0.25529188108476936	29	0.2949484493370274	57	0.33036360820733884	
77	52	0.31715635909155604	457	0.39785409989624554	131	0.4572814769562939	
78	498	0.24475950117827983	323	0.34892246626263046	183	0.37840296763532705	
79	322	0.34263372505036027	339	0.6309736500515613	353	0.8697783598328944	
80	209	0.5007890888549474	5	0.5435391734934371	179	0.7449357897258663	
81	207	0.2892953648746659	262	0.3254974004907019	50	0.5132901080452581	
82	56	0.4494032616466066	336	0.4692931685740818	144	0.47007156936077393	
83	196	0.359024484405334	99	0.4918154937014342	425	0.5146593537671731	
84	325	0.17219896219626427	256	0.3344446258719369	267	0.371406797481527	
85	7	0.33144686828437764	340	0.5789535135686561	62	0.5850750263948558	
86	361	0.4175321041345235	362	0.4692648431414844	497	0.5714810125336791	
87	287	0.6766572530177959	486	0.8969295495627945	346	0.925931739204285	
88	69	0.4452400157365844	19	0.5865171098752382	235	0.6289080720561747	
89	14	0.30060457340690566	279	0.45179048040816594	121	0.48658152554059075	
90	372	0.26849767023950477	211	0.37970502300679276	491	0.43864562074469904	
91	414	0.3209313661031761	146	0.4330846584558103	32	0.5970205843491188	
92	449	0.25021665736236004	9	0.34358212445879954	211	0.3462860465700926	
93	411	0.3713472512906878	366	0.4779001683324405	243	0.5637911324068757	
94	359	0.17676945127175345	461	0.3391434603900895	205	0.3715317068115443	
95	376	0.23039483609985184	471	0.30161271676088297	215	0.4475627631105147	
96	189	0.21773528977980813	454	0.2559346493705363	236	0.31367843216374913	
97	134	0.22291256902154244	166	0.2530487419659009	439	0.32013223164691834	
98	427	0.04740644667006491	31	0.3380489153062162	460	0.4123408565720725	
99	83	0.4918154937014342	374	0.5095097480163852	185	0.5692355699462308	
100	217	0.3870760781909062	78	0.39948052946642665	105	0.4009992268404377	
101	386	0.24519956611562913	149	0.2996845426124198	472	0.7170934856645744	
102	483	0.29147943220591205	119	0.4658850669343565	143	0.676675841154154	
103	460	0.28687416456917875	1	0.29438400364466144	213	0.34038427119469744	
104	47	0.2140414138752658	150	0.22159149385639154	262	0.2506609791815575	
105	178	0.2563324261773334	100	0.4009992268404377	426	0.4117758178127683	
106	271	0.18193719988342177	120	0.5031616818550116	177	0.538157868808468	
107	231	0.4234155401441909	356	0.7240329381345407	149	0.7265986111253527	
108	358	0.24652090698244708	76	0.39554754297757944	70	0.44588077364859113	
109	22	0.2570194723327907	258	0.41557733279866976	476	0.4614915958740911	
110	28	0.31881865270749765	181	0.3531525882057658	157	0.3559333353504963	
111	188	0.13671109951853944	252	0.18702137614329906	166	0.2160104519736372	
112	266	0.17144733187873346	476	0.18629064865517436	258	0.3096820246572893	
113	452	0.33689603470217755	424	0.5065695353159801	117	0.6534750691427352	
114	251	0.5854530670506662	385	0.6564455110118961	226	0.782997574016882	
115	378	0.07554781348863791	303	0.5077849761749336	68	0.6644031808101698	
116	189	0.2812486262242645	236	0.343262461946141	96	0.35155155861202186	
117	140	0.3014468313936173	424	0.4645123279841473	323	0.47946698708840135	
118	182	0.2573223716374815	14	0.3500907206060868	206	0.47826375754160283	
119	143	0.23185714753577813	483	0.26417183296557606	436	0.4354687591077617	
120	203	0.371992312181776	177	0.4944337557634792	106	0.5031616818550116	
121	224	0.19318661751802232	89	0.48658152554059075	349	0.5919274289394604	
122	352	0.6002172877704173	458	0.6703189542254665	350	0.7031397485186603	
123	482	0.3513125454778021	338	0.5066913186151767	145	0.5165785376285866	
124	448	0.8809838714030098	385	0.8936999948278123	114	0.9480636444353192	
125	210	0.430265595379326	373	0.5472138675485152	494	0.6452360094207684	
126	276	0.5660461723653758	368	0.6054954056567167	451	0.6281505424208532	
127	59	0.7494521592825603	438	0.8010865782789739	12	0.8991930715166527	
128	459	0.19200030351523323	440	0.36491041254620077	54	0.4893760931376359	
129	13	0.3294527540482357	190	0.344965600658054	214	0.5141657875453517	
130	263	1.1649328975247393	393	1.2765710645646808	17	1.3623855083329757	
131	492	0.26148526102751596	223	0.40347675869800836	346	0.45091566869653715	
132	335	0.2571605962734318	220	0.2840075797044391	234	0.30832909643318485	
133	457	0.10327777401952494	346	0.17368404673387663	77	0.48780793645822573	
134	97	0.22291256902154244	166	0.2541530279035006	439	0.350744943027799	
135	201	0.638575154100651	367	0.6410241829247616	420	0.6763154713892777	
136	320	0.626050330520455	431	0.7605322365806951	452	0.9499253602628326	
137	254	0.24349574637217267	269	0.36854560981167794	409	0.42948490906928427	
138	324	0.1649305410242075	209	0.4826128598651026	161	0.5183108016911592	
139	225	0.11905872987215431	158	0.21172444147424557	217	0.44054842010052064	
140	117	0.3014468313936173	323	0.3426948136653022	173	0.4010275319124198	
141	388	0.18902215716025914	332	0.36919946837189416	347	0.5393912226766914	
142	330	0.240297308625079	491	0.4992120522743635	473	0.5206806395202298	
143	119	0.23185714753577813	436	0.33591385489101494	261	0.37480371607340984	
144	229	0.05534771641010897	26	0.36270214601140416	82	0.47007156936077393	
145	338	0.32386569046202207	123	0.5165785376285866	482	0.6142020287154423	
146	91	0.4330846584558103	208	0.47909406640263746	32	0.5455849333877875	
147	241	0.3241959514122082	402	0.3274568072820971	429	0.4649632762511085	
148	15	0.151629085178788	18	0.3397229049503858	333	0.4209027251587492	
149	101	0.2996845426124198	386	0.3561836896543268	472	0.7218565906750811	
150	104	0.22159149385639154	172	0.2797644943168661	262	0.3449013545157436	
151	334	0.33442640217910174	332	0.3775675447552429	141	0.617172463044605	
152	325	0.399485067062941	267	0.41373152528937085	84	0.49837036945281465	
153	328	0.2605460011133087	298	0.275136252622704	304	0.28005139412902547	
154	278	1.0928431474351767	365	1.3650246074004695	204	1.4547280949777377	
155	122	0.8823189433552685	81	0.9545869085913672	431	0.9571315499904228	
156	220	0.3260242079663738	23	0.345062869761212	335	0.446190233663757	
157	28	0.2129888468640139	181	0.33567144565986917	110	0.3559333353504963	
158	225	0.16419793685802525	139	0.21172444147424557	217	0.5456089019211233	
159	475	0.3031159359810913	22	0.3576807507472791	84	0.40134216240950205	
160	222	0.4836957357938084	169	0.5076636668615145	167	0.7016049162467708	
161	404	0.39810966795221453	324	0.43734476238900855	311	0.4919840970240746	
162	331	0.34122583787868693	179	0.42518407779619755	451	0.4469823523695875	
163	30	0.33644696549339986	245	0.3797406707262742	317	0.39633930503958675	
164	305	0.2786507212782806	358	0.35824436989849073	172	0.39018124916015523	
165	177	0.5843180792244266	21	0.6610269218238536	27	0.6693639621091807	
166	111	0.2160104519736372	188	0.23276684635247866	97	0.2530487419659009	
167	222	0.44880293084982786	483	0.6051825110401994	478	0.615708700693205	
168	74	0.8665733813905875	370	1.023589713865003	265	1.0684473793691198	
169	222	0.2614468587382501	445	0.46921790172790395	160	0.5076636668615145	
170	242	0.46479141944836505	407	0.7021789102736566	61	0.7802468111848866	
171	337	0.6261457625179292	293	0.9127378443854903	94	1.1452100840832475	
172	305	0.12886054038032885	150	0.2797644943168661	318	0.35464464046271066	
173	205	0.34215155096384214	216	0.3493090057228922	461	0.3962741850707556	
174	309	0.2786985684558299	246	0.4737934590338813	397	0.5596566026182486	
175	477	0.12170402620731936	394	0.19133374581375479	488	0.482276652285791	
176	415	0.5042635191905898	215	0.6337907273950675	375	0.82379064930505	
177	120	0.4944337557634792	203	0.5007463810319636	215	0.5237220692945558	
178	105	0.2563324261773334	426	0.34322428485066986	391	0.44462332258889087	
179	371	0.3485888104212705	162	0.42518407779619755	331	0.6712753989991302	
180	165	1.1983411738846934	486	1.2680565370716153	264	1.2972631378387716	
181	28	0.1504179873242603	157	0.33567144565986917	110	0.3531525882057658	
182	118	0.2573223716374815	342	0.3829348913408861	206	0.403539612363032	
183	488	0.36261536383259396	78	0.37840296763532705	394	0.42881587569376284	
184	410	0.13988028897397226	391	0.3888986810656762	473	0.421461470050733	
185	392	0.1276521164815557	236	0.2691774244296878	465	0.35641617838520295	
186	462	1.0819268673319817	302	1.1086747490625417	242	1.3100527947879448	
187	132	0.325422758996384	234	0.3337596157761488	70	0.46997700925186475	
188	111	0.13671109951853944	10	0.1519656274914859	166	0.23276684635247866	
189	236	0.1575064489514342	96	0.21773528977980813	116	0.2812486262242645	
190	13	0.21652680435634955	129	0.344965600658054	390	0.5049867242407591	
191	455	0.9285955783883427	399	0.9429472900348664	357	1.0611169765101687	
192	297	0.17418950148848836	248	0.7349191344060306	488	0.8635175317252864	
193	306	0.6865716209898228	199	0.8424844753464772	386	0.8617572996040328	
194	96	0.489077259492573	454	0.48993337254342434	116	0.5045886444634511	
195	6	0.598744636667864	400	0.6827665087805233	424	1.0483701957451623	
196	425	0.26648243649781794	326	0.2794083278005254	83	0.359024484405334	
197	463	0.5493770402504923	406	0.5592982343489497	272	0.6941841530107818	
198	250	0.3818246243800696	384	0.42624046410183775	241	0.43709526287525663	
199	374	0.6743203751465019	306	0.7600765184842159	193	0.8424844753464772	
200	418	0.37548361231182	58	0.6053614525305693	404	0.804987960320627	
201	0	0.43482670489513153	312	0.45957157028301826	214	0.6024770050675832	
202	221	0.8251670512414735	444	0.841256928957607	484	0.844968945403822	
203	120	0.371992312181776	496	0.4296012250256827	473	0.45288821317047406	
204	319	0.5252139782162402	278	0.6725932473232394	208	1.1254434689720263	
205	359	0.19589711261968387	461	0.2430812396344968	173	0.34215155096384214	
206	284	0.34938792115214273	182	0.403539612363032	118	0.47826375754160283	
207	81	0.2892953648746659	205	0.4094957744050895	359	0.43183225224037974	
208	146	0.47909406640263746	269	0.5536489313539178	32	0.5866034908897482	
209	5	0.4024041915295749	138	0.4826128598651026	80	0.5007890888549474	
210	373	0.33663677786235274	453	0.4234113146584289	125	0.430265595379326	
211	449	0.30439826390550234	9	0.33756903836981283	92	0.3462860465700926	
212	461	0.2733359896882045	430	0.3959343997465665	359	0.46876193467688876	
213	460	0.21787043926180114	290	0.2707892169525762	103	0.34038427119469744	
214	282	0.20316845839613895	395	0.34533837012223534	485	0.40041684604655764	
215	95	0.4475627631105147	177	0.5237220692945558	415	0.5384089690119185	
216	173	0.3493090057228922	140	0.4727219415521658	117	0.4811016150125311	
217	100	0.3870760781909062	139	0.44054842010052064	225	0.4996932752375658	
218	317	0.40970747115038514	245	0.5184825513408748	163	0.6685546394813391	
219	147	0.6213256108075206	379	0.6754371029296073	402	0.6977507116106334	
220	335	0.23667267626556923	132	0.2840075797044391	156	0.3260242079663738	
221	202	0.8251670512414735	125	1.262639721712111	494	1.3307643458892993	
222	169	0.2614468587382501	483	0.43707048536604215	167	0.44880293084982786	
223	12	0.3775457558933301	131	0.40347675869800836	492	0.5535181878358562	
224	121	0.19318661751802232	349	0.4135417539164	89	0.6139648339998642	
225	139	0.11905872987215431	158	0.16419793685802525	217	0.4996932752375658	
226	35	0.48914990365002436	72	0.5132833299671564	301	0.6591692247959404	
227	43	0.41449036114496474	37	0.4845349684343141	4	0.5682603787534765	
228	75	0.42581473855876173	294	0.4296260280831919	480	0.46877655318654377	
229	144	0.05534771641010897	26	0.39781870675930064	82	0.49574746708433803	
230	342	0.29841055650644116	387	0.38196545891035866	182	0.4154537122748334	
231	107	0.4234155401441909	268	0.463489333199824	314	0.4761950257350159	
232	259	0.6739968440933001	465	0.886281752567882	247	0.8911617835448218	
233	336	0.3454906998291251	56	0.37296679095851304	277	0.45864982656895636	
234	132	0.30832909643318485	335	0.3330366186376901	187	0.3337596157761488	
235	20	0.37686805660225703	283	0.487739418772701	88	0.6289080720561747	
236	189	0.1575064489514342	392	0.1991309757359111	185	0.2691774244296878	
237	136	1.1837024698285037	232	1.2052752717192294	155	1.2798388349590868	
238	34	0.4166196700185259	495	0.5223363894489624	31	0.533594874211499	
239	270	0.31759215048637435	92	0.35554230526628505	211	0.5144224226787645	
240	353	1.2683238684364995	470	1.2910479250725935	322	1.488524135137423	
241	147	0.3241959514122082	429	0.41500537419642897	282	0.4347394238390931	
242	170	0.46479141944836505	407	0.5358772283707727	56	0.6939850505915667	
243	259	0.38157835341673885	247	0.40099790863263224	465	0.5250914722203042	
244	308	0.38380517593448393	478	0.5378275868899769	446	0.7665325160763398	
245	163	0.3797406707262742	30	0.4513058907844467	48	0.4574248691651452	
246	174	0.4737934590338813	412	0.5740548815287384	309	0.6157281831497816	
247	259	0.2700039839875234	383	0.3633761011100273	243	0.40099790863263224	
248	192	0.7349191344060306	449	0.7683137016936906	412	0.7853008797132291	
249	498	0.2543086692760335	50	0.3194651019173258	426	0.32276328636083185	
250	360	0.2893955625630286	198	0.3818246243800696	384	0.3947327411128336	
251	448	0.4565236485567068	114	0.5854530670506662	363	0.9263136419645456	
252	111	0.18702137614329906	188	0.2345079844525265	10	0.28728603056122165	
253	265	0.6269173746470207	413	0.6377391915720968	437	0.6667827046591052	
254	409	0.19096300597066895	137	0.24349574637217267	269	0.27206396545281497	
255	36	0.3350961869389094	61	0.536347338032274	267	0.8541685707243163	
256	84	0.3344446258719369	325	0.34634396851763655	22	0.37789512230523536	
257	69	0.2943150978103226	263	0.41384054572861284	25	0.49333214949103504	
258	476	0.22216330508329388	112	0.3096820246572893	381	0.3837025727862939	
259	247	0.2700039839875234	243	0.38157835341673885	383	0.5876755837979986	
260	49	0.4630444649484387	34	0.6375901257632597	238	0.6830133336514084	
261	436	0.23723046356875951	143	0.37480371607340984	445	0.4094936151581357	
262	104	0.2506609791815575	81	0.3254974004907019	150	0.3449013545157436	
263	257	0.41384054572861284	69	0.46345297512079947	393	0.6927163831721026	
264	307	1.1376021040224853	180	1.2972631378387716	48	1.3362661037342667	
265	74	0.27495001065317676	338	0.4760978504341319	464	0.5418779789966304	
266	112	0.17144733187873346	279	0.2652818806326978	476	0.2949112994832402	
267	325	0.2612671498241783	84	0.371406797481527	152	0.41373152528937085	
268	314	0.31487715255223164	75	0.42267675679162486	294	0.4399643991822444	
269	254	0.27206396545281497	413	0.29076566816912186	137	0.36854560981167794	
270	239	0.31759215048637435	92	0.5635104351525229	62	0.5987801224142981	
271	106	0.18193719988342177	440	0.5805506819339339	39	0.592371510181914	
272	8	0.1160570852406714	463	0.32559571948419425	406	0.4860278721701665	
273	62	0.7170039615849889	270	0.7278781063692006	340	0.9617952464902617	
274	71	0.4543824792035361	495	0.4779852471905263	134	0.5265804990463446	
275	42	0.4994247600281906	75	0.5216294477567194	65	0.5243949498698922	
276	451	0.23200963204303515	18	0.25630221553358523	331	0.4271394995584454	
277	10	0.2686469694909206	289	0.3245779044054097	188	0.340592777961214	
278	204	0.6725932473232394	365	0.8252854685649841	319	0.8885791419030358	
279	266	0.2652818806326978	112	0.32942479488804727	256	0.4035706291909079	
280	341	0.31546106979181227	467	0.3678473193377433	377	0.7444276018973658	
281	463	0.3835884119049684	110	0.44112528315951594	335	0.4500232935983369	
282	214	0.20316845839613895	497	0.43053596169997016	429	0.43416134858958777	
283	25	0.27610440309784606	20	0.4141846544295543	235	0.487739418772701	
284	206	0.34938792115214273	230	0.5046334984846728	349	0.5314872520497491	
285	429	0.2958872903413352	441	0.437406535133029	148	0.5142087602449376	
286	393	0.8401065927356667	267	1.0662855852839224	36	1.1954869719343828	
287	77	0.6521373237924925	223	0.6724418945870672	87	0.6766572530177959	
288	394	0.7286173276190111	424	0.748546688600627	183	0.761316771273647	
289	398	0.04733076777855257	277	0.3245779044054097	421	0.3576981883076293	
290	213	0.2707892169525762	460	0.41190134088019403	450	0.41563693017176917	
291	432	0.6895562414004305	373	1.0094528914474077	300	1.2014189582925778	
292	27	0.24673971205271877	21	0.30555557216211915	328	0.559576487440377	
293	337	0.8408312078216081	24	0.8595577867403286	171	0.9127378443854903	
294	75	0.39843388008484687	228	0.4296260280831919	268	0.4399643991822444	
295	30	0.21938274145326472	333	0.34580909340092486	15	0.44399060549075436	
296	16	0.5706625934168236	401	0.8776025473791531	67	1.090446602434325	
297	192	0.17418950148848836	488	0.7723956837631478	183	0.7751383026828411	
298	153	0.275136252622704	304	0.3234982418556279	73	0.33488322585361807	
299	116	0.4953742433076159	194	0.5857507102941854	339	0.653178439757445	
300	44	0.22517834946864768	469	0.39725833302678576	453	0.43730550643872407	
301	35	0.24383690237532202	72	0.29630350568669434	306	0.3987430862894443	
302	399	0.49665582215482085	436	0.5963238583866589	82	0.6221928206160233	
303	115	0.5077849761749336	378	0.5471218248891249	348	0.5650239076783987	
304	499	0.22964979681559675	153	0.28005139412902547	321	0.3056540416389789	
305	172	0.12886054038032885	164	0.2786507212782806	318	0.32801708270602087	
306	35	0.3597863149276779	301	0.3987430862894443	72	0.4437530103792323	
307	317	0.46665657338165417	48	0.6786813034905814	218	0.6996845785805931	
308	244	0.38380517593448393	478	0.426228370026796	357	0.4765621646041769	
309	174	0.2786985684558299	397	0.377824542468943	344	0.5438778356902735	
310	471	0.17714506609919142	496	0.32692244310573054	313	0.364447346975948	
311	404	0.16120756907669612	450	0.28555100578181186	460	0.35276371240850285	
312	364	0.44686374220730185	250	0.45749700301122975	201	0.45957157028301826	
313	310	0.364447346975948	471	0.379874261009411	328	0.42160665690842913	
314	75	0.2700163692258459	268	0.31487715255223164	294	0.4592044540479772	
315	59	1.0108264991520175	67	1.102849626986278	293	1.2492141890156785	
316	343	0.2364394628654731	459	0.5549884007249998	128	0.5595135580912598	
317	163	0.39633930503958675	218	0.40970747115038514	307	0.46665657338165417	
318	47	0.23135806554494678	305	0.32801708270602087	172	0.35464464046271066	
319	204	0.5252139782162402	278	0.8885791419030358	91	0.939848067661402	
320	452	0.44535380059290247	323	0.5168379649166837	140	0.6121959767477192	
321	408	0.19655145345354816	499	0.25790820344729076	304	0.3056540416389789	
322	79	0.34263372505036027	339	0.8701135749904768	353	0.8821289888382943	
323	140	0.3426948136653022	78	0.34892246626263046	117	0.47946698708840135	
324	138	0.1649305410242075	161	0.43734476238900855	5	0.5217675398650659	
325	84	0.17219896219626427	267	0.2612671498241783	256	0.34634396851763655	
326	196	0.2794083278005254	425	0.28856465813926346	83	0.5757356178174892	
327	73	0.2627283655461194	53	0.32638735110095757	29	0.36894819388012845	
328	153	0.2605460011133087	469	0.3704941597910757	313	0.42160665690842913	
329	388	1.064187318304809	141	1.0993369862789342	332	1.3569339553333255	
330	142	0.240297308625079	491	0.2616790617758698	473	0.48776671385853826	
331	451	0.23499044446213624	162	0.34122583787868693	276	0.4271394995584454	
332	388	0.3026288987366601	141	0.36919946837189416	151	0.3775675447552429	
333	295	0.34580909340092486	15	0.35257195150361725	148	0.4209027251587492	
334	151	0.33442640217910174	44	0.42036150822918145	332	0.5102484843550481	
335	220	0.23667267626556923	132	0.2571605962734318	234	0.3330366186376901	
336	56	0.03980397896274806	381	0.2512087245753154	407	0.29152788776050503	
337	94	0.5890958373953578	171	0.6261457625179292	431	0.7140853442803509	
338	145	0.32386569046202207	265	0.4760978504341319	123	0.5066913186151767	
339	366	0.5912827428471387	79	0.6309736500515613	299	0.653178439757445	
340	484	0.4752634501436987	54	0.5055500305817894	85	0.5789535135686561	
341	467	0.17344878183309978	280	0.31546106979181227	19	0.6222015383550203	
342	230	0.29841055650644116	182	0.3829348913408861	474	0.45841440715791676	
343	316	0.2364394628654731	27	0.48311784076393177	369	0.5547876436731731	
344	309	0.5438778356902735	174	0.643116448378894	246	0.7329772786913576	
345	66	0.5945554665318543	45	0.7304595245497908	60	0.73269862540617	
346	133	0.17368404673387663	457	0.18926118728253882	131	0.45091566869653715	
347	332	0.4568889558172892	44	0.5023081948184156	493	0.5085670166319801	
348	303	0.5650239076783987	2	0.715931026126139	115	0.942516040513102	
349	224	0.4135417539164	284	0.5314872520497491	121	0.5919274289394604	
350	352	0.14045648818732417	458	0.5306773620467257	376	0.5597695035856093	
351	19	0.7507111944410314	280	0.7739161807553797	341	0.8387269914815398	
352	350	0.14045648818732417	458	0.5735495792564312	376	0.5788352929577351	
353	470	0.4161411465641218	366	0.7159848049543049	339	0.7826883355839562	
354	395	0.6521571246373492	417	0.731712873781109	362	0.7925557508038314	
355	137	0.4672407383557446	66	0.6110703805214042	60	0.6374316773195047	
356	472	0.4269855502813932	33	0.6276493274506915	382	0.67267349307171	
357	308	0.4765621646041769	222	0.6724857349681018	478	0.67589263417733	
358	108	0.24652090698244708	164	0.35824436989849073	12	0.5228501997573237	
359	94	0.17676945127175345	205	0.19589711261968387	461	0.22230218712583907	
360	250	0.2893955625630286	384	0.5155978117913228	198	0.5351676310515155	
361	497	0.18393357029222376	428	0.38795963947773277	485	0.3960369582988256	
362	485	0.2834783063767715	417	0.4023686149282149	86	0.4692648431414844	
363	464	0.31838953092304645	3	0.5406385805951318	437	0.5791412828463215	
364	0	0.40248104614931934	312	0.44686374220730185	201	0.6094788717629375	
365	278	0.8252854685649841	204	1.1380185484013756	319	1.1749806556605475	
366	480	0.41181171719905035	93	0.4779001683324405	339	0.5912827428471387	
367	135	0.6410241829247616	466	0.6944258921717729	354	0.9370513928535971	
368	39	0.5107869932578488	126	0.6054954056567167	375	0.6244353894134154	
369	494	0.25687069228949	444	0.29549323231109453	435	0.4078169828034918	
370	74	0.5838238831398911	253	0.776635546546177	265	0.795476343943787	
371	179	0.3485888104212705	290	0.6542014923948855	162	0.7667891505826036	
372	90	0.26849767023950477	211	0.4139526893593487	449	0.4222374784209985	
373	210	0.33663677786235274	432	0.3858904281586398	453	0.5018968705157099	
374	99	0.5095097480163852	199	0.6743203751465019	465	0.7027273910814733	
375	368	0.6244353894134154	48	0.640704135422669	245	0.814137616032647	
376	95	0.23039483609985184	471	0.4030223940744217	415	0.43169220106350464	
377	467	0.5360075973121053	341	0.6563127075770137	468	0.7250123589939128	
378	115	0.07554781348863791	303	0.5471218248891249	260	0.6907856890014056	
379	219	0.6754371029296073	417	0.8915217648806841	466	0.916716690692549	
380	63	0.9193787000480793	176	0.9996571961773105	415	1.1259527657137292	
381	407	0.1883454447800294	336	0.2512087245753154	56	0.2593872937001335	
382	356	0.67267349307171	275	0.7744725373465534	472	1.0491365726290214	
383	247	0.3633761011100273	259	0.5876755837979986	243	0.7431215469858998	
384	250	0.3947327411128336	198	0.42624046410183775	360	0.5155978117913228	
385	114	0.6564455110118961	124	0.8936999948278123	448	1.086231240315214	
386	101	0.24519956611562913	149	0.3561836896543268	472	0.5222706990024271	
387	230	0.38196545891035866	474	0.445741565306534	342	0.6198097298601074	
388	141	0.18902215716025914	332	0.3026288987366601	347	0.5225218657288726	
389	447	0.8052891409812253	160	0.8698624133645145	200	0.8830991250862714	
390	71	0.4935524158272482	190	0.5049867242407591	89	0.5146563565961663	
391	410	0.2842373125543425	184	0.3888986810656762	178	0.44462332258889087	
392	185	0.1276521164815557	236	0.1991309757359111	189	0.34201480555199165	
393	263	0.6927163831721026	487	0.8226093800724071	286	0.8401065927356667	
394	175	0.19133374581375479	477	0.24516355744960552	488	0.3437011802781054	
395	214	0.34533837012223534	485	0.42095137661319443	129	0.5151323199344141	
396	408	0.362456966773597	110	0.44120514396521054	4	0.4470233011945536	
397	309	0.377824542468943	174	0.5596566026182486	41	0.5777966352878289	
398	289	0.04733076777855257	421	0.3360485052115855	277	0.34559203581150333	
399	302	0.49665582215482085	261	0.5048549718176863	436	0.5652824235988024	
400	139	0.5239696435472119	225	0.6222466483071459	158	0.6407916717754523	
401	67	0.6361630288508894	16	0.7032871274895206	187	0.7115447015917923	
402	147	0.3274568072820971	30	0.40989922597456185	295	0.4445529101502562	
403	5	0.31916552902714973	324	0.5701229148423621	51	0.5912013801988334	
404	311	0.16120756907669612	161	0.39810966795221453	450	0.4210329422745997	
405	413	0.25139262663053846	269	0.4412589236864119	45	0.48403547357454585	
406	8	0.44546012964761467	272	0.4860278721701665	197	0.5592982343489497	
407	381	0.1883454447800294	56	0.2754341244991686	336	0.29152788776050503	
408	321	0.19655145345354816	499	0.34921640198136844	396	0.362456966773597	
409	254	0.19096300597066895	269	0.37391089641961484	32	0.3795362590923226	
410	184	0.13988028897397226	391	0.2842373125543425	327	0.4002685050705974	
411	93	0.3713472512906878	268	0.6007043419262855	366	0.6141372930566488	
412	372	0.44608140033876764	90	0.5288805825258731	449	0.5442689971133604	
413	405	0.25139262663053846	269	0.29076566816912186	437	0.353270282643795	
414	91	0.3209313661031761	422	0.5265162716716977	294	0.6282605894720485	
415	376	0.43169220106350464	95	0.47318331481037684	176	0.5042635191905898	
416	343	0.6242005414515709	27	0.7108996908615907	316	0.7362756231105542	
417	420	0.28954836895100194	362	0.4023686149282149	485	0.40952643841496567	
418	200	0.37548361231182	342	0.5940561512694903	58	0.6460399988066786	
419	492	0.40031176467548785	24	0.4191264285273225	318	0.540315809712758	
420	417	0.28954836895100194	485	0.3651179175003624	214	0.5024106116397498	
421	398	0.3360485052115855	289	0.3576981883076293	333	0.5217619766451088	
422	414	0.5265162716716977	294	0.5758870109052544	91	0.6825948796728082	
423	37	0.29214883485060483	7	0.29824823629809666	4	0.38080135173287144	
424	117	0.4645123279841473	113	0.5065695353159801	183	0.557929827971338	
425	196	0.26648243649781794	326	0.28856465813926346	83	0.5146593537671731	
426	50	0.2272090397843939	249	0.32276328636083185	178	0.34322428485066986	
427	98	0.04740644667006491	31	0.2967102237413931	460	0.4533033532580186	
428	497	0.3020220286340643	361	0.38795963947773277	68	0.4165848302288137	
429	285	0.2958872903413352	241	0.41500537419642897	282	0.43416134858958777	
430	212	0.3959343997465665	335	0.4827596224978138	234	0.5233871191110491	
431	207	0.5746852546441658	94	0.5981878959282718	359	0.6539222407576658	
432	373	0.3858904281586398	44	0.5707147695376759	300	0.593183813070814	
433	193	1.5845482819726158	101	1.7218299473255703	237	1.845649870495938	
434	196	0.9090387868310456	425	0.9838858514649815	3	1.0385005119754507	
435	444	0.23200429353817784	494	0.35735871869524005	369	0.4078169828034918	
436	261	0.23723046356875951	143	0.33591385489101494	119	0.4354687591077617	
437	413	0.353270282643795	464	0.42842251027335176	269	0.44928110448892583	
438	12	0.3852036972445618	59	0.5327500175997427	24	0.5366907750201579	
439	188	0.304396123813028	166	0.3135951926709502	97	0.32013223164691834	
440	128	0.36491041254620077	37	0.5127915973004291	120	0.5181446108973614	
441	285	0.437406535133029	18	0.456674062845183	276	0.4648190347558027	
442	455	0.34020949275084295	468	0.6817542099307659	447	0.9735457662862597	
443	320	0.7251480363146189	452	0.7345498137020096	337	0.9709838048437142	
444	435	0.23200429353817784	494	0.2558037458784391	369	0.29549323231109453	
445	261	0.4094936151581357	1	0.45380081281972084	143	0.4569329566885325	
446	478	0.5502654393834168	244	0.7665325160763398	308	0.8705506819497285	
447	308	0.770681957328385	389	0.8052891409812253	244	0.8394819354337331	
448	251	0.4565236485567068	114	0.817089274504093	124	0.8809838714030098	
449	92	0.25021665736236004	211	0.30439826390550234	9	0.3640600857300213	
450	460	0.22024796905754798	311	0.28555100578181186	213	0.36368912750505944	
451	276	0.23200963204303515	331	0.23499044446213624	18	0.38601194890829793	
452	113	0.33689603470217755	320	0.44535380059290247	117	0.5637114627493207	
453	298	0.3949127641084935	210	0.4234113146584289	300	0.43730550643872407	
454	96	0.2559346493705363	189	0.43026415301040066	236	0.4464807564636408	
455	442	0.34020949275084295	468	0.8326765076160808	191	0.9285955783883427	
456	64	0.6572586924600728	167	0.9844021485123318	371	0.9929592900979458	
457	133	0.10327777401952494	346	0.18926118728253882	77	0.39785409989624554	
458	11	0.4488775672148349	47	0.49109936056553394	104	0.4925650439043409	
459	128	0.19200030351523323	54	0.3703887728927891	484	0.4606752265602937	
460	213	0.21787043926180114	450	0.22024796905754798	103	0.28687416456917875	
461	359	0.22230218712583907	205	0.2430812396344968	212	0.2733359896882045	
462	490	0.6972952108860524	10	0.8693352263593209	277	0.8703838585066642	
463	272	0.32559571948419425	281	0.3835884119049684	8	0.4268533860753649	
464	363	0.31838953092304645	437	0.42842251027335176	338	0.5139776323704394	
465	185	0.35641617838520295	392	0.42925114022857647	243	0.5250914722203042	
466	367	0.6944258921717729	417	0.7373967385111369	354	0.863840420095014	
467	341	0.17344878183309978	280	0.3678473193377433	377	0.5360075973121053	
468	442	0.6817542099307659	377	0.7250123589939128	283	0.7260508350033124	
469	328	0.3704941597910757	300	0.39725833302678576	153	0.40584937191742015	
470	353	0.4161411465641218	411	0.6183963535814331	268	0.7056115142331625	
471	310	0.17714506609919142	95	0.30161271676088297	313	0.379874261009411	
472	356	0.4269855502813932	33	0.45408791304136775	386	0.5222706990024271	
473	496	0.27936488065515463	499	0.3838005279090371	184	0.421461470050733	
474	387	0.445741565306534	342	0.45841440715791676	230	0.4592291467247338	
475	159	0.3031159359810913	14	0.4298529591335371	256	0.45842721880678095	
476	112	0.18629064865517436	258	0.22216330508329388	266	0.2949112994832402	
477	175	0.12170402620731936	394	0.24516355744960552	9	0.4711487042867243	
478	308	0.426228370026796	244	0.5378275868899769	446	0.5502654393834168	
479	36	0.891263930461155	255	0.9668534363250005	61	1.1977839978175093	
480	366	0.41181171719905035	228	0.46877655318654377	116	0.6057899315243496	
481	377	0.8235812806587168	280	0.9278824883481616	467	1.0586169538210848	
482	123	0.3513125454778021	3	0.5326604610872102	96	0.5628699463755787	
483	119	0.26417183296557606	102	0.29147943220591205	222	0.43707048536604215	
484	54	0.12235001215899345	459	0.4606752265602937	340	0.4752634501436987	
485	362	0.2834783063767715	420	0.3651179175003624	361	0.3960369582988256	
486	292	0.791460597671479	87	0.8969295495627945	21	0.897449946656802	
487	84	0.6028761512880908	267	0.6930704375943587	325	0.709143612263104	
488	9	0.08782814514132009	394	0.3437011802781054	183	0.36261536383259396	
489	58	0.633299747836087	418	0.9131884782372899	200	1.0526555985907309	
490	10	0.5186129529617374	277	0.6084393570134755	188	0.6594714361357162	
491	330	0.2616790617758698	90	0.43864562074469904	184	0.44983680155195765	
492	131	0.26148526102751596	419	0.40031176467548785	223	0.5535181878358562	
493	132	0.4814237271695276	187	0.5058541726098184	347	0.5085670166319801	
494	444	0.2558037458784391	369	0.25687069228949	435	0.35735871869524005	
495	31	0.47172079928335087	274	0.4779852471905263	238	0.5223363894489624	
496	473	0.27936488065515463	310	0.32692244310573054	499	0.33991226373064715	
497	361	0.18393357029222376	428	0.3020220286340643	214	0.4295292999644642	
498	78	0.24475950117827983	249	0.2543086692760335	426	0.3584832306475611	
499	304	0.22964979681559675	321	0.25790820344729076	496	0.33991226373064715	
