-1.3848352543243154	1.2280893756347493	1.1474606055697647	1
-1.0682134299310606	1.5462366935474376	-1.2562993659980375	2
-0.2447733077653961	0.2754872543297411	0.4939037645440075	1
1.6796042106690003	-0.0218797866035511	3.2104195347412023	4
-0.7709917018457290	-1.8588110862740432	-2.1534587377574250	3
-0.0384743596463438	0.2803412853267616	-1.0851032917732906	1
1.0821921465611493	-2.0934077257341563	-2.7394125292526255	0
-0.4917110361058821	-1.7765521363973034	-2.7555714363955803	3
0.4934353896804564	-2.6459981973371107	-2.3638967920893625	0
0.4692059548058806	-1.2447020718674591	-2.0644516477089097	0
-1.4963031118344401	0.8824952958834988	-1.1132066632718738	2
-0.6530632472408040	-1.9213344132681545	-0.4288690984494588	3
-0.8205118419060460	-3.2483775376221553	-0.5625503935709264	0
-0.1447530300179044	1.1056714613866347	0.8588271315671623	1
-0.9543086240269405	1.8476229666940602	-0.2382581317441631	2
-1.4149722720353806	0.8892152408757201	-0.3349401550869563	1
0.8219441341389360	-3.6466996779302066	-2.3878050044423391	0
-2.1591232629794299	3.4143485452582150	-1.2364780959351995	2
-1.4182709890739238	0.3207004095660919	-0.5327335002977085	1
-0.6244282652718958	3.5135869135534983	-0.2056022874629144	2
-1.4674077667878984	2.8509686430947672	-1.0856620753905497	2
-1.8677136639177778	-1.9972753918797759	-1.3010460978348379	3
-1.3366063593912667	2.1931774909489641	-0.5134501733821599	2
-0.4517131110006993	-3.1591089755546200	-2.2709209839411049	0
-0.1292973240589961	-2.8481462455471371	-0.4407027890110784	3
-1.4764287603760422	3.4971608268830847	-1.1816304947476568	2
-1.6113999808120028	2.6636829853701895	-1.4224188079651023	2
-1.9418583922181729	-2.0412044833620251	-1.6028629443564013	3
-0.4331471345741608	-2.6685459208622220	-3.0337735384901992	0
-0.7568124371207841	-2.7417292428586353	-1.5901198305677944	0
-1.7886157315750606	0.1620417377481227	-0.1006283676649953	1
-0.3137346556719447	1.4611256720082917	-0.5736685001543822	1
2.3148305549491655	-1.5171093352215563	3.5660080977285662	4
2.7786010154053464	-0.7630650759052744	2.4862153091185144	4
0.2618677876752619	1.6123985814931285	-0.3229119469284814	2
2.5719877046915900	-0.1233553664310262	2.4814208755448735	4
-2.6803699216323684	2.3932972271022388	0.1587024011502915	2
-0.9995616415418888	-1.8601589001352674	-2.3964362564878088	3
0.4948960201105080	1.1375791139451166	-0.4612000622731216	1
-1.2760403621274070	-0.5567646890653232	-1.6933609460876449	3
1.0841538365480807	-1.1547362164630881	4.6783768814046125	4
-0.6974271837570117	-0.8384875507080103	-0.1101628201968046	1
2.9584941338194222	-2.1293573977800579	3.6517834878909929	4
-0.9592291826062542	-1.0958052910083271	-2.1125952059431334	0
-1.3783206372903440	-3.4409238961325901	-1.4552485194546216	0
2.3993042059250258	-0.7418704684551890	3.2618355712086862	4
-0.8088173387879956	-1.9640482376820119	-3.9405709715812511	0
0.0055967187975204	-1.9112197438510696	-0.8445010309967851	3
-2.4482724052516245	0.0176704145856860	-0.7408864272911122	1
0.7045744619450959	2.0659609238795604	0.0347923089507342	1
-0.0069121338925673	-2.0382335227846711	-1.2064631167382767	0
0.5573148062439224	0.7351997812043017	-0.8957293350483027	2
-0.7891510400152369	-2.5115016959459302	-0.7321617757927894	3
-1.1260994953792971	-3.0883770562311748	-0.9575141668059591	0
-2.0233102339335995	-1.4290671238145807	-3.1362616307044475	0
0.4761994509923332	-0.2851363111766195	4.6366884450124823	4
-1.4404236649189692	1.8982782226960748	-1.3430777453631886	1
-0.7830356213578561	-2.7405984509172114	-1.6388501622147422	3
0.7217063313366360	1.7206022604133522	-1.2286470744837685	2
-0.4373225006761412	-3.7545700767737986	-0.5066903210099618	3
2.8503094223780088	-0.4548918095261778	2.7830695454307679	4
-3.1652049035269885	1.8881916420749549	-0.2586889802984529	2
-0.2442041971312265	-1.2635029578088042	-2.9103026687808753	0
-1.9171417180904946	-1.9697367613110957	-0.1594034657817408	3
-0.0031404556432151	0.1461151153890227	-1.2470919291531612	2
2.5607394946124415	-1.5387471217266238	2.9961714114689530	4
2.6754061273472036	-0.9378803345019581	2.9040380704301825	4
0.1084679255131921	-4.4683006714281257	-1.9227804163567475	0
-0.4445960788177354	0.6023249355000475	0.0656603790404243	1
-1.6406289750740231	3.4620771423490400	-0.5946588702285965	2
-0.4365207777193186	-3.1641623510323567	-1.5257840381711265	0
-1.1161199022486445	1.3920491827190280	-0.0436235510257831	2
2.5360572550847467	-0.2084206428156704	2.5853870878447172	4
-0.8656250636531604	-2.6736507663907343	-1.3616991655368664	3
1.9770949489433600	-0.2064011474013097	4.6198669038156419	4
2.2991769576458623	-1.8465546770811583	2.9262567273717743	4
-0.5888321237261330	-2.9624605125918975	-1.4898456632060371	0
-1.2045461341659367	-2.6728351584986814	-0.7584467505844240	3
0.5207760048390959	-1.8157960240193076	-1.5426331506288060	3
0.2494929476479896	-1.7004348135343550	2.7845073899162500	4
-0.3567862827577619	-0.5640367656582340	-1.2623967909854605	0
0.1535110580182585	-1.9201054935107755	-0.7334124818014649	3
-2.0224110882102799	2.0775037315096103	-1.3508655267607430	2
1.7995082822642763	0.1937730008689930	2.4382746839948459	4
-1.6599423943727205	2.2186495714513703	-0.1568469054057896	2
-0.5858127616592089	-1.7119891834513261	-3.0667522790744051	0
-0.8110383900439770	0.0675454986888320	0.1931409226555626	1
-1.9533767477232742	-3.4523962528019312	-0.3552691368568607	3
-1.1237754193699141	3.4588175937323475	-0.5083481569259686	2
-0.9358559108523006	1.7632258015845217	0.0496649924593567	2
-0.2186489346396502	-1.3424854611941524	-1.4382226798201252	3
1.8821084502659784	-1.7790568513799818	3.8831337148482614	4
0.0722339687902783	-1.0143706070982654	-2.2069190031575405	0
1.2658652336252052	-2.1602670439775444	2.7073221003631867	4
0.5999681329234205	-2.5174753768239033	-0.8117958067909589	0
-1.4228127509525699	-1.8052786362906952	-0.7453242101171977	0
1.3677286355665355	-0.5805031095777613	2.9498697858172922	4
-1.3740289027052586	1.0600306216741571	-0.6502591202355879	1
-0.2587443480744608	1.4921948996424566	-0.9108541040784186	0
1.6362956121303327	-0.1808533369961574	2.2805668630169569	4
0.1129468351249394	-2.5706518043221447	-2.0407018146738860	0
2.8671778435849715	-1.0680093266259378	1.4697442856553060	4
-1.3023430316478193	1.1308618329651794	-2.2376296251523304	1
-0.4412851296386837	1.1900049359371399	-1.4230337837347240	1
-0.3230908503782304	-2.0855090312705435	-0.8592647594512764	0
0.0149001339474126	-1.9486549505105826	-1.8330279764010258	3
-1.5011839290133191	-1.0526709653837329	-1.9420157215169294	3
2.1196512926742352	-2.0632940482922653	2.4513223225241760	4
-0.6641870202169460	-3.1376792129106259	-1.1433230731933879	0
-1.3191787265395760	2.0566555962180404	-0.7305148158979125	2
-0.3539366556728174	-2.3484268894453515	-2.2478602551857065	0
-1.2966206697382603	1.0611328022624738	-1.1045588886456410	1
-1.4703603725637664	1.6299694736259758	-0.4528657029440614	1
1.3355054425588198	-1.7040876001642036	-1.7480636320276923	0
2.8955419994189726	0.3176905094839029	3.3537626812613790	4
0.5542075518952198	1.1747311529188846	0.5381814186961904	1
1.2634517932504352	-0.9117582768865373	2.8952359808028159	4
0.8580353309478077	-2.1489462354139919	-1.7141114133525288	0
-0.3907730147405192	2.0233297715512757	-0.3873648445162661	2
-1.2953295379890308	1.3935946679733870	-1.8529594236710123	2
-1.2612153947939102	-1.4802151328189035	-1.8289106130384916	0
-0.5435285122657240	1.9050849646331567	0.3000981595415921	2
-0.5090555515262284	-1.6655952103682126	0.0742525049677865	3
1.3552949110006649	-0.3378309319918167	3.8142227803999864	4
2.3837509667876828	1.3875375055206378	3.3064491492489010	4
-1.2864432610163097	-3.2662125341491866	-2.5508871139107199	3
-1.1107603510086159	-0.3560158247883094	-0.8469983365071779	1
-0.7605829298652986	-3.7673101618293798	0.1693414269179816	3
-1.3034959773556900	-1.8708883853538447	-2.3659233605545080	3
-0.7914962584041163	0.9932039793102077	0.6901203218934472	1
-3.0559356593678269	3.7897322711213288	-0.2820626427090230	2
-1.0235212425325346	-2.6418592371825338	-0.3396665814323253	3
-0.2050941875386644	-3.1966273636284637	-1.8539546449728701	3
-1.5557499175427556	-2.4874997795747853	-0.4751389978973917	3
-1.4000638191264687	1.1605875207348535	-1.0384475075512620	2
-1.6564032241448037	0.2798536274445405	1.4825769233618735	1
1.4985793053406535	-1.6532783067201575	-0.6115582760272597	0
2.4525493990390133	-1.0980573878643287	3.2554184472761913	4
-0.1676987787808715	0.4034816330047509	-0.5399033572467810	2
0.4103350485647962	-2.2360745884333153	-2.6263594345293004	0
0.9643070525514983	-2.0937997573430667	-1.0459298386465559	0
-1.2076841738329169	-4.0890730312960999	-1.6264815734620461	3
-1.0353456926463356	-1.4340827319936309	-1.1798680228548357	0
-1.4082144614529426	1.5057300133382474	-1.6843166199767015	1
-1.8139304046750055	2.8286352865587965	-1.3366025288170609	2
1.5097971670634125	-0.8135850547196618	3.9432206606828375	4
1.9893572417721850	-1.6793994302533384	3.5907733168205924	4
-1.9034043052721725	0.3747029833695774	0.3425842272929251	1
-1.3555079719723517	0.5625052892668738	-0.3025100089135167	1
2.6961631550746485	-1.3056267191184761	1.5337972026816171	4
-0.3328962378522102	-2.1390079196673790	-1.0740774999167695	3
-1.1019081671520561	-3.9162362719516302	-1.0435229641504615	0
-1.9265414800306904	1.8016714129699434	-0.0983048861007860	1
-1.4105362835375890	-2.5889656867128612	-1.3043132190042854	3
3.6463452794381679	-1.3889891579878122	4.8962696409351931	4
0.5758422348108658	-1.3981927198091544	0.1033443033796123	3
-0.6810711417917000	-3.2129117661887379	-1.9531574870339421	3
-0.4888606280748004	-2.4390233527056528	-2.5645246543999578	0
0.3182393662782128	-2.0763476386598949	-2.7304407774195090	3
-1.3088866000268955	2.4012589230966186	-0.2238482880442022	2
-0.4008586591046014	1.7833933839498604	-1.5614600595591859	2
-0.1940137952816742	0.7697519953214087	-0.9056896729349418	1
-0.7545655773551488	0.3443900486895167	-0.7993896911985490	1
-2.2732858491650560	0.3256403008991304	-0.5272551538343502	1
-0.5350335564568770	-3.0372249241004949	-0.6347931177578251	3
-1.7586049628283291	-1.3171296222738076	-1.3723484449155179	3
-1.3524527010150271	1.0990097750152215	-0.8993550032524722	2
-1.0457092230856606	1.5729219031683601	-2.6844197307338704	2
1.4908062412222454	0.1279109583194885	5.2544597922458314	4
-1.0535604852534248	1.8750826780524528	-1.9915142934932744	2
-2.7190458792153200	2.0161058407963166	-0.8858772846815274	1
1.3452428449928697	-3.3590735326895347	-0.5931996396714802	0
-0.2735891899860422	-2.4078082966509093	-1.0241054708676720	0
0.4626696578779917	-2.4472384986836588	-1.3960303177300699	0
-0.1048222470822924	-0.2105550037667230	-0.8017052175045258	1
-0.0259933837771102	-1.4409625370453860	-2.3595521330283988	0
-1.9087518526971436	-1.1251038408204581	-0.6262498446305053	3
-1.6412194923339105	-1.3716272347618128	-1.5318074439427503	3
-0.0358365600858335	-2.1786405129259681	-1.7318413089541054	3
-0.9186517197304761	0.2990807690448801	-1.1890104132730697	1
-3.3410499468549490	-1.7674949210712096	-1.6918439496323674	3
-0.4110386049361785	-2.1173046429722424	-2.5087024011897201	3
-0.6909519188589496	1.8358869167392542	-0.7524358373616664	2
0.6402744462487204	-1.5890533148272064	-1.8210153918801457	0
-0.3968324503878550	-1.5199906333233439	-1.4031076204732060	3
1.4522856978721506	-0.7059821553602329	2.4006052305094232	4
-3.0046442865401017	1.1799924510898347	-2.2761842159708312	2
-0.0678391027076369	-3.4214075571522113	-1.6628136541826353	3
-1.3638006928497226	0.9459595291658029	-1.0743614319561934	2
1.4610561935301529	-0.7269234841181317	2.8184936188024858	4
-0.7385178486593980	1.2925558928553551	0.5270774269389252	1
-1.7788746586502420	2.5617336736608034	-2.8219967312939236	2
0.7316318448581564	-1.2149432414149601	-1.9377511394301334	0
3.0650102784084097	-0.1943367381847086	1.5989217744167399	4
0.5421407985273747	-0.3252711690215191	3.1996737278067431	4
1.5900452797909648	-2.3167447652596977	-2.8576664402656395	0
1.1504658603885840	0.2886688211033980	2.7400926230447462	4
0.2740555431515824	-3.2344978869918926	-3.0301289540458902	0
-1.2317962702431129	0.5934284768082968	0.5309650165604414	1
2.3260390684334200	0.1951114129284487	1.7086112434758616	4
0.2353631324456112	2.0367718203383722	-1.5438411425105816	2
-1.5403536851679331	0.8224738736948810	1.1665484431624682	1
-1.5388396067713486	-2.1261211942723022	-3.6751645491643572	3
-1.1058148834158268	-2.1236089390617741	-1.4653985624333372	0
2.2277918610169816	-1.7025025869934853	4.9714318604090071	4
0.8961310424148239	-2.5852233757293015	-1.5699004391769216	0
-0.4252594087328257	1.9374171276933814	-0.4661783919168428	2
0.4170308490121571	-2.0245884750098861	-0.7911397238069041	3
2.0598067778277986	-1.1921640986277089	3.9825139462370340	4
0.1846402129322315	0.2292811790017997	-0.4383560013616463	1
-1.2473165706973548	-2.5392570474016511	-2.0642101752411000	3
0.0090084900822028	-1.3336654601929125	-1.7419827974260100	0
-0.2756164088558820	-2.6823389853720783	-1.0871461623512910	0
-0.8303909636320397	1.0242999141860367	-1.1717977158226214	1
-1.4799956143197335	0.2370700419474215	0.6722671360687570	1
-1.5970829387040670	-1.5043893978582825	-1.0271184520380350	3
0.6032061411075348	-2.5566368506115551	-1.6965270381049320	0
0.4574011658983174	-1.7117930174861944	-2.2592668299465282	0
-2.7076678838267920	0.2586152060461361	-0.0234841834568376	2
-2.2824222462923514	-0.0520583552930053	0.5880749090979239	1
-0.3460227004862202	-2.9634218023608052	-1.7738632861268604	3
-1.8192027223363332	-3.0919703176604183	-3.5369688413500309	3
-0.9077773401756559	1.6770603734544896	-2.0803337814283225	2
-1.3742658621653008	-3.1966777537980038	-0.6043278163014779	3
-0.4201708507323654	2.0393230503515416	0.2361912516854023	1
0.3028054348255921	-2.2309087367732436	-2.6772089901271059	0
2.7114677683099160	0.5979482140794263	2.7427444633221212	4
-0.6479230831754129	-1.3388032892942030	-1.9601562177536804	0
1.9942444049747110	-1.5528909631016048	2.9720383064954476	4
-1.9901874903091143	2.5555782373633651	-1.4780345391479162	2
-0.5579747992832396	2.2203241242478695	-0.8368568430134902	2
2.2561891567581052	-1.8675397306456110	2.4161784397681623	4
1.0365964800290923	-0.8306519382826639	1.7392877751843856	4
-1.8959101382372605	1.8346514980453636	-0.6556227209619667	1
0.1030615911863784	-3.2069232700482875	-1.8530370085193415	0
-0.7874794297185772	3.2687474870106792	-0.6303650988170916	2
1.4195966884202080	-0.7075172650769580	2.6677859894008686	4
1.2842657442806376	-0.9922364868801230	0.8170861854970276	4
0.1567268165994871	1.2346434809236164	-0.4636898203365787	1
-0.1385350257823182	-1.1565634756818852	-2.2018699868141045	3
0.6495847382963504	-3.1393218831566587	3.6539211692328255	4
-1.4252108703336586	0.3543394379565780	0.2259039710487183	1
-2.5748971324751180	1.6481948176285885	-1.1306091408787347	2
1.7898416087836817	-1.7216799624742447	2.5134342342730953	4
-0.0128534935853484	1.4756646794365913	-2.9204665531665506	2
-2.3330217065511270	0.0285905383679897	-0.2983533344309550	1
0.2491215010702477	-0.3669544614284934	-0.5913597631314447	0
1.7169065124887644	-1.2705389428154032	1.7361387484614197	4
0.4576472220358724	-0.4053287377340048	-1.4655793230060701	1
0.6521106499303324	-2.0626897405085334	-1.5468168230876733	0
-1.7721942947719573	1.3749086988016244	0.5816334036018982	2
3.2392897869232957	0.4997771472337016	3.4745209681271021	4
-1.5492949672746896	1.1424988116639789	-1.1230316027088136	2
2.3896272816247683	-0.6724522167209128	4.2852718258197111	4
2.4943675761414781	-1.1523560833804936	3.4890700473785898	4
-3.0075239249150534	2.3987986799775980	-0.4170479287789572	2
-1.4536288433884597	1.9670483815844495	-0.2342081858530154	1
-1.7089664343760564	3.5698673536404892	-0.7526589329175247	2
-1.6425409067111523	1.8149962182288033	-0.6318124096425610	2
1.4522627865263660	-1.3197250174164470	1.7150063150186203	4
0.6775534227310467	1.2341501942881323	-0.0218226265335237	1
-1.2128447792402970	2.1558962646049897	-1.2557989649567567	2
-0.0756034705062996	-2.1226127696596384	-0.8449736473203947	3
-1.9875673389501576	3.3846171197628721	-0.5090857732555110	2
-3.5516636162484625	-0.6896370878576050	-1.0013687346970528	3
1.9185089242264817	-0.2652432827956503	4.3577547347576422	4
-1.3520476102805792	1.5105138921411707	-0.4193002155889566	2
-2.1559010613505381	2.4293883968418979	-0.2484353847908277	2
1.9700674062499224	-2.0352982800685471	2.7399279957086500	4
2.0779299583219029	-1.1040286112110356	3.8500137148842231	4
-0.4742185693376471	-0.6773386851857712	-2.9026908107621288	0
-1.5205585992826767	-0.9343049150300673	-2.0788193946293401	0
0.3827821540291231	-2.6260558491121455	-2.3351320354986109	0
-0.5436807217414650	-0.6148368230239921	-2.9706411947760758	3
-0.7899231242898068	0.9582541159541523	-0.4014392955716347	1
2.7890556937319495	-1.9637644261616085	2.7906913209504616	4
-1.2757029948891057	0.1118148058842009	-0.5743507719045065	1
-1.6810449976165507	1.0203824578257383	-0.9752618901710424	1
2.7178106282556693	-1.8337774233252786	4.5298096220142927	4
-1.2913266569972039	1.6018885692636442	-0.1777673805434026	2
-0.0835695190474688	3.2274641042115149	-0.7906846808531874	1
0.1324188167479546	-2.2382122130314084	-2.3266977645198983	0
-0.9389549451746095	0.6141224141644792	1.0036334264270825	1
-1.3746670579699352	3.2544432368338003	-1.0981657188592839	2
-0.1782292300963222	2.1811274879856533	-0.5068388220184058	1
-0.9433332516230852	-0.1979874968582052	-0.1420601190019746	1
-1.8747748019289090	2.8851720947925861	0.8923676638617082	2
-1.5613225194533913	-3.2160610808788701	-0.7046016278838024	3
1.1720291525618409	-1.1114180925916342	-2.4003369552809994	0
-1.9629790387427519	1.0645457056851217	-0.8206215978117500	1
-0.8849879728363140	0.9858692818615945	-1.4342268550257238	2
-2.2798061803287286	-3.6946594779440529	-2.2080463665115291	3
-1.9695102093763808	-2.2389391226899420	-1.4578909645755960	3
0.5431856361127294	-3.3046027463993424	-0.1609641255153678	0
1.5369389746526325	-1.9223367754259291	2.9043952533666149	4
-1.8970204231880947	0.5318039530922358	-0.2427899530823046	1
0.6430296972056165	-4.0271833150842582	-2.2848825622768141	0
0.9885673610709179	-1.0047670725730151	-1.4493421201976506	0
-1.1898753189197460	-2.7512456070405924	-1.3302732586732198	0
0.7935554718091155	-0.9815847018076401	2.7548174691626244	4
-1.7711242509667300	-3.4730790562122946	-1.9292816291286830	3
2.8104148521030132	-0.1106724339030771	2.5308988864157165	4
-2.1990503883939878	1.8416622172984349	-1.8988630120025212	2
0.3336120224564195	0.4975223213432474	0.4118310056113149	1
-0.7854427021205661	-2.4527291890332212	-1.6755546641675307	3
-0.3043532036776014	-2.5251638464794581	-0.9806740392410848	0
2.7050262086544512	-0.2660761554377472	2.1791333877822123	4
-3.0679978476234382	0.2680565571580673	-0.6231771778989863	1
-0.3750562108935572	2.1595162099132987	-2.5520080829630540	2
-0.1065138912535394	-0.3862208079227175	-0.1613887653698063	1
-1.2020698733501325	-2.1320581831759262	-0.9822840535230006	3
-0.5304463437027714	1.0553609915902660	-1.7690410831625298	1
-2.2774002983561719	1.2484082563558454	0.9873172690482392	1
-1.5540552511515042	-2.2265128390061126	-0.9848297408238443	3
2.2643433208582535	-2.0975685692524166	2.8330500573578039	4
0.3245373728853898	-4.3226191028175371	-0.8511609996685261	0
-1.8390122348254958	-1.7452476695602197	-2.0873396514184774	3
-2.6545557839144149	0.3442234180002545	-0.4206120606014169	2
-0.3494500274985917	-2.4079048296476131	-0.6776694089136652	0
1.8959823148229722	-2.0615100715889598	4.7794272407440497	4
1.2254280006282383	-1.9750060171928303	-1.0739635759457276	0
-1.0383787637549453	-2.3761430828863723	-1.6861918408283165	3
0.1261877662485548	-2.0171726104099363	2.8277609425141734	4
0.7788612201240268	-1.8885573937621429	-1.3193739018007367	0
-0.0431418243361663	0.4885021966672508	-0.6066802410952225	1
-1.6871011843586885	2.1126643171629578	-0.0238731915319977	2
0.8839042499822763	0.2183871741282981	2.6945469141321698	4
-0.7850389048060830	-2.4265911254711354	-1.4003462727182299	3
-1.6380977801657448	-2.5920003831146889	-1.1774638021107151	3
-1.1483859078171879	-4.8358729316246798	-2.4310407284765176	3
-0.8075437904646644	-1.5087430838857565	-1.1964487873188996	3
-0.5457463806215068	0.3022112881630999	-0.5503193234480225	1
-1.2339001727882137	-3.8204025927412752	-1.4292745043474304	0
-1.7090741294421607	0.7450143448971482	-0.4397707860898142	1
-1.1494087355650988	-3.5997127627572083	-1.1404640937196227	3
-0.6117553289538593	-2.7525484591746037	-1.8473065530273045	0
-1.8476700127404353	1.7102923216424857	-1.1166489281231951	2
0.8336520185289400	-2.4815782986270922	-0.1926224051569588	3
1.6696865693726326	-0.5932317799474729	4.1186310331948839	4
0.7795764845697477	-1.5685818319761866	2.4686688517387019	4
-1.0676758620400997	-1.4204604465879314	-2.9325653983906319	0
-0.3757993156641898	3.1926240918227649	-0.6770906402511546	2
-0.4028352477339109	1.9921285186760418	-0.9504673415480179	1
-1.7752239672045325	-1.9699525657424832	-2.0507010632122165	3
0.5984762593730867	-0.6922661611080215	-0.7566925589197526	1
3.2343011209901533	-0.5319309497878557	3.8454207404104386	4
-1.4707343836201172	-2.6121257008303842	-0.3890757256327524	3
-0.9405825555212250	-3.6204652402850002	-1.6239607006709562	3
0.3322301872431663	0.2434631055474481	0.9165131052035578	1
-0.5283612727212758	1.7059397283558988	0.0304903820094455	2
-0.7964903981612953	-1.2673323945771551	-0.7809092104675891	3
0.1116625472852669	3.6584655263253674	-0.1782563428035177	2
-0.9354414950206912	-1.4777113835133957	-0.3041064348436073	3
0.9875036769349779	-2.1103089845812049	2.9939297445003423	4
-1.0378544783832604	0.5017231668789542	1.0740901852706641	1
2.3825446951400395	-0.8832625755018713	2.8464240248283845	4
3.0224339998433467	-1.5449719672205835	2.2887935625047553	4
-0.8643684804966256	2.0578512306206687	-2.6329195736231643	2
-0.5381544525298200	-3.0450137405272697	-0.9527936537075569	0
0.9924432433715671	-1.9562857648107563	-1.3986043492304390	0
-2.0492109724841030	1.3868848583610403	0.4987592610560808	2
-0.8630480861813925	0.4421924388542039	0.3699677297732068	1
-1.2319805518251561	0.1608190941490518	0.9655918544587970	1
2.0376061435063448	-0.0433095593433205	3.6149754094395758	4
-2.1945467555656055	1.7846814168425178	1.6806394158492899	1
2.9564894495874743	-2.5649433132083979	4.8290168517792367	4
1.3540329459272205	-1.6610726665554738	2.5738377706849045	4
-1.7168046967302832	-0.0875693665883324	1.5203622702429915	1
-1.4294361065821519	-0.7483475782479945	-1.6424171575341164	1
-1.5606451633818663	-2.3516699675802188	-2.3913432386055669	3
2.2699819523333913	-0.4976597828246155	5.0324634828866550	4
-1.0363457455703187	0.3542443268487068	-1.5124594153165924	1
0.0154253776143435	-1.2617681413598965	-1.3343721644355777	0
-1.3869484811060964	-3.2594994892220788	-2.0279462465618447	0
2.0001293365347919	-0.3386873678079901	1.9607018555100559	4
-1.9533798346183344	-0.3527582873701509	-0.9093076535275861	1
-1.3961498182705796	-1.8534215773921434	-0.5139831732296997	0
-0.6540507138744576	3.4709782335682915	-1.2022967914853275	2
0.1070898241171011	0.9745050453330835	0.2685918142398033	1
-1.9532646780511425	-0.5474752004663821	0.9081260375163897	1
-2.4931645609118154	-1.6745536539372061	-0.0296920526168183	3
-1.9175297350696123	1.8153298143729049	-0.8994104241241248	2
3.4176367285821687	-1.8310512752435051	2.3015489497800026	4
1.9670702936183107	-1.1020458949321030	1.5334804984840522	4
-1.6168276794971455	1.3620997837061877	0.2189888345558724	1
2.9886772095550329	1.1844406349787509	2.6807370886789448	4
2.5739729468716157	-1.2255697166503059	2.0284696528904940	4
-0.8392344120557178	2.4307552348431596	-0.9868881388064322	2
-1.0249846590445078	-4.1359057356323756	-1.6390099811082131	3
0.5633166214979103	2.8001701849014538	-2.1058111240099819	2
-0.5548273132412015	1.6214744344203620	0.2282923651303757	2
-0.4721249159536380	-2.0929797111081498	-1.7296973509131683	0
1.4071865925596576	-0.7889544895522400	2.4864930951991639	4
-2.0786269423524359	3.0609266642200148	0.0965449930813030	2
0.4079977677367453	-1.5889728478424907	-2.2464615140521120	0
-0.9903952239859110	0.5828671907189479	0.9297538513923789	1
-0.7620974379070096	-2.3008127601918100	-2.0872375618862802	3
-0.5311972728849722	-0.8233348208405635	-0.1488511215085063	1
-1.9861654401923898	1.0239894314769020	-0.8130202171035371	1
-1.8483884748204007	2.1882003014393541	-1.9589844249028547	2
0.9179662705580951	-2.3019149309831626	-2.7382512533075349	0
0.2072467046033207	-3.8768568772326910	-2.1352430963405729	0
-2.0801119491475388	0.0188453477035639	0.4024404866581026	1
0.4210848929310314	0.4430066709225793	-0.8753609526846827	0
0.2088278287584668	0.9046376062427582	-1.1868403186976511	2
2.1209518116422337	-0.3965823161723898	3.2975832119467747	4
0.4896262574578705	-3.0670113925895430	-2.5093894277817501	0
-1.8307997717594695	1.7605946893171260	-0.9427176851000899	2
-0.9448066396057504	-2.2321580572700208	-1.7818215633792502	0
2.5580840818859496	-1.2374635660654700	3.6477010435177268	4
-0.5730021557631726	-2.0931122296174358	-1.4639632455082179	3
1.5162170685015885	-2.2259808163086450	2.3956813578051568	4
-0.1165002103023440	-0.6409499831300999	-1.4309548525040561	1
2.4083241853438033	-0.6755216043949853	3.6478141557602326	4
1.9212998198980329	-1.8454569014245144	3.4072819622773887	4
-1.5083126900725721	-1.4066446754028497	-0.5051509912682184	3
-2.2645144255969805	-2.3416460639553645	-2.1605423426148764	3
-1.2635896532701323	0.0173234775483108	0.8954031934106766	1
0.0835606331428258	1.8199702312550290	-1.2448875888129214	2
-0.8407014517788957	-2.5364996760083924	-0.5274626739192585	0
-1.4102535265339942	0.2633281176575437	0.8528628209845425	1
-2.1487640096251939	1.0144920174885477	-0.5190812741223791	2
2.7301059685948443	-2.0755518907159023	3.4724477383619909	4
-0.5749824114778637	-1.7757031486968555	-2.4691850405621394	0
1.0145795463703864	-1.9109096926958535	-2.0809958853566970	0
1.0195852901787772	0.4341062143221179	2.5591751557920985	4
0.2197621377263650	-1.9014751246342785	-1.0542970661977287	3
-0.4254557392872652	1.4165802501292795	-0.8449083603115998	1
-0.8480782132117638	0.7042898135163846	0.0843218809285964	1
-1.4446713256733514	0.3094665709007777	0.3038658572503616	1
0.1045607934093662	-2.9485869100436988	-1.3978511630192452	3
0.6890779709175362	-2.2090161643815840	-0.3469200342480072	0
-1.6757631143153748	-3.4993971269505169	-1.9388022417103499	3
3.0578738388303752	-0.1674883083487724	0.0146170401727682	4
1.8033819876797597	1.0410152627567089	3.4343187958341646	4
-1.2834113677855989	-2.0529963042103576	-2.4071595862072535	3
-1.5901775175363246	1.7247718059388939	-2.3663555610924880	2
1.6263130718015228	-0.5876578910108141	3.2552429398532348	4
-0.4869208176320601	-3.2420367890802968	-0.3700439993845464	0
-0.7970594173154514	0.9711163340881945	-0.4948881812148005	2
-1.4846148605688070	-0.9792924513697419	-2.2939210513841459	0
-1.8594559344262418	0.4057941502203245	-0.3381042781964576	1
-0.5542315416227879	3.1681791882231658	-2.0963795003769428	2
1.7385181495806257	-2.4711306642117754	-1.2021763219552097	0
-1.4237488294804728	-2.1533055499656979	-2.5623028886124284	0
-1.2710878284604550	1.5003392720635247	-1.3956487776087199	2
-0.2752943157922276	1.1534303706309286	-3.1910021693855537	2
-0.1341161059362812	2.5931873424062690	-2.6073099931487569	2
2.9675924218297118	0.8748775508811185	3.7217099202779584	4
-0.0769771310333609	-1.5272545800420589	-1.2581757186197504	3
-0.7381096953051728	1.3935551898707441	-1.7157520575578271	2
-1.0601094792604726	0.1773805722409297	-0.5191326982176622	1
1.3356780885133102	-1.9359912060066891	-1.5036876389582454	0
-1.6226228536491427	-3.0413355611385162	-1.2300323319027693	0
1.2133907807080329	-0.3836603415176159	2.8956914140392946	4
-1.0802158751730329	3.0408877652138262	-2.4417638960198977	2
-0.2255073685213039	0.7528257151894616	-2.2120075101147822	1
-1.4666897108376689	-2.4828243736002689	-0.5272227647259222	3
-0.4982080352471524	-1.7088152189201467	-0.5945836951928126	3
-2.0089311795182372	-1.0957860504404797	-3.0250376631069700	3
-0.2093791343725312	1.0664956922461217	-1.1058867818692817	2
0.0219779537300830	-2.0948572006618296	-0.8966105830819169	3
-2.1240312599157884	0.8980174021932029	-1.7144222420048960	1
0.0738011514224389	-2.6200497607801765	-2.4376368621047124	0
1.8899616776250321	-0.2399563758176021	3.8172203961921518	4
1.5117078451075983	-0.8314430654028987	2.0723354318926335	4
-1.1228825741200645	-0.5865410265218428	1.2945311535538193	1
-0.8118828017065072	3.0097487481209688	-0.5797764678208330	2
-0.9619760917241914	2.9654806883386255	-1.6209817734667675	2
-1.3819513361726679	-3.2304473157776061	-1.7419522198538262	3
1.3623039776084056	-2.2911127078960671	2.9910658111399444	4
-1.2567495498400678	-2.0373806347527963	-0.8429044666143403	3
2.9824036431603949	-1.1355791583527728	2.1742869743088615	4
-1.0076651402089847	-1.9143985677230524	-1.3789630085664450	3
-0.7981357679508281	2.0308093216141399	-1.1793451755342801	2
-1.1016712045310224	2.2238738964045601	-0.0916529673227801	1
-1.3188337857333448	1.9149092223274069	-0.6252530997722573	2
0.1992471999717486	-1.5855165940594249	-2.1991000522073025	3
-0.5511411320135713	1.5104648464154085	-2.8759990410492233	2
-3.0588426718761408	2.1087827285905503	0.9137926415855816	2
1.1874605616969665	-1.7478871725812508	2.3096569548364552	4
-0.0933667248816457	4.2843906506798728	-1.4512452998406569	2
1.4418472655652805	-0.4134322279588994	3.4822383853186643	4
-1.2284275956191448	1.3813645573485951	-2.1082265618491061	2
-1.4950608823588545	-1.6223536170757342	-2.9821288845474032	3
-1.1149842569826742	0.3023610027498594	0.6416672101878181	1
-2.2942111090999142	-2.1206693485991042	-0.9457646211774645	3
-2.1149904855509911	2.4632990756782247	-0.4675517630899071	2
0.4006658700042077	-1.3175892324886618	-1.8406338596494172	0
0.8203319655448840	2.3102520003923281	-1.0197099092187101	2
-1.8088108487725010	0.4901161614302266	-1.2448764175028506	1
-0.7131755178589787	-1.6374444977682479	-1.4620108920802992	3
-0.7953094117947744	-2.5507248944505028	-0.2502885437454934	3
-0.5002855161178413	-3.5763686836073889	-1.8746286507318808	0
-1.3382275203922283	-2.3895304194353413	-2.5141419797617437	3
-0.3158614656541292	1.0188039405763238	-0.4097554895089512	1
-1.2525050907602482	-2.0044475068008367	-1.2790164041794569	0
-0.9565328217030304	0.5987253276127832	0.3456856944015979	1
0.3060982899092023	-2.0344215346569956	-1.1252669033776148	0
-1.1690717214791109	-2.2352956135707767	-1.5141511985541407	3
G3
0	201	0.43482670489513153	250	0.7012584133958621	282	0.7723023613356459	
1	445	0.2503654396952161	56	0.5196192686961358	143	0.548124312798611	
2	68	0.5745819409722073	303	0.624952077329386	361	0.6522380400493318	
3	482	0.5326604610872102	363	0.5406385805951318	437	0.5700473195747051	
4	37	0.33359272855277383	423	0.38080135173287144	396	0.4470233011945536	
5	64	0.2133201071358355	324	0.5217675398650659	403	0.530703856314303	
6	400	0.26541805053828266	195	0.5672549917147031	424	0.6865780893143789	
7	423	0.29824823629809666	85	0.33144686828437764	181	0.42844443330659193	
8	272	0.1160570852406714	463	0.4268533860753649	406	0.44546012964761467	
9	488	0.24516256578010723	192	0.29292653440364524	394	0.39420350176147734	
10	188	0.1519656274914859	252	0.26553059032087095	111	0.2680657015971618	
11	458	0.3108148519967112	352	0.5404670106288244	104	0.5666352556068619	
12	164	0.3623565769486863	438	0.3852036972445618	358	0.5228501997573237	
13	378	0.6549863981028362	129	0.6777814733513409	190	0.7053653784406172	
14	89	0.30060457340690566	279	0.42145661651997773	475	0.4298529591335371	
15	148	0.333657174121989	333	0.343917522274743	97	0.3609436293825141	
16	296	0.4328639543626364	406	0.6791586348724336	401	0.7032871274895206	
17	257	0.67890224082854	144	0.6871994127621069	25	0.6898825387186078	
18	276	0.25630221553358523	148	0.3397229049503858	451	0.38601194890829793	
19	235	0.516677339281238	88	0.5865171098752382	341	0.6222015383550203	
20	26	0.41135723188389417	283	0.4141846544295543	144	0.4284248225165122	
21	292	0.30555557216211915	27	0.3138799366914301	313	0.5009233389505446	
22	109	0.2570194723327907	476	0.30041469345798466	159	0.3576807507472791	
23	156	0.3955672971000166	132	0.4858903689988159	220	0.544545946255871	
24	164	0.48789721527892677	438	0.5366907750201579	318	0.5462901207719552	
25	283	0.27610440309784606	257	0.49333214949103504	69	0.6105147528257544	
26	144	0.2749404808760599	229	0.39781870675930064	20	0.41135723188389417	
27	292	0.24673971205271877	21	0.3138799366914301	343	0.48311784076393177	
28	157	0.5253371468601564	181	0.7616137031058131	463	0.7840455210952538	
29	57	0.05534960979417776	73	0.26201310437502234	76	0.2949484493370274	
30	441	0.34760377013024757	295	0.4107135125951741	147	0.5048154379275852	
31	427	0.2967102237413931	98	0.34305008720166014	495	0.47172079928335087	
32	146	0.364532945853323	409	0.3795362590923226	254	0.41376072831878835	
33	60	0.4338609170665754	66	0.4645270922450758	472	0.5268790551527811	
34	238	0.4166196700185259	38	0.5466985336728508	260	0.6375901257632597	
35	72	0.1390542043784437	301	0.24383690237532202	306	0.3597863149276779	
36	255	0.6622299074047212	267	0.6649295712175356	61	0.8151148244279467	
37	128	0.3056505180068711	4	0.33359272855277383	435	0.3433248043752749	
38	238	0.3518324891698175	260	0.48553293536875874	34	0.5466985336728508	
39	368	0.25065818844911436	271	0.592371510181914	106	0.598700140258786	
40	145	0.9154294231872803	338	0.9856222542250834	55	1.061861787578554	
41	397	0.17134401988206954	285	0.68682425034795	352	0.7091347167181978	
42	422	0.29532608700250124	32	0.8924729185965379	275	0.8930902178363868	
43	227	0.423316855126289	120	0.5651933714081869	440	0.5678771122643664	
44	469	0.3556860760205535	332	0.40686115716252175	334	0.42036150822918145	
45	137	0.36020182068874085	413	0.3917435379469709	355	0.4391347879671184	
46	202	0.793499038480584	85	0.9363887630756954	340	1.174125486168387	
47	81	0.18519793210628352	461	0.1915893155172088	262	0.226452435336138	
48	163	0.41364727327242407	245	0.4574248691651452	317	0.5017622607471558	
49	34	0.7277776669754488	260	0.8341729301191196	115	1.0345536757920728	
50	426	0.30534994975559343	461	0.316305976346395	498	0.323392766966361	
51	403	0.32303293017501367	404	0.4846627227588297	38	0.5955005635411608	
52	419	0.2125654399662283	77	0.44639945148210647	318	0.455015064764985	
53	223	0.4450350378115203	77	0.46739360298271243	108	0.5003186854963015	
54	459	0.35164442558271497	484	0.5832357579523434	340	0.9771403597723367	
55	40	1.061861787578554	123	1.205004282289732	168	1.257647177503032	
56	261	0.3546502364766782	445	0.4356532421215301	336	0.502452282396602	
57	29	0.05534960979417776	335	0.2700626003984078	304	0.2902097972829894	
58	489	0.633299747836087	418	0.6460399988066786	200	0.6601819432929281	
59	438	0.5327500175997427	12	0.637326686740413	164	0.7352155092354186	
60	301	0.4285657435678558	33	0.4338609170665754	72	0.4456240733010413	
61	255	0.5573691727531939	170	0.7802468111848866	36	0.8151148244279467	
62	85	0.5850750263948558	7	0.5902718435306159	175	0.6184124949894928	
63	376	0.6408498658983586	380	0.6601215289900053	133	0.7059543206362688	
64	5	0.2133201071358355	174	0.5795878566033096	403	0.637413257617289	
65	75	0.4099372085211786	137	0.5226103365669755	275	0.5243949498698922	
66	355	0.30343087569202476	137	0.44585869847803294	33	0.4645270922450758	
67	401	0.6361630288508894	296	0.7819582942220535	493	1.080944964430785	
68	428	0.4165848302288137	361	0.541615604149945	2	0.5745819409722073	
69	257	0.20310774924610234	263	0.3656351164120644	88	0.5240207647908368	
70	76	0.25529188108476936	220	0.3317076772251825	132	0.40287490720338304	
71	279	0.30450704762385195	89	0.42304839124164034	266	0.45916089455983256	
72	35	0.1390542043784437	301	0.29630350568669434	306	0.4437530103792323	
73	29	0.26201310437502234	327	0.2627283655461194	57	0.29684285977878266	
74	265	0.27495001065317676	370	0.5838238831398911	338	0.7038289906669905	
75	314	0.2700163692258459	65	0.4099372085211786	268	0.42267675679162486	
76	70	0.25529188108476936	29	0.2949484493370274	57	0.33036360820733884	
77	457	0.39785409989624554	52	0.44639945148210647	419	0.4520220795050234	
78	249	0.2796833912808308	323	0.34892246626263046	183	0.37840296763532705	
79	322	0.34263372505036027	339	0.6309736500515613	353	0.8697783598328944	
80	412	0.3034219170409934	174	0.632986537882233	64	0.7934830206035884	
81	47	0.18519793210628352	461	0.2728969346427996	207	0.2892953648746659	
82	336	0.4692931685740818	229	0.49574746708433803	381	0.5324912870273664	
83	99	0.43801258602019544	196	0.7220494099606716	374	0.7428584374799849	
84	325	0.17219896219626427	256	0.3344446258719369	159	0.40134216240950205	
85	7	0.33144686828437764	340	0.5789535135686561	62	0.5850750263948558	
86	361	0.4175321041345235	285	0.4476264519135528	497	0.5714810125336791	
87	287	0.5758420101723082	223	0.6802878760578189	346	0.9696087549018495	
88	235	0.4051046435591922	69	0.5240207647908368	467	0.5513998881473969	
89	14	0.30060457340690566	349	0.411948103500181	71	0.42304839124164034	
90	184	0.25394983522330217	372	0.26849767023950477	449	0.29432539043443073	
91	146	0.3269686639420542	414	0.48205790163042017	32	0.5970205843491188	
92	239	0.25429878787602994	175	0.46360129402599964	9	0.48055830937818605	
93	470	0.32700384173997193	353	0.4026473713058429	411	0.4051102239169926	
94	207	0.5261465780454102	431	0.564975338280601	173	0.6042466831294567	
95	376	0.23779682526325832	471	0.30161271676088297	215	0.4475627631105147	
96	189	0.21773528977980813	454	0.2559346493705363	236	0.31367843216374913	
97	166	0.2530487419659009	15	0.3609436293825141	134	0.4018454066783722	
98	427	0.19457416144511136	31	0.34305008720166014	460	0.47084443811940635	
99	83	0.43801258602019544	374	0.5095097480163852	185	0.5692355699462308	
100	463	0.40190791797833275	272	0.4031995317979811	281	0.4389634646006449	
101	149	0.2996845426124198	386	0.6503602263003299	472	0.7170934856645744	
102	483	0.29147943220591205	119	0.4658850669343565	436	0.6724195965675064	
103	311	0.3818373542491481	460	0.4118460206311953	450	0.4639197306533877	
104	150	0.22159149385639154	262	0.2506609791815575	461	0.34720970375604515	
105	178	0.2563324261773334	391	0.5183630522292053	477	0.5475966319864881	
106	271	0.18193719988342177	440	0.3598559455351195	368	0.4330355337867165	
107	231	0.24124144275198864	268	0.3262703429833935	314	0.40966643668753866	
108	358	0.24652090698244708	76	0.39554754297757944	70	0.44588077364859113	
109	476	0.17655645662796102	22	0.2570194723327907	258	0.41557733279866976	
110	181	0.3531525882057658	157	0.3559333353504963	396	0.44120514396521054	
111	188	0.13671109951853944	134	0.15799506603681562	166	0.2160104519736372	
112	266	0.17144733187873346	258	0.3096820246572893	279	0.32942479488804727	
113	452	0.33689603470217755	424	0.5065695353159801	359	0.5508333478425709	
114	251	0.40730903366840265	448	0.6715905249260685	226	0.6969727155328309	
115	378	0.5591809291127334	260	0.5764974908905783	303	0.7233523457203572	
116	189	0.2812486262242645	236	0.343262461946141	96	0.35155155861202186	
117	249	0.2789850123168093	359	0.39335512118963656	205	0.46107031076242605	
118	206	0.1215807098149577	284	0.29042901198565685	182	0.508447665069817	
119	143	0.23185714753577813	483	0.26417183296557606	102	0.4658850669343565	
120	177	0.4944337557634792	106	0.5031616818550116	43	0.5651933714081869	
121	224	0.19318661751802232	390	0.29277750573104466	349	0.3355252956084637	
122	11	0.582470689520133	352	0.6002172877704173	458	0.6703189542254665	
123	482	0.3513125454778021	338	0.5066913186151767	145	0.5165785376285866	
124	434	0.6879363801680767	448	0.8809838714030098	385	0.8936999948278123	
125	373	0.5325537672208165	432	0.7619664646618453	300	0.8149250264171035	
126	276	0.5660461723653758	451	0.6281505424208532	285	0.7415812002312696	
127	59	0.7494521592825603	438	0.8010865782789739	12	0.8991930715166527	
128	435	0.1877953991926251	37	0.3056505180068711	444	0.3643969296684523	
129	190	0.344965600658054	282	0.5135536622902536	395	0.5151323199344141	
130	263	1.1649328975247393	393	1.2765710645646808	17	1.3623855083329757	
131	492	0.26148526102751596	419	0.2824731586812679	346	0.45091566869653715	
132	220	0.2840075797044391	234	0.30832909643318485	187	0.325422758996384	
133	457	0.10327777401952494	346	0.17368404673387663	77	0.48780793645822573	
134	111	0.15799506603681562	166	0.1593905959830823	252	0.17248653897365077	
135	367	0.37426691928822853	201	0.638575154100651	420	0.6763154713892777	
136	320	0.626050330520455	140	0.8174256192288325	452	0.9499253602628326	
137	254	0.24349574637217267	45	0.36020182068874085	409	0.42948490906928427	
138	324	0.1649305410242075	331	0.3915152159925689	209	0.4059561906702527	
139	225	0.11905872987215431	158	0.21172444147424557	281	0.4087041935422472	
140	320	0.2882394710138367	359	0.3795801019437414	323	0.38895531908854203	
141	388	0.18902215716025914	332	0.3343078091568349	347	0.5393912226766914	
142	330	0.240297308625079	491	0.4740825117595704	350	0.4939895350242615	
143	119	0.23185714753577813	445	0.31962774720717424	483	0.476958826931759	
144	26	0.2749404808760599	229	0.35444283868879756	20	0.4284248225165122	
145	338	0.32386569046202207	123	0.5165785376285866	482	0.6142020287154423	
146	414	0.2566631520028186	91	0.3269686639420542	32	0.364532945853323	
147	402	0.40179972629530236	429	0.4649632762511085	241	0.4926438037743861	
148	15	0.333657174121989	18	0.3397229049503858	333	0.4209027251587492	
149	101	0.2996845426124198	386	0.5157910464718661	472	0.7218565906750811	
150	104	0.22159149385639154	172	0.2797644943168661	262	0.3449013545157436	
151	334	0.33442640217910174	332	0.41882005012556695	141	0.617172463044605	
152	325	0.399485067062941	84	0.49837036945281465	256	0.5191007710720281	
153	328	0.2605460011133087	298	0.275136252622704	499	0.47688534578867653	
154	278	1.0928431474351767	365	1.3650246074004695	345	1.4172552954524946	
155	431	0.9343419951704827	81	1.0728086892780648	237	1.0844776651051455	
156	23	0.3955672971000166	493	0.41346239417958275	220	0.4545867470032576	
157	181	0.33567144565986917	110	0.3559333353504963	28	0.5253371468601564	
158	225	0.16419793685802525	139	0.21172444147424557	281	0.47300934190505534	
159	475	0.3031159359810913	22	0.3576807507472791	84	0.40134216240950205	
160	450	0.5380688614179774	418	0.5798431216240116	474	0.6041982555559711	
161	460	0.35829010275974815	324	0.43734476238900855	404	0.5094322209143356	
162	331	0.3277507480623207	179	0.42518407779619755	451	0.4469823523695875	
163	245	0.3797406707262742	317	0.39633930503958675	48	0.41364727327242407	
164	358	0.31811121721489916	438	0.3381639119615782	12	0.3623565769486863	
165	177	0.2053692061163399	215	0.4246637915002096	106	0.6787670998840175	
166	134	0.1593905959830823	111	0.2160104519736372	188	0.23276684635247866	
167	357	0.5202818310574744	478	0.5340422387656599	222	0.6283230534247644	
168	74	0.8665733813905875	370	1.023589713865003	265	1.0684473793691198	
169	222	0.2614468587382501	483	0.5366170353089524	119	0.5563096535761668	
170	242	0.46479141944836505	255	0.670428487586399	61	0.7802468111848866	
171	293	0.9127378443854903	337	1.09187232785507	94	1.1452100840832475	
172	305	0.12886054038032885	150	0.2797644943168661	212	0.2816830443047618	
173	216	0.3493090057228922	249	0.4544251391392918	205	0.48699016140968554	
174	246	0.4404340783688095	5	0.5706975357509542	64	0.5795878566033096	
175	477	0.3120481793033959	239	0.3441106021679872	92	0.46360129402599964	
176	415	0.5042635191905898	215	0.6337907273950675	165	0.7849083453673444	
177	165	0.2053692061163399	120	0.4944337557634792	215	0.5237220692945558	
178	105	0.2563324261773334	391	0.44462332258889087	100	0.520772659868029	
179	371	0.3485888104212705	162	0.42518407779619755	451	0.6953829080163103	
180	264	1.2972631378387716	416	1.3070028488835568	486	1.3331309361198123	
181	157	0.33567144565986917	110	0.3531525882057658	423	0.3809603317742215	
182	342	0.3829348913408861	206	0.403539612363032	230	0.4154537122748334	
183	488	0.36261536383259396	78	0.37840296763532705	192	0.40240745031032177	
184	90	0.25394983522330217	491	0.3425462625925158	449	0.35123417603666846	
185	392	0.1276521164815557	236	0.2691774244296878	465	0.35641617838520295	
186	462	1.0819268673319817	302	1.1086747490625417	242	1.3100527947879448	
187	132	0.325422758996384	234	0.3337596157761488	70	0.46997700925186475	
188	111	0.13671109951853944	10	0.1519656274914859	134	0.22061278081401084	
189	236	0.1575064489514342	96	0.21773528977980813	116	0.2812486262242645	
190	129	0.344965600658054	390	0.48083482917464876	349	0.679448802379524	
191	455	0.9285955783883427	399	0.9429472900348664	436	0.9714528578719847	
192	9	0.29292653440364524	488	0.3598700349105673	183	0.40240745031032177	
193	306	0.6865716209898228	199	0.8424844753464772	101	0.9050570632089877	
194	454	0.7391827115982382	326	0.8170188178492576	299	0.8317775436463803	
195	6	0.5672549917147031	400	0.6827665087805233	424	1.0483701957451623	
196	425	0.26648243649781794	326	0.2794083278005254	454	0.6929625042286544	
197	406	0.5879558766502062	463	0.8767526448347512	28	0.9057872478370806	
198	497	0.3318530547550589	485	0.3325962966880858	429	0.4213361857120782	
199	374	0.6743203751465019	306	0.7600765184842159	193	0.8424844753464772	
200	418	0.3992745359925859	58	0.6601819432929281	160	0.685046878912688	
201	0	0.43482670489513153	354	0.6032702530330244	135	0.638575154100651	
202	46	0.793499038480584	484	0.8579025474823747	54	1.0054911840733716	
203	499	0.13730316949499713	473	0.24672546795888597	496	0.2654350632162258	
204	319	0.5252139782162402	278	0.6725932473232394	208	1.1254434689720263	
205	216	0.32040050371412937	117	0.46107031076242605	173	0.48699016140968554	
206	118	0.1215807098149577	284	0.34938792115214273	182	0.403539612363032	
207	81	0.2892953648746659	426	0.35117464080890864	498	0.352198372879592	
208	269	0.16016436907734782	32	0.5866034908897482	409	0.6020232498142676	
209	324	0.383944321723268	138	0.4059561906702527	403	0.5408863097522097	
210	321	0.46169149195324166	494	0.48282656577262645	369	0.49028538694908014	
211	90	0.37970502300679276	488	0.40421031706572647	372	0.4139526893593487	
212	305	0.19200557456005007	172	0.2816830443047618	358	0.4674503171267309	
213	290	0.2707892169525762	111	0.4724911220119168	103	0.49191571036218523	
214	420	0.19536695411177896	485	0.37206525773238597	429	0.3771055091189946	
215	165	0.4246637915002096	95	0.4475627631105147	177	0.5237220692945558	
216	205	0.32040050371412937	173	0.3493090057228922	117	0.4811016150125311	
217	394	0.13300175162897201	477	0.2936141113444553	183	0.49048139031178967	
218	317	0.40970747115038514	245	0.5184825513408748	163	0.6685546394813391	
219	402	0.28357879015189774	147	0.6213256108075206	379	0.6754371029296073	
220	132	0.2840075797044391	70	0.3317076772251825	335	0.34709553461814474	
221	202	1.0151679956426918	125	1.1342619480625347	494	1.3307643458892993	
222	169	0.2614468587382501	483	0.43707048536604215	450	0.4920184267028337	
223	287	0.21312142945693074	53	0.4450350378115203	12	0.5577290880443285	
224	121	0.19318661751802232	349	0.4064018388005078	390	0.4390811099783333	
225	139	0.11905872987215431	158	0.16419793685802525	281	0.38979874250958674	
226	385	0.6516619895297865	114	0.6969727155328309	301	0.746198563783869	
227	43	0.423316855126289	4	0.5682603787534765	491	0.584459765185945	
228	75	0.42581473855876173	414	0.5294835036686243	243	0.5297055072951885	
229	144	0.35444283868879756	26	0.39781870675930064	82	0.49574746708433803	
230	342	0.29841055650644116	387	0.38196545891035866	182	0.4154537122748334	
231	107	0.24124144275198864	268	0.463489333199824	314	0.4761950257350159	
232	465	0.580217353021897	259	0.6423087609540031	185	0.7909999098119308	
233	381	0.24550596457156082	258	0.25524346893490724	407	0.3035577196767581	
234	132	0.30832909643318485	187	0.3337596157761488	220	0.5169508140147565	
235	467	0.26501901987766324	88	0.4051046435591922	341	0.4212583100961632	
236	189	0.1575064489514342	392	0.1991309757359111	185	0.2691774244296878	
237	232	0.9684551630417573	259	0.9704289272462089	383	0.9957414174237708	
238	38	0.3518324891698175	34	0.4166196700185259	495	0.5223363894489624	
239	92	0.25429878787602994	175	0.3441106021679872	211	0.5144224226787645	
240	353	1.2683238684364995	470	1.2910479250725935	322	1.488524135137423	
241	429	0.09203444583390337	198	0.43316857863415026	214	0.46475106723995635	
242	170	0.46479141944836505	381	0.716602294817278	336	0.7300070350500318	
243	268	0.4267753638300237	366	0.4441295105601236	107	0.4788867306559812	
244	446	0.49588270243585003	478	0.5412411596878894	308	0.8570912252645493	
245	163	0.3797406707262742	48	0.4574248691651452	317	0.4668570163718658	
246	174	0.4404340783688095	344	0.5051845033850473	309	0.5583213978495436	
247	259	0.2700039839875234	383	0.3633761011100273	465	0.5898643001621741	
248	412	0.6215798414525028	64	0.7511007577686856	344	0.7776158093728655	
249	117	0.2789850123168093	78	0.2796833912808308	323	0.31323803037205983	
250	360	0.2893955625630286	384	0.3947327411128336	312	0.660162757719637	
251	114	0.40730903366840265	448	0.524997284831731	226	0.9075959975029225	
252	134	0.17248653897365077	277	0.2326077434509076	10	0.26553059032087095	
253	265	0.6269173746470207	413	0.6377391915720968	208	0.6859623448625947	
254	409	0.19096300597066895	137	0.24349574637217267	32	0.41376072831878835	
255	61	0.5573691727531939	36	0.6622299074047212	170	0.670428487586399	
256	84	0.3344446258719369	325	0.34634396851763655	22	0.37789512230523536	
257	69	0.20310774924610234	263	0.41384054572861284	25	0.49333214949103504	
258	233	0.25524346893490724	112	0.3096820246572893	476	0.33883909618832825	
259	247	0.2700039839875234	383	0.5876755837979986	465	0.607977859315493	
260	38	0.48553293536875874	115	0.5764974908905783	34	0.6375901257632597	
261	56	0.3546502364766782	474	0.4398584877759453	387	0.5361391539600827	
262	461	0.11383707261359358	47	0.226452435336138	104	0.2506609791815575	
263	69	0.3656351164120644	257	0.41384054572861284	393	0.6927163831721026	
264	307	1.1376021040224853	180	1.2972631378387716	48	1.3362661037342667	
265	74	0.27495001065317676	338	0.4760978504341319	464	0.5418779789966304	
266	112	0.17144733187873346	279	0.2652818806326978	476	0.455033330340657	
267	487	0.22546750672834487	84	0.5466025077087157	325	0.6086999638222932	
268	314	0.31487715255223164	107	0.3262703429833935	75	0.42267675679162486	
269	208	0.16016436907734782	409	0.5378506173167515	254	0.5532053553735262	
270	273	0.11553669580658836	62	0.6297246273600078	239	0.9129565534674113	
271	106	0.18193719988342177	440	0.2226758934355194	368	0.4830428058886233	
272	8	0.1160570852406714	463	0.32559571948419425	100	0.4031995317979811	
273	270	0.11553669580658836	62	0.7170039615849889	340	0.9617952464902617	
274	439	0.09459945856835028	495	0.4779852471905263	428	0.551220284346568	
275	75	0.5216294477567194	65	0.5243949498698922	314	0.5431582508855377	
276	451	0.23200963204303515	18	0.25630221553358523	148	0.5323421330333419	
277	252	0.2326077434509076	10	0.2686469694909206	134	0.3203128229945591	
278	204	0.6725932473232394	365	0.8252854685649841	319	0.8885791419030358	
279	266	0.2652818806326978	71	0.30450704762385195	112	0.32942479488804727	
280	341	0.31546106979181227	235	0.723115376976993	377	0.7444276018973658	
281	225	0.38979874250958674	463	0.4019246533020086	139	0.4087041935422472	
282	395	0.09529524061632315	354	0.16546559559613666	485	0.5091179018276872	
283	25	0.27610440309784606	20	0.4141846544295543	257	0.5749985962249002	
284	118	0.29042901198565685	206	0.34938792115214273	230	0.5046334984846728	
285	86	0.4476264519135528	451	0.5447215845152483	276	0.6271541450154938	
286	393	0.8401065927356667	36	1.1954869719343828	325	1.2130486215823133	
287	223	0.21312142945693074	53	0.5193140121145243	453	0.5571033682781992	
288	192	0.647033911088095	9	0.7902809666683803	424	0.8751890744675961	
289	398	0.04733076777855257	277	0.3245779044054097	421	0.3576981883076293	
290	213	0.2707892169525762	103	0.48853747366137334	311	0.4925742907141273	
291	300	0.6209387790776127	432	0.6895562414004305	373	1.0094528914474077	
292	27	0.24673971205271877	21	0.30555557216211915	328	0.559576487440377	
293	24	0.8595577867403286	337	0.8733511364935886	171	0.9127378443854903	
294	93	0.41101047845810595	470	0.4171388931118711	366	0.45932755119287544	
295	441	0.16240191442136323	333	0.34580909340092486	30	0.4107135125951741	
296	16	0.4328639543626364	401	0.48466155647445075	67	0.7819582942220535	
297	192	0.590536409976753	488	0.7723956837631478	183	0.7751383026828411	
298	153	0.275136252622704	73	0.33488322585361807	328	0.4996129963517363	
299	116	0.4953742433076159	339	0.653178439757445	236	0.6889231040120112	
300	432	0.0993832445372493	373	0.45049079936994363	469	0.49539683755040176	
301	35	0.24383690237532202	72	0.29630350568669434	306	0.3987430862894443	
302	399	0.49665582215482085	82	0.6221928206160233	436	0.7764913551282399	
303	378	0.5471218248891249	348	0.5650239076783987	2	0.624952077329386	
304	321	0.2644905148718185	327	0.2764471380628825	57	0.2902097972829894	
305	172	0.12886054038032885	212	0.19200557456005007	318	0.32801708270602087	
306	35	0.3597863149276779	301	0.3987430862894443	72	0.4437530103792323	
307	317	0.46665657338165417	48	0.6786813034905814	218	0.6996845785805931	
308	447	0.4991804148849854	357	0.5062696263055072	478	0.746487583839079	
309	246	0.5583213978495436	397	0.609575120421302	174	0.6639777822217916	
310	471	0.17714506609919142	496	0.32692244310573054	313	0.364447346975948	
311	103	0.3818373542491481	450	0.400423655144419	290	0.4925742907141273	
312	360	0.5567181198040174	250	0.660162757719637	201	0.8699319640750046	
313	310	0.364447346975948	471	0.379874261009411	328	0.42160665690842913	
314	75	0.2700163692258459	268	0.31487715255223164	107	0.40966643668753866	
315	59	1.0108264991520175	67	1.102849626986278	293	1.2492141890156785	
316	343	0.2364394628654731	27	0.5769622582213403	128	0.6165810039853566	
317	163	0.39633930503958675	218	0.40970747115038514	307	0.46665657338165417	
318	305	0.32801708270602087	172	0.35464464046271066	104	0.3709592004069026	
319	204	0.5252139782162402	278	0.8885791419030358	91	0.939848067661402	
320	140	0.2882394710138367	359	0.4000299696798903	452	0.44535380059290247	
321	408	0.19655145345354816	499	0.25790820344729076	304	0.2644905148718185	
322	79	0.34263372505036027	339	0.8701135749904768	353	0.8821289888382943	
323	359	0.23765916077299085	249	0.31323803037205983	78	0.34892246626263046	
324	138	0.1649305410242075	209	0.383944321723268	161	0.43734476238900855	
325	84	0.17219896219626427	256	0.34634396851763655	152	0.399485067062941	
326	196	0.2794083278005254	425	0.28856465813926346	454	0.7151794843729784	
327	73	0.2627283655461194	304	0.2764471380628825	29	0.36894819388012845	
328	153	0.2605460011133087	313	0.42160665690842913	453	0.4526643633917926	
329	388	1.064187318304809	141	1.0993369862789342	67	1.4046777102593175	
330	142	0.240297308625079	491	0.309826816617345	184	0.4599110626596615	
331	162	0.3277507480623207	138	0.3915152159925689	451	0.5302119486322229	
332	141	0.3343078091568349	334	0.3731678674664083	347	0.40486156219790836	
333	15	0.343917522274743	295	0.34580909340092486	441	0.38473511221889056	
334	151	0.33442640217910174	332	0.3731678674664083	44	0.42036150822918145	
335	57	0.2700626003984078	29	0.2954718773096819	220	0.34709553461814474	
336	407	0.18184336810561177	381	0.2512087245753154	82	0.4692931685740818	
337	431	0.34496308586619767	94	0.6627763272068339	207	0.8606020442127343	
338	145	0.32386569046202207	265	0.4760978504341319	123	0.5066913186151767	
339	480	0.473079918089821	366	0.5912827428471387	79	0.6309736500515613	
340	484	0.4752634501436987	85	0.5789535135686561	37	0.6967128058845016	
341	280	0.31546106979181227	235	0.4212583100961632	467	0.4827859218004067	
342	230	0.29841055650644116	182	0.3829348913408861	474	0.45841440715791676	
343	316	0.2364394628654731	27	0.48311784076393177	369	0.5547876436731731	
344	246	0.5051845033850473	248	0.7776158093728655	174	0.8536396006057413	
345	413	0.8613388047727547	253	0.9626469231781957	409	0.9970651107855181	
346	133	0.17368404673387663	457	0.18926118728253882	131	0.45091566869653715	
347	332	0.40486156219790836	44	0.5023081948184156	493	0.5085670166319801	
348	303	0.5650239076783987	2	0.715931026126139	13	0.987037947589663	
349	390	0.2167036264278743	121	0.3355252956084637	224	0.4064018388005078	
350	330	0.48070202654412897	142	0.4939895350242615	352	0.5393585200467285	
351	19	0.7507111944410314	280	0.7739161807553797	341	0.8387269914815398	
352	350	0.5393585200467285	11	0.5404670106288244	458	0.5735495792564312	
353	93	0.4026473713058429	470	0.4161411465641218	294	0.5875620162122276	
354	282	0.16546559559613666	395	0.17224897883680362	362	0.407028754491331	
355	66	0.30343087569202476	45	0.4391347879671184	137	0.4672407383557446	
356	472	0.4269855502813932	382	0.4880463781097306	386	0.6090185971041657	
357	308	0.5062696263055072	167	0.5202818310574744	222	0.6724857349681018	
358	108	0.24652090698244708	164	0.31811121721489916	212	0.4674503171267309	
359	323	0.23765916077299085	452	0.35953376172001733	140	0.3795801019437414	
360	250	0.2893955625630286	384	0.5155978117913228	312	0.5567181198040174	
361	497	0.18393357029222376	428	0.38795963947773277	485	0.3960369582988256	
362	417	0.1628391089926299	420	0.23451479356373695	485	0.3723565765006824	
363	464	0.31838953092304645	405	0.4821679667335209	3	0.5406385805951318	
364	312	0.8804255854165814	0	1.1179029740139992	479	1.2000429435759863	
365	278	0.8252854685649841	204	1.1380185484013756	319	1.1749806556605475	
366	480	0.324152157338191	243	0.4441295105601236	294	0.45932755119287544	
367	135	0.37426691928822853	362	0.7775098026004835	417	0.7790893607826768	
368	39	0.25065818844911436	106	0.4330355337867165	271	0.4830428058886233	
369	494	0.25687069228949	444	0.29549323231109453	435	0.4078169828034918	
370	74	0.5838238831398911	253	0.776635546546177	265	0.795476343943787	
371	179	0.3485888104212705	290	0.6542014923948855	162	0.7667891505826036	
372	90	0.26849767023950477	449	0.2912510447766514	211	0.4139526893593487	
373	469	0.2875092755929802	432	0.3858904281586398	300	0.45049079936994363	
374	99	0.5095097480163852	199	0.6743203751465019	465	0.7027273910814733	
375	48	0.640704135422669	245	0.814137616032647	176	0.82379064930505	
376	95	0.23779682526325832	471	0.4018240745218528	415	0.460725642221292	
377	235	0.6211331243327903	341	0.6563127075770137	468	0.7250123589939128	
378	303	0.5471218248891249	115	0.5591809291127334	13	0.6549863981028362	
379	219	0.6754371029296073	402	0.7697577994479563	367	0.8014111949957944	
380	63	0.6601215289900053	176	0.9996571961773105	486	1.0381669614666218	
381	407	0.11132627409507075	233	0.24550596457156082	336	0.2512087245753154	
382	356	0.4880463781097306	275	0.8074572168692549	472	0.8302438885165315	
383	247	0.3633761011100273	259	0.5876755837979986	465	0.7556093502079294	
384	250	0.3947327411128336	360	0.5155978117913228	71	0.5661894645427914	
385	226	0.6516619895297865	124	0.8936999948278123	251	1.077804992871227	
386	472	0.44291830564932194	149	0.5157910464718661	356	0.6090185971041657	
387	230	0.38196545891035866	474	0.445741565306534	261	0.5361391539600827	
388	141	0.18902215716025914	332	0.4326394518175978	347	0.5225218657288726	
389	447	0.8836036566986082	200	1.0030657077707323	442	1.17661951324319	
390	349	0.2167036264278743	121	0.29277750573104466	224	0.4390811099783333	
391	410	0.2842373125543425	178	0.44462332258889087	304	0.48012410116962734	
392	185	0.1276521164815557	236	0.1991309757359111	189	0.34201480555199165	
393	263	0.6927163831721026	267	0.7237564049780042	487	0.8226093800724071	
394	217	0.13300175162897201	477	0.21408375300451646	9	0.39420350176147734	
395	282	0.09529524061632315	354	0.17224897883680362	485	0.42095137661319443	
396	408	0.362456966773597	304	0.43943874543243755	110	0.44120514396521054	
397	41	0.17134401988206954	309	0.609575120421302	285	0.7489736032046542	
398	289	0.04733076777855257	421	0.3360485052115855	277	0.34559203581150333	
399	302	0.49665582215482085	229	0.621599791831564	82	0.6421418806173835	
400	6	0.26541805053828266	139	0.5239696435472119	225	0.6222466483071459	
401	296	0.48466155647445075	67	0.6361630288508894	16	0.7032871274895206	
402	219	0.28357879015189774	147	0.40179972629530236	30	0.5987933893846935	
403	51	0.32303293017501367	5	0.530703856314303	324	0.5382988135484617	
404	460	0.4556847365678889	51	0.4846627227588297	161	0.5094322209143356	
405	45	0.4449515224473021	363	0.4821679667335209	437	0.5319492991742687	
406	8	0.44546012964761467	272	0.4860278721701665	197	0.5879558766502062	
407	381	0.11132627409507075	336	0.18184336810561177	233	0.3035577196767581	
408	321	0.19655145345354816	304	0.29213206363929756	499	0.34921640198136844	
409	254	0.19096300597066895	32	0.3795362590923226	137	0.42948490906928427	
410	391	0.2842373125543425	327	0.4002685050705974	150	0.46018274717380037	
411	93	0.4051102239169926	243	0.5857093819798054	480	0.5865616513590328	
412	80	0.3034219170409934	248	0.6215798414525028	372	0.6419873534342662	
413	45	0.3917435379469709	254	0.5098767276462275	405	0.5320260535777063	
414	146	0.2566631520028186	91	0.48205790163042017	228	0.5294835036686243	
415	376	0.460725642221292	95	0.47318331481037684	176	0.5042635191905898	
416	343	0.6242005414515709	27	0.7108996908615907	316	0.7362756231105542	
417	362	0.1628391089926299	420	0.28954836895100194	214	0.38067018878434716	
418	200	0.3992745359925859	98	0.5798169858703469	160	0.5798431216240116	
419	52	0.2125654399662283	492	0.28122640802604065	131	0.2824731586812679	
420	214	0.19536695411177896	362	0.23451479356373695	417	0.28954836895100194	
421	398	0.3360485052115855	289	0.3576981883076293	333	0.5217619766451088	
422	42	0.29532608700250124	275	0.693370982957191	32	0.7021860848880787	
423	7	0.29824823629809666	4	0.38080135173287144	181	0.3809603317742215	
424	117	0.4645123279841473	113	0.5065695353159801	183	0.557929827971338	
425	196	0.26648243649781794	326	0.28856465813926346	83	0.8250193035033186	
426	498	0.1736818842050201	47	0.29996026512637186	50	0.30534994975559343	
427	98	0.19457416144511136	31	0.2967102237413931	460	0.48719404078710077	
428	497	0.3020220286340643	361	0.38795963947773277	68	0.4165848302288137	
429	241	0.09203444583390337	214	0.3771055091189946	198	0.4213361857120782	
430	234	0.5233871191110491	212	0.5585340275706125	187	0.568758481463596	
431	337	0.34496308586619767	207	0.5525887636713095	94	0.564975338280601	
432	300	0.0993832445372493	373	0.3858904281586398	469	0.4443076558087171	
433	193	1.5845482819726158	101	1.7218299473255703	199	1.8806055008578395	
434	124	0.6879363801680767	3	1.093250979031919	363	1.1239475463892041	
435	128	0.1877953991926251	444	0.23200429353817784	37	0.3433248043752749	
436	483	0.5616245406335401	167	0.6485899572481042	399	0.6688722684517663	
437	482	0.34045432527479363	96	0.40021227463207637	189	0.4872932491609354	
438	164	0.3381639119615782	12	0.3852036972445618	59	0.5327500175997427	
439	274	0.09459945856835028	495	0.49099200776866214	97	0.604102364090805	
440	271	0.2226758934355194	106	0.3598559455351195	43	0.5678771122643664	
441	295	0.16240191442136323	30	0.34760377013024757	333	0.38473511221889056	
442	455	0.6419914378445302	468	0.6582896769236173	447	0.8764488407785329	
443	320	0.7251480363146189	452	0.7345498137020096	140	0.8753253107203792	
444	435	0.23200429353817784	494	0.2558037458784391	369	0.29549323231109453	
445	1	0.2503654396952161	143	0.31962774720717424	56	0.4356532421215301	
446	244	0.49588270243585003	478	0.5502654393834168	167	1.012984719727222	
447	308	0.4991804148849854	442	0.8764488407785329	389	0.8836036566986082	
448	251	0.524997284831731	114	0.6715905249260685	124	0.8809838714030098	
449	372	0.2912510447766514	90	0.29432539043443073	184	0.35123417603666846	
450	311	0.400423655144419	103	0.4639197306533877	222	0.4920184267028337	
451	276	0.23200963204303515	18	0.38601194890829793	162	0.4469823523695875	
452	113	0.33689603470217755	359	0.35953376172001733	320	0.44535380059290247	
453	328	0.4526643633917926	153	0.5051107469636279	44	0.5196890815829678	
454	96	0.2559346493705363	189	0.43026415301040066	236	0.4464807564636408	
455	442	0.6419914378445302	468	0.8326765076160808	191	0.9285955783883427	
456	311	0.6170369741421335	103	0.9274509443439104	450	0.9589394555143181	
457	133	0.10327777401952494	346	0.18926118728253882	77	0.39785409989624554	
458	11	0.3108148519967112	104	0.4925650439043409	350	0.5644436640249584	
459	54	0.35164442558271497	484	0.7370055955095045	440	0.9071989092135181	
460	161	0.35829010275974815	103	0.4118460206311953	404	0.4556847365678889	
461	262	0.11383707261359358	47	0.1915893155172088	81	0.2728969346427996	
462	490	0.6972952108860524	252	0.8601371134317372	10	0.8693352263593209	
463	272	0.32559571948419425	100	0.40190791797833275	281	0.4019246533020086	
464	363	0.31838953092304645	338	0.5139776323704394	265	0.5418779789966304	
465	185	0.35641617838520295	392	0.42925114022857647	232	0.580217353021897	
466	417	0.7373967385111369	367	0.8079083477769672	362	0.8238025134689013	
467	235	0.26501901987766324	341	0.4827859218004067	88	0.5513998881473969	
468	442	0.6582896769236173	377	0.7250123589939128	283	0.7260508350033124	
469	373	0.2875092755929802	44	0.3556860760205535	432	0.4443076558087171	
470	93	0.32700384173997193	353	0.4161411465641218	294	0.4171388931118711	
471	310	0.17714506609919142	95	0.30161271676088297	313	0.379874261009411	
472	356	0.4269855502813932	386	0.44291830564932194	33	0.5268790551527811	
473	203	0.24672546795888597	496	0.27936488065515463	499	0.3838005279090371	
474	261	0.4398584877759453	387	0.445741565306534	342	0.45841440715791676	
475	159	0.3031159359810913	14	0.4298529591335371	256	0.45842721880678095	
476	109	0.17655645662796102	22	0.30041469345798466	258	0.33883909618832825	
477	394	0.21408375300451646	217	0.2936141113444553	175	0.3120481793033959	
478	167	0.5340422387656599	244	0.5412411596878894	446	0.5502654393834168	
479	36	0.891263930461155	312	1.1646039182697232	61	1.1977839978175093	
480	366	0.324152157338191	339	0.473079918089821	93	0.5782231566443833	
481	377	1.0188138473914359	280	1.2464068522070937	341	1.3678588466427992	
482	437	0.34045432527479363	123	0.3513125454778021	3	0.5326604610872102	
483	119	0.26417183296557606	102	0.29147943220591205	222	0.43707048536604215	
484	340	0.4752634501436987	54	0.5832357579523434	444	0.6806241479613481	
485	198	0.3325962966880858	420	0.3651179175003624	214	0.37206525773238597	
486	21	0.5686396635458915	292	0.6178121116869681	313	0.7487052972230606	
487	267	0.22546750672834487	84	0.6028761512880908	233	0.6917836805228084	
488	9	0.24516256578010723	192	0.3598700349105673	183	0.36261536383259396	
489	58	0.633299747836087	200	0.8316811253671248	418	0.9131884782372899	
490	10	0.5186129529617374	277	0.6084393570134755	188	0.6594714361357162	
491	330	0.309826816617345	184	0.3425462625925158	473	0.4127040652725759	
492	131	0.26148526102751596	419	0.28122640802604065	52	0.48350614950340737	
493	156	0.41346239417958275	132	0.4814237271695276	187	0.5058541726098184	
494	444	0.2558037458784391	369	0.25687069228949	435	0.35735871869524005	
495	31	0.47172079928335087	274	0.4779852471905263	439	0.49099200776866214	
496	203	0.2654350632162258	473	0.27936488065515463	310	0.32692244310573054	
497	361	0.18393357029222376	428	0.3020220286340643	198	0.3318530547550589	
498	426	0.1736818842050201	50	0.323392766966361	207	0.352198372879592	
499	203	0.13730316949499713	321	0.25790820344729076	496	0.33991226373064715	
