-2.0549851128531302	0.7281975259033255	-0.2713775759353814	2
0.0567565417796576	3.2765584335935038	-1.8482838195109577	0
-2.6250930760213604	0.4738011072475791	1.6403388031034851	3
2.6299216856531658	0.6158007529262495	-1.2660557413626192	1
-1.8204932950646810	3.4981739131683005	0.5450983561471945	4
G3
0	2	2.01106940242702	4	2.897307119772663	1	3.6660918472922046	
1	4	3.0498292754640235	0	3.6660918472922046	3	3.7469720879477695	
2	0	2.01106940242702	4	3.31568444116103	1	5.217111634410605	
3	1	3.7469720879477695	0	4.790654380984279	4	5.603083767034736	
4	0	2.897307119772663	1	3.0498292754640235	2	3.31568444116103	
