8.5290076804580135	11.0681305005627557	7.7505691718466005	3
0.8187619768457127	1.8809919950710290	0.6106650491320915	1
0.0531804203614086	-0.5775078160727219	0.5589216755116093	0
7.5913039442938652	3.7018515695512497	4.2672382486468567	4
4.9300870482494608	3.9883909852309762	3.8475178468989482	2
G2
0	3	8.202130693106504	4	8.849223184385298	
1	2	2.5754638063340005	4	5.641040717889858	
2	1	2.5754638063340005	4	7.446241662701287	
3	4	2.7093071845351386	1	7.90906959472683	
4	3	2.7093071845351386	1	5.641040717889858	
