1.1919668798101772	-0.7118515327352655	-3.0274751490938145	4
-1.3526932712631452	3.1067115235774119	1.6902307478780370	1
3.3861367039688175	1.6387593877905902	-3.3505526532882586	2
-1.1960205148496128	-2.4601335274962266	-0.5761040487128950	3
1.3575776951517888	-0.0143020746533913	-3.5155193484580369	4
-0.9213943882191931	1.6963249312758437	-2.8668179000143441	2
-1.9615064788610801	3.0021587336284283	1.4273871441083341	1
-2.3891813657864729	-0.9506978103418477	-0.0212587152263292	0
1.9013823825027247	0.8637353964835306	-2.7179342151423471	2
-0.4792999271549927	2.7384538358564026	-2.2232986325835489	2
1.6327576023967509	1.6942835010074975	-1.6509403471967490	4
0.3400031984937637	1.2438251532878841	-1.3874937737494815	2
0.8379569333851089	1.3884269021274893	-2.5331502489938424	2
0.7342732193564347	-0.4142972110602389	1.0253034506115495	3
-3.7721819338425950	-3.2344323493301150	-1.1881280273933528	0
-0.0045161895325900	1.1514797681829418	-3.4027146019303460	2
-0.7803760195333039	-0.1344586169352870	0.7244352160109842	3
0.7826652613864187	-1.4524798681488185	-2.3318278579425451	4
-1.3240586160735639	-3.2887546933075296	0.2474584376704680	0
-0.3387502306571162	0.4331818934052990	-3.7858683668094564	4
-1.0305271952261719	0.4642524720843917	-0.0258991450188653	2
1.4605489229061268	-0.0353438546235075	-3.7061593666529720	4
-1.4178330542398294	3.2999307669332478	1.4237177806170029	1
-1.2185263841170892	2.7648317157662996	1.1341635455497925	1
1.0033988639211655	-0.2615832011332579	-3.4197648055053973	4
-3.1221312009972757	-1.7391602203667604	0.1133557719474904	0
-0.8595964066587165	3.4816334315855491	2.3660300558571961	1
-3.4693643418505453	-1.4843311330452871	1.0468190821817618	0
-1.6202737036416872	-1.4014864932574147	0.0257946836279752	3
-1.6591013952530336	-1.1277886444820107	1.4411977416805140	3
-0.0307367672753593	5.2784510051999849	1.7368283349973768	1
-1.2829435544001666	3.7537075902287671	3.5908609813961228	1
-3.1949087156619207	-3.6064603004633140	-1.3459818028603849	0
-1.1016442040098871	3.6129201839539373	1.5010177481221707	1
-1.2505412266936871	-2.1597814981981460	0.5536449756916190	0
-1.1856357104853257	-0.6156971607471277	1.7591905869793503	3
0.4274571535645011	0.8826027024457452	-3.2478654699134073	4
-0.2535208741310926	1.4993170786935039	-1.5052708389587821	2
-2.1963579724325748	-2.9783297668062438	0.8566893298157033	0
0.1327021684118618	2.0021229988220179	2.3962849938561313	1
-0.9255252395590984	1.2238371284138316	1.1007155080810229	3
1.5439591946575371	1.4962373430346376	-1.8436189848197948	2
-0.6128165199903457	3.6294973672858655	1.4541764852995611	1
-0.1514451741601309	3.6405862732631298	0.0034681010540618	1
-3.6046349868562046	0.2031867032787722	-0.2605064505082791	0
0.5343993778393665	0.3115246087806900	-2.0977186930323253	4
-3.2334167058060013	-2.3654334650540445	-0.2142974254741751	0
-1.0649616678674978	0.5544087723996447	2.5341485288260031	3
0.8096827798441243	0.6260244779786120	-3.7317830345645548	4
-1.4066184557211785	1.5342509505036586	1.2205763561628484	3
1.5622228580769697	1.4117560018390689	-1.8560273881199776	4
-0.3459761913206280	4.0567866543691506	2.8553106709508067	1
-0.9272563978058368	-1.0606801059581246	0.9960375919304167	3
-2.0626088408956220	1.2149800604869736	0.7955183527828511	3
-2.9902577972656541	-1.9475944267135363	-0.3619967973642449	0
0.5525387614715926	0.4136862504893308	0.9875246249112721	3
1.0085453750770395	0.1146452728751475	-2.6510878957947526	2
-0.1711328750259780	0.6142794498373516	-2.5099255215179430	4
-0.3714939520994844	0.1338215539502694	-1.9892861980061827	2
-0.3624238549675725	-0.3303009782648867	0.0898907212453319	3
-0.3481503534899217	1.6186403921167065	-0.6653223338058494	2
-1.2745919517251019	2.6158135998785417	5.1636803846910437	1
1.3930868067553628	0.4509093930282241	-3.3869452032303169	4
-1.9724600672449877	-1.0604092673998791	1.7544644019224174	0
-0.6586764416746795	1.8575445245626474	1.6046352573053020	1
0.0679833782039491	0.6340958420434846	0.7491267015209129	3
0.8881128244747248	1.0346909695984248	-3.1087205983513342	2
-1.8385830433246844	-3.6947436425710638	-1.0386135638242113	0
1.1728016933524752	-0.6543119002419757	-3.6671830872565780	4
-1.6181415141201985	-0.6341452011120606	2.3867459943427702	3
-2.6693645419003018	-3.1217157221649883	2.1056770775678384	0
1.3894011583128432	-2.5366770165507155	-1.5363118367440072	4
-1.1705830488349405	1.9308182630431872	0.8153155224090303	1
-1.7023392734119653	3.5955789892685055	3.2888698558985916	1
-0.4329268211100740	1.1287635891477052	0.6259682884971860	3
-0.5801127542791755	2.3033060250709454	0.5619354209581127	1
-0.8956245506862317	-0.4095324402382245	-1.6221575620169522	4
1.5984426949097941	0.3451787597199507	-3.9767039189124547	2
0.1971204909141919	-0.3804558706750154	-3.8749736273687976	2
0.0817441467340869	0.9462067545345929	-3.7904668989656707	2
-1.1601400067358787	-0.4499567728957228	1.3053130290812509	3
-0.6196602980722959	-0.5033754441564436	1.5247008637576607	3
-2.5117725019321830	-3.1821163862172912	0.5967473692190672	0
1.1668574207267326	2.9731340781689659	-2.1342165763708030	2
-1.2940668354780915	-2.4601637919119117	1.6734829432945921	0
-2.0512153377906337	0.1812130577066808	1.5804420938579886	3
1.9944840887781663	-1.0626915798768781	-3.2679355022759742	4
-2.3101675143403337	1.8161339905182909	2.2765994488258179	1
1.0515122713445222	1.9668557269931799	-2.1636968034113506	2
1.3878012852288490	0.1687825666801365	-2.2832624447434342	4
-1.6431379838247242	-1.7638263503666542	1.2381124023768812	0
-1.3217465689570500	-0.1846697162043299	0.5422914639994475	3
-0.4879908462682010	2.2529147811191512	-1.5556394214881397	2
0.5179796097918052	1.3251124164653756	1.4065508581823565	1
-0.9364371738033864	4.4480351816158112	1.0480802250041870	1
-0.0512533420453543	-3.2970683993805294	-0.8852759646269110	0
-3.9720324507532077	-2.3510291383526662	-0.5364680303020701	0
0.9019011655063980	1.6227695527336770	-2.7387541088810465	2
-0.7262705430765716	2.8361748472663675	2.4053738122029680	1
2.4948745694691006	0.8157717262360178	-2.8703892223984240	4
1.2906919756822832	-0.4689260673556227	-1.6995975383638178	4
1.1793407033598318	0.4583797580179219	-3.5973154792626052	4
-2.1004374531139929	-1.3704689292182080	0.6352156757896761	0
-2.6036293002942461	-1.2371077949681735	1.3112897205663747	0
0.8137036131511031	-1.3917777398462434	2.5847706446020511	3
G2
0	24	0.6262512607472274	68	0.6425763455246974	
1	22	0.3355682181725979	33	0.595881197291491	
2	99	1.3046891598491772	8	1.7903529457891636	
3	34	1.1702635206082477	18	1.175271015882492	
4	21	0.21769117296507842	24	0.4424472087166005	
5	15	1.1936109743534402	9	1.302150995015781	
6	22	0.6198890551431899	1	0.6713207636252934	
7	102	0.8309870428640624	28	0.8925488512644301	
8	99	0.6146348663159245	62	0.9361439011368201	
9	92	0.8255861723107528	5	1.302150995015781	
10	41	0.2902283502711333	50	0.3561707909097395	
11	37	0.6568244710894855	60	1.0656328462638194	
12	97	0.31824250174235386	66	0.6774407357346511	
13	55	0.8485347756300841	65	1.2725343779078913	
14	32	0.7046750877406087	96	1.115796672375266	
15	79	0.4471349903566999	36	0.5318590972356506	
16	91	0.573393035072815	80	0.7623508418751359	
17	0	1.095437492396466	100	1.274827203383899	
18	38	1.1083465532232022	34	1.1720646218882729	
19	79	0.6633484574884746	15	0.8800403619707146	
20	91	0.9103566873848014	16	0.9919839878534966	
21	4	0.21769117296507842	77	0.48683314096460567	
22	1	0.3355682181725979	33	0.4515673251609155	
23	22	0.6402310507625668	1	0.6664032488670703	
24	4	0.4424472087166005	68	0.49411431457474075	
25	54	0.5355328917428338	46	0.7155132831557444	
26	98	0.660257905014883	33	0.9077828154812505	
27	103	0.9383822566715777	25	1.028038165344772	
28	102	0.7764748941682411	7	0.8925488512644301	
29	63	0.4481848259230262	90	0.6678640945967237	
30	94	1.408636796858298	51	1.686073075641491	
31	73	0.5404591228264529	51	1.2291456454760092	
32	14	0.7046750877406087	67	1.3935165992204643	
33	22	0.4515673251609155	42	0.49134652901383735	
34	90	0.8828410678016797	28	0.995157952216552	
35	80	0.48386438661918096	81	0.6228400804143561	
36	66	0.5046739377353253	15	0.5318590972356506	
37	11	0.6568244710894855	92	0.7908366829132343	
38	82	0.4567112157033867	18	1.1083465532232022	
39	64	1.1286683946592422	98	1.1973133305840078	
40	49	0.5849564483655882	74	0.6907076821852003	
41	50	0.08731910950164577	10	0.2902283502711333	
42	33	0.49134652901383735	22	0.8703984703421597	
43	75	1.51127763956557	42	1.5223472989791598	
44	7	1.6929313201020768	25	2.0359996160468774	
45	56	0.7548465898240775	57	0.8714073232803728	
46	54	0.5055005650051984	25	0.7155132831557444	
47	69	1.3192406897237159	35	1.4086411647322423	
48	101	0.4275900559853161	36	0.6679109401959623	
49	40	0.5849564483655882	72	0.6141780605440217	
50	41	0.08731910950164577	10	0.3561707909097395	
51	26	0.9132373599391834	31	1.2291456454760092	
52	80	0.7230968544254425	81	0.8274591842600206	
53	49	0.8443527656677337	72	1.1439083328071376	
54	46	0.5055005650051984	25	0.5355328917428338	
55	65	0.5832734156290319	13	0.8485347756300841	
56	89	0.5310945814134342	45	0.7548465898240775	
57	58	0.7362402163106015	45	0.8714073232803728	
58	57	0.7362402163106015	76	0.8394819132886693	
59	16	0.784655948931588	20	1.0445499278905348	
60	37	0.8536429480752835	11	1.0656328462638194	
61	31	1.9412968237555512	73	2.158198903791721	
62	101	0.2999980935068647	4	0.48395652438044123	
63	29	0.4481848259230262	103	0.7912021035031582	
64	40	0.8524836998584383	49	0.9007981077636192	
65	55	0.5832734156290319	74	0.7146853870763712	
66	36	0.5046739377353253	12	0.6774407357346511	
67	32	1.3935165992204643	18	1.4434485117906815	
68	24	0.49411431457474075	0	0.6425763455246974	
69	35	0.7623827055240834	63	0.8408464208226655	
70	38	1.3432293702077536	82	1.518338682908652	
71	17	1.4752822256115847	95	1.7542885028601856	
72	49	0.6141780605440217	75	0.7427003281435232	
73	31	0.5404591228264529	26	1.2549232749931793	
74	40	0.6907076821852003	65	0.7146853870763712	
75	72	0.7427003281435232	23	0.97366470230175	
76	58	0.8394819132886693	57	1.5366232213127846	
77	21	0.48683314096460567	101	0.5765384058991643	
78	24	0.9335044712506851	19	0.9783167119263148	
79	15	0.4471349903566999	36	0.6465131625445883	
80	35	0.48386438661918096	81	0.585749854392074	
81	80	0.585749854392074	35	0.6228400804143561	
82	38	0.4567112157033867	18	1.2425935622329671	
83	88	1.0132964557904194	10	1.4443260337164425	
84	90	0.8923474698820028	34	1.1602418173303157	
85	80	1.1260935143059525	35	1.1900609275475142	
86	0	0.90826416356729	68	1.0006670554205588	
87	49	1.418112732407729	6	1.4997935682668175	
88	97	0.686636499816835	12	0.7188057013263307	
89	56	0.5310945814134342	100	0.8699236994492626	
90	29	0.6678640945967237	102	0.8528407402993656	
91	16	0.573393035072815	80	0.8238299655759145	
92	37	0.7908366829132343	9	0.8255861723107528	
93	55	1.003730529156094	65	1.0546122682441386	
94	33	0.9642939499953825	42	0.9693547615235162	
95	3	1.4513921362940454	18	1.703874880808651	
96	46	0.8059495033355429	54	1.0756771113623262	
97	12	0.31824250174235386	88	0.686636499816835	
98	26	0.660257905014883	1	0.9884458154447259	
99	8	0.6146348663159245	62	1.270390049391437	
100	89	0.8699236994492626	56	1.1513019211552982	
101	62	0.2999980935068647	48	0.4275900559853161	
102	28	0.7764748941682411	7	0.8309870428640624	
103	63	0.7912021035031582	102	0.8532662780268868	
104	13	1.8422039248538018	81	1.991868138518215	
