1.1619668798101772	-0.7418515327352655	-3.0574751490938143	4
-1.3826932712631452	3.0767115235774121	1.6602307478780369	1
3.3561367039688177	1.6087593877905901	-3.3805526532882584	2
-1.2260205148496128	-2.4901335274962264	-0.6061040487128950	3
1.3275776951517888	-0.0443020746533913	-3.5455193484580367	4
-0.9513943882191931	1.6663249312758437	-2.8968179000143439	2
-1.9915064788610801	2.9721587336284285	1.3973871441083341	1
-2.4191813657864727	-0.9806978103418478	-0.0512587152263292	0
1.8713823825027247	0.8337353964835306	-2.7479342151423469	2
-0.5092999271549927	2.7084538358564028	-2.2532986325835487	2
1.6027576023967509	1.6642835010074974	-1.6809403471967490	4
0.3100031984937637	1.2138251532878841	-1.4174937737494815	2
0.8079569333851089	1.3584269021274893	-2.5631502489938423	2
0.7042732193564347	-0.4442972110602389	0.9953034506115495	3
-3.8021819338425948	-3.2644323493301148	-1.2181280273933528	0
-0.0345161895325900	1.1214797681829418	-3.4327146019303458	2
-0.8103760195333040	-0.1644586169352870	0.6944352160109841	3
0.7526652613864186	-1.4824798681488185	-2.3618278579425449	4
-1.3540586160735639	-3.3187546933075294	0.2174584376704680	0
-0.3687502306571162	0.4031818934052990	-3.8158683668094562	4
-1.0605271952261719	0.4342524720843917	-0.0558991450188653	2
1.4305489229061268	-0.0653438546235075	-3.7361593666529718	4
-1.4478330542398294	3.2699307669332480	1.3937177806170029	1
-1.2485263841170893	2.7348317157662998	1.1041635455497925	1
0.9733988639211655	-0.2915832011332579	-3.4497648055053971	4
-3.1521312009972755	-1.7691602203667605	0.0833557719474904	0
-0.8895964066587165	3.4516334315855492	2.3360300558571963	1
-3.4993643418505451	-1.5143311330452871	1.0168190821817618	0
-1.6502737036416872	-1.4314864932574147	-0.0042053163720248	3
-1.6891013952530336	-1.1577886444820107	1.4111977416805139	3
-0.0607367672753593	5.2484510051999846	1.7068283349973767	1
-1.3129435544001666	3.7237075902287673	3.5608609813961229	1
-3.2249087156619205	-3.6364603004633138	-1.3759818028603850	0
-1.1316442040098871	3.5829201839539375	1.4710177481221707	1
-1.2805412266936871	-2.1897814981981458	0.5236449756916189	0
-1.2156357104853257	-0.6456971607471277	1.7291905869793502	3
0.3974571535645011	0.8526027024457452	-3.2778654699134071	4
-0.2835208741310926	1.4693170786935039	-1.5352708389587821	2
-2.2263579724325746	-3.0083297668062436	0.8266893298157033	0
0.1027021684118618	1.9721229988220179	2.3662849938561314	1
-0.9555252395590984	1.1938371284138316	1.0707155080810229	3
1.5139591946575370	1.4662373430346376	-1.8736189848197948	2
-0.6428165199903457	3.5994973672858657	1.4241764852995611	1
-0.1814451741601309	3.6105862732631300	-0.0265318989459382	1
-3.6346349868562045	0.1731867032787722	-0.2905064505082792	0
0.5043993778393665	0.2815246087806900	-2.1277186930323251	4
-3.2634167058060011	-2.3954334650540443	-0.2442974254741751	0
-1.0949616678674978	0.5244087723996447	2.5041485288260033	3
0.7796827798441243	0.5960244779786120	-3.7617830345645547	4
-1.4366184557211785	1.5042509505036585	1.1905763561628484	3
1.5322228580769697	1.3817560018390689	-1.8860273881199776	4
-0.3759761913206280	4.0267866543691504	2.8253106709508069	1
-0.9572563978058368	-1.0906801059581246	0.9660375919304167	3
-2.0926088408956218	1.1849800604869736	0.7655183527828511	3
-3.0202577972656539	-1.9775944267135364	-0.3919967973642450	0
0.5225387614715926	0.3836862504893308	0.9575246249112721	3
0.9785453750770394	0.0846452728751475	-2.6810878957947524	2
-0.2011328750259780	0.5842794498373516	-2.5399255215179428	4
-0.4014939520994845	0.1038215539502694	-2.0192861980061827	2
-0.3924238549675725	-0.3603009782648867	0.0598907212453319	3
-0.3781503534899218	1.5886403921167065	-0.6953223338058494	2
-1.3045919517251019	2.5858135998785419	5.1336803846910435	1
1.3630868067553628	0.4209093930282241	-3.4169452032303167	4
-2.0024600672449875	-1.0904092673998791	1.7244644019224173	0
-0.6886764416746796	1.8275445245626474	1.5746352573053020	1
0.0379833782039491	0.6040958420434845	0.7191267015209128	3
0.8581128244747248	1.0046909695984247	-3.1387205983513340	2
-1.8685830433246844	-3.7247436425710636	-1.0686135638242114	0
1.1428016933524752	-0.6843119002419757	-3.6971830872565778	4
-1.6481415141201985	-0.6641452011120607	2.3567459943427704	3
-2.6993645419003016	-3.1517157221649881	2.0756770775678386	0
1.3594011583128431	-2.5666770165507153	-1.5663118367440072	4
-1.2005830488349405	1.9008182630431871	0.7853155224090302	1
-1.7323392734119654	3.5655789892685057	3.2588698558985918	1
-0.4629268211100740	1.0987635891477052	0.5959682884971860	3
-0.6101127542791756	2.2733060250709456	0.5319354209581126	1
-0.9256245506862317	-0.4395324402382246	-1.6521575620169522	4
1.5684426949097940	0.3151787597199507	-4.0067039189124545	2
0.1671204909141919	-0.4104558706750154	-3.9049736273687974	2
0.0517441467340869	0.9162067545345929	-3.8204668989656705	2
-1.1901400067358787	-0.4799567728957228	1.2753130290812509	3
-0.6496602980722960	-0.5333754441564437	1.4947008637576606	3
-2.5417725019321828	-3.2121163862172910	0.5667473692190672	0
1.1368574207267326	2.9431340781689661	-2.1642165763708028	2
-1.3240668354780916	-2.4901637919119115	1.6434829432945921	0
-2.0812153377906335	0.1512130577066808	1.5504420938579886	3
1.9644840887781663	-1.0926915798768781	-3.2979355022759740	4
-2.3401675143403335	1.7861339905182909	2.2465994488258181	1
1.0215122713445222	1.9368557269931799	-2.1936968034113504	2
1.3578012852288490	0.1387825666801365	-2.3132624447434340	4
-1.6731379838247242	-1.7938263503666543	1.2081124023768812	0
-1.3517465689570500	-0.2146697162043299	0.5122914639994475	3
-0.5179908462682010	2.2229147811191514	-1.5856394214881397	2
0.4879796097918052	1.2951124164653756	1.3765508581823565	1
-0.9664371738033865	4.4180351816158110	1.0180802250041869	1
-0.0812533420453543	-3.3270683993805292	-0.9152759646269111	0
-4.0020324507532079	-2.3810291383526661	-0.5664680303020702	0
0.8719011655063980	1.5927695527336769	-2.7687541088810463	2
-0.7562705430765716	2.8061748472663677	2.3753738122029682	1
2.4648745694691008	0.7857717262360178	-2.9003892223984238	4
1.2606919756822832	-0.4989260673556227	-1.7295975383638178	4
1.1493407033598317	0.4283797580179218	-3.6273154792626050	4
-2.1304374531139927	-1.4004689292182080	0.6052156757896761	0
-2.6336293002942459	-1.2671077949681735	1.2812897205663747	0
0.7837036131511030	-1.4217777398462434	2.5547706446020513	3
G2
0	24	0.6262512607472274	68	0.6425763455246974	
1	22	0.3355682181725979	33	0.595881197291491	
2	99	1.3046891598491772	8	1.7903529457891636	
3	34	1.1702635206082477	18	1.175271015882492	
4	21	0.21769117296507842	24	0.4424472087166004	
5	15	1.1936109743534402	9	1.3021509950157812	
6	22	0.6198890551431899	1	0.6713207636252934	
7	102	0.8309870428640624	28	0.8925488512644298	
8	99	0.6146348663159246	62	0.9361439011368201	
9	92	0.8255861723107526	5	1.3021509950157812	
10	41	0.2902283502711333	50	0.3561707909097395	
11	37	0.6568244710894855	60	1.0656328462638194	
12	97	0.31824250174235386	66	0.6774407357346511	
13	55	0.8485347756300841	65	1.2725343779078913	
14	32	0.7046750877406087	96	1.115796672375266	
15	79	0.4471349903566999	36	0.5318590972356506	
16	91	0.573393035072815	80	0.7623508418751359	
17	0	1.095437492396466	100	1.274827203383899	
18	38	1.1083465532232022	34	1.1720646218882729	
19	79	0.6633484574884746	15	0.8800403619707146	
20	91	0.9103566873848014	16	0.9919839878534966	
21	4	0.21769117296507842	77	0.48683314096460567	
22	1	0.3355682181725979	33	0.4515673251609155	
23	22	0.6402310507625668	1	0.6664032488670703	
24	4	0.4424472087166004	68	0.4941143145747408	
25	54	0.5355328917428339	46	0.7155132831557443	
26	98	0.660257905014883	33	0.9077828154812507	
27	103	0.9383822566715777	25	1.028038165344772	
28	102	0.776474894168241	7	0.8925488512644298	
29	63	0.44818482592302605	90	0.6678640945967237	
30	94	1.408636796858298	51	1.6860730756414914	
31	73	0.5404591228264529	51	1.2291456454760092	
32	14	0.7046750877406087	67	1.3935165992204641	
33	22	0.4515673251609155	42	0.49134652901383735	
34	90	0.8828410678016796	28	0.9951579522165519	
35	80	0.48386438661918096	81	0.6228400804143561	
36	66	0.5046739377353253	15	0.5318590972356506	
37	11	0.6568244710894855	92	0.7908366829132345	
38	82	0.4567112157033867	18	1.1083465532232022	
39	64	1.1286683946592424	98	1.1973133305840078	
40	49	0.5849564483655882	74	0.6907076821852003	
41	50	0.08731910950164577	10	0.2902283502711333	
42	33	0.49134652901383735	22	0.8703984703421597	
43	75	1.51127763956557	42	1.5223472989791598	
44	7	1.6929313201020768	25	2.0359996160468774	
45	56	0.7548465898240775	57	0.8714073232803728	
46	54	0.5055005650051981	25	0.7155132831557443	
47	69	1.3192406897237159	35	1.4086411647322425	
48	101	0.4275900559853161	36	0.6679109401959623	
49	40	0.5849564483655882	72	0.6141780605440217	
50	41	0.08731910950164577	10	0.3561707909097395	
51	26	0.9132373599391832	31	1.2291456454760092	
52	80	0.7230968544254425	81	0.8274591842600206	
53	49	0.8443527656677334	72	1.1439083328071373	
54	46	0.5055005650051981	25	0.5355328917428339	
55	65	0.5832734156290319	13	0.8485347756300841	
56	89	0.5310945814134342	45	0.7548465898240775	
57	58	0.7362402163106014	45	0.8714073232803728	
58	57	0.7362402163106014	76	0.8394819132886693	
59	16	0.784655948931588	20	1.0445499278905348	
60	37	0.8536429480752835	11	1.0656328462638194	
61	31	1.941296823755551	73	2.1581989037917206	
62	101	0.2999980935068647	4	0.4839565243804412	
63	29	0.44818482592302605	103	0.7912021035031582	
64	40	0.8524836998584383	49	0.9007981077636192	
65	55	0.5832734156290319	74	0.7146853870763712	
66	36	0.5046739377353253	12	0.6774407357346511	
67	32	1.3935165992204641	18	1.4434485117906815	
68	24	0.4941143145747408	0	0.6425763455246974	
69	35	0.7623827055240836	63	0.8408464208226656	
70	38	1.343229370207754	82	1.5183386829086523	
71	17	1.4752822256115843	95	1.7542885028601856	
72	49	0.6141780605440217	75	0.7427003281435233	
73	31	0.5404591228264529	26	1.2549232749931793	
74	40	0.6907076821852003	65	0.7146853870763712	
75	72	0.7427003281435233	23	0.97366470230175	
76	58	0.8394819132886693	57	1.5366232213127844	
77	21	0.48683314096460567	101	0.5765384058991643	
78	24	0.9335044712506851	19	0.9783167119263148	
79	15	0.4471349903566999	36	0.6465131625445883	
80	35	0.48386438661918096	81	0.585749854392074	
81	80	0.585749854392074	35	0.6228400804143561	
82	38	0.4567112157033867	18	1.2425935622329671	
83	88	1.0132964557904196	10	1.4443260337164425	
84	90	0.8923474698820026	34	1.1602418173303157	
85	80	1.1260935143059523	35	1.1900609275475142	
86	0	0.90826416356729	68	1.0006670554205588	
87	49	1.418112732407729	6	1.499793568266818	
88	97	0.686636499816835	12	0.7188057013263307	
89	56	0.5310945814134342	100	0.8699236994492624	
90	29	0.6678640945967237	102	0.8528407402993656	
91	16	0.573393035072815	80	0.8238299655759145	
92	37	0.7908366829132345	9	0.8255861723107526	
93	55	1.003730529156094	65	1.0546122682441386	
94	33	0.9642939499953821	42	0.9693547615235159	
95	3	1.4513921362940454	18	1.703874880808651	
96	46	0.8059495033355434	54	1.0756771113623267	
97	12	0.31824250174235386	88	0.686636499816835	
98	26	0.660257905014883	1	0.9884458154447261	
99	8	0.6146348663159246	62	1.2703900493914373	
100	89	0.8699236994492624	56	1.151301921155298	
101	62	0.2999980935068647	48	0.4275900559853161	
102	28	0.776474894168241	7	0.8309870428640624	
103	63	0.7912021035031582	102	0.8532662780268868	
104	13	1.842203924853802	81	1.9918681385182153	
