1.1319668798101772	-0.7718515327352655	-3.0874751490938142	4
-1.4126932712631453	3.0467115235774123	1.6302307478780369	1
3.3261367039688179	1.5787593877905901	-3.4105526532882582	2
-1.2560205148496129	-2.5201335274962262	-0.6361040487128951	3
1.2975776951517888	-0.0743020746533913	-3.5755193484580365	4
-0.9813943882191931	1.6363249312758437	-2.9268179000143437	2
-2.0215064788610801	2.9421587336284287	1.3673871441083341	1
-2.4491813657864725	-1.0106978103418478	-0.0812587152263292	0
1.8413823825027247	0.8037353964835305	-2.7779342151423467	2
-0.5392999271549928	2.6784538358564030	-2.2832986325835485	2
1.5727576023967509	1.6342835010074974	-1.7109403471967490	4
0.2800031984937636	1.1838251532878841	-1.4474937737494815	2
0.7779569333851089	1.3284269021274893	-2.5931502489938421	2
0.6742732193564347	-0.4742972110602389	0.9653034506115494	3
-3.8321819338425946	-3.2944323493301146	-1.2481280273933528	0
-0.0645161895325900	1.0914797681829418	-3.4627146019303456	2
-0.8403760195333040	-0.1944586169352870	0.6644352160109841	3
0.7226652613864186	-1.5124798681488185	-2.3918278579425447	4
-1.3840586160735640	-3.3487546933075292	0.1874584376704680	0
-0.3987502306571162	0.3731818934052989	-3.8458683668094560	4
-1.0905271952261719	0.4042524720843916	-0.0858991450188653	2
1.4005489229061268	-0.0953438546235075	-3.7661593666529716	4
-1.4778330542398295	3.2399307669332482	1.3637177806170029	1
-1.2785263841170893	2.7048317157663000	1.0741635455497924	1
0.9433988639211655	-0.3215832011332579	-3.4797648055053969	4
-3.1821312009972753	-1.7991602203667605	0.0533557719474904	0
-0.9195964066587166	3.4216334315855494	2.3060300558571964	1
-3.5293643418505449	-1.5443311330452871	0.9868190821817617	0
-1.6802737036416873	-1.4614864932574148	-0.0342053163720248	3
-1.7191013952530336	-1.1877886444820107	1.3811977416805139	3
-0.0907367672753593	5.2184510051999844	1.6768283349973767	1
-1.3429435544001667	3.6937075902287675	3.5308609813961231	1
-3.2549087156619203	-3.6664603004633136	-1.4059818028603850	0
-1.1616442040098871	3.5529201839539377	1.4410177481221706	1
-1.3105412266936871	-2.2197814981981456	0.4936449756916189	0
-1.2456357104853257	-0.6756971607471277	1.6991905869793502	3
0.3674571535645010	0.8226027024457452	-3.3078654699134069	4
-0.3135208741310926	1.4393170786935039	-1.5652708389587822	2
-2.2563579724325744	-3.0383297668062434	0.7966893298157033	0
0.0727021684118618	1.9421229988220179	2.3362849938561316	1
-0.9855252395590984	1.1638371284138316	1.0407155080810229	3
1.4839591946575370	1.4362373430346376	-1.9036189848197949	2
-0.6728165199903458	3.5694973672858659	1.3941764852995611	1
-0.2114451741601309	3.5805862732631302	-0.0565318989459382	1
-3.6646349868562043	0.1431867032787722	-0.3205064505082792	0
0.4743993778393665	0.2515246087806899	-2.1577186930323249	4
-3.2934167058060009	-2.4254334650540441	-0.2742974254741751	0
-1.1249616678674978	0.4944087723996446	2.4741485288260034	3
0.7496827798441242	0.5660244779786120	-3.7917830345645545	4
-1.4666184557211785	1.4742509505036585	1.1605763561628484	3
1.5022228580769696	1.3517560018390689	-1.9160273881199776	4
-0.4059761913206280	3.9967866543691506	2.7953106709508071	1
-0.9872563978058368	-1.1206801059581246	0.9360375919304167	3
-2.1226088408956216	1.1549800604869735	0.7355183527828510	3
-3.0502577972656537	-2.0075944267135362	-0.4219967973642450	0
0.4925387614715926	0.3536862504893308	0.9275246249112721	3
0.9485453750770394	0.0546452728751475	-2.7110878957947522	2
-0.2311328750259780	0.5542794498373516	-2.5699255215179426	4
-0.4314939520994845	0.0738215539502694	-2.0492861980061825	2
-0.4224238549675725	-0.3903009782648867	0.0298907212453319	3
-0.4081503534899218	1.5586403921167065	-0.7253223338058494	2
-1.3345919517251019	2.5558135998785421	5.1036803846910432	1
1.3330868067553627	0.3909093930282240	-3.4469452032303165	4
-2.0324600672449873	-1.1204092673998791	1.6944644019224173	0
-0.7186764416746796	1.7975445245626474	1.5446352573053019	1
0.0079833782039491	0.5740958420434845	0.6891267015209128	3
0.8281128244747248	0.9746909695984247	-3.1687205983513338	2
-1.8985830433246844	-3.7547436425710634	-1.0986135638242114	0
1.1128016933524751	-0.7143119002419758	-3.7271830872565777	4
-1.6781415141201985	-0.6941452011120607	2.3267459943427706	3
-2.7293645419003014	-3.1817157221649879	2.0456770775678388	0
1.3294011583128431	-2.5966770165507151	-1.5963118367440072	4
-1.2305830488349405	1.8708182630431871	0.7553155224090302	1
-1.7623392734119654	3.5355789892685059	3.2288698558985920	1
-0.4929268211100740	1.0687635891477052	0.5659682884971859	3
-0.6401127542791756	2.2433060250709458	0.5019354209581126	1
-0.9556245506862318	-0.4695324402382246	-1.6821575620169522	4
1.5384426949097940	0.2851787597199507	-4.0367039189124547	2
0.1371204909141919	-0.4404558706750155	-3.9349736273687972	2
0.0217441467340869	0.8862067545345929	-3.8504668989656703	2
-1.2201400067358787	-0.5099567728957228	1.2453130290812509	3
-0.6796602980722960	-0.5633754441564437	1.4647008637576606	3
-2.5717725019321827	-3.2421163862172908	0.5367473692190672	0
1.1068574207267325	2.9131340781689663	-2.1942165763708026	2
-1.3540668354780916	-2.5201637919119113	1.6134829432945921	0
-2.1112153377906333	0.1212130577066808	1.5204420938579886	3
1.9344840887781662	-1.1226915798768782	-3.3279355022759738	4
-2.3701675143403333	1.7561339905182909	2.2165994488258183	1
0.9915122713445221	1.9068557269931798	-2.2236968034113502	2
1.3278012852288490	0.1087825666801365	-2.3432624447434338	4
-1.7031379838247243	-1.8238263503666543	1.1781124023768812	0
-1.3817465689570501	-0.2446697162043299	0.4822914639994474	3
-0.5479908462682010	2.1929147811191516	-1.6156394214881398	2
0.4579796097918052	1.2651124164653755	1.3465508581823564	1
-0.9964371738033865	4.3880351816158107	0.9880802250041869	1
-0.1112533420453543	-3.3570683993805290	-0.9452759646269111	0
-4.0320324507532082	-2.4110291383526659	-0.5964680303020702	0
0.8419011655063979	1.5627695527336769	-2.7987541088810461	2
-0.7862705430765716	2.7761748472663679	2.3453738122029684	1
2.4348745694691010	0.7557717262360177	-2.9303892223984236	4
1.2306919756822832	-0.5289260673556228	-1.7595975383638178	4
1.1193407033598317	0.3983797580179218	-3.6573154792626048	4
-2.1604374531139925	-1.4304689292182080	0.5752156757896760	0
-2.6636293002942457	-1.2971077949681735	1.2512897205663747	0
0.7537036131511030	-1.4517777398462435	2.5247706446020515	3
G2
0	24	0.6262512607472274	68	0.6425763455246974	
1	22	0.3355682181725979	33	0.595881197291491	
2	99	1.3046891598491772	8	1.7903529457891638	
3	34	1.1702635206082477	18	1.175271015882492	
4	21	0.21769117296507842	24	0.4424472087166005	
5	15	1.1936109743534402	9	1.3021509950157815	
6	22	0.6198890551431899	1	0.6713207636252934	
7	102	0.8309870428640624	28	0.8925488512644296	
8	99	0.6146348663159248	62	0.9361439011368201	
9	92	0.8255861723107525	5	1.3021509950157815	
10	41	0.2902283502711333	50	0.3561707909097395	
11	37	0.6568244710894855	60	1.0656328462638194	
12	97	0.31824250174235386	66	0.6774407357346511	
13	55	0.8485347756300841	65	1.2725343779078913	
14	32	0.7046750877406087	96	1.115796672375266	
15	79	0.4471349903566999	36	0.5318590972356506	
16	91	0.573393035072815	80	0.7623508418751359	
17	0	1.095437492396466	100	1.2748272033838988	
18	38	1.1083465532232017	34	1.1720646218882729	
19	79	0.6633484574884746	15	0.8800403619707146	
20	91	0.9103566873848012	16	0.9919839878534966	
21	4	0.21769117296507842	77	0.48683314096460584	
22	1	0.3355682181725979	33	0.4515673251609155	
23	22	0.6402310507625668	1	0.6664032488670703	
24	4	0.4424472087166005	68	0.4941143145747408	
25	54	0.5355328917428338	46	0.715513283155744	
26	98	0.660257905014883	33	0.907782815481251	
27	103	0.9383822566715777	25	1.028038165344772	
28	102	0.7764748941682408	7	0.8925488512644296	
29	63	0.4481848259230259	90	0.6678640945967237	
30	94	1.4086367968582982	51	1.6860730756414912	
31	73	0.5404591228264529	51	1.2291456454760092	
32	14	0.7046750877406087	67	1.393516599220464	
33	22	0.4515673251609155	42	0.49134652901383735	
34	90	0.8828410678016795	28	0.9951579522165517	
35	80	0.48386438661918096	81	0.6228400804143561	
36	66	0.5046739377353253	15	0.5318590972356506	
37	11	0.6568244710894855	92	0.7908366829132347	
38	82	0.4567112157033867	18	1.1083465532232017	
39	64	1.1286683946592426	98	1.197313330584008	
40	49	0.5849564483655882	74	0.6907076821852003	
41	50	0.08731910950164577	10	0.2902283502711333	
42	33	0.49134652901383735	22	0.8703984703421597	
43	75	1.51127763956557	42	1.5223472989791598	
44	7	1.6929313201020768	25	2.0359996160468774	
45	56	0.7548465898240775	57	0.8714073232803728	
46	54	0.5055005650051981	25	0.715513283155744	
47	69	1.3192406897237159	35	1.4086411647322425	
48	101	0.4275900559853161	36	0.6679109401959623	
49	40	0.5849564483655882	72	0.6141780605440217	
50	41	0.08731910950164577	10	0.3561707909097395	
51	26	0.9132373599391832	31	1.2291456454760092	
52	80	0.7230968544254425	81	0.8274591842600206	
53	49	0.8443527656677333	72	1.143908332807137	
54	46	0.5055005650051981	25	0.5355328917428338	
55	65	0.5832734156290319	13	0.8485347756300841	
56	89	0.5310945814134342	45	0.7548465898240775	
57	58	0.7362402163106014	45	0.8714073232803728	
58	57	0.7362402163106014	76	0.8394819132886691	
59	16	0.784655948931588	20	1.0445499278905348	
60	37	0.8536429480752835	11	1.0656328462638194	
61	31	1.9412968237555506	73	2.15819890379172	
62	101	0.2999980935068647	4	0.4839565243804412	
63	29	0.4481848259230259	103	0.7912021035031582	
64	40	0.8524836998584383	49	0.9007981077636192	
65	55	0.5832734156290319	74	0.7146853870763712	
66	36	0.5046739377353253	12	0.6774407357346511	
67	32	1.393516599220464	18	1.4434485117906815	
68	24	0.4941143145747408	0	0.6425763455246974	
69	35	0.7623827055240838	63	0.8408464208226656	
70	38	1.343229370207754	82	1.5183386829086525	
71	17	1.475282225611584	95	1.7542885028601856	
72	49	0.6141780605440217	75	0.7427003281435234	
73	31	0.5404591228264529	26	1.2549232749931793	
74	40	0.6907076821852003	65	0.7146853870763712	
75	72	0.7427003281435234	23	0.97366470230175	
76	58	0.8394819132886691	57	1.5366232213127844	
77	21	0.48683314096460584	101	0.5765384058991645	
78	24	0.9335044712506851	19	0.9783167119263148	
79	15	0.4471349903566999	36	0.6465131625445882	
80	35	0.48386438661918096	81	0.585749854392074	
81	80	0.585749854392074	35	0.6228400804143561	
82	38	0.4567112157033867	18	1.2425935622329667	
83	88	1.0132964557904198	10	1.4443260337164427	
84	90	0.8923474698820024	34	1.1602418173303157	
85	80	1.126093514305952	35	1.190060927547514	
86	0	0.90826416356729	68	1.0006670554205588	
87	49	1.418112732407729	6	1.499793568266818	
88	97	0.686636499816835	12	0.7188057013263307	
89	56	0.5310945814134342	100	0.8699236994492623	
90	29	0.6678640945967237	102	0.8528407402993655	
91	16	0.573393035072815	80	0.8238299655759145	
92	37	0.7908366829132347	9	0.8255861723107525	
93	55	1.003730529156094	65	1.0546122682441383	
94	33	0.9642939499953818	42	0.9693547615235154	
95	3	1.4513921362940454	18	1.703874880808651	
96	46	0.8059495033355438	54	1.0756771113623271	
97	12	0.31824250174235386	88	0.686636499816835	
98	26	0.660257905014883	1	0.9884458154447262	
99	8	0.6146348663159248	62	1.2703900493914373	
100	89	0.8699236994492623	56	1.1513019211552977	
101	62	0.2999980935068647	48	0.4275900559853161	
102	28	0.7764748941682408	7	0.8309870428640624	
103	63	0.7912021035031582	102	0.8532662780268868	
104	13	1.8422039248538022	81	1.9918681385182153	
