1.1019668798101772	-0.8018515327352655	-3.1174751490938140	4
-1.4426932712631453	3.0167115235774125	1.6002307478780369	1
3.2961367039688181	1.5487593877905901	-3.4405526532882580	2
-1.2860205148496129	-2.5501335274962260	-0.6661040487128951	3
1.2675776951517888	-0.1043020746533913	-3.6055193484580363	4
-1.0113943882191931	1.6063249312758436	-2.9568179000143435	2
-2.0515064788610800	2.9121587336284289	1.3373871441083340	1
-2.4791813657864723	-1.0406978103418478	-0.1112587152263292	0
1.8113823825027247	0.7737353964835305	-2.8079342151423465	2
-0.5692999271549928	2.6484538358564031	-2.3132986325835483	2
1.5427576023967509	1.6042835010074974	-1.7409403471967491	4
0.2500031984937636	1.1538251532878840	-1.4774937737494815	2
0.7479569333851088	1.2984269021274892	-2.6231502489938419	2
0.6442732193564347	-0.5042972110602389	0.9353034506115494	3
-3.8621819338425945	-3.3244323493301144	-1.2781280273933529	0
-0.0945161895325900	1.0614797681829418	-3.4927146019303454	2
-0.8703760195333040	-0.2244586169352870	0.6344352160109841	3
0.6926652613864186	-1.5424798681488185	-2.4218278579425445	4
-1.4140586160735640	-3.3787546933075290	0.1574584376704680	0
-0.4287502306571163	0.3431818934052989	-3.8758683668094558	4
-1.1205271952261719	0.3742524720843916	-0.1158991450188653	2
1.3705489229061267	-0.1253438546235075	-3.7961593666529714	4
-1.5078330542398295	3.2099307669332484	1.3337177806170029	1
-1.3085263841170893	2.6748317157663002	1.0441635455497924	1
0.9133988639211654	-0.3515832011332579	-3.5097648055053967	4
-3.2121312009972751	-1.8291602203667605	0.0233557719474904	0
-0.9495964066587166	3.3916334315855496	2.2760300558571966	1
-3.5593643418505447	-1.5743311330452872	0.9568190821817617	0
-1.7102737036416873	-1.4914864932574148	-0.0642053163720248	3
-1.7491013952530337	-1.2177886444820107	1.3511977416805139	3
-0.1207367672753593	5.1884510051999841	1.6468283349973767	1
-1.3729435544001667	3.6637075902287677	3.5008609813961233	1
-3.2849087156619201	-3.6964603004633134	-1.4359818028603850	0
-1.1916442040098871	3.5229201839539379	1.4110177481221706	1
-1.3405412266936871	-2.2497814981981454	0.4636449756916189	0
-1.2756357104853258	-0.7056971607471277	1.6691905869793502	3
0.3374571535645010	0.7926027024457452	-3.3378654699134067	4
-0.3435208741310927	1.4093170786935039	-1.5952708389587822	2
-2.2863579724325742	-3.0683297668062433	0.7666893298157033	0
0.0427021684118618	1.9121229988220179	2.3062849938561318	1
-1.0155252395590983	1.1338371284138316	1.0107155080810228	3
1.4539591946575370	1.4062373430346375	-1.9336189848197949	2
-0.7028165199903458	3.5394973672858661	1.3641764852995610	1
-0.2414451741601309	3.5505862732631304	-0.0865318989459382	1
-3.6946349868562041	0.1131867032787722	-0.3505064505082792	0
0.4443993778393664	0.2215246087806899	-2.1877186930323247	4
-3.3234167058060007	-2.4554334650540439	-0.3042974254741750	0
-1.1549616678674979	0.4644087723996446	2.4441485288260036	3
0.7196827798441242	0.5360244779786120	-3.8217830345645543	4
-1.4966184557211786	1.4442509505036585	1.1305763561628484	3
1.4722228580769696	1.3217560018390688	-1.9460273881199777	4
-0.4359761913206280	3.9667866543691508	2.7653106709508073	1
-1.0172563978058369	-1.1506801059581246	0.9060375919304167	3
-2.1526088408956214	1.1249800604869735	0.7055183527828510	3
-3.0802577972656535	-2.0375944267135360	-0.4519967973642450	0
0.4625387614715926	0.3236862504893308	0.8975246249112721	3
0.9185453750770394	0.0246452728751475	-2.7410878957947520	2
-0.2611328750259779	0.5242794498373515	-2.5999255215179424	4
-0.4614939520994845	0.0438215539502694	-2.0792861980061823	2
-0.4524238549675725	-0.4203009782648868	-0.0001092787546681	3
-0.4381503534899218	1.5286403921167064	-0.7553223338058495	2
-1.3645919517251019	2.5258135998785423	5.0736803846910430	1
1.3030868067553627	0.3609093930282240	-3.4769452032303163	4
-2.0624600672449871	-1.1504092673998791	1.6644644019224173	0
-0.7486764416746796	1.7675445245626473	1.5146352573053019	1
-0.0220166217960509	0.5440958420434845	0.6591267015209128	3
0.7981128244747248	0.9446909695984247	-3.1987205983513336	2
-1.9285830433246844	-3.7847436425710632	-1.1286135638242114	0
1.0828016933524751	-0.7443119002419758	-3.7571830872565775	4
-1.7081415141201985	-0.7241452011120607	2.2967459943427708	3
-2.7593645419003012	-3.2117157221649877	2.0156770775678390	0
1.2994011583128431	-2.6266770165507149	-1.6263118367440073	4
-1.2605830488349405	1.8408182630431871	0.7253155224090302	1
-1.7923392734119654	3.5055789892685061	3.1988698558985922	1
-0.5229268211100740	1.0387635891477052	0.5359682884971859	3
-0.6701127542791756	2.2133060250709460	0.4719354209581126	1
-0.9856245506862318	-0.4995324402382246	-1.7121575620169522	4
1.5084426949097940	0.2551787597199506	-4.0667039189124550	2
0.1071204909141919	-0.4704558706750155	-3.9649736273687970	2
-0.0082558532659131	0.8562067545345928	-3.8804668989656701	2
-1.2501400067358788	-0.5399567728957229	1.2153130290812508	3
-0.7096602980722960	-0.5933754441564437	1.4347008637576606	3
-2.6017725019321825	-3.2721163862172906	0.5067473692190672	0
1.0768574207267325	2.8831340781689665	-2.2242165763708024	2
-1.3840668354780916	-2.5501637919119111	1.5834829432945920	0
-2.1412153377906331	0.0912130577066808	1.4904420938579885	3
1.9044840887781662	-1.1526915798768782	-3.3579355022759736	4
-2.4001675143403332	1.7261339905182909	2.1865994488258185	1
0.9615122713445221	1.8768557269931798	-2.2536968034113500	2
1.2978012852288490	0.0787825666801365	-2.3732624447434336	4
-1.7331379838247243	-1.8538263503666543	1.1481124023768812	0
-1.4117465689570501	-0.2746697162043299	0.4522914639994474	3
-0.5779908462682011	2.1629147811191518	-1.6456394214881398	2
0.4279796097918052	1.2351124164653755	1.3165508581823564	1
-1.0264371738033864	4.3580351816158105	0.9580802250041869	1
-0.1412533420453543	-3.3870683993805288	-0.9752759646269111	0
-4.0620324507532084	-2.4410291383526657	-0.6264680303020702	0
0.8119011655063979	1.5327695527336769	-2.8287541088810459	2
-0.8162705430765717	2.7461748472663681	2.3153738122029686	1
2.4048745694691012	0.7257717262360177	-2.9603892223984234	4
1.2006919756822831	-0.5589260673556228	-1.7895975383638179	4
1.0893407033598317	0.3683797580179218	-3.6873154792626046	4
-2.1904374531139923	-1.4604689292182080	0.5452156757896760	0
-2.6936293002942455	-1.3271077949681735	1.2212897205663746	0
0.7237036131511030	-1.4817777398462435	2.4947706446020517	3
G2
0	24	0.6262512607472274	68	0.6425763455246974	
1	22	0.3355682181725979	33	0.595881197291491	
2	99	1.3046891598491772	8	1.790352945789164	
3	34	1.1702635206082477	18	1.175271015882492	
4	21	0.21769117296507842	24	0.4424472087166005	
5	15	1.1936109743534402	9	1.3021509950157815	
6	22	0.6198890551431897	1	0.6713207636252931	
7	102	0.8309870428640624	28	0.8925488512644295	
8	99	0.614634866315925	62	0.9361439011368201	
9	92	0.8255861723107523	5	1.3021509950157815	
10	41	0.2902283502711333	50	0.3561707909097395	
11	37	0.6568244710894855	60	1.0656328462638194	
12	97	0.31824250174235386	66	0.6774407357346511	
13	55	0.8485347756300841	65	1.2725343779078913	
14	32	0.7046750877406087	96	1.1157966723752661	
15	79	0.4471349903566999	36	0.5318590972356505	
16	91	0.573393035072815	80	0.7623508418751359	
17	0	1.095437492396466	100	1.2748272033838988	
18	38	1.1083465532232017	34	1.1720646218882729	
19	79	0.6633484574884746	15	0.8800403619707147	
20	91	0.9103566873848012	16	0.9919839878534965	
21	4	0.21769117296507842	77	0.48683314096460606	
22	1	0.3355682181725979	33	0.4515673251609155	
23	22	0.6402310507625668	1	0.6664032488670703	
24	4	0.4424472087166005	68	0.4941143145747408	
25	54	0.5355328917428338	46	0.7155132831557438	
26	98	0.660257905014883	33	0.9077828154812512	
27	103	0.9383822566715777	25	1.028038165344772	
28	102	0.7764748941682407	7	0.8925488512644295	
29	63	0.4481848259230257	90	0.6678640945967237	
30	94	1.408636796858298	51	1.686073075641491	
31	73	0.5404591228264529	51	1.2291456454760092	
32	14	0.7046750877406087	67	1.3935165992204637	
33	22	0.4515673251609155	42	0.49134652901383735	
34	90	0.8828410678016794	28	0.9951579522165515	
35	80	0.48386438661918096	81	0.6228400804143561	
36	66	0.5046739377353253	15	0.5318590972356505	
37	11	0.6568244710894855	92	0.790836682913235	
38	82	0.4567112157033867	18	1.1083465532232017	
39	64	1.1286683946592426	98	1.1973133305840082	
40	49	0.5849564483655884	74	0.6907076821852003	
41	50	0.08731910950164577	10	0.2902283502711333	
42	33	0.49134652901383735	22	0.8703984703421597	
43	75	1.51127763956557	42	1.5223472989791598	
44	7	1.6929313201020768	25	2.0359996160468774	
45	56	0.7548465898240775	57	0.8714073232803727	
46	54	0.5055005650051981	25	0.7155132831557438	
47	69	1.3192406897237159	35	1.4086411647322425	
48	101	0.4275900559853161	36	0.6679109401959623	
49	40	0.5849564483655884	72	0.6141780605440217	
50	41	0.08731910950164577	10	0.3561707909097395	
51	26	0.9132373599391832	31	1.2291456454760092	
52	80	0.7230968544254425	81	0.8274591842600206	
53	49	0.8443527656677331	72	1.1439083328071369	
54	46	0.5055005650051981	25	0.5355328917428338	
55	65	0.5832734156290318	13	0.8485347756300841	
56	89	0.5310945814134342	45	0.7548465898240775	
57	58	0.7362402163106013	45	0.8714073232803727	
58	57	0.7362402163106013	76	0.8394819132886692	
59	16	0.7846559489315877	20	1.0445499278905348	
60	37	0.8536429480752835	11	1.0656328462638194	
61	31	1.9412968237555503	73	2.1581989037917197	
62	101	0.2999980935068647	4	0.4839565243804412	
63	29	0.4481848259230257	103	0.7912021035031582	
64	40	0.8524836998584383	49	0.9007981077636192	
65	55	0.5832734156290318	74	0.7146853870763712	
66	36	0.5046739377353253	12	0.6774407357346511	
67	32	1.3935165992204637	18	1.4434485117906815	
68	24	0.4941143145747408	0	0.6425763455246974	
69	35	0.762382705524084	63	0.8408464208226657	
70	38	1.3432293702077545	82	1.5183386829086527	
71	17	1.4752822256115838	95	1.7542885028601856	
72	49	0.6141780605440217	75	0.7427003281435235	
73	31	0.5404591228264529	26	1.2549232749931793	
74	40	0.6907076821852003	65	0.7146853870763712	
75	72	0.7427003281435235	23	0.97366470230175	
76	58	0.8394819132886692	57	1.5366232213127844	
77	21	0.48683314096460606	101	0.5765384058991648	
78	24	0.933504471250685	19	0.9783167119263148	
79	15	0.4471349903566999	36	0.6465131625445882	
80	35	0.48386438661918096	81	0.585749854392074	
81	80	0.585749854392074	35	0.6228400804143561	
82	38	0.4567112157033867	18	1.2425935622329665	
83	88	1.01329645579042	10	1.4443260337164427	
84	90	0.8923474698820023	34	1.1602418173303157	
85	80	1.1260935143059518	35	1.1900609275475138	
86	0	0.90826416356729	68	1.0006670554205588	
87	49	1.418112732407729	6	1.4997935682668184	
88	97	0.686636499816835	12	0.7188057013263307	
89	56	0.5310945814134342	100	0.8699236994492623	
90	29	0.6678640945967237	102	0.8528407402993654	
91	16	0.573393035072815	80	0.8238299655759145	
92	37	0.790836682913235	9	0.8255861723107523	
93	55	1.003730529156094	65	1.0546122682441383	
94	33	0.9642939499953814	42	0.969354761523515	
95	3	1.4513921362940454	18	1.703874880808651	
96	46	0.8059495033355442	54	1.0756771113623276	
97	12	0.31824250174235386	88	0.686636499816835	
98	26	0.660257905014883	1	0.9884458154447264	
99	8	0.614634866315925	62	1.2703900493914377	
100	89	0.8699236994492623	56	1.1513019211552977	
101	62	0.2999980935068647	48	0.4275900559853161	
102	28	0.7764748941682407	7	0.8309870428640624	
103	63	0.7912021035031582	102	0.8532662780268868	
104	13	1.8422039248538025	81	1.9918681385182155	
