1.0719668798101771	-0.8318515327352656	-3.1474751490938138	4
-1.4726932712631453	2.9867115235774127	1.5702307478780368	1
3.2661367039688183	1.5187593877905901	-3.4705526532882578	2
-1.3160205148496129	-2.5801335274962258	-0.6961040487128951	3
1.2375776951517887	-0.1343020746533913	-3.6355193484580361	4
-1.0413943882191932	1.5763249312758436	-2.9868179000143433	2
-2.0815064788610798	2.8821587336284291	1.3073871441083340	1
-2.5091813657864721	-1.0706978103418479	-0.1412587152263292	0
1.7813823825027246	0.7437353964835305	-2.8379342151423463	2
-0.5992999271549928	2.6184538358564033	-2.3432986325835481	2
1.5127576023967508	1.5742835010074974	-1.7709403471967491	4
0.2200031984937636	1.1238251532878840	-1.5074937737494816	2
0.7179569333851088	1.2684269021274892	-2.6531502489938417	2
0.6142732193564346	-0.5342972110602390	0.9053034506115494	3
-3.8921819338425943	-3.3544323493301142	-1.3081280273933529	0
-0.1245161895325900	1.0314797681829417	-3.5227146019303452	2
-0.9003760195333040	-0.2544586169352870	0.6044352160109840	3
0.6626652613864186	-1.5724798681488186	-2.4518278579425443	4
-1.4440586160735640	-3.4087546933075288	0.1274584376704680	0
-0.4587502306571163	0.3131818934052989	-3.9058683668094556	4
-1.1505271952261720	0.3442524720843916	-0.1458991450188653	2
1.3405489229061267	-0.1553438546235075	-3.8261593666529712	4
-1.5378330542398295	3.1799307669332486	1.3037177806170028	1
-1.3385263841170894	2.6448317157663004	1.0141635455497924	1
0.8833988639211654	-0.3815832011332579	-3.5397648055053965	4
-3.2421312009972749	-1.8591602203667605	-0.0066442280525096	0
-0.9795964066587166	3.3616334315855498	2.2460300558571968	1
-3.5893643418505445	-1.6043311330452872	0.9268190821817617	0
-1.7402737036416873	-1.5214864932574148	-0.0942053163720248	3
-1.7791013952530337	-1.2477886444820108	1.3211977416805138	3
-0.1507367672753593	5.1584510051999839	1.6168283349973767	1
-1.4029435544001667	3.6337075902287679	3.4708609813961235	1
-3.3149087156619199	-3.7264603004633132	-1.4659818028603850	0
-1.2216442040098872	3.4929201839539381	1.3810177481221706	1
-1.3705412266936872	-2.2797814981981452	0.4336449756916189	0
-1.3056357104853258	-0.7356971607471278	1.6391905869793502	3
0.3074571535645010	0.7626027024457451	-3.3678654699134065	4
-0.3735208741310927	1.3793170786935038	-1.6252708389587822	2
-2.3163579724325740	-3.0983297668062431	0.7366893298157032	0
0.0127021684118618	1.8821229988220178	2.2762849938561320	1
-1.0455252395590984	1.1038371284138315	0.9807155080810228	3
1.4239591946575370	1.3762373430346375	-1.9636189848197949	2
-0.7328165199903458	3.5094973672858663	1.3341764852995610	1
-0.2714451741601309	3.5205862732631306	-0.1165318989459382	1
-3.7246349868562039	0.0831867032787722	-0.3805064505082792	0
0.4143993778393664	0.1915246087806899	-2.2177186930323245	4
-3.3534167058060005	-2.4854334650540437	-0.3342974254741751	0
-1.1849616678674979	0.4344087723996446	2.4141485288260038	3
0.6896827798441242	0.5060244779786119	-3.8517830345645541	4
-1.5266184557211786	1.4142509505036585	1.1005763561628483	3
1.4422228580769696	1.2917560018390688	-1.9760273881199777	4
-0.4659761913206281	3.9367866543691510	2.7353106709508075	1
-1.0472563978058369	-1.1806801059581247	0.8760375919304166	3
-2.1826088408956212	1.0949800604869735	0.6755183527828510	3
-3.1102577972656533	-2.0675944267135358	-0.4819967973642451	0
0.4325387614715925	0.2936862504893307	0.8675246249112720	3
0.8885453750770393	-0.0053547271248525	-2.7710878957947518	2
-0.2911328750259780	0.4942794498373515	-2.6299255215179422	4
-0.4914939520994845	0.0138215539502694	-2.1092861980061821	2
-0.4824238549675726	-0.4503009782648868	-0.0301092787546681	3
-0.4681503534899218	1.4986403921167064	-0.7853223338058495	2
-1.3945919517251020	2.4958135998785425	5.0436803846910427	1
1.2730868067553627	0.3309093930282240	-3.5069452032303161	4
-2.0924600672449869	-1.1804092673998792	1.6344644019224173	0
-0.7786764416746796	1.7375445245626473	1.4846352573053019	1
-0.0520166217960509	0.5140958420434845	0.6291267015209128	3
0.7681128244747247	0.9146909695984247	-3.2287205983513334	2
-1.9585830433246845	-3.8147436425710630	-1.1586135638242114	0
1.0528016933524751	-0.7743119002419758	-3.7871830872565773	4
-1.7381415141201986	-0.7541452011120607	2.2667459943427710	3
-2.7893645419003010	-3.2417157221649875	1.9856770775678390	0
1.2694011583128431	-2.6566770165507148	-1.6563118367440073	4
-1.2905830488349406	1.8108182630431870	0.6953155224090302	1
-1.8223392734119654	3.4755789892685063	3.1688698558985924	1
-0.5529268211100741	1.0087635891477051	0.5059682884971859	3
-0.7001127542791756	2.1833060250709462	0.4419354209581126	1
-1.0156245506862318	-0.5295324402382247	-1.7421575620169523	4
1.4784426949097940	0.2251787597199506	-4.0967039189124552	2
0.0771204909141919	-0.5004558706750155	-3.9949736273687968	2
-0.0382558532659131	0.8262067545345928	-3.9104668989656699	2
-1.2801400067358788	-0.5699567728957229	1.1853130290812508	3
-0.7396602980722961	-0.6233754441564437	1.4047008637576606	3
-2.6317725019321823	-3.3021163862172904	0.4767473692190671	0
1.0468574207267325	2.8531340781689667	-2.2542165763708022	2
-1.4140668354780916	-2.5801637919119109	1.5534829432945920	0
-2.1712153377906329	0.0612130577066808	1.4604420938579885	3
1.8744840887781662	-1.1826915798768782	-3.3879355022759734	4
-2.4301675143403330	1.6961339905182908	2.1565994488258187	1
0.9315122713445221	1.8468557269931798	-2.2836968034113498	2
1.2678012852288489	0.0487825666801365	-2.4032624447434334	4
-1.7631379838247243	-1.8838263503666544	1.1181124023768811	0
-1.4417465689570501	-0.3046697162043299	0.4222914639994474	3
-0.6079908462682011	2.1329147811191520	-1.6756394214881398	2
0.3979796097918051	1.2051124164653755	1.2865508581823564	1
-1.0564371738033864	4.3280351816158102	0.9280802250041869	1
-0.1712533420453543	-3.4170683993805286	-1.0052759646269112	0
-4.0920324507532086	-2.4710291383526655	-0.6564680303020702	0
0.7819011655063979	1.5027695527336768	-2.8587541088810458	2
-0.8462705430765717	2.7161748472663683	2.2853738122029688	1
2.3748745694691014	0.6957717262360177	-2.9903892223984232	4
1.1706919756822831	-0.5889260673556228	-1.8195975383638179	4
1.0593407033598317	0.3383797580179218	-3.7173154792626044	4
-2.2204374531139921	-1.4904689292182081	0.5152156757896760	0
-2.7236293002942453	-1.3571077949681736	1.1912897205663746	0
0.6937036131511030	-1.5117777398462435	2.4647706446020519	3
G2
0	24	0.6262512607472274	68	0.6425763455246974	
1	22	0.3355682181725979	33	0.595881197291491	
2	99	1.3046891598491772	8	1.7903529457891643	
3	34	1.1702635206082477	18	1.175271015882492	
4	21	0.21769117296507842	24	0.4424472087166005	
5	15	1.1936109743534402	9	1.3021509950157817	
6	22	0.6198890551431895	1	0.6713207636252929	
7	102	0.8309870428640622	28	0.8925488512644293	
8	99	0.6146348663159252	62	0.9361439011368201	
9	92	0.825586172310752	5	1.3021509950157817	
10	41	0.2902283502711333	50	0.3561707909097395	
11	37	0.6568244710894855	60	1.0656328462638194	
12	97	0.31824250174235386	66	0.6774407357346511	
13	55	0.8485347756300841	65	1.2725343779078913	
14	32	0.7046750877406087	96	1.1157966723752661	
15	79	0.4471349903566999	36	0.5318590972356505	
16	91	0.573393035072815	80	0.762350841875136	
17	0	1.095437492396466	100	1.2748272033838985	
18	38	1.1083465532232015	34	1.1720646218882729	
19	79	0.6633484574884746	15	0.8800403619707147	
20	91	0.9103566873848012	16	0.9919839878534964	
21	4	0.21769117296507842	77	0.4868331409646063	
22	1	0.3355682181725979	33	0.4515673251609155	
23	22	0.6402310507625668	1	0.6664032488670703	
24	4	0.4424472087166005	68	0.4941143145747408	
25	54	0.5355328917428337	46	0.7155132831557437	
26	98	0.660257905014883	33	0.9077828154812513	
27	103	0.9383822566715777	25	1.028038165344772	
28	102	0.7764748941682406	7	0.8925488512644293	
29	63	0.4481848259230256	90	0.6678640945967237	
30	94	1.408636796858298	51	1.6860730756414908	
31	73	0.5404591228264529	51	1.2291456454760092	
32	14	0.7046750877406087	67	1.3935165992204634	
33	22	0.4515673251609155	42	0.49134652901383735	
34	90	0.8828410678016793	28	0.9951579522165513	
35	80	0.48386438661918096	81	0.6228400804143561	
36	66	0.5046739377353253	15	0.5318590972356505	
37	11	0.6568244710894855	92	0.7908366829132352	
38	82	0.4567112157033867	18	1.1083465532232015	
39	64	1.1286683946592428	98	1.1973133305840085	
40	49	0.5849564483655884	74	0.6907076821852003	
41	50	0.08731910950164577	10	0.2902283502711333	
42	33	0.49134652901383735	22	0.8703984703421597	
43	75	1.51127763956557	42	1.5223472989791598	
44	7	1.6929313201020768	25	2.0359996160468774	
45	56	0.7548465898240775	57	0.8714073232803727	
46	54	0.5055005650051981	25	0.7155132831557437	
47	69	1.3192406897237159	35	1.4086411647322428	
48	101	0.4275900559853161	36	0.6679109401959623	
49	40	0.5849564483655884	72	0.6141780605440217	
50	41	0.08731910950164577	10	0.3561707909097395	
51	26	0.9132373599391832	31	1.2291456454760092	
52	80	0.7230968544254425	81	0.8274591842600206	
53	49	0.8443527656677329	72	1.1439083328071367	
54	46	0.5055005650051981	25	0.5355328917428337	
55	65	0.5832734156290318	13	0.8485347756300841	
56	89	0.5310945814134342	45	0.7548465898240775	
57	58	0.7362402163106013	45	0.8714073232803727	
58	57	0.7362402163106013	76	0.8394819132886691	
59	16	0.7846559489315877	20	1.0445499278905348	
60	37	0.8536429480752835	11	1.0656328462638194	
61	31	1.94129682375555	73	2.1581989037917193	
62	101	0.2999980935068647	4	0.4839565243804411	
63	29	0.4481848259230256	103	0.7912021035031582	
64	40	0.8524836998584383	49	0.9007981077636192	
65	55	0.5832734156290318	74	0.7146853870763712	
66	36	0.5046739377353253	12	0.6774407357346511	
67	32	1.3935165992204634	18	1.4434485117906815	
68	24	0.4941143145747408	0	0.6425763455246974	
69	35	0.7623827055240842	63	0.8408464208226657	
70	38	1.3432293702077545	82	1.5183386829086527	
71	17	1.4752822256115836	95	1.7542885028601856	
72	49	0.6141780605440217	75	0.7427003281435236	
73	31	0.5404591228264529	26	1.2549232749931793	
74	40	0.6907076821852003	65	0.7146853870763712	
75	72	0.7427003281435236	23	0.97366470230175	
76	58	0.8394819132886691	57	1.536623221312784	
77	21	0.4868331409646063	101	0.5765384058991652	
78	24	0.933504471250685	19	0.9783167119263148	
79	15	0.4471349903566999	36	0.6465131625445882	
80	35	0.48386438661918096	81	0.585749854392074	
81	80	0.585749854392074	35	0.6228400804143561	
82	38	0.4567112157033867	18	1.2425935622329662	
83	88	1.0132964557904203	10	1.444326033716443	
84	90	0.892347469882002	34	1.1602418173303157	
85	80	1.1260935143059516	35	1.1900609275475138	
86	0	0.90826416356729	68	1.0006670554205588	
87	49	1.4181127324077292	6	1.4997935682668186	
88	97	0.686636499816835	12	0.7188057013263307	
89	56	0.5310945814134342	100	0.8699236994492621	
90	29	0.6678640945967237	102	0.8528407402993653	
91	16	0.573393035072815	80	0.8238299655759145	
92	37	0.7908366829132352	9	0.825586172310752	
93	55	1.003730529156094	65	1.0546122682441383	
94	33	0.9642939499953811	42	0.9693547615235146	
95	3	1.4513921362940456	18	1.7038748808086512	
96	46	0.8059495033355446	54	1.0756771113623278	
97	12	0.31824250174235386	88	0.686636499816835	
98	26	0.660257905014883	1	0.9884458154447265	
99	8	0.6146348663159252	62	1.2703900493914377	
100	89	0.8699236994492621	56	1.1513019211552975	
101	62	0.2999980935068647	48	0.4275900559853161	
102	28	0.7764748941682406	7	0.8309870428640622	
103	63	0.7912021035031582	102	0.8532662780268868	
104	13	1.8422039248538025	81	1.9918681385182158	
