1.0119668798101771	-0.8918515327352656	-3.2074751490938134	4
-1.5326932712631454	2.9267115235774130	1.5102307478780368	1
3.2061367039688187	1.4587593877905900	-3.5305526532882574	2
-1.3760205148496130	-2.6401335274962254	-0.7561040487128952	3
1.1775776951517887	-0.1943020746533913	-3.6955193484580358	4
-1.1013943882191932	1.5163249312758436	-3.0468179000143429	2
-2.1415064788610794	2.8221587336284295	1.2473871441083340	1
-2.5691813657864717	-1.1306978103418479	-0.2012587152263292	0
1.7213823825027246	0.6837353964835304	-2.8979342151423459	2
-0.6592999271549929	2.5584538358564037	-2.4032986325835477	2
1.4527576023967508	1.5142835010074973	-1.8309403471967491	4
0.1600031984937636	1.0638251532878840	-1.5674937737494816	2
0.6579569333851087	1.2084269021274892	-2.7131502489938413	2
0.5542732193564346	-0.5942972110602390	0.8453034506115493	3
-3.9521819338425939	-3.4144323493301139	-1.3681280273933529	0
-0.1845161895325900	0.9714797681829417	-3.5827146019303449	2
-0.9603760195333041	-0.3144586169352870	0.5444352160109840	3
0.6026652613864185	-1.6324798681488186	-2.5118278579425439	4
-1.5040586160735641	-3.4687546933075284	0.0674584376704680	0
-0.5187502306571163	0.2531818934052988	-3.9658683668094552	4
-1.2105271952261720	0.2842524720843915	-0.2058991450188652	2
1.2805489229061267	-0.2153438546235075	-3.8861593666529708	4
-1.5978330542398296	3.1199307669332490	1.2437177806170028	1
-1.3985263841170894	2.5848317157663008	0.9541635455497923	1
0.8233988639211653	-0.4415832011332580	-3.5997648055053961	4
-3.3021312009972745	-1.9191602203667606	-0.0666442280525096	0
-1.0395964066587167	3.3016334315855502	2.1860300558571972	1
-3.6493643418505441	-1.6643311330452872	0.8668190821817616	0
-1.8002737036416874	-1.5814864932574149	-0.1542053163720248	3
-1.8391013952530337	-1.3077886444820108	1.2611977416805138	3
-0.2107367672753593	5.0984510051999834	1.5568283349973766	1
-1.4629435544001668	3.5737075902287683	3.4108609813961239	1
-3.3749087156619195	-3.7864603004633128	-1.5259818028603851	0
-1.2816442040098872	3.4329201839539385	1.3210177481221705	1
-1.4305412266936872	-2.3397814981981448	0.3736449756916188	0
-1.3656357104853258	-0.7956971607471278	1.5791905869793501	3
0.2474571535645010	0.7026027024457451	-3.4278654699134061	4
-0.4335208741310927	1.3193170786935038	-1.6852708389587823	2
-2.3763579724325736	-3.1583297668062427	0.6766893298157032	0
-0.0472978315881382	1.8221229988220178	2.2162849938561324	1
-1.1055252395590984	1.0438371284138315	0.9207155080810228	3
1.3639591946575369	1.3162373430346375	-2.0236189848197950	2
-0.7928165199903459	3.4494973672858666	1.2741764852995610	1
-0.3314451741601310	3.4605862732631310	-0.1765318989459382	1
-3.7846349868562035	0.0231867032787722	-0.4405064505082793	0
0.3543993778393664	0.1315246087806899	-2.2777186930323241	4
-3.4134167058060001	-2.5454334650540433	-0.3942974254741751	0
-1.2449616678674980	0.3744087723996445	2.3541485288260042	3
0.6296827798441241	0.4460244779786119	-3.9117830345645537	4
-1.5866184557211787	1.3542509505036584	1.0405763561628483	3
1.3822228580769695	1.2317560018390687	-2.0360273881199773	4
-0.5259761913206281	3.8767866543691514	2.6753106709508079	1
-1.1072563978058370	-1.2406801059581247	0.8160375919304166	3
-2.2426088408956208	1.0349800604869734	0.6155183527828509	3
-3.1702577972656529	-2.1275944267135354	-0.5419967973642451	0
0.3725387614715925	0.2336862504893307	0.8075246249112720	3
0.8285453750770393	-0.0653547271248525	-2.8310878957947514	2
-0.3511328750259780	0.4342794498373515	-2.6899255215179418	4
-0.5514939520994846	-0.0461784460497306	-2.1692861980061817	2
-0.5424238549675726	-0.5103009782648869	-0.0901092787546681	3
-0.5281503534899219	1.4386403921167064	-0.8453223338058495	2
-1.4545919517251020	2.4358135998785428	4.9836803846910422	1
1.2130868067553626	0.2709093930282239	-3.5669452032303157	4
-2.1524600672449865	-1.2404092673998792	1.5744644019224172	0
-0.8386764416746797	1.6775445245626472	1.4246352573053018	1
-0.1120166217960509	0.4540958420434844	0.5691267015209127	3
0.7081128244747247	0.8546909695984246	-3.2887205983513330	2
-2.0185830433246843	-3.8747436425710626	-1.2186135638242115	0
0.9928016933524750	-0.8343119002419759	-3.8471830872565769	4
-1.7981415141201986	-0.8141452011120608	2.2067459943427714	3
-2.8493645419003006	-3.3017157221649871	1.9256770775678389	0
1.2094011583128430	-2.7166770165507144	-1.7163118367440073	4
-1.3505830488349406	1.7508182630431870	0.6353155224090301	1
-1.8823392734119655	3.4155789892685067	3.1088698558985928	1
-0.6129268211100741	0.9487635891477051	0.4459682884971858	3
-0.7601127542791757	2.1233060250709466	0.3819354209581125	1
-1.0756245506862319	-0.5895324402382247	-1.8021575620169523	4
1.4184426949097939	0.1651787597199506	-4.1567039189124557	2
0.0171204909141919	-0.5604558706750156	-4.0549736273687973	2
-0.0982558532659131	0.7662067545345927	-3.9704668989656695	2
-1.3401400067358789	-0.6299567728957229	1.1253130290812507	3
-0.7996602980722961	-0.6833754441564438	1.3447008637576605	3
-2.6917725019321819	-3.3621163862172900	0.4167473692190671	0
0.9868574207267324	2.7931340781689671	-2.3142165763708018	2
-1.4740668354780917	-2.6401637919119105	1.4934829432945920	0
-2.2312153377906325	0.0012130577066808	1.4004420938579885	3
1.8144840887781661	-1.2426915798768783	-3.4479355022759730	4
-2.4901675143403326	1.6361339905182908	2.0965994488258191	1
0.8715122713445220	1.7868557269931797	-2.3436968034113494	2
1.2078012852288489	-0.0112174333198635	-2.4632624447434330	4
-1.8231379838247244	-1.9438263503666544	1.0581124023768811	0
-1.5017465689570502	-0.3646697162043300	0.3622914639994473	3
-0.6679908462682012	2.0729147811191524	-1.7356394214881399	2
0.3379796097918051	1.1451124164653754	1.2265508581823563	1
-1.1164371738033865	4.2680351816158097	0.8680802250041868	1
-0.2312533420453542	-3.4770683993805283	-1.0652759646269112	0
-4.1520324507532091	-2.5310291383526651	-0.7164680303020703	0
0.7219011655063978	1.4427695527336768	-2.9187541088810454	2
-0.9062705430765717	2.6561748472663687	2.2253738122029691	1
2.3148745694691018	0.6357717262360176	-3.0503892223984228	4
1.1106919756822831	-0.6489260673556229	-1.8795975383638179	4
0.9993407033598316	0.2783797580179217	-3.7773154792626040	4
-2.2804374531139917	-1.5504689292182081	0.4552156757896759	0
-2.7836293002942449	-1.4171077949681736	1.1312897205663746	0
0.6337036131511029	-1.5717777398462436	2.4047706446020523	3
G2
0	24	0.6262512607472274	68	0.6425763455246974	
1	22	0.3355682181725979	33	0.595881197291491	
2	99	1.3046891598491772	8	1.7903529457891647	
3	34	1.1702635206082477	18	1.175271015882492	
4	21	0.21769117296507842	24	0.44244720871660054	
5	15	1.1936109743534404	9	1.3021509950157821	
6	22	0.6198890551431891	1	0.6713207636252926	
7	102	0.8309870428640622	28	0.892548851264429	
8	99	0.6146348663159257	62	0.9361439011368201	
9	92	0.8255861723107517	5	1.3021509950157821	
10	41	0.2902283502711333	50	0.35617079090973924	
11	37	0.6568244710894856	60	1.0656328462638196	
12	97	0.31824250174235386	66	0.6774407357346511	
13	55	0.8485347756300841	65	1.2725343779078913	
14	32	0.7046750877406087	96	1.1157966723752664	
15	79	0.4471349903566999	36	0.5318590972356505	
16	91	0.573393035072815	80	0.762350841875136	
17	0	1.095437492396466	100	1.2748272033838983	
18	38	1.108346553223201	34	1.1720646218882729	
19	79	0.6633484574884747	15	0.8800403619707147	
20	91	0.9103566873848012	16	0.9919839878534963	
21	4	0.21769117296507842	77	0.4868331409646068	
22	1	0.3355682181725979	33	0.4515673251609155	
23	22	0.6402310507625668	1	0.6664032488670703	
24	4	0.44244720871660054	68	0.4941143145747408	
25	54	0.5355328917428336	46	0.7155132831557434	
26	98	0.660257905014883	33	0.9077828154812517	
27	103	0.9383822566715777	25	1.028038165344772	
28	102	0.7764748941682402	7	0.892548851264429	
29	63	0.4481848259230253	90	0.6678640945967237	
30	94	1.4086367968582982	51	1.6860730756414906	
31	73	0.5404591228264529	51	1.2291456454760092	
32	14	0.7046750877406087	67	1.3935165992204634	
33	22	0.4515673251609155	42	0.49134652901383735	
34	90	0.882841067801679	28	0.995157952216551	
35	80	0.48386438661918096	81	0.6228400804143561	
36	66	0.5046739377353253	15	0.5318590972356505	
37	11	0.6568244710894856	92	0.7908366829132356	
38	82	0.4567112157033867	18	1.108346553223201	
39	64	1.1286683946592433	98	1.197313330584009	
40	49	0.5849564483655884	74	0.6907076821852003	
41	50	0.0873191095016457	10	0.2902283502711333	
42	33	0.49134652901383735	22	0.8703984703421597	
43	75	1.51127763956557	42	1.5223472989791598	
44	7	1.6929313201020768	25	2.0359996160468774	
45	56	0.7548465898240775	57	0.8714073232803727	
46	54	0.5055005650051981	25	0.7155132831557434	
47	69	1.3192406897237159	35	1.408641164732243	
48	101	0.4275900559853161	36	0.6679109401959623	
49	40	0.5849564483655884	72	0.6141780605440217	
50	41	0.0873191095016457	10	0.35617079090973924	
51	26	0.9132373599391832	31	1.2291456454760092	
52	80	0.7230968544254425	81	0.8274591842600206	
53	49	0.8443527656677325	72	1.1439083328071364	
54	46	0.5055005650051981	25	0.5355328917428336	
55	65	0.5832734156290318	13	0.8485347756300841	
56	89	0.5310945814134342	45	0.7548465898240775	
57	58	0.7362402163106013	45	0.8714073232803727	
58	57	0.7362402163106013	76	0.839481913288669	
59	16	0.7846559489315877	20	1.0445499278905348	
60	37	0.8536429480752835	11	1.0656328462638196	
61	31	1.9412968237555492	73	2.158198903791719	
62	101	0.2999980935068647	4	0.48395652438044107	
63	29	0.4481848259230253	103	0.7912021035031582	
64	40	0.8524836998584383	49	0.9007981077636192	
65	55	0.5832734156290318	74	0.7146853870763713	
66	36	0.5046739377353253	12	0.6774407357346511	
67	32	1.3935165992204634	18	1.4434485117906812	
68	24	0.4941143145747408	0	0.6425763455246974	
69	35	0.7623827055240845	63	0.8408464208226659	
70	38	1.3432293702077545	82	1.5183386829086527	
71	17	1.475282225611583	95	1.7542885028601856	
72	49	0.6141780605440217	75	0.7427003281435238	
73	31	0.5404591228264529	26	1.2549232749931793	
74	40	0.6907076821852003	65	0.7146853870763713	
75	72	0.7427003281435238	23	0.97366470230175	
76	58	0.839481913288669	57	1.536623221312784	
77	21	0.4868331409646068	101	0.5765384058991657	
78	24	0.9335044712506854	19	0.9783167119263149	
79	15	0.4471349903566999	36	0.6465131625445882	
80	35	0.48386438661918096	81	0.585749854392074	
81	80	0.585749854392074	35	0.6228400804143561	
82	38	0.4567112157033867	18	1.2425935622329658	
83	88	1.0132964557904207	10	1.4443260337164432	
84	90	0.8923474698820018	34	1.1602418173303157	
85	80	1.1260935143059516	35	1.1900609275475136	
86	0	0.90826416356729	68	1.0006670554205588	
87	49	1.4181127324077292	6	1.4997935682668193	
88	97	0.686636499816835	12	0.7188057013263307	
89	56	0.5310945814134342	100	0.8699236994492618	
90	29	0.6678640945967237	102	0.852840740299365	
91	16	0.573393035072815	80	0.8238299655759145	
92	37	0.7908366829132356	9	0.8255861723107517	
93	55	1.003730529156094	65	1.0546122682441383	
94	33	0.9642939499953803	42	0.969354761523514	
95	3	1.4513921362940456	18	1.7038748808086512	
96	46	0.8059495033355454	54	1.0756771113623287	
97	12	0.31824250174235386	88	0.686636499816835	
98	26	0.660257905014883	1	0.9884458154447269	
99	8	0.6146348663159257	62	1.2703900493914382	
100	89	0.8699236994492618	56	1.151301921155297	
101	62	0.2999980935068647	48	0.4275900559853161	
102	28	0.7764748941682402	7	0.8309870428640622	
103	63	0.7912021035031582	102	0.8532662780268868	
104	13	1.842203924853803	81	1.991868138518216	
