0.6130903957617746	0.0103008889949050	-1.3184317472644171	3
1.3824232295875085	-0.0044522949736353	-2.0017642437568415	4
2.1530137833274958	1.9018009106225244	2.2215990148878628	0
-0.6993404853066740	-1.0171253712789001	0.2534896353505146	2
-0.0950816803619874	-0.0437252613946998	-0.0653926177911059	1
1.6095803717860955	0.2206154899858176	-2.9500570723706092	4
-1.6050126408287397	2.8151885405796118	3.9203212773330982	0
0.5812034373828106	0.7986884198342470	2.3343722537739877	0
1.1311982186153391	-0.1852267779059190	2.4776721075063945	1
-0.4410605778647653	1.2068123740205685	-4.6702953516898278	3
-0.3410960633528753	-0.2078773451102127	0.1596681060974362	1
0.2926142984377358	0.1737837314223047	0.1350118651194210	1
-1.8984557964931039	-2.9201048486746219	0.7512110011709836	2
0.8048707803362521	2.9879078926116756	3.0372742496460812	0
2.6013669228381144	-0.1867459146404015	-2.2024098509346501	4
-2.4614840614588620	-1.3219795647805586	1.9449598035575433	2
1.4577357147362759	4.8779965151481850	2.3461846346228956	0
-0.2565796347941549	-0.0694917736699707	1.2784617149588229	1
0.8777052583627472	1.6511862448445189	-0.9355968284018286	4
-1.6113593843027616	-1.1646381360134768	1.3740013450808828	2
-1.5461627054599829	-0.7321712131732268	2.2423472048141635	2
-0.6212478458970403	-0.0110740271882709	-2.5965528767668746	3
0.0554699131328552	-0.8799517047975693	-0.4572087698005413	1
0.7200961765774752	-0.0546086180059352	-2.2855037938614391	3
-0.0789605414156366	3.0605096710582189	3.5645163002668880	0
-1.1002185920943219	1.6031420728761459	-2.4584622218974324	3
-1.5485913878077664	-1.4638033671400947	-0.1570193535434289	1
-1.4604127500361881	-0.7213721880692168	-3.9192801875767627	3
0.3433764415501516	-2.1938271877837616	-0.9393953242410142	1
2.3395363442749906	-0.3242669926742148	-1.3134839984539759	4
1.4251103132683447	-0.9102366033003328	1.0173120644855942	1
1.2612836634767564	0.3973795154280414	-1.1380187366417940	4
-0.4954707792463237	-0.1974611106138775	0.0767157492067633	1
2.0946883889372216	1.5901307620345824	2.1163718939531395	0
0.0641119070680500	-3.0439742063703035	1.4200214580752353	2
0.7511967119508720	1.3850336908012530	2.1851542644181867	0
0.5937123114390421	-1.7123940737374392	0.7156612583473851	2
1.2171724897288867	0.6981682649255697	-1.3126559326703258	4
-1.9177876427732528	1.0321951259981763	-3.5650971929613435	3
-0.2890412285926443	1.9405675955711326	2.6321361567109292	0
-1.0621192716246775	0.1468353160059120	-4.2721512734896239	3
-1.5301742165469665	2.1192449751598814	-3.0348830186658566	3
0.5775341766487958	1.9654974435104469	-3.5410054217039888	3
-0.1967970552664564	1.7607330614874495	1.1858487113503928	0
-0.8830109040922788	-0.2810841010745309	-3.8955838519877499	3
0.2831600263157756	2.9505175915986852	2.6824858631033424	0
0.7811434551555582	0.8272228311657570	0.6020085200655934	1
-1.1758904664027872	-1.0972520053037200	2.1170992587545490	2
1.2612631249555502	2.5531719691885777	1.6051137767986525	0
2.2094618490923175	1.7533689358080027	2.7308990261900203	0
-1.0415862158663713	-2.0998742813330638	-1.4293450684710856	1
-2.4706989305435152	-1.3295295333555208	2.0513302022638653	2
-0.7080694224214301	0.9488970823702629	-2.2116867251103236	3
-2.4303569746338036	-0.4172941770812856	1.7063126677265317	1
-0.9065540468347162	-1.2757070390020582	-3.4190976050036133	3
-0.6950784664357961	-1.4473929891951876	0.4213486146678104	1
-2.0247310967410814	-1.1809066125537333	1.0695310803211744	2
-0.5264035995412941	1.7527630879708069	0.2694777817551384	4
-0.4694643343573996	-0.3037958800762401	0.2741524908751813	2
-1.2965436085254047	-1.2246095700047743	1.3137718684658481	1
-0.1098963347092774	0.6703018107869588	-0.4785603705467978	4
-0.5426782322634738	-2.2264632557661126	0.1101262645680542	2
1.9016034465790974	1.3497360841164512	-2.9104891679028637	4
-1.0380843313039119	1.2508569072636360	-1.2605199667269176	3
-0.3943854981182038	-0.2037599204375272	-2.2274197315317652	4
1.0976627810883886	-0.1884817600069163	-2.0445675578695139	4
0.5757643676029173	-0.1880910566873510	-0.6395744731665010	4
-2.1005913739230770	-2.2959313753799124	3.9279769018193078	2
0.0915578248405893	-2.8346219541408653	1.9273857398883179	2
1.5476782079020499	2.9050015958135078	4.2156605884467577	0
-0.1668541570854416	1.6498647664165582	-2.5965819367670160	4
-1.4775463260299206	0.1101187343947294	-2.8016025458510794	3
1.2496025748062050	-0.6232522767649888	1.7291898066484124	1
2.3656474344206497	3.7926032070413749	2.0583737319881870	0
1.2499792435868253	-1.2419771171750420	-0.0875027584934586	4
1.7881318105405652	0.1882488685829985	-1.7648009583730739	4
-1.1548453048059173	-2.1948527400731930	-0.3322154774463315	2
2.2024154552499029	-0.0725744891715534	3.3908546461388207	0
-1.3410222875305546	-1.0346863493670475	2.1309840538102796	2
2.8090310959290927	2.4387728169051899	2.9181191372816895	0
-0.5941582572599681	-1.5173184509608824	-0.2971019322249369	2
-0.0346801759259142	2.1404874087514112	-2.4773573689303090	3
1.5446177533178365	1.0563112597128357	-0.1389460904245232	4
-1.2054261306460103	-0.4482752072310245	-0.1193886877156097	1
-0.9314923414897790	-0.6240179598995159	1.9583631756877109	2
1.1869013863107747	2.9295459268095212	3.3882501298637049	0
-0.4232358739965040	-1.7695061272429828	0.4770938919746389	2
-0.9390951802845342	1.0393046939392907	-4.2353367607356933	3
-1.0412142523803543	-1.0728270017565125	-0.4419836470023446	1
0.2800942100832815	2.0054804884254551	-0.6778521063838245	4
0.3356697236002051	0.9591730688819551	0.1255066169229893	4
-1.2557770569361910	0.4587574191517432	-0.5695215104193045	3
1.3283202842900916	-0.6323534319426225	1.9844827584356295	1
-2.0464816761227205	-2.8765223014654695	0.0645785859800642	2
1.0004265536954466	0.4910092485494342	-0.3001783273396623	4
2.2863026187750783	0.3302780850714075	4.3262489572328224	0
-0.6374775395562137	0.7358592394964777	-1.4980870148537604	3
0.7617422467641031	0.5563427378438262	0.8106656311853917	1
0.3220251215589035	2.1944914012211818	2.0357100988776793	0
-1.6766384178501630	-0.9054625339407953	-1.8756054918842540	3
G4
0	66	0.7082371037197644	31	0.7762301396843002	65	0.8953201402897327	37	0.9154835133172277	
1	65	0.3417418334487068	75	0.5078235812906805	23	0.7222886640275032	31	0.9603123967697288	
2	33	0.3340851390466535	49	0.5334837736879222	79	1.0971954354030882	48	1.2647361548663696	
3	55	0.4618712209801087	58	0.7497392622726468	80	0.751270585304528	88	0.7769578049789275	
4	10	0.37164675790832163	32	0.45181957661366734	11	0.4876272046393421	58	0.5684100448912286	
5	1	1.0007572951913388	65	1.117734959858012	23	1.1439237313401054	62	1.1669431911474708	
6	24	1.586068929425051	39	2.038667079310043	45	2.2618016017596916	13	2.5723806349914735	
7	35	0.6284620104120312	8	1.1362738331083824	98	1.4507372074256863	39	1.466245945444529	
8	92	0.6942730641201518	72	0.8752780609117135	7	1.1362738331083824	77	1.4121257929388744	
9	87	0.6821189514582007	40	1.291427106583281	42	1.699539365403704	44	1.7347431853803807	
10	32	0.17555951800453054	58	0.19694022623288224	4	0.37164675790832163	11	0.7401769587064388	
11	4	0.4876272046393421	10	0.7401769587064388	90	0.7866260425224335	32	0.8730975086078656	
12	93	0.7037578937761728	76	1.5009197576643443	61	1.6523501755337244	26	1.75159969365408	
13	85	0.5220513111257249	45	0.632024481089187	24	1.0317039320881378	98	1.3659357258359426	
14	29	0.936833213535246	75	0.9967316480213424	1	1.2487246897400526	5	1.3071190628812723	
15	51	0.10703540329569525	53	0.9361500957064224	56	0.9884483696718923	19	1.036080041899406	
16	73	1.444028199066309	13	2.115720321688101	85	2.226142723416998	45	2.2820827252388307	
17	58	1.0530219974751047	84	1.1069202542074896	10	1.1304834064718727	32	1.2319247121057684	
18	89	0.7410099309647663	37	1.0796549630932784	82	1.1972054636454128	31	1.3267020526611693	
19	59	0.32608761924763807	56	0.5136564786858789	78	0.8142434734519641	47	0.8639262574868081	
20	78	0.38209913647656973	47	0.5348575172802656	84	0.6856848484076663	19	0.9722668246931876	
21	64	0.47418736508700227	71	0.8888082691613173	52	1.0378846140241922	96	1.328457736484357	
22	66	0.8846664487364444	80	0.9240602406343416	4	0.935660378516441	10	0.994728907126409	
23	65	0.46747067159884154	1	0.7222886640275032	0	0.9751368234952582	64	1.1259170806707939	
24	45	0.9597954236194649	13	1.0317039320881378	85	1.2847675607686664	39	1.4723236327888367	
25	52	0.8016954687982872	41	0.8851468689948034	70	0.9446847274444383	81	1.193511270537055	
26	88	0.7010697000938081	76	0.8486240895566047	80	0.9661416012850691	55	1.0311465046762303	
27	44	0.7265039625282309	54	0.9296392881006574	40	1.0183024935405134	71	1.39315254885449	
28	80	1.3225642456599938	61	1.3739190526725473	22	1.4288676730826668	50	1.4720731853205813	
29	75	0.8777280137797351	14	0.936833213535246	1	1.2215058948880513	31	1.3092710125896685	
30	72	0.787358171179973	92	1.010943380150057	74	1.1667640949171707	36	1.1940152652573774	
31	37	0.3505963743543413	0	0.7762301396843002	75	0.8450802038817347	94	0.8824905155906239	
32	10	0.17555951800453054	58	0.22575359428592956	4	0.45181957661366734	83	0.7780753576766001	
33	2	0.3340851390466535	49	0.6461139565031385	35	1.360795983697363	79	1.3686772747848233	
34	68	0.549545410658319	36	1.596779737125046	86	1.6585804591081559	61	1.6590189406757696	
35	7	0.6284620104120312	98	0.9283014583484954	39	1.2611525301614737	33	1.360795983697363	
36	86	1.0461165264033918	74	1.1388813973368828	30	1.1940152652573774	55	1.3482682137369628	
37	31	0.3505963743543413	75	0.8890711226082221	0	0.9154835133172277	1	0.9979247078940396	
38	87	1.1862169111502703	41	1.2700585078559221	71	1.2755239570805257	40	1.4198435925570414	
39	98	0.8908442208522481	45	1.1618727828504403	35	1.2611525301614737	43	1.4603413374171237	
40	44	0.5974929771730851	87	0.901660593542919	27	1.0183024935405134	9	1.291427106583281	
41	25	0.8851468689948034	38	1.2700585078559221	70	1.5070060395644722	81	1.5961793497696357	
42	81	1.239667326988473	70	1.2432512606667994	62	1.590557207271687	9	1.699539365403704	
43	57	0.9738786757671242	98	1.0860879920449233	35	1.427744300709702	90	1.431902458115444	
44	40	0.5974929771730851	27	0.7265039625282309	54	1.10311749681836	71	1.30510808923792	
45	13	0.632024481089187	24	0.9597954236194649	98	0.9956932184938637	85	1.14686156824851	
46	97	0.3424766004649172	90	0.6655161714321717	11	0.9400687580001126	94	0.9874541802392612	
47	78	0.17713206142733934	20	0.5348575172802656	84	0.5557679814976972	59	0.8222603152157463	
48	98	1.093724357162223	2	1.2647361548663696	33	1.3723814701736154	35	1.4004148493882336	
49	2	0.5334837736879222	33	0.6461139565031385	79	0.9296844260138394	35	1.6000141899113696	
50	76	1.1070419451647757	80	1.3496435059747556	99	1.4244504508960691	88	1.424678500380771	
51	15	0.10703540329569525	53	0.9761341699692835	56	1.0885336913580252	19	1.1065387518851209	
52	96	0.7480594113444621	25	0.8016954687982872	70	0.9656158560556994	21	1.0378846140241922	
53	15	0.9361500957064224	51	0.9761341699692835	56	1.0738375549788204	20	1.0808700562272155	
54	27	0.9296392881006574	44	1.10311749681836	21	1.535342343848026	71	1.621063047876032	
55	86	0.4251620922767319	3	0.4618712209801087	80	0.7288660008216368	61	0.8526638627456228	
56	19	0.5136564786858789	59	0.7692987255139287	15	0.9884483696718923	53	1.0738375549788204	
57	43	0.9738786757671242	90	1.180543615955293	89	1.2695427201883256	60	1.3801310791224253	
58	10	0.19694022623288224	32	0.22575359428592956	4	0.5684100448912286	3	0.7497392622726468	
59	19	0.32608761924763807	56	0.7692987255139287	47	0.8222603152157463	78	0.8401695891299988	
60	90	0.8042839308488383	4	0.825082859904949	11	0.8860112309179925	32	1.1000053223538226	
61	86	0.5981149837789531	76	0.7559192854636525	80	0.8193725351872363	55	0.8526638627456228	
62	5	1.1669431911474708	42	1.590557207271687	75	1.6353989841896348	1	1.711477505415208	
63	96	0.6943676992456501	52	1.0510983675127394	91	1.0734479905798127	25	1.250212442346349	
64	21	0.47418736508700227	23	1.1259170806707939	52	1.1946812537154698	96	1.2140445288137098	
65	1	0.3417418334487068	23	0.46747067159884154	75	0.8348309992712205	0	0.8953201402897327	
66	0	0.7082371037197644	94	0.8698878897143549	22	0.8846664487364444	4	0.8947405802594078	
67	51	2.1430620519919676	15	2.2385670580273156	78	2.3231159050811394	47	2.360335111539648	
68	34	0.549545410658319	36	1.726218631324365	86	1.871585082542498	61	2.018550068534606	
69	85	0.9029786299543099	13	1.3954320807433684	24	1.7590125827512977	79	1.86868782837264	
70	81	0.5219147785252317	25	0.9446847274444383	52	0.9656158560556994	42	1.2432512606667994	
71	21	0.8888082691613173	64	1.2654813682316113	38	1.2755239570805257	52	1.2820469951525626	
72	92	0.26730843616352123	30	0.787358171179973	8	0.8752780609117135	97	1.5726216198047576	
73	16	1.444028199066309	79	1.6639134468091235	48	1.720842550420125	2	1.9097091104924024	
74	36	1.1388813973368828	30	1.1667640949171707	22	1.3017670584806114	66	1.367488466360976	
75	1	0.5078235812906805	65	0.8348309992712205	31	0.8450802038817347	29	0.8777280137797351	
76	61	0.7559192854636525	26	0.8486240895566047	80	0.8801452375981663	50	1.1070419451647757	
77	95	1.0219049711228056	8	1.4121257929388744	92	1.7479349871167964	49	1.941561346750151	
78	47	0.17713206142733934	20	0.38209913647656973	84	0.6051126096651958	19	0.8142434734519641	
79	49	0.9296844260138394	2	1.0971954354030882	33	1.3686772747848233	73	1.6639134468091235	
80	88	0.6468557972730258	55	0.7288660008216368	3	0.751270585304528	61	0.8193725351872363	
81	70	0.5219147785252317	25	1.193511270537055	42	1.239667326988473	52	1.3942458442500933	
82	94	0.8010657025441182	46	1.0882960290541879	18	1.1972054636454128	31	1.2298843045229313	
83	88	0.7218711746328095	32	0.7780753576766001	58	0.8469880169270912	3	0.8477920932448193	
84	47	0.5557679814976972	78	0.6051126096651958	20	0.6856848484076663	59	0.9536617131033059	
85	13	0.5220513111257249	69	0.9029786299543099	45	1.14686156824851	24	1.2847675607686664	
86	55	0.4251620922767319	61	0.5981149837789531	80	0.8319809248877575	3	0.8320513337001822	
87	9	0.6821189514582007	40	0.901660593542919	38	1.1862169111502703	44	1.364552694122418	
88	80	0.6468557972730258	26	0.7010697000938081	83	0.7218711746328095	3	0.7769578049789275	
89	18	0.7410099309647663	57	1.2695427201883256	90	1.3203155275189342	60	1.4051732712448726	
90	46	0.6655161714321717	11	0.7866260425224335	60	0.8042839308488383	97	0.9018053811242013	
91	83	1.0138357653862369	63	1.0734479905798127	96	1.1494840616799755	60	1.1687889408145906	
92	72	0.26730843616352123	8	0.6942730641201518	30	1.010943380150057	7	1.6518132531911047	
93	12	0.7037578937761728	76	1.1904345166174264	26	1.5141912605086678	61	1.6389253038754523	
94	82	0.8010657025441182	66	0.8698878897143549	31	0.8824905155906239	11	0.8893934568132125	
95	77	1.0219049711228056	49	2.1392132843206446	8	2.2399213844164594	33	2.5509804812144816	
96	63	0.6943676992456501	52	0.7480594113444621	91	1.1494840616799755	60	1.1498148905882912	
97	46	0.3424766004649172	90	0.9018053811242013	11	0.9071606455828305	94	1.1380742345692079	
98	39	0.8908442208522481	35	0.9283014583484954	45	0.9956932184938637	43	1.0860879920449233	
99	71	1.3887092991604084	50	1.4244504508960691	64	1.503440177452102	21	1.559982433281747	
