9.6130903957617750	9.0103008889949052	7.6815682527355831	3
1.3824232295875085	-0.0044522949736353	-2.0017642437568415	4
29.1530137833274949	28.9018009106225264	29.2215990148878646	0
8.3006595146933257	7.9828746287210999	9.2534896353505154	2
8.9049183196380124	8.9562747386053001	8.9346073822088936	1
1.6095803717860955	0.2206154899858176	-2.9500570723706092	4
25.3949873591712603	29.8151885405796122	30.9203212773330982	0
27.5812034373828112	27.7986884198342494	29.3343722537739886	0
10.1311982186153386	8.8147732220940807	11.4776721075063950	1
8.5589394221352340	10.2068123740205685	4.3297046483101722	3
8.6589039366471248	8.7921226548897877	9.1596681060974365	1
9.2926142984377353	9.1737837314223043	9.1350118651194219	1
7.1015442035068963	6.0798951513253776	9.7512110011709829	2
27.8048707803362518	29.9879078926116733	30.0372742496460816	0
2.6013669228381144	-0.1867459146404015	-2.2024098509346501	4
6.5385159385411384	7.6780204352194410	10.9449598035575431	2
28.4577357147362768	31.8779965151481832	29.3461846346228938	0
8.7434203652058446	8.9305082263300299	10.2784617149588229	1
0.8777052583627472	1.6511862448445189	-0.9355968284018286	4
7.3886406156972386	7.8353618639865230	10.3740013450808828	2
7.4538372945400173	8.2678287868267724	11.2423472048141626	2
8.3787521541029601	8.9889259728117299	6.4034471232331249	3
9.0554699131328551	8.1200482952024302	8.5427912301994589	1
9.7200961765774743	8.9453913819940656	6.7144962061385609	3
26.9210394585843638	30.0605096710582202	30.5645163002668880	0
7.8997814079056781	10.6031420728761461	6.5415377781025672	3
7.4514086121922336	7.5361966328599053	8.8429806464565708	1
7.5395872499638124	8.2786278119307823	5.0807198124232373	3
9.3433764415501521	6.8061728122162384	8.0606046757589862	1
2.3395363442749906	-0.3242669926742148	-1.3134839984539759	4
10.4251103132683447	8.0897633966996665	10.0173120644855942	1
1.2612836634767564	0.3973795154280414	-1.1380187366417940	4
8.5045292207536765	8.8025388893861223	9.0767157492067625	1
29.0946883889372216	28.5901307620345833	29.1163718939531400	0
9.0641119070680496	5.9560257936296965	10.4200214580752348	2
27.7511967119508718	28.3850336908012508	29.1851542644181876	0
9.5937123114390417	7.2876059262625610	9.7156612583473851	2
1.2171724897288867	0.6981682649255697	-1.3126559326703258	4
7.0822123572267470	10.0321951259981770	5.4349028070386565	3
26.7109587714073555	28.9405675955711317	29.6321361567109278	0
7.9378807283753225	9.1468353160059124	4.7278487265103761	3
7.4698257834530333	11.1192449751598819	5.9651169813341429	3
9.5775341766487951	10.9654974435104471	5.4589945782960108	3
26.8032029447335418	28.7607330614874499	28.1858487113503919	0
8.1169890959077211	8.7189158989254700	5.1044161480122501	3
27.2831600263157767	29.9505175915986861	29.6824858631033415	0
9.7811434551555578	9.8272228311657575	9.6020085200655938	1
7.8241095335972126	7.9027479946962798	11.1170992587545499	2
28.2612631249555477	29.5531719691885755	28.6051137767986532	0
29.2094618490923175	28.7533689358080018	29.7308990261900199	0
7.9584137841336284	6.9001257186669367	7.5706549315289147	1
6.5293010694564853	7.6704704666444794	11.0513302022638662	2
8.2919305775785705	9.9488970823702623	6.7883132748896760	3
6.5696430253661964	8.5827058229187152	10.7063126677265323	1
8.0934459531652845	7.7242929609979418	5.5809023949963867	3
8.3049215335642046	7.5526070108048122	9.4213486146678100	1
6.9752689032589181	7.8190933874462667	10.0695310803211751	2
-0.5264035995412941	1.7527630879708069	0.2694777817551384	4
8.5305356656426010	8.6962041199237596	9.2741524908751813	2
7.7034563914745950	7.7753904299952259	10.3137718684658477	1
-0.1098963347092774	0.6703018107869588	-0.4785603705467978	4
8.4573217677365271	6.7735367442338870	9.1101262645680539	2
1.9016034465790974	1.3497360841164512	-2.9104891679028637	4
7.9619156686960881	10.2508569072636355	7.7394800332730824	3
-0.3943854981182038	-0.2037599204375272	-2.2274197315317652	4
1.0976627810883886	-0.1884817600069163	-2.0445675578695139	4
0.5757643676029173	-0.1880910566873510	-0.6395744731665010	4
6.8994086260769230	6.7040686246200876	12.9279769018193083	2
9.0915578248405886	6.1653780458591347	10.9273857398883187	2
28.5476782079020523	29.9050015958135091	31.2156605884467595	0
-0.1668541570854416	1.6498647664165582	-2.5965819367670160	4
7.5224536739700794	9.1101187343947299	6.1983974541489211	3
10.2496025748062056	8.3767477232350114	10.7291898066484119	1
29.3656474344206515	30.7926032070413740	29.0583737319881870	0
1.2499792435868253	-1.2419771171750420	-0.0875027584934586	4
1.7881318105405652	0.1882488685829985	-1.7648009583730739	4
7.8451546951940827	6.8051472599268070	8.6677845225536689	2
29.2024154552499020	26.9274255108284457	30.3908546461388198	0
7.6589777124694454	7.9653136506329520	11.1309840538102804	2
29.8090310959290932	29.4387728169051890	29.9181191372816890	0
8.4058417427400318	7.4826815490391176	8.7028980677750631	2
8.9653198240740863	11.1404874087514116	6.5226426310696910	3
1.5446177533178365	1.0563112597128357	-0.1389460904245232	4
7.7945738693539894	8.5517247927689759	8.8806113122843904	1
8.0685076585102209	8.3759820401004834	10.9583631756877118	2
28.1869013863107725	29.9295459268095208	30.3882501298637067	0
8.5767641260034964	7.2304938727570169	9.4770938919746381	2
8.0609048197154660	10.0393046939392914	4.7646632392643067	3
7.9587857476196460	7.9271729982434875	8.5580163529976545	1
0.2800942100832815	2.0054804884254551	-0.6778521063838245	4
0.3356697236002051	0.9591730688819551	0.1255066169229893	4
7.7442229430638090	9.4587574191517430	8.4304784895806950	3
10.3283202842900916	8.3676465680573777	10.9844827584356288	1
6.9535183238772795	6.1234776985345309	9.0645785859800636	2
1.0004265536954466	0.4910092485494342	-0.3001783273396623	4
29.2863026187750783	27.3302780850714058	31.3262489572328207	0
8.3625224604437864	9.7358592394964774	7.5019129851462392	3
9.7617422467641024	9.5563427378438259	9.8106656311853921	1
27.3220251215589016	29.1944914012211818	29.0357100988776793	0
7.3233615821498370	8.0945374660592044	7.1243945081157456	3
G4
0	23	0.9751368234952583	22	1.3583796598570235	4	1.44032412127222	96	1.4569252197695866	
1	65	0.3417418334487068	75	0.5078235812906805	31	0.9603123967697288	37	0.9979247078940396	
2	33	0.33408513904665477	49	0.533483773687921	79	1.0971954354030862	48	1.2647361548663691	
3	55	0.46187122098010847	58	0.7497392622726469	80	0.7512705853045286	88	0.7769578049789289	
4	10	0.3716467579083217	32	0.451819576613667	11	0.48762720463934234	58	0.5684100448912284	
5	1	1.0007572951913388	65	1.117734959858012	62	1.1669431911474708	75	1.199066416104989	
6	24	1.5860689294250516	39	2.038667079310044	45	2.261801601759693	13	2.572380634991473	
7	35	0.6284620104120267	98	1.4507372074256848	39	1.4662459454445265	43	1.6881708997010307	
8	92	0.6942730641201523	72	0.8752780609117141	30	1.6567060757881802	17	1.8377778775503475	
9	87	0.6821189514581998	40	1.2914271065832803	42	1.6995393654037039	44	1.7347431853803799	
10	32	0.17555951800453107	58	0.196940226232882	4	0.3716467579083217	11	0.740176958706438	
11	4	0.48762720463934234	10	0.740176958706438	32	0.8730975086078651	97	0.9071606455828302	
12	93	0.7037578937761728	76	1.5009197576643436	61	1.652350175533725	26	1.75159969365408	
13	85	0.5220513111257242	45	0.6320244810891863	24	1.0317039320881374	98	1.3659357258359421	
14	29	0.936833213535246	75	0.9967316480213424	1	1.2487246897400526	5	1.3071190628812723	
15	51	0.1070354032956963	53	0.9361500957064234	56	0.9884483696718912	19	1.0360800418994058	
16	73	1.4440281990663084	13	2.1157203216881024	85	2.226142723416999	45	2.2820827252388285	
17	58	1.0530219974751047	84	1.1069202542074905	10	1.1304834064718723	32	1.2319247121057693	
18	89	0.7410099309647663	37	1.0796549630932784	82	1.1972054636454128	31	1.3267020526611693	
19	59	0.3260876192476377	56	0.513656478685879	78	0.8142434734519649	47	0.8639262574868086	
20	78	0.38209913647656873	47	0.5348575172802645	84	0.6856848484076653	19	0.9722668246931865	
21	71	0.8888082691613175	52	1.0378846140241909	96	1.3284577364843564	44	1.3523708120257123	
22	80	0.9240602406343411	4	0.9356603785164411	10	0.9947289071264096	32	1.026841978916736	
23	0	0.9751368234952583	21	1.3776249777069536	52	1.7470345241266485	96	1.7572339093997449	
24	45	0.9597954236194661	13	1.0317039320881374	85	1.2847675607686637	39	1.4723236327888392	
25	52	0.8016954687982883	41	0.8851468689948037	81	1.1935112705370552	63	1.2502124423463497	
26	88	0.7010697000938084	76	0.8486240895566046	80	0.9661416012850689	55	1.0311465046762307	
27	44	0.7265039625282316	54	0.929639288100657	40	1.0183024935405143	71	1.3931525488544911	
28	80	1.3225642456599938	61	1.3739190526725467	22	1.4288676730826664	50	1.4720731853205822	
29	75	0.8777280137797351	14	0.936833213535246	1	1.2215058948880513	31	1.3092710125896685	
30	72	0.7873581711799728	92	1.0109433801500565	36	1.1940152652573772	97	1.622841613936526	
31	37	0.3505963743543413	75	0.8450802038817347	94	0.8824905155906239	1	0.9603123967697288	
32	10	0.17555951800453107	58	0.22575359428593034	4	0.451819576613667	83	0.7780753576766	
33	2	0.33408513904665477	49	0.6461139565031372	35	1.360795983697364	79	1.3686772747848217	
34	68	0.5495454106583202	36	1.596779737125046	86	1.6585804591081559	61	1.659018940675769	
35	7	0.6284620104120267	98	0.9283014583484983	39	1.2611525301614734	33	1.360795983697364	
36	86	1.0461165264033911	30	1.1940152652573772	55	1.3482682137369617	61	1.386478712573497	
37	31	0.3505963743543413	75	0.8890711226082221	1	0.9979247078940396	94	1.055937763388096	
38	87	1.1862169111502707	41	1.2700585078559217	71	1.2755239570805261	40	1.4198435925570418	
39	98	0.8908442208522463	45	1.1618727828504425	35	1.2611525301614734	43	1.460341337417123	
40	44	0.5974929771730847	87	0.9016605935429194	27	1.0183024935405143	9	1.2914271065832803	
41	25	0.8851468689948037	38	1.2700585078559217	81	1.5961793497696366	52	1.6502189613517542	
42	81	1.2396673269884728	9	1.6995393654037039	87	1.907902938839327	25	2.0292992748976517	
43	98	1.0860879920449238	35	1.4277443007097048	39	1.460341337417123	7	1.6881708997010307	
44	40	0.5974929771730847	27	0.7265039625282316	54	1.1031174968183606	71	1.3051080892379203	
45	13	0.6320244810891863	24	0.9597954236194661	98	0.9956932184938636	85	1.146861568248509	
46	97	0.34247660046491774	11	0.9400687580001131	4	1.4041885011848865	17	1.5292335396602221	
47	78	0.17713206142733906	20	0.5348575172802645	84	0.5557679814976969	59	0.8222603152157475	
48	98	1.0937243571622215	2	1.2647361548663691	33	1.3723814701736148	35	1.4004148493882327	
49	2	0.533483773687921	33	0.6461139565031372	79	0.9296844260138397	35	1.6000141899113698	
50	76	1.107041945164776	80	1.3496435059747551	99	1.4244504508960687	88	1.4246785003807698	
51	15	0.1070354032956963	53	0.9761341699692841	56	1.088533691358025	19	1.1065387518851213	
52	96	0.7480594113444619	25	0.8016954687982883	21	1.0378846140241909	63	1.05109836751274	
53	15	0.9361500957064234	51	0.9761341699692841	56	1.0738375549788208	20	1.0808700562272155	
54	27	0.929639288100657	44	1.1031174968183606	21	1.5353423438480265	71	1.6210630478760326	
55	86	0.42516209227673163	3	0.46187122098010847	80	0.7288660008216362	61	0.8526638627456229	
56	19	0.513656478685879	59	0.7692987255139286	15	0.9884483696718912	53	1.0738375549788208	
57	90	1.180543615955293	89	1.2695427201883256	60	1.3801310791224253	18	1.8531174695493697	
58	10	0.196940226232882	32	0.22575359428593034	4	0.5684100448912284	3	0.7497392622726469	
59	19	0.3260876192476377	56	0.7692987255139286	47	0.8222603152157475	78	0.8401695891300001	
60	90	0.8042839308488383	66	1.1103578048847356	94	1.1387637563287032	57	1.3801310791224253	
61	86	0.5981149837789529	76	0.7559192854636527	80	0.8193725351872366	55	0.8526638627456229	
62	5	1.1669431911474708	75	1.6353989841896348	1	1.711477505415208	14	1.8307982341940712	
63	96	0.6943676992456502	52	1.05109836751274	91	1.0734479905798122	25	1.2502124423463497	
64	65	1.503288530882381	1	1.802135728401772	66	1.8608301480153915	70	1.9036742695748208	
65	1	0.3417418334487068	75	0.8348309992712205	31	1.0917124128987414	5	1.117734959858012	
66	94	0.8698878897143549	31	1.030125807666188	60	1.1103578048847356	37	1.2844837933593232	
67	51	2.143062051991967	15	2.2385670580273156	78	2.323115905081139	47	2.3603351115396474	
68	34	0.5495454106583202	36	1.726218631324366	86	1.871585082542499	61	2.0185500685346063	
69	85	0.9029786299543117	13	1.3954320807433709	24	1.7590125827513003	79	1.868687828372641	
70	64	1.9036742695748208	18	1.9621359914434093	89	2.0019364492053704	62	2.1135590443269434	
71	21	0.8888082691613175	38	1.2755239570805261	52	1.282046995152562	44	1.3051080892379203	
72	92	0.26730843616352085	30	0.7873581711799728	8	0.8752780609117141	97	1.5726216198047571	
73	16	1.4440281990663084	79	1.6639134468091228	48	1.7208425504201286	2	1.9097091104924	
74	66	1.367488466360976	94	1.7637316083812205	29	1.8794564504149736	31	1.9471008651617725	
75	1	0.5078235812906805	65	0.8348309992712205	31	0.8450802038817347	29	0.8777280137797351	
76	61	0.7559192854636527	26	0.8486240895566046	80	0.8801452375981661	50	1.107041945164776	
77	95	1.0219049711228045	49	1.941561346750151	33	2.0977369136342117	7	2.122164581002816	
78	47	0.17713206142733906	20	0.38209913647656873	84	0.6051126096651955	19	0.8142434734519649	
79	49	0.9296844260138397	2	1.0971954354030862	33	1.3686772747848217	73	1.6639134468091228	
80	88	0.6468557972730258	55	0.7288660008216362	3	0.7512705853045286	61	0.8193725351872366	
81	25	1.1935112705370552	42	1.2396673269884728	52	1.3942458442500942	41	1.5961793497696366	
82	94	0.8010657025441182	18	1.1972054636454128	31	1.2298843045229313	90	1.2413405661217507	
83	88	0.7218711746328104	32	0.7780753576766	58	0.8469880169270919	3	0.84779209324482	
84	47	0.5557679814976969	78	0.6051126096651955	20	0.6856848484076653	59	0.9536617131033063	
85	13	0.5220513111257242	69	0.9029786299543117	45	1.146861568248509	24	1.2847675607686637	
86	55	0.42516209227673163	61	0.5981149837789529	80	0.831980924887757	3	0.8320513337001821	
87	9	0.6821189514581998	40	0.9016605935429194	38	1.1862169111502707	44	1.3645526941224178	
88	80	0.6468557972730258	26	0.7010697000938084	83	0.7218711746328104	3	0.7769578049789289	
89	18	0.7410099309647663	57	1.2695427201883256	90	1.3203155275189342	60	1.4051732712448726	
90	60	0.8042839308488383	94	0.9177617760609293	57	1.180543615955293	82	1.2413405661217507	
91	83	1.0138357653862364	63	1.0734479905798122	96	1.1494840616799755	32	1.1942826258601371	
92	72	0.26730843616352085	8	0.6942730641201523	30	1.0109433801500565	97	1.764045323935236	
93	12	0.7037578937761728	76	1.1904345166174257	26	1.5141912605086674	61	1.6389253038754528	
94	82	0.8010657025441182	66	0.8698878897143549	31	0.8824905155906239	90	0.9177617760609293	
95	77	1.0219049711228045	49	2.139213284320644	33	2.5509804812144807	79	2.588788265740205	
96	63	0.6943676992456502	52	0.7480594113444619	91	1.1494840616799755	21	1.3284577364843564	
97	46	0.34247660046491774	11	0.9071606455828302	17	1.2835425455573417	4	1.3644438066134021	
98	39	0.8908442208522463	35	0.9283014583484983	45	0.9956932184938636	43	1.0860879920449238	
99	71	1.3887092991604084	50	1.4244504508960687	21	1.5599824332817476	88	1.5770371997111703	
