1.0251329931307744	0.1417379370910787	0.5770053578333377	-1.1986379752358396	0.1425286105131742	1.8915241747415492	0.5581481566168702	2.0249205505403256	3.6949377222179915	-0.8066258770874877	1.3843902814553635	2.2635557526246242	-0.2308531936452942	-1.2701733364589218	-2.5111103508837629	-1.1132226070196225	1.1515593815523393	0.5174174161808469	4.3500353874283499	0.0027681790404253	0
-2.4249045446382516	3.1963819708838792	-0.7238923574885314	-2.7659419218340564	-3.0605200087101179	1.8178347832879513	-2.9659879141147427	-0.0203340123887874	0.1868749013888608	-0.4052229678354751	3.2302596921487621	1.1665522068213332	-1.6672557037179039	-1.7935720778510187	1.5290094581405205	1.2831587901071253	-0.9889796821381296	-0.4896260024629147	-0.2411838498007030	-1.5022121710230185	3
1.2105787306277382	-1.7268020449809962	0.3159119947958252	0.9715377804153589	4.0972314993317740	3.3645340992297150	0.1464337809191345	0.1690794967546947	0.2784013304551911	-4.5653147292502165	1.8796125119650049	3.9591221277207573	1.0103998637117422	-2.3708388111658905	0.5907788310718116	-3.2011071537330764	0.3724155685343027	-2.2084729034939974	-0.0575955802846688	-0.2575400326774890	1
-0.3527784881538342	-2.3966365523846704	1.5132426914818371	0.3675808887329746	2.5963445013915707	-0.2268626927417490	-1.6760523149668127	-3.0744434769057793	2.9272688026673341	0.7156771887119054	-1.3558838636993529	-1.0670947667054267	0.1571908260379319	-0.0299896527941790	-2.2666653175728975	1.4681212551170340	2.0521169801214696	-0.8466060275627657	2.2592586745659968	2.1683390837950469	2
-0.1610959951066496	-2.2299946443820060	1.6775254531596429	0.2682145513234881	-1.8637739692339141	-1.7642373148223400	-0.9677985001278988	-2.4112777625796511	2.3896362125912178	1.4255346282732431	-0.6053168957313794	-2.0847843726591084	-0.1675239367574663	-1.1884974138363480	-0.9782305821632975	1.6513224605126939	0.2257019489154312	-1.2452153970367432	3.1970199489822502	0.1236327429489127	2
0.1815893232902082	-0.3179170452154065	0.4633035695285740	0.0829927308105262	3.4040376825681222	1.8625985005277323	-0.2205777813491026	0.8490244917119387	1.1177224135548540	-2.0943254695855029	0.0251827551217589	1.7502903611375289	2.3764303996132736	-2.3148139638655607	-0.1176462718823958	-3.7459761965925371	1.7273727246470023	-3.0796375903465023	-0.1065386511245525	-0.5808342343454589	1
-1.9365096347496453	3.2509619019246729	-0.1486212010860150	-3.3060983742944994	-3.3642213071638816	2.5845056668752435	-2.6180192968293059	0.6744711526368526	-0.1420066646250447	0.8605823856140030	3.3078675784121989	1.5617441412851911	-2.8866294293605583	-2.1010412473811222	0.4977048732562052	0.4820559807523138	-0.3714828035195727	-0.8380445946845202	0.4402538483857297	-2.5727334527677552	3
-0.3627372285228223	3.0541243132221845	1.9746545509698072	-1.3293123153210789	-1.0343573133405675	0.5578107014732516	0.5223745024208237	-2.0014288774203077	-0.4425700530177290	-0.0365935148602844	2.4542012113560356	0.9866248360497629	-3.0939688020108509	0.7659918533889321	-1.1955138093332434	1.5836890173479945	-0.5358210021395529	-0.1688088941499154	-0.5310282049198095	2.1970493981714636	4
-1.8384895678772255	0.8801265695961715	-1.6624660385984746	-4.3449131424681990	-2.0274842782234619	1.5665006400010100	-3.2685093945880324	0.6173701235021241	0.3504384225528242	-0.7096529349182280	1.6326812055682589	1.7197759897050817	-2.6451201282835175	-0.9738642621471179	1.6651242175322263	-0.7149404202391749	0.6476289288998631	0.3278675729594749	-1.9023041000667629	-1.6125344643448885	3
-1.1905786168662500	-1.1892225100462195	-1.3139624414709234	-0.1540606346592531	0.5163726698995608	2.7593366843664220	0.7030849163750423	-1.3128977188870499	0.2724351280828520	-2.3047110650479810	2.5210327500826466	2.2649441559797570	2.6789681005064567	-1.2234332916587496	0.9563585637931489	-1.8210704756159746	-0.2069172275281544	-0.2538582399238052	-0.5244155239064510	1.5821782542109679	1
2.8657355269252367	0.3029388593308480	-0.2556150995600860	-3.7112900981943273	3.1961458548066610	1.9957488311373939	2.7002867203310128	1.9734960543814619	3.6045900518952125	-0.1137368122815866	1.6508674048281426	2.4738304542305105	-0.6948209134773844	-0.7489553118326935	-1.4628797269850549	-1.6694080595082104	3.0800626283911816	1.9913986920252611	3.0171670725864947	1.8988316464501203	0
-0.0192855578284120	0.5328513019375340	2.7683431901611386	-0.5176403326176363	-2.0708473406810892	-1.1291530625636377	2.4383492377447888	1.2405563557093870	0.6308308257497977	-1.5214675747929256	1.1486295152876567	0.0478995574903786	-1.9819054037814041	1.5256908213963754	-1.9710681270153119	0.8927275800056714	0.4977323847134260	1.3088561816016360	1.7394555826358258	2.9879377906013440	4
-0.2449604794444475	1.8273714229720019	2.1481222692124917	-2.2701065649970285	-2.1825324360310518	-0.0751757850672893	3.2704724449920457	0.3628927851839090	1.7528720558096338	-0.1056909837101151	0.8135672856781340	-0.7698311765464780	-1.9890477854748601	2.5412883792789493	-1.7015675639860484	1.1115317513260754	1.9861245467854904	0.6256032446744980	-0.4848483851536231	0.2691437970322645	4
1.6045738801580902	1.7628775011126503	1.6373166043612801	-1.5603025583783687	-2.2664876612010949	0.2821671416809327	1.0954871775027593	-1.5448602145276682	1.0759962325996713	-1.0844831622322006	-0.2589796403194040	0.2259604309837723	-2.2195127227896392	0.7671821557762847	-4.3274867753539468	1.4125928566175920	2.3023256027197059	0.0948996327168582	-1.4143607808449707	1.1859852979929539	4
2.2925401422914971	0.1211752243539188	1.0967443966382051	-2.4470029695588877	4.0315702033272789	1.2432773233433565	0.5741286912276871	1.6096326992972994	2.1314675576614590	-1.4895180981265541	2.3892453576924266	1.9791576461235592	-0.0213046776940770	-0.6064501936009892	-1.9324330149971076	-2.8253584175391095	2.5299007639395334	0.8915941725259907	1.0910999158537755	2.7986938687325567	0
-0.0860885536964180	-4.0038506851693887	2.4183347988084849	2.4858105035255025	-0.2600842760085363	-0.1474906749842655	-1.9761332654884016	0.2957127746939749	1.8390288898203206	0.5007701150796121	0.6691690870056248	0.2376157338897866	0.8019933657332048	0.1595723443139347	-1.2041575246032967	1.7377414365778796	2.6610367911618633	-1.5358238694630233	0.0634731498897183	0.2327464231994718	2
2.7257603751197896	-0.7312727360869411	1.1611139182144410	-2.4039989565707600	1.3936153520259174	0.8674519982113160	1.3565109637080024	1.5913348031981789	4.1832779032747354	-0.1134351831287894	2.1499776559596389	2.2008503473169592	-0.1106797800801663	-1.8198214537746349	-1.0733851241603583	-1.5209670313652186	2.6989836308289910	2.2924818369160649	3.2210444491560284	2.5618223626767680	0
0.2116116935117112	-1.8545344586024965	0.9407322138547534	1.6930550792058701	4.1207515205909138	2.7068856013711033	-1.7693879196649798	0.1122067425444919	0.6476155731313342	-3.1150724830959597	0.3499735747129785	2.8051435011568615	0.4604903324836394	-2.0885170782082003	0.4371226599911537	-0.3516001258733630	1.5847316455719389	-3.3497174236093108	-0.8602034889321855	0.5977192950769452	1
0.1653035231519767	1.1151669350959987	1.2197940503863858	-1.6195763722853362	-3.6043298452830896	0.3898541078048369	2.3154643886665243	-0.1734805760920696	0.2299657496463442	-1.1296289474164118	2.2483671250680013	-1.8496270234606857	-3.2687092211225885	1.3803226478044934	-3.0732241897388426	2.2143621240462528	0.8608800696951702	-0.0732055913532669	-0.5583594365323135	1.4821436434060224	4
-2.7859166059428606	2.6897728475366396	0.1173310909446810	-3.8618870219549670	-1.3930928642712812	1.6830761680454378	0.1297914031999445	1.4673367939665782	-1.6176619896455362	0.8077239604189395	2.1502885529623019	0.0952111381553866	-0.5643552637627487	-1.2275357750256664	2.4072607938058992	-2.0678881419712334	0.7765057740799582	-1.0688009517065704	-0.2937152699872879	-2.2803221105429876	3
1.8132332002619576	-0.3078477808594396	-0.1240831539989246	-2.9735405239120416	1.3187488161154843	3.2698126817444351	-0.0666983023979024	2.8086588028397026	1.5695896311732078	-0.6349884972292414	4.1990200479178519	3.2643570505748993	0.6934315717111372	-0.4109659920170390	-0.1115636104120803	-2.8555772844172784	4.1121948923907983	1.8788991319899415	2.4555588178738805	2.9311075417867056	0
-0.2093248465529944	2.9241920109915869	-0.4063778472197777	-4.3471673139732809	-4.5743476679914679	3.7724442299082237	-3.4279969961629355	3.6505334786721924	-0.4476247797746386	2.6366701022051395	5.0718992909410545	2.7862005667677021	-0.6227622831410025	0.3216221574927542	0.7110835924895000	1.5280537208610250	1.2496199013361284	1.2466755143119403	-0.2393181409247793	-2.9331868138583443	3
-0.9270441043587836	1.3372915932762273	3.9536483359557870	-1.9188131917718616	-1.0629017569418435	1.2585353637634240	1.2539835573624365	-2.0354985737548219	-0.1884442224717270	-2.3914484184755231	0.4462798814813916	1.5087806855685724	-2.8005185116310614	1.2520521541549849	-0.8301965977921180	1.0642030625372185	-0.2882523235972554	-0.1054733379548269	-0.3130811915298207	0.8485171339470287	4
0.0054462101729095	2.6771946099074428	2.1168927724881383	-0.5551104401271959	-2.4562676273766098	0.1939920784259891	1.5461280213928958	-0.2663757153754673	-0.3263144204741211	-0.8098562783593494	0.6870580729686747	-1.2556043865891764	-3.3425310909688957	1.1751660189585105	-1.4745857069417374	0.0053456490631256	1.8450126427184497	-0.3428364022957885	-1.1314254496474438	2.7125140110542465	4
1.2062823312581334	2.4292619972373410	0.8496250203130198	-0.9221462725386930	-1.8245441933323825	0.3715899404475748	2.1644885285182434	0.5452123982590522	-0.0352526014900492	-0.1111329278560664	-0.6461275384504848	-0.7208970940115287	-0.6899221312852575	1.5770636978605610	-2.8749943462967646	1.1715586822356319	0.9772064101126203	-0.0706023443708450	1.4720591213133012	-0.1761224215259589	4
-0.6654802897456622	1.7354665319502107	1.3076488404628945	0.8137652341481409	-2.8433107572335667	1.3407076411718042	0.1471798793222596	0.2721239419858427	0.0182281576911438	-1.7288103082378652	0.1982189375797160	-1.3189978165625642	-1.8733908912733861	1.0333035852636079	-3.7630150550420551	-0.8984789781196669	0.7851651968653527	-0.4193668768486276	0.3553445588040160	0.8484414452210223	4
2.2360274613571449	0.9137444151769611	1.0490324072811195	-1.3470114106196012	3.0943171791915827	1.0376363739630992	-0.2380767150272778	3.3985708324764041	1.7039742601350576	-0.1834798632137072	1.3533912836830368	4.4830791704676436	-0.0009455859124748	-1.6374980717528387	-3.8308973454394746	0.5393545738065797	2.3279877869219909	2.2382699918342581	1.7908618685501012	1.6336731915441867	0
-2.9465895085252209	-2.5133926405423828	0.5701793002228068	1.7252402007972854	-1.0805706075944350	0.0105205519866658	-2.0277014872461439	-3.5299974707012969	3.3636885645959715	-1.7714626127803994	-1.0359760888052958	0.3864913349638774	-0.0307848756020200	-0.6675400338632076	-1.2931421832414998	-0.7351225830688064	1.3040841781619317	0.5416574765502453	1.1675650874701895	1.0187762889921010	2
2.8229432202707758	-1.7478142938127159	-1.5446842079339120	-3.5177154285543981	3.5943436639929347	2.6212963778935991	0.3093980146520316	2.0311646556589484	1.7103639886325541	0.9709615462684908	1.1697953088398800	3.2110489969553755	-0.7155022015303389	0.5657640012958314	-1.5661058667304175	-3.3299578858364001	1.9706933675964193	1.8099268221475586	3.4769556411423199	2.4014105179375638	0
1.3918447947182051	-1.1621782639748366	-1.8532579071462330	-2.1095559864154612	2.1327340918024476	1.2870436771462765	1.2081225002123914	2.2726198113605558	0.4796687991028730	0.0289888804669319	-0.4380162551535092	5.0856234716177271	0.9190175940891709	-2.9570745166962578	-1.1586855463219738	-2.9550280870662524	1.1226772456279535	1.5465529570952892	4.8746545411365894	2.0694781037734247	0
-0.4776616180679868	-2.1104783563275333	1.0345334372347865	-0.7969611114337518	3.8184994839650011	1.6894513711644676	0.0411898453486974	-0.0932522191346405	2.4202033342302691	-1.2532713657756314	0.4354988065374591	2.4765738049621717	1.0706291831722559	-2.7239666516419065	1.7802796602188722	-1.6497208669345045	0.6359233496408947	-2.5005255537771927	-0.7063741702574011	1.4019451143917161	1
-1.1663708348553523	-4.2618912839928758	1.2463355506385936	1.1631965796696462	-0.7822870807029710	0.1201696426280980	-2.9336746712362047	-2.0480961775274222	3.3651461527413269	0.7345408761374081	-1.4306264924515826	-0.5437410435147405	1.1113900818541051	0.2099782078549337	-0.9958212532120320	1.8143078284177387	1.4033267503638722	-1.5871147399605070	0.3431997337207482	0.9483384999985971	2
-0.7491051275847824	1.0378942946332470	-0.4522328604153230	-3.0030916999579986	-4.6837383753986215	1.6041640520879195	-2.0836505649300543	-0.4896798292051145	-0.2989107120404088	-1.5357607883971773	1.1340275549767107	-0.6943973290532575	-3.9424976182749001	-2.5171781405601696	-0.1500401132050229	2.1640580391619402	-0.1882392231188085	-2.0785749311891815	-0.3924781213709196	-1.4462784342541952	3
-1.9055385211254350	1.4009955742030968	0.5732681781575861	-1.3427961400699302	-3.5129701092812429	0.2479936169587467	-1.7541821714533936	1.8426973720347539	0.3748430310356934	-0.0910019548250235	2.8345865620190178	2.0238093835004576	-1.4597644235328362	-2.1878983817903839	2.2938677530879352	0.2524669516663371	-0.1363303277798606	0.2731232206272936	-0.3060061468732701	-2.2812851847860918	3
4.8874784368795527	-0.1751990022266614	0.9730559871341897	-1.7602201375729223	1.5199128211947892	1.0991536178111510	-0.3733874149999403	2.9683306285161191	2.7740345659379124	-0.4034258464780297	2.5145285155125148	1.4134371602537594	0.7514239300984431	-1.0822648961526768	-2.3167904113343232	-1.2539770117340245	-0.3564254669711140	2.8828902486522283	2.3603056951070966	2.2278968602000306	0
-1.7174456862980234	-2.2790039040013688	2.0791855589225148	2.0607069638660156	-0.9760038304908877	-0.2891105777209964	-1.6987523294406905	-1.6522045355452057	2.7440082412140638	0.4293378125795795	0.0416953708735829	0.4636017089686595	0.2624993128354865	0.2618897762885374	-0.2498894458116567	1.0253363454867841	0.2613939382790249	-1.0743925079678305	2.5530582264012489	0.3941689158539519	2
-0.0576010819131791	1.9044278479308068	1.3638765807995645	-3.0178657839214837	-2.1068267108244965	-0.6885971782915876	0.1095075300858037	1.4568264346187334	-1.1539200985034577	-1.5297252247838040	-0.8444190434534261	-1.5575966873131184	-1.5127053495475875	0.9723605715957427	-2.3797639806205222	0.6078606661274470	0.3627794653724247	0.6124230995524534	-1.3677799819324545	2.3176991519569423	4
2.8446313176824916	-1.7274644609077145	0.1688075742491879	-2.2929417360694968	2.7214460571807351	4.5368996269841491	1.2518569740636067	2.6918417851285947	3.2530406328549715	1.2184834093739771	3.8808987662363874	3.0973475034220215	-1.6313780611769126	-2.9841734241924383	-2.5493645227952308	0.8365854068695595	2.1511095849696322	2.0436102487072163	3.6333905484241722	3.3050434045591692	0
-0.9944220419299620	-1.0278366034899080	1.2846770209063840	0.3014685185841434	2.9149146257470671	1.8192360660564895	-1.0539879351792101	-0.2763722262313800	-0.1231522735331371	-2.3195558463999988	2.6804467416504059	3.8161947270747074	2.5816961298298957	-2.9768025886468052	0.8679634919782703	-1.4036133210144728	-0.5575606420954582	0.0780013334064174	-0.2212159150137465	-1.0544450134431105	1
-1.2323532092160656	-3.6433060838428628	0.4348091151059011	1.1606436524033126	2.4060780246997968	0.2261815784256012	1.1263600082677154	-1.1020015861015591	1.5921989689394886	-2.5199516474778525	2.4190534221277833	1.5601735016999023	1.7147960305566599	-3.5381174492935314	1.3325361855466151	-1.6809976794391464	-2.0591102833671013	-1.9684683583275133	-0.5368487755842271	1.1346411149997584	1
-2.4505303580026352	2.4186218664365553	3.2921890261558642	-1.8250837897493328	-3.6877206411000514	-2.2157274863076970	2.6884805144286927	-1.0840981996012435	-1.0441018351591447	0.0557071008817925	1.3345408981699811	1.4254477164863517	-3.9019444176632270	0.3095814607695044	-3.5912778176819584	2.7544145209851827	1.7149161292565034	0.2128914534706239	-0.2266294015049262	2.6345035327648643	4
-1.0336584674459353	-3.4619618009771198	1.9395833405812879	1.4941012730618304	-1.7827105248153092	-0.7420071725347921	-1.0553777132977804	-0.7868106359401084	2.2634194113955095	1.9208074281369152	-2.0561235085759435	-2.4049139881299064	-2.1585620367999478	0.9417537839519152	-0.0497922723882633	1.0933242437490096	-0.5275520297495575	-0.5418099453037591	2.1047982691706224	0.1432284512695935	2
-2.8376219793928801	-3.1906795897505646	0.2482379603883297	1.4563663705069156	0.5724764893603931	-1.1202230298051783	-2.4366713735767731	-1.4255420316366483	3.4684851224561926	1.5879121446214794	-1.1296775796719429	0.3006583993343299	-1.0246730318471822	1.0215816503071504	-1.7226664221048089	1.7860830445779223	1.9255069572878525	-0.4821554918208883	2.4771741802757852	0.5242606067110491	2
2.7735029834646348	0.1131781766324748	-0.0971227153885138	-2.4201005443600736	2.0122390100230660	2.1106295869285283	1.9074411069889874	3.4488820735232766	3.4039379869629469	1.1255143520530242	2.0352215660422832	2.6818616218796429	-0.0008016224569701	-1.2302444779921617	-2.7977590397537604	-2.3497341795243440	2.1854544491702534	0.6618088463920475	3.1287147091547372	2.4961903193158994	0
-0.5567339947561875	-1.6653858841281661	1.5747016760555042	2.7627026782545068	-0.7074056959105967	-0.2169630008773196	-1.7467026406062132	-2.3035294843966474	3.9128702735779450	1.6060753999012003	-0.6469561114669595	-0.3675236622019762	0.1384407776452474	-0.1855827719893437	-0.6956832323047110	2.5402244563195877	-0.7178274783385954	-2.8384066998344464	0.5717624867817743	1.0288163378619724	2
-1.0346044590314372	3.4352033390922285	-0.6288460876782489	-2.1812259378510674	-0.7039133483373541	2.1550864954638262	-3.6401174952822730	2.4628850805400964	-1.0310253759330985	0.8829377670568764	2.6138951246354116	2.0285292657054343	-0.2218762679948489	-0.8128501440434273	0.6166399723512186	-0.8098890156704737	-0.0951630968671379	-0.3075650298013590	-2.2635304235796059	-1.6954731412518262	3
-1.9231047525871150	2.9032000301267247	1.1437947779709150	-3.8634718614798036	-4.4919630324900766	1.3582746982050635	-1.9423771213300709	-0.0513726941170494	-0.7207632029234948	1.4277095313553698	2.9913842628065099	-0.8655988852679428	-3.1042869542943210	-0.8095751561520932	0.3984105198091156	1.8568862859167858	0.5676313927009122	-2.2200615344061045	0.1748637849407850	-1.4711116797686778	3
2.2426062627066203	-1.3850600415093726	-0.6585263051269017	-2.9257292501254426	0.6299454136203153	2.2275158068740568	0.9799161090180232	1.8983502703187305	1.5976607924581390	-0.2831351447341451	-0.9246467362298918	3.3474709681802346	0.5642346794075959	-3.0140361268672917	-1.8611089176268210	-2.0551011078344370	1.6603532148747366	1.8292403097118299	3.8973098806185016	3.8800486209489811	0
0.4043384114834280	-1.8978147266138388	0.7823099781922946	1.0472569343650109	3.1572185351834943	1.3102187030030197	-0.6684308585689749	0.0096829411262136	0.4934412331573317	-3.6386451738011441	1.4738416755512291	2.2209427162048718	2.2594721778418627	-2.1414698285199427	0.7751281086387419	-2.2492281151809186	0.1523980014352228	-3.9938338357457370	-0.2418688770165690	2.3065514338001578	1
-2.0883878763157773	2.2867695005389646	-0.4425050237278553	-2.5235148047244675	-1.9503128452118248	2.8203706199871306	-1.0553027724517223	2.3698940131512627	0.0722669467157656	2.4360677090693947	2.7570995926419171	0.4804397877194193	-2.8090548128503157	-1.5917672427150944	2.0045379934598295	-0.1663509033996394	1.5161460646465068	1.3962148719168308	0.8120373357697257	-1.0012253922273764	3
-0.9403758452719087	2.2264163726118653	-1.5751844186658728	-2.8270010756321136	-5.1777890867795611	1.8139683790754921	-2.2150709860712352	0.1568514950540776	-0.2987460044711275	0.1919459452793147	2.7786765830812845	0.9757918192470103	-1.2016850772811971	-2.1804890875073553	0.6523739049606230	2.6237040751378395	0.3561504204057576	-1.4580141616683528	1.6757979076674361	-1.5334365170735880	3
-1.5515759125815052	-1.7969049880655423	1.1392540875350305	-1.1633518576705759	3.8958838367220343	2.4478758651090335	0.1971357808307677	1.4598559401414160	1.0209190273657824	-2.5302704280724253	1.3255359747613842	1.3462584795834918	1.4547156348260670	-4.1133584089830899	1.6270652118262490	0.0429485806136116	-1.6324653570947214	-2.2088596927914823	-1.8769682636814968	1.1817227367978895	1
-0.8819320894395890	-3.9020298013877124	0.3427618953378914	2.2488107580507344	0.7063949562703433	-0.5038787336206338	-2.0110195519686958	-3.4105530588318533	2.1341980219410561	0.6595975913574353	-0.5815241243064386	-0.4141695028922339	-0.0039271367118864	-0.5926562707955099	-0.6711762162545106	1.4750538223761740	0.4749079063540164	-0.2931990315846293	1.5234337854040216	-0.6846518596950764	2
-2.2037079267302366	2.6222902704057187	1.2569538744731161	-4.3389614873991196	-2.0520536204758888	2.9971273621860197	-2.7949864011983823	-0.7045714489249297	-0.2826723286712711	0.3707831400624123	1.9335706248665869	0.7516190558076606	-3.5012044435853618	-2.7331075058013687	1.4510718011826937	0.1609548780724043	0.4288154079771022	-1.2589756496099893	-0.1827089441840561	-0.2537289933966780	3
0.0330091779421200	-3.3280854813962915	0.3570136406212310	1.4465080479649144	0.3402131857112948	-0.8167395482175552	-2.9021933396578845	-2.1955035791381983	1.7237465632959013	-0.0115813943077414	0.9444878866291000	-1.4526479200880893	0.3912467745523664	-1.3298959050751040	-1.4324290840516307	2.3362592096693593	2.3867083250406056	-1.7880134415431712	0.6362544609122777	1.9392118732924852	2
2.5081218140858295	0.8619071808718597	0.7382061565425543	-1.9408224406463348	1.9391564689041330	3.2991569950884037	1.2562361464538239	2.1326484119376792	2.6753852568439780	-1.5943866758575798	3.6745411557843681	1.5905007074500954	2.0137521320707261	-0.0363352273449118	-0.5681387323642846	-2.6351314471991540	1.2709596024267167	1.5704606729380441	2.7275121229140153	3.0884751626511182	0
-1.9821526123378557	0.7151799011622721	-0.0303021512235311	-4.4694419346766914	-4.1343866687442850	0.7905168043374886	-2.0337264890026980	1.5713763994718302	-0.3971575266728147	-0.8127330239378165	0.9871340667097721	3.1967885104298821	-2.0665341975154399	-2.3486201175757349	2.0726446793313862	-0.1178744447190700	-1.2182153602107839	-0.5203529611619756	-2.3647088394413927	-1.6778413699947523	3
-1.9955341325488856	3.1579299759286519	-1.0511494423259453	-3.3514634361748534	-2.9709164895395754	-0.9471540483080778	-2.5181467813563096	0.5779903427761054	1.0903210226785434	0.8492093885783122	1.5092868002338746	1.2795208612480322	-2.4771365347279888	-0.8577286780795074	0.8803231018054368	-0.6189607491252591	-1.3423769130785324	0.2746161462178076	-2.8707824983142087	-0.9318452026318543	3
-2.4108485153277956	-1.7995168741977197	0.8147702118461627	1.8848147355781224	-0.2002799517799392	-0.2893898341399672	-2.6734727024616247	-1.7710858304536299	3.0662399136343592	1.0746306769955378	0.2571828664608623	-1.7903808304077464	-0.7086663723088447	-1.6715054507276608	0.0079733426870789	1.0156656305860641	0.7367950226049653	-1.6750648027507773	2.9298505286344314	1.1912169516455575	2
1.5405105461882624	-0.4854634998407760	0.3334504408192251	-3.8793493813789901	1.9514261354351436	2.8910916977294536	0.2763584966023308	3.1297023738320187	2.0334875945447153	-0.6291303039607994	0.8360740035300442	3.3668439793669345	0.4631994605587044	-3.0221334405533185	-1.6894849483250907	-1.7287439356047121	3.1426717810808515	1.4863228061816982	1.7558506366112228	1.7481607531364078	0
1.8811770633891913	1.3232495127382475	0.5274267828552677	-3.5192543297146086	2.3510407217993143	1.1106859785360861	0.9953788645504661	3.2433750566267312	3.5768671164002450	-0.8643168582769065	1.1616923363507172	1.6222346071143168	-0.6211372432264617	-2.4370767840922465	-2.9025531278008625	-3.4588037788863826	2.2384357566324518	2.0343172883333422	1.5510384698575670	3.2312429078180780	0
0.0359648028523766	-0.4255649279000919	2.4350312838181760	2.1438452758475544	3.4836598142490383	3.3578124534444065	-0.1525497207081794	-1.5234871678542385	-0.4698489379056350	-4.3835788317297544	1.7406031836972216	3.0516516611703128	2.1774849304182311	-3.5767416078618472	1.2596193260211306	0.1236453488321405	-1.5553435240932034	-1.0974808929425117	0.1782248206667165	0.9039345277336256	1
1.7378004091503398	0.2153395069648402	-0.3240077980342568	-2.1065547238698787	1.7707521829518194	1.8779877588695157	1.6277852223122253	1.0381441016769157	3.8277915217345759	-2.0148145285331456	1.5645907036788604	4.0582304306029533	-0.6683667279491219	-1.5920889019060869	-1.6593532087364853	-2.0057484457875177	3.1254710220813711	2.6777271475429285	1.8212192887675449	3.3374403129527197	0
-1.9178378359334960	2.3662126243975572	-0.1661390370039224	-2.6941670169408152	-1.6248367570099806	0.0969435356047101	-1.0376949824944712	0.0537691192958689	-1.3151009796179385	0.4921733866693150	1.0795118483086044	0.8316541165089955	0.9533959254509581	-1.6983838698207849	0.0310787354489204	-1.9033039018736746	0.4273237783586551	0.1501900034913404	-0.4399657906025191	-3.8796054257287373	3
-1.2074360968157063	-3.3224846756503084	1.8196303555408990	1.7205685919245737	-0.8291778543157846	-0.5860837230803930	-1.6404367515644034	-1.5081548781399197	3.2353083010308024	1.1109125594320717	-1.0438963302349196	-0.3408687919798065	-0.4798321751601048	-0.2994205160516913	-1.0789972427188856	0.8118995943766323	0.5690688126355310	-1.5755676921221389	3.5815158198931689	0.0505919904595618	2
-0.1178913659913423	-1.8848457774290832	1.9221923434686414	0.9187730477602204	3.6291647513750367	2.3290264782105310	-0.7003007080292103	2.2043584601202038	-0.3365318316988608	-3.3602519512330726	3.2106393515575578	3.7088567641799415	0.7137409911078433	-1.5403717301359858	-0.0020595294946847	-0.6006906591308554	0.0509246398222514	-2.5734893669212253	-0.8264073070150962	0.5541000460959258	1
-1.7570597317743351	-1.8964281925196473	2.0683305834898378	1.3726366884735066	-0.0976152852093883	2.2157894763055168	-0.1316426140432849	-3.2810038984524055	1.2315093817647076	0.2737111332893190	-1.9288535874899646	-1.1321921463237139	-2.3034973869041946	-1.6232784654036077	-1.0694020920913436	0.8947140429170035	-0.1112582568311273	-3.0408209682540526	1.3467269514679117	1.9904302482835003	2
-1.3197551692484848	2.6485852085559487	3.1041616952784188	-2.5312263273142843	-1.6067992584921356	-1.8781023627260609	1.1516043968917318	0.5307624230805836	0.7827506745470617	1.3606551380060781	-0.7053552730482071	-0.4016489386235851	-1.0315911158992093	-0.9473547896829939	-2.1631451407012361	2.5323033335616949	2.2747141184884594	0.6737780722123959	0.1595063438034229	3.3172597076546122	4
0.8206886882485025	-3.0338336703227569	0.7414984493605647	1.2025218205457977	2.6160302996881590	2.4339021398532372	-0.7471159079608575	-0.4641203111421801	-1.1437123192263701	-2.6829009380260178	1.7338831570850393	2.5823877417352148	1.5853411199461820	-0.9896217660056508	0.2295979255291929	-2.6011897527727701	0.0895915571571747	-0.8741411384512996	-1.8717098346262633	2.0904942451094186	1
-2.2418106212930415	0.1574292468814436	2.9586281647314889	-1.2257265185731852	-6.1287794889998306	1.9109742947658306	3.7083992989747827	-0.5784130281187011	0.9388268214739020	-0.2646301227090364	-0.9088482061381746	-2.5069491336545213	-1.5594724478141813	0.9446904106391243	-2.6057701630277021	0.9530281231254465	1.4866596842766202	-0.8236345113024156	-0.5022727361941617	2.6770399277661259	4
-1.4487185215980523	-3.2622485150687632	2.8244254557296324	2.9764921729860876	-0.3291588537572349	-0.5713506219075639	-3.1763182776460925	-3.4692527789092482	3.9248056471095607	0.7299451480151334	-0.1159889312458546	-1.0470907076043248	-0.5797256173346177	-1.3931472495417512	-0.2993464764992505	1.8703820791417520	1.5119888073680365	-1.7084383939529066	1.4519445302158429	2.3294676951469651	2
0.2017483727691095	1.1479461313589354	3.2639500197849207	-0.9421589643641057	-2.0600816271287501	1.0475649125141668	0.5603334961834994	0.3286645609629711	0.2813480529961693	0.6775663911762868	-0.0535050642242329	-0.5833544562895894	-2.2029144555974449	2.0559494555319766	-3.2781032306585458	1.1847209787847941	0.8905354535919742	-1.1740107972012743	-1.2393256389814968	0.8857060033554967	4
-0.5865555187848229	-1.8580330320711376	-0.9341583873295645	1.4906121690885843	2.3891220723601414	3.3225931425015363	-0.9655056311884487	2.0904672661984454	0.8028636759999872	-0.6477588318197067	0.2465563365827413	1.1434163057670610	2.1268884429418042	-1.8679062135833160	3.5465596030170885	-2.6900734811871567	-0.5018217705747144	-0.3293570420026246	-0.5699618214656686	2.1844292864880299	1
-1.2211102974292891	-2.0243184376868100	-1.3093419626255516	0.8976756107337117	3.2412995288754685	3.2986894332669934	-0.3624014434502586	-2.2973407460939366	-1.7225149941643445	-2.2260421717173484	1.2211647577689864	3.9047295032490954	2.3461627256005020	-1.7985183828215134	0.0210450204346181	-2.5427066241770913	-2.7313689783382444	-2.4072159255820536	1.1344060617425382	1.1949679211368469	1
1.6816828440081413	-1.2352047578585705	0.3669850950758642	0.4519553624090160	0.6386919608900512	3.6110244132542011	0.4139287132380827	0.7878997426460010	2.8294043817269516	-0.2921803348401806	2.7410698890094620	2.3217823382111704	0.0597006665056155	-1.9891284125673541	-1.3979614950542176	-2.3846903084372881	2.2545770323564205	1.9040029108151080	2.9391946659815593	3.5290385742235939	0
1.1941179046560149	-2.6309102678927814	-0.4062460827314005	2.2246382697454141	1.9560711127785479	3.0854582785285767	-0.4001938405598026	1.6691041583523523	-0.9936557102267698	-2.5283161574970303	1.4636874085749629	2.8118633982974659	1.8202053359149419	-2.3786561260237589	-0.1535981351437681	-2.2609874121836784	-0.7362651977459915	-2.1982675248551118	-1.2260854976635684	0.0768888317124425	1
-3.5110737869140625	3.3667901941315108	-1.4503587243526370	-2.7685880691656157	-4.2634907410661134	0.4834270309759654	-2.7190599107524549	0.4754686165516038	0.4988597320613442	-0.1934681917920294	3.6676862254489961	0.9676958918593930	-1.7084779213425729	-0.9517510209423078	1.2373391904639659	1.7136080436989851	0.3432583995131575	-1.7642915139942759	-2.2081314081406140	-1.7391987720975211	3
-1.1263027285677609	-3.9486065468978606	1.5733752120701516	1.2289346399584957	-0.2227039437422786	-0.1377526813676608	-0.6453347312233346	-0.6512751205435847	3.4040488449797368	-0.7435591987794541	-2.6638941219819081	-2.3781509908288267	-0.0961799434666676	-2.4990936700401618	1.0867198517238861	1.0226233564606404	-0.3308103806415061	0.0591627932152288	1.5199925559480882	0.5309911361898055	2
-1.2669385067042152	-3.3282026930991613	0.6000166326977715	0.5717823913875020	-0.8558140341673393	-1.9212551654762633	-1.5670600708154425	-2.6631422888376601	0.5486349567685180	1.3274438294663209	0.3869853648668741	0.4193826259254732	0.6256999396422485	-1.5835090297428456	-0.9313076661199924	0.7904615898227364	0.0194682496226101	-0.8628097646755782	0.9134446514777163	0.4598606899191077	2
-1.8956386666649014	0.1634407801511371	0.3568804937924955	-3.2692563176871490	-4.2153332295528365	0.5890716734759320	-0.6535769681783452	1.4030406680875118	-1.5729653073151322	-0.2427780312294699	4.5136724555481411	0.5703031896886843	-2.7073923521563366	-0.7349034474603021	-0.1336951294793032	-1.2113165322401618	-0.0691557557602942	0.3533392644677116	-0.0793012850981477	-2.3909827297470141	3
0.9365264911301174	-1.1878372070923002	0.9781904043119101	1.6767839518168239	1.6371058149107371	3.0459648865666269	-1.1848897234310980	0.1912296858729207	1.3670673083117764	-2.1655938300260620	-0.8078728980226997	2.4454747555394838	2.7369040782694194	-2.4501432226033297	0.8825702469462552	-1.8346903230677178	0.0099076561746699	1.1455154652682651	-0.3967758670324165	1.8924118075163689	1
-1.4467375885586493	-3.4250445986699267	0.6518749753436882	2.3341257742190531	-0.7067131513161949	-0.4779731759596673	-3.1544696464552722	-4.2036876443989808	3.6499615120577054	-0.0944122457796182	-0.1936715761819640	-0.2566691950576356	-0.6147706638691939	0.6628027930460203	1.0770973886425144	1.6959374263180242	0.1329030608909481	-1.6745199448141190	1.4363933772361459	1.7009136731715224	2
1.9760882684616168	-1.5001393374434744	-0.5297007845034545	-3.8011797030308641	0.5257089287521821	2.8019448295904721	0.3045580156958846	0.5880633876608581	4.7399468707246948	-0.1512000493489636	2.1380721130907880	2.0264183795466937	1.6278014235268996	-0.2648779697339130	-2.1136692477302157	-2.1321893908105136	2.2424734746940325	0.8324722053656710	2.6792062184572352	2.4071680281028915	0
-0.0882501107903582	-2.3968626960109920	0.1855511947315880	4.0504163154247159	-0.2220798419292059	0.4532604448632098	-0.9654881261920816	-3.0872248356706695	1.8582951266777556	1.6332975086418298	0.8339290600335438	-1.7740974094585811	0.9040294527495725	-2.2359463596908293	1.2006954601685473	1.5662613551804125	-0.3630875630744317	0.3164831923443703	2.5587101694344572	3.3126637921525224	2
0.2983215815108488	-1.1959672437398510	0.7081342786368107	0.6989082976601119	3.4361801014785058	2.1121058198568270	-1.1531696930379134	0.9586066455400147	-1.4972565986633322	-2.3782838538879596	0.0354174336133102	2.4248062108388546	2.0220522622864410	-1.2508117037614759	1.7696390350673634	-3.2224730911154320	-0.4850952016252202	0.1367811897212352	-0.8110072979440588	-0.4045149897871361	1
1.9553286589838290	0.2136091176245031	0.0721943437297997	-1.9899679943217308	4.4378960618554224	3.3972539129213128	0.1117642185355694	2.1490710740430905	2.7082978244734948	-1.0111324175321519	2.2392623638913358	3.1040838082165325	-0.3166826243632964	-0.4317814029197844	-2.2728899297832106	-2.1372327314001511	2.6703979639575510	0.3916601828128958	2.9488547664932563	2.8500530742176733	0
0.1675327089318777	-0.4426915475137647	-0.2682100256892870	-0.2136149688046678	3.4076743651682446	1.0086382503598630	-1.4843715726413622	-2.1374313491005386	0.8115252696972889	-3.2351360304229573	-0.3491753089943845	2.7518662031817054	0.3778405385030914	-1.3159413322868194	0.9831483559853593	-1.8926541409809310	-2.0502047052548416	-1.3079558579180106	1.9238996948699141	1.0232790094084896	1
-0.1057824795978092	2.3679918819457382	3.4460101290512704	0.2252039630803448	-3.3891985503667668	1.7964475753825651	2.4506766866681531	-0.0070879324906708	-1.5987472912617342	-1.5373084186525436	0.8446223323958810	-0.5606040838393801	-1.1137183488664792	0.6945587384184413	-2.8076167630223696	0.3291729525542357	-0.7233921339182445	-1.5809454686684297	1.3403189418942614	1.0805305754460459	4
0.9383894340283254	-1.2902187857600085	1.7065927275177235	0.5122531883025756	4.1865008235964636	1.3972808282083404	-2.4345002299143097	-2.6067976468211529	0.5593735966528927	-1.9774431511962587	1.7692602908884822	1.1141046986166563	1.4714786088880165	-2.6003458603085337	1.5785203245533741	-2.9600304564198390	0.4167100341927640	-1.8009665411712166	-2.2132644502297731	0.5942059961124351	1
-1.7375137126077072	1.4318189841929323	-0.4933728483982612	-4.6084649803962758	-2.2869308689781622	0.1445255729847417	-2.6509432779833602	1.9537053468502488	-0.1959434219250360	-1.5184151975136277	2.1650849453856886	-0.6285544640486203	-0.6336921225456582	-1.0079600238059458	-0.3845315302170913	0.8215239256266480	-0.2287648327257569	-0.3388001698886483	-1.4231566574224028	-2.8457866711609983	3
-1.7444418044408745	2.7771635070176393	2.1294545299238949	-3.2239739255846942	-1.1704217878944889	-1.5680729434227272	3.0334718226118698	-0.6351227843329630	0.5229848686199119	-0.0211570061563866	0.7775292031042729	0.0932659161664084	-1.4954584536337650	0.2071318403014191	-2.8724424038238539	2.2852167949992817	0.8276962502274996	-0.6908604562701252	0.3998126173251413	1.0942738757403432	4
0.9320628559683957	3.8045360440542151	1.9962677282585430	-0.2907251892581976	-1.8301105484364213	-1.1991657153937316	2.0509060217992152	-0.6693323227403934	0.0743321513409030	-1.7314308337496203	-1.8996695070609291	-0.4960189386297059	-4.2262606985393543	1.4059043240550586	-0.8681726462333756	1.2488999842672086	0.8551072320292286	0.0740654151788277	-0.6871793820285377	1.9970575747691797	4
2.9777442043007314	-1.5181698122708969	-1.2103060293874641	-2.6862943420223306	3.2343899956281370	1.2528768004809354	1.1219481705895413	1.5771675133126304	3.2408600203125362	0.2321118985808900	1.9140461820938948	2.5886127892101234	0.8078406825804306	-2.2270176358607952	-1.9595030712143824	-0.7406671445882422	1.8145775659929435	-0.3535653996301171	2.7549215301145491	4.5846625996090182	0
-0.1559206512356572	1.3494791851074783	3.2366110854792001	-1.7780644982104707	-0.9086003463291270	-0.4909414532545631	2.5436055920439493	0.1834524959168816	0.8896008332136243	-0.6183671384432028	0.3003150280382639	-1.5449408013063524	-1.7038358792868318	1.0070332841278531	-1.9535353040595593	1.5049407997241517	0.6641910976539021	-0.8412425688201490	0.1211384048370618	0.2641041752466964	4
-0.7236189763655274	-3.8696268719794933	1.0293990588374953	0.8685345852667234	-1.0226048292717866	1.2841830383720121	-0.1660961575063733	-2.3111431215035498	3.4421813412140603	1.0498866550621238	0.0623987486288241	-2.6277854574259383	0.2094726540274163	-0.0192421745858233	0.3327149992285074	0.0650812765832998	0.2588992384909892	0.4984984006614024	1.5647131833949199	1.5199278364743267	2
-0.9440159188008457	2.8420443386383747	4.7208745247287736	-1.3911352230728282	-2.5961772835046002	0.1128887595748087	1.3143115770395539	0.3424347796376530	-0.4392097765398432	-2.2941107004039409	-0.9871910976482231	-0.4496089776836947	-3.5551039010714858	1.4228762245152269	-3.0440906223248518	2.2413958570227148	1.1060289307356619	0.8221472165445979	-0.0289684085376607	3.1030619874116128	4
0.6151987246264485	-2.3109338624554416	2.2908094840325464	0.7128964559192329	4.1859819317879632	2.9470288428535474	-3.0301656774651202	-2.5482152129190636	0.2930591784903906	-0.7964473438802744	0.6571863448165434	2.6634653992193456	2.8770789839067428	-1.2907745429368673	-1.5707669756562601	-1.0488103730351921	-0.2084602834828759	-2.6255234255153712	-0.4761310545177186	0.1691982295589329	1
-0.6382506211289263	2.6002101444558670	2.1401977942391008	-1.3617504525340216	-1.7983212802798259	-0.6285410737167402	1.8621606030851534	-1.8187442537508451	0.7518638109835720	0.7350429011789226	1.6403903920384322	-0.0914305389184138	-1.9002800431106985	2.0728674220155954	-3.9023754050102522	1.2142542258480340	0.8529450171113300	2.0388043879698232	1.3291868294338287	2.0026417893182020	4
-3.9962023471778663	3.5515045282461077	-0.6000844020807370	-3.2259196376797554	-3.0873261579288820	2.4496938900749856	-2.1299455182374709	0.8512141326917732	-0.8025283255097395	0.7241405762309867	2.4674744113120362	2.9172938854243231	-0.8710685625017565	-3.3826272635464538	2.3813886720438839	0.9729933598117034	1.0593688627110276	0.2320909390675907	-1.4214193600701961	-1.8841448875808373	3
-0.5096370667996002	1.0855366746745174	-1.0124620161217801	-2.8393954092023304	-2.6968964452729391	1.2873585553123681	-2.0836101361400763	0.1536760947366533	1.1660501553849654	-0.9234732211810718	2.8702100174453045	1.7694734249934840	-1.6496902671125409	-1.0411492776725604	2.0040143037614637	0.9021692275365528	1.1802310066895410	-0.3898251475002856	-1.7454599180685211	-1.4856812408151308	3
G4
0	16	5.110317459158668	43	5.222713385812306	82	5.689656064925252	74	5.807634360041245	
1	6	3.069288349241975	76	3.734915742075841	99	4.367079795436243	50	4.3748041701671525	
2	75	4.709323513256174	48	4.814971080412348	65	4.854454418933544	17	4.961460250446301	
3	54	5.052538429913108	42	5.153328572402513	52	5.229738383069898	31	5.321602279361751	
4	64	3.764986375853553	35	4.651204572933405	58	4.6730498834367555	41	4.68489961809879	
5	30	4.969218542089179	48	4.969485841591605	2	5.2617617673347	17	5.42527030668124	
6	1	3.069288349241975	53	4.302513338776832	46	4.494534659252967	50	4.548749214337337	
7	22	4.596680877500759	23	4.999485680094117	97	5.37338636432428	90	5.765219627750204	
8	99	3.6676680819407945	56	4.531815609090618	57	4.854320504294087	1	5.044461950643905	
9	68	5.352904230325943	38	5.5636844009248	73	5.978131126365964	80	6.021541209513895	
10	43	3.69045780106386	16	3.7837135395865347	62	4.352987451009418	85	4.609966675570412	
11	93	4.992974851150367	97	5.204385320896027	12	5.290221878426685	23	5.403206897911307	
12	93	3.579350577340373	18	4.615697914448519	24	4.73440031830594	90	4.859112875357978	
13	71	4.557513838527195	18	5.076534636402328	23	5.099509582808187	24	5.2637503188939405	
14	85	3.601474585462249	60	4.4422403411649425	10	4.75616612126745	55	4.858502517897479	
15	31	4.5647353355460085	54	4.80178495190248	35	5.051725147734363	64	5.626189213773326	
16	10	3.7837135395865347	62	4.132314585923149	43	4.162154256728637	82	4.74006077472239	
17	48	4.382741097301861	65	4.602518824173894	30	4.94744600752785	2	4.961460250446301	
18	23	4.464179401022326	12	4.615697914448519	93	4.896557210922654	71	5.068242160092349	
19	63	4.743256552614135	49	5.570646936899429	45	6.152020139827367	33	6.160680542021884	
20	55	4.677754581153679	59	5.200884672989271	85	5.250089071237179	14	5.540056250270729	
21	6	6.647377362277043	49	7.157336318300779	45	7.179311723714619	50	7.658369119117143	
22	7	4.596680877500759	93	5.399080949328219	95	5.7679862006262725	71	5.875032267083902	
23	91	4.2253266055123095	18	4.464179401022326	71	4.615732265118161	25	4.881633599035926	
24	93	4.3612634876952825	12	4.73440031830594	71	5.009042745692078	25	5.1229681649701915	
25	87	4.788234438298552	23	4.881633599035926	71	4.919303212333358	24	5.1229681649701915	
26	59	5.419553768613168	85	5.73288620194513	43	5.766713012237167	14	5.962013783017219	
27	35	5.023070647729595	52	5.286731513821086	81	5.480615961310698	31	5.595276134437893	
28	85	4.801270164647238	10	4.892886606025645	43	5.071815756380028	14	5.720384557179061	
29	47	4.103910399959313	59	5.9949327161585275	28	5.999461732912175	43	6.553908594117153	
30	51	4.657142051218146	48	4.748613519359052	17	4.94744600752785	5	4.969218542089179	
31	52	4.299028497964347	35	4.465713355822785	64	4.486613572027173	54	4.526405897457305	
32	50	5.038980236603087	46	5.081458387041482	1	5.756354760020419	53	5.869562608900868	
33	1	4.427295101685428	99	4.430578922211921	6	4.925015611554632	56	4.933263589367839	
34	16	5.162787803325559	55	5.558661492963854	43	5.610790792435664	14	5.998590538380955	
35	64	2.7052245090021776	58	3.957942147416123	44	4.242532907971265	52	4.253622347457901	
36	23	4.969962172102734	71	5.466711774087884	93	5.510209866208607	95	5.655852174202038	
37	43	5.766455996035922	92	6.095364357873845	16	6.114085628415719	74	6.258394449752797	
38	84	4.806095349268793	61	5.1410359843795295	65	5.2980346497517035	2	5.56133159458131	
39	48	5.401713674786082	30	5.425158364238357	51	5.57257181486819	9	6.0280261163169255	
40	90	5.144574854646301	95	5.73866508066581	97	5.893515574773969	67	6.0719035763550835	
41	64	4.330646602702588	4	4.68489961809879	35	5.181630017240427	94	5.252421448433158	
42	64	4.085360938607562	35	4.569273587378459	52	4.722450432494597	31	4.748855758269681	
43	10	3.69045780106386	16	4.162154256728637	60	4.440822895503419	85	4.4876633855591646	
44	35	4.242532907971265	31	4.574035733567158	70	4.6293681256839	81	4.709904093072524	
45	1	5.667283391722416	8	5.671772017663357	6	5.849771761654741	99	5.997713459690686	
46	6	4.494534659252967	50	4.98615617976641	53	5.062328089603605	32	5.081458387041482	
47	29	4.103910399959313	59	4.732393623939176	92	5.420522538102467	16	5.538172232378136	
48	17	4.382741097301861	68	4.659404309102242	30	4.748613519359052	2	4.814971080412348	
49	6	5.209870962762569	19	5.570646936899429	33	5.590223848428	53	5.995766000851825	
50	1	4.3748041701671525	6	4.548749214337337	46	4.98615617976641	32	5.038980236603087	
51	30	4.657142051218146	39	5.57257181486819	65	5.901301336874268	48	6.054947070280631	
52	78	4.157230777341459	64	4.243427020960541	35	4.253622347457901	31	4.299028497964347	
53	6	4.302513338776832	1	4.694009330643276	46	5.062328089603605	8	5.50606840119036	
54	31	4.526405897457305	15	4.80178495190248	70	4.853360969283983	52	4.890919683880178	
55	20	4.677754581153679	14	4.858502517897479	85	5.0618883134124735	74	5.298743196927425	
56	8	4.531815609090618	33	4.933263589367839	99	5.235479786362403	57	5.319881592974323	
57	8	4.854320504294087	76	5.201745755737325	1	5.266067478820334	56	5.319881592974323	
58	64	3.8948317183081036	35	3.957942147416123	70	4.2517200672138715	4	4.6730498834367555	
59	60	4.726880824588611	47	4.732393623939176	43	4.849029968428488	62	4.986624509623105	
60	43	4.440822895503419	14	4.4422403411649425	59	4.726880824588611	10	4.792778027073197	
61	38	5.1410359843795295	2	5.863201951498931	48	6.064511113974035	65	6.094876851109071	
62	16	4.132314585923149	10	4.352987451009418	60	4.82684117151329	14	4.905389376688578	
63	19	4.743256552614135	89	5.76487699400691	45	6.030174826316777	33	6.086020849971734	
64	35	2.7052245090021776	4	3.764986375853553	58	3.8948317183081036	42	4.085360938607562	
65	17	4.602518824173894	2	4.854454418933544	75	4.89772556118888	48	5.01761993688511	
66	58	5.9973451644678875	44	6.126055783439299	64	6.2371140288835765	35	6.352460473942711	
67	90	4.722557593156754	93	5.824660091915317	40	6.0719035763550835	36	6.094213217042744	
68	75	4.185800958177583	48	4.659404309102242	84	4.660154444874971	2	5.218249655557632	
69	18	6.295888293223953	23	6.7781404494631525	71	6.877160954459094	12	6.893175970676713	
70	81	3.9607698378453007	58	4.2517200672138715	31	4.582121714683368	44	4.6293681256839	
71	93	4.1497215831608	13	4.557513838527195	23	4.615732265118161	12	4.9007282889460715	
72	80	5.222960049851318	84	5.404257333871328	30	6.0960670176139695	75	6.245464911255622	
73	86	5.685104159615062	9	5.978131126365964	68	6.173862469486588	75	6.297145521428514	
74	16	4.925808434317317	62	5.182533094865426	55	5.298743196927425	20	5.592505721192551	
75	68	4.185800958177583	2	4.709323513256174	65	4.89772556118888	84	4.996265260024559	
76	1	3.734915742075841	99	4.939628757238032	6	5.0599832958998485	57	5.201745755737325	
77	94	5.118879037725407	41	5.521485851641909	64	5.560572218598686	58	5.810156908830328	
78	52	4.157230777341459	35	4.693248555201399	4	4.779622590726189	54	5.063594371788752	
79	33	5.275496411300633	6	5.618515124646637	89	5.8243710514769225	46	6.214386075480639	
80	84	5.144764901503946	72	5.222960049851318	68	5.429562233575026	38	6.005716784768574	
81	70	3.9607698378453007	35	4.514133699366589	52	4.516947287367539	31	4.563077962755674	
82	16	4.74006077472239	43	5.1934017464193865	92	5.447266772222517	10	5.47519538927481	
83	58	5.709817915319528	94	5.7602026991996755	70	6.196080922757638	52	6.259411211626398	
84	68	4.660154444874971	38	4.806095349268793	75	4.996265260024559	80	5.144764901503946	
85	14	3.601474585462249	43	4.4876633855591646	10	4.609966675570412	28	4.801270164647238	
86	73	5.685104159615062	48	6.079543525661032	30	6.199742326618109	84	6.225225317365168	
87	25	4.788234438298552	24	5.460494028157978	71	5.629918833632748	93	5.657919726869692	
88	68	5.373434789970191	30	5.525215384602784	48	5.530137573500715	96	5.560683998303347	
89	8	5.131263522750363	99	5.404269942518407	1	5.43457197878518	76	5.764606450251701	
90	93	4.04624823291666	67	4.722557593156754	12	4.859112875357978	97	5.016860153397969	
91	23	4.2253266055123095	95	5.178766485822166	93	5.78119186231437	13	5.896660782482206	
92	43	4.6711986469416	16	5.0683609266956	85	5.16134209272539	10	5.362980262347093	
93	12	3.579350577340373	90	4.04624823291666	71	4.1497215831608	24	4.3612634876952825	
94	77	5.118879037725407	41	5.252421448433158	35	5.2718976390830194	64	5.3354246767303275	
95	23	5.0367038740466405	91	5.178766485822166	11	5.514172367041381	36	5.655852174202038	
96	88	5.560683998303347	17	5.7065988024848195	68	6.203487772635122	48	6.489732158921798	
97	90	5.016860153397969	12	5.126883692434643	11	5.204385320896027	7	5.37338636432428	
98	1	4.562788805239665	6	4.953042320438382	33	5.309342735579795	76	5.321889653845739	
99	8	3.6676680819407945	1	4.367079795436243	33	4.430578922211921	76	4.939628757238032	
