0	474	0	474	1.0
0	392	0	392	1.0
0	161	0	161	1.0
0	148	0	148	1.0
1	391	1	391	1.0
1	214	1	214	1.0
1	351	1	351	1.0
1	480	1	480	1.0
4	239	4	239	1.0
4	458	4	458	1.0
4	96	4	96	1.0
4	218	4	218	1.0
5	292	5	292	1.0
5	160	5	160	1.0
5	489	5	489	1.0
6	462	6	462	1.0
6	296	6	296	1.0
7	392	7	392	1.0
7	460	7	460	1.0
7	385	7	385	1.0
7	200	7	200	1.0
8	17	8	17	1.0
8	110	8	110	1.0
8	82	8	82	1.0
9	458	9	458	1.0
9	4	9	4	1.0
9	239	9	239	1.0
9	376	9	376	1.0
10	152	10	152	1.0
10	200	10	200	1.0
11	266	11	266	1.0
11	290	11	290	1.0
11	245	11	245	1.0
11	403	11	403	1.0
12	379	12	379	1.0
12	154	12	154	1.0
12	194	12	194	1.0
12	447	12	447	1.0
13	32	13	32	1.0
14	297	14	297	1.0
14	204	14	204	1.0
14	448	14	448	1.0
14	385	14	385	1.0
15	342	15	342	1.0
15	389	15	389	1.0
16	180	16	180	1.0
16	160	16	160	1.0
16	489	16	489	1.0
17	8	17	8	1.0
17	363	17	363	1.0
18	335	18	335	1.0
18	99	18	99	1.0
19	235	19	235	1.0
19	24	19	24	1.0
19	147	19	147	1.0
21	187	21	187	1.0
21	99	21	99	1.0
21	39	21	39	1.0
21	459	21	459	1.0
22	480	22	480	1.0
22	393	22	393	1.0
22	111	22	111	1.0
24	235	24	235	1.0
24	19	24	19	1.0
24	147	24	147	1.0
25	272	25	272	1.0
25	117	25	117	1.0
26	185	26	185	1.0
26	430	26	430	1.0
26	375	26	375	1.0
26	260	26	260	1.0
27	303	27	303	1.0
27	211	27	211	1.0
27	466	27	466	1.0
27	73	27	73	1.0
28	294	28	294	1.0
28	58	28	58	1.0
28	46	28	46	1.0
28	63	28	63	1.0
29	309	29	309	1.0
29	248	29	248	1.0
30	198	30	198	1.0
30	15	30	15	1.0
31	236	31	236	1.0
31	414	31	414	1.0
31	201	31	201	1.0
31	425	31	425	1.0
32	13	32	13	1.0
33	173	33	173	1.0
33	100	33	100	1.0
33	184	33	184	1.0
33	396	33	396	1.0
34	359	34	359	1.0
34	96	34	96	1.0
34	89	34	89	1.0
34	239	34	239	1.0
35	443	35	443	1.0
35	316	35	316	1.0
35	388	35	388	1.0
35	424	35	424	1.0
36	35	36	35	1.0
36	443	36	443	1.0
36	316	36	316	1.0
36	224	36	224	1.0
37	158	37	158	1.0
37	299	37	299	1.0
38	351	38	351	1.0
38	480	38	480	1.0
38	299	38	299	1.0
39	338	39	338	1.0
39	238	39	238	1.0
39	485	39	485	1.0
39	99	39	99	1.0
40	131	40	131	1.0
40	369	40	369	1.0
40	401	40	401	1.0
40	249	40	249	1.0
42	118	42	118	1.0
42	420	42	420	1.0
42	397	42	397	1.0
42	115	42	115	1.0
43	325	43	325	1.0
43	361	43	361	1.0
44	132	44	132	1.0
45	467	45	467	1.0
45	21	45	21	1.0
46	308	46	308	1.0
46	58	46	58	1.0
46	189	46	189	1.0
46	63	46	63	1.0
47	398	47	398	1.0
47	208	47	208	1.0
47	447	47	447	1.0
48	352	48	352	1.0
48	69	48	69	1.0
48	471	48	471	1.0
49	281	49	281	1.0
49	177	49	177	1.0
51	188	51	188	1.0
51	478	51	478	1.0
51	56	51	56	1.0
51	436	51	436	1.0
52	288	52	288	1.0
52	494	52	494	1.0
52	54	52	54	1.0
52	66	52	66	1.0
54	300	54	300	1.0
54	494	54	494	1.0
54	52	54	52	1.0
54	174	54	174	1.0
55	123	55	123	1.0
55	198	55	198	1.0
56	478	56	478	1.0
56	51	56	51	1.0
56	436	56	436	1.0
56	188	56	188	1.0
57	426	57	426	1.0
57	277	57	277	1.0
57	187	57	187	1.0
57	139	57	139	1.0
58	28	58	28	1.0
58	46	58	46	1.0
58	138	58	138	1.0
58	308	58	308	1.0
59	357	59	357	1.0
59	385	59	385	1.0
59	250	59	250	1.0
59	200	59	200	1.0
60	333	60	333	1.0
60	132	60	132	1.0
63	46	63	46	1.0
63	387	63	387	1.0
63	58	63	58	1.0
63	28	63	28	1.0
64	283	64	283	1.0
64	264	64	264	1.0
64	104	64	104	1.0
64	242	64	242	1.0
65	448	65	448	1.0
65	475	65	475	1.0
65	216	65	216	1.0
66	263	66	263	1.0
66	494	66	494	1.0
66	287	66	287	1.0
67	196	67	196	1.0
67	387	67	387	1.0
67	346	67	346	1.0
67	442	67	442	1.0
68	218	68	218	1.0
68	127	68	127	1.0
68	403	68	403	1.0
68	290	68	290	1.0
69	352	69	352	1.0
69	487	69	487	1.0
69	48	69	48	1.0
70	126	70	126	1.0
70	368	70	368	1.0
71	290	71	290	1.0
71	127	71	127	1.0
71	11	71	11	1.0
71	330	71	330	1.0
72	366	72	366	1.0
72	173	72	173	1.0
72	396	72	396	1.0
72	362	72	362	1.0
73	466	73	466	1.0
73	349	73	349	1.0
73	236	73	236	1.0
73	75	73	75	1.0
74	376	74	376	1.0
74	9	74	9	1.0
74	311	74	311	1.0
74	458	74	458	1.0
75	399	75	399	1.0
75	73	75	73	1.0
75	466	75	466	1.0
75	211	75	211	1.0
76	451	76	451	1.0
76	363	76	363	1.0
76	312	76	312	1.0
76	95	76	95	1.0
77	221	77	221	1.0
77	167	77	167	1.0
77	395	77	395	1.0
77	344	77	344	1.0
78	84	78	84	1.0
78	306	78	306	1.0
78	72	78	72	1.0
78	113	78	113	1.0
79	201	79	201	1.0
79	236	79	236	1.0
79	384	79	384	1.0
79	399	79	399	1.0
80	325	80	325	1.0
80	146	80	146	1.0
80	361	80	361	1.0
81	339	81	339	1.0
81	265	81	265	1.0
81	355	81	355	1.0
81	488	81	488	1.0
82	8	82	8	1.0
82	492	82	492	1.0
82	169	82	169	1.0
82	119	82	119	1.0
83	230	83	230	1.0
84	78	84	78	1.0
84	72	84	72	1.0
84	306	84	306	1.0
84	396	84	396	1.0
85	226	85	226	1.0
85	166	85	166	1.0
85	183	85	183	1.0
86	483	86	483	1.0
86	322	86	322	1.0
86	335	86	335	1.0
87	97	87	97	1.0
87	396	87	396	1.0
87	233	87	233	1.0
87	373	87	373	1.0
88	225	88	225	1.0
88	101	88	101	1.0
88	407	88	407	1.0
88	429	88	429	1.0
89	34	89	34	1.0
89	96	89	96	1.0
89	359	89	359	1.0
89	239	89	239	1.0
90	295	90	295	1.0
90	432	90	432	1.0
90	102	90	102	1.0
91	415	91	415	1.0
91	495	91	495	1.0
91	273	91	273	1.0
91	165	91	165	1.0
92	496	92	496	1.0
93	133	93	133	1.0
93	464	93	464	1.0
94	223	94	223	1.0
94	348	94	348	1.0
94	376	94	376	1.0
94	89	94	89	1.0
95	312	95	312	1.0
95	207	95	207	1.0
95	129	95	129	1.0
96	239	96	239	1.0
96	34	96	34	1.0
96	359	96	359	1.0
96	4	96	4	1.0
97	87	97	87	1.0
97	233	97	233	1.0
97	492	97	492	1.0
97	169	97	169	1.0
98	417	98	417	1.0
98	155	98	155	1.0
99	21	99	21	1.0
99	39	99	39	1.0
99	279	99	279	1.0
100	115	100	115	1.0
100	202	100	202	1.0
100	184	100	184	1.0
100	420	100	420	1.0
101	225	101	225	1.0
101	418	101	418	1.0
101	88	101	88	1.0
101	355	101	355	1.0
102	90	102	90	1.0
102	295	102	295	1.0
102	468	102	468	1.0
103	165	103	165	1.0
103	151	103	151	1.0
103	336	103	336	1.0
104	264	104	264	1.0
104	283	104	283	1.0
104	64	104	64	1.0
104	413	104	413	1.0
105	273	105	273	1.0
105	369	105	369	1.0
105	495	105	495	1.0
105	249	105	249	1.0
106	493	106	493	1.0
106	116	106	116	1.0
106	220	106	220	1.0
108	484	108	484	1.0
109	213	109	213	1.0
109	397	109	397	1.0
109	110	109	110	1.0
110	8	110	8	1.0
110	194	110	194	1.0
110	213	110	213	1.0
110	109	110	109	1.0
111	480	111	480	1.0
111	391	111	391	1.0
112	284	112	284	1.0
112	170	112	170	1.0
112	176	112	176	1.0
112	282	112	282	1.0
113	241	113	241	1.0
113	153	113	153	1.0
113	191	113	191	1.0
113	455	113	455	1.0
114	116	114	116	1.0
114	106	114	106	1.0
115	420	115	420	1.0
115	184	115	184	1.0
115	100	115	100	1.0
115	202	115	202	1.0
116	106	116	106	1.0
116	189	116	189	1.0
116	114	116	114	1.0
117	170	117	170	1.0
117	274	117	274	1.0
117	282	117	282	1.0
118	397	118	397	1.0
118	477	118	477	1.0
118	213	118	213	1.0
118	42	118	42	1.0
119	471	119	471	1.0
119	373	119	373	1.0
119	169	119	169	1.0
119	110	119	110	1.0
121	471	121	471	1.0
121	256	121	256	1.0
121	8	121	8	1.0
121	119	121	119	1.0
122	488	122	488	1.0
122	455	122	455	1.0
122	188	122	188	1.0
122	153	122	153	1.0
123	55	123	55	1.0
123	456	123	456	1.0
125	486	125	486	1.0
125	473	125	473	1.0
125	28	125	28	1.0
125	294	125	294	1.0
126	70	126	70	1.0
126	368	126	368	1.0
127	328	127	328	1.0
127	68	127	68	1.0
127	71	127	71	1.0
127	290	127	290	1.0
128	183	128	183	1.0
128	166	128	166	1.0
128	176	128	176	1.0
129	247	129	247	1.0
129	207	129	207	1.0
129	95	129	95	1.0
130	437	130	437	1.0
130	238	130	238	1.0
130	368	130	368	1.0
130	361	130	361	1.0
131	401	131	401	1.0
131	40	131	40	1.0
131	210	131	210	1.0
131	369	131	369	1.0
132	60	132	60	1.0
132	333	132	333	1.0
133	464	133	464	1.0
133	93	133	93	1.0
134	304	134	304	1.0
134	195	134	195	1.0
134	218	134	218	1.0
134	262	134	262	1.0
135	311	135	311	1.0
135	388	135	388	1.0
135	424	135	424	1.0
135	34	135	34	1.0
136	353	136	353	1.0
137	162	137	162	1.0
137	490	137	490	1.0
138	308	138	308	1.0
138	58	138	58	1.0
138	421	138	421	1.0
139	57	139	57	1.0
139	426	139	426	1.0
139	251	139	251	1.0
139	320	139	320	1.0
140	210	140	210	1.0
140	144	140	144	1.0
140	415	140	415	1.0
140	273	140	273	1.0
141	371	141	371	1.0
141	310	141	310	1.0
142	451	142	451	1.0
142	334	142	334	1.0
142	95	142	95	1.0
142	129	142	129	1.0
144	140	144	140	1.0
144	313	144	313	1.0
144	330	144	330	1.0
144	222	144	222	1.0
145	327	145	327	1.0
145	241	145	241	1.0
145	436	145	436	1.0
145	271	145	271	1.0
146	414	146	414	1.0
146	211	146	211	1.0
146	459	146	459	1.0
147	19	147	19	1.0
147	256	147	256	1.0
147	393	147	393	1.0
148	474	148	474	1.0
148	448	148	448	1.0
148	204	148	204	1.0
148	392	148	392	1.0
151	475	151	475	1.0
151	497	151	497	1.0
151	216	151	216	1.0
152	200	152	200	1.0
152	10	152	10	1.0
152	357	152	357	1.0
153	191	153	191	1.0
153	488	153	488	1.0
153	455	153	455	1.0
153	113	153	113	1.0
154	477	154	477	1.0
154	194	154	194	1.0
154	12	154	12	1.0
154	407	154	407	1.0
156	159	156	159	1.0
156	452	156	452	1.0
157	422	157	422	1.0
158	37	158	37	1.0
159	156	159	156	1.0
159	452	159	452	1.0
160	16	160	16	1.0
160	180	160	180	1.0
160	489	160	489	1.0
161	392	161	392	1.0
161	7	161	7	1.0
161	385	161	385	1.0
161	204	161	204	1.0
162	137	162	137	1.0
162	490	162	490	1.0
163	321	163	321	1.0
163	286	163	286	1.0
163	212	163	212	1.0
164	440	164	440	1.0
164	421	164	421	1.0
164	499	164	499	1.0
164	227	164	227	1.0
165	103	165	103	1.0
165	336	165	336	1.0
165	151	165	151	1.0
166	183	166	183	1.0
166	176	166	176	1.0
166	128	166	128	1.0
166	112	166	112	1.0
167	77	167	77	1.0
167	240	167	240	1.0
167	224	167	224	1.0
167	127	167	127	1.0
168	143	168	143	1.0
169	119	169	119	1.0
169	82	169	82	1.0
169	471	169	471	1.0
169	373	169	373	1.0
170	117	170	117	1.0
170	284	170	284	1.0
170	282	170	282	1.0
171	339	171	339	1.0
171	195	171	195	1.0
171	478	171	478	1.0
171	56	171	56	1.0
172	126	172	126	1.0
172	361	172	361	1.0
172	70	172	70	1.0
173	191	173	191	1.0
173	72	173	72	1.0
173	396	173	396	1.0
173	366	173	366	1.0
174	287	174	287	1.0
174	54	174	54	1.0
175	280	175	280	1.0
175	178	175	178	1.0
175	261	175	261	1.0
175	260	175	260	1.0
176	166	176	166	1.0
176	183	176	183	1.0
176	112	176	112	1.0
176	284	176	284	1.0
178	280	178	280	1.0
178	175	178	175	1.0
178	260	178	260	1.0
178	453	178	453	1.0
179	261	179	261	1.0
179	292	179	292	1.0
179	463	179	463	1.0
179	5	179	5	1.0
180	16	180	16	1.0
180	160	180	160	1.0
180	481	180	481	1.0
181	292	181	292	1.0
181	102	181	102	1.0
181	179	181	179	1.0
182	249	182	249	1.0
182	105	182	105	1.0
182	369	182	369	1.0
182	380	182	380	1.0
183	166	183	166	1.0
183	176	183	176	1.0
183	128	183	128	1.0
183	112	183	112	1.0
184	420	184	420	1.0
184	115	184	115	1.0
184	100	184	100	1.0
184	42	184	42	1.0
185	260	185	260	1.0
185	432	185	432	1.0
185	26	185	26	1.0
185	178	185	178	1.0
186	456	186	456	1.0
186	123	186	123	1.0
186	55	186	55	1.0
187	21	187	21	1.0
187	320	187	320	1.0
187	426	187	426	1.0
187	459	187	459	1.0
188	51	188	51	1.0
188	455	188	455	1.0
188	488	188	488	1.0
188	122	188	122	1.0
189	46	189	46	1.0
189	116	189	116	1.0
189	308	189	308	1.0
190	294	190	294	1.0
190	28	190	28	1.0
190	215	190	215	1.0
190	346	190	346	1.0
191	153	191	153	1.0
191	488	191	488	1.0
191	455	191	455	1.0
191	173	191	173	1.0
192	413	192	413	1.0
192	64	192	64	1.0
192	264	192	264	1.0
193	82	193	82	1.0
193	492	193	492	1.0
194	110	194	110	1.0
194	154	194	154	1.0
194	477	194	477	1.0
194	12	194	12	1.0
195	134	195	134	1.0
195	458	195	458	1.0
195	344	195	344	1.0
195	4	195	4	1.0
196	346	196	346	1.0
196	67	196	67	1.0
196	387	196	387	1.0
196	58	196	58	1.0
197	248	197	248	1.0
197	349	197	349	1.0
198	30	198	30	1.0
198	55	198	55	1.0
199	377	199	377	1.0
199	237	199	237	1.0
199	198	199	198	1.0
199	57	199	57	1.0
200	250	200	250	1.0
200	357	200	357	1.0
200	460	200	460	1.0
201	425	201	425	1.0
201	236	201	236	1.0
201	31	201	31	1.0
201	414	201	414	1.0
202	271	202	271	1.0
202	100	202	100	1.0
202	115	202	115	1.0
202	184	202	184	1.0
203	253	203	253	1.0
203	301	203	301	1.0
203	131	203	131	1.0
203	14	203	14	1.0
204	448	204	448	1.0
204	297	204	297	1.0
204	392	204	392	1.0
204	161	204	161	1.0
205	479	205	479	1.0
205	449	205	449	1.0
206	408	206	408	1.0
207	312	207	312	1.0
208	407	208	407	1.0
208	398	208	398	1.0
208	47	208	47	1.0
209	71	209	71	1.0
209	26	209	26	1.0
210	140	210	140	1.0
210	273	210	273	1.0
210	401	210	401	1.0
210	415	210	415	1.0
211	146	211	146	1.0
211	75	211	75	1.0
211	73	211	73	1.0
212	286	212	286	1.0
212	321	212	321	1.0
212	163	212	163	1.0
212	325	212	325	1.0
213	109	213	109	1.0
213	110	213	110	1.0
213	397	213	397	1.0
214	351	214	351	1.0
214	391	214	391	1.0
214	457	214	457	1.0
214	480	214	480	1.0
215	497	215	497	1.0
215	336	215	336	1.0
215	190	215	190	1.0
216	475	216	475	1.0
216	497	216	497	1.0
216	151	216	151	1.0
216	323	216	323	1.0
217	465	217	465	1.0
217	259	217	259	1.0
218	68	218	68	1.0
218	262	218	262	1.0
218	304	218	304	1.0
218	239	218	239	1.0
219	228	219	228	1.0
219	268	219	268	1.0
219	141	219	141	1.0
219	379	219	379	1.0
220	493	220	493	1.0
220	106	220	106	1.0
220	102	220	102	1.0
221	395	221	395	1.0
221	77	221	77	1.0
221	432	221	432	1.0
222	330	222	330	1.0
222	71	222	71	1.0
222	245	222	245	1.0
222	11	222	11	1.0
223	348	223	348	1.0
223	96	223	96	1.0
223	376	223	376	1.0
223	458	223	458	1.0
224	328	224	328	1.0
224	4	224	4	1.0
224	127	224	127	1.0
224	68	224	68	1.0
225	88	225	88	1.0
225	101	225	101	1.0
225	418	225	418	1.0
225	429	225	429	1.0
226	85	226	85	1.0
226	166	226	166	1.0
226	128	226	128	1.0
226	183	226	183	1.0
227	237	227	237	1.0
227	319	227	319	1.0
227	138	227	138	1.0
228	219	228	219	1.0
228	268	228	268	1.0
228	379	228	379	1.0
228	492	228	492	1.0
230	83	230	83	1.0
230	423	230	423	1.0
232	188	232	188	1.0
232	122	232	122	1.0
232	51	232	51	1.0
232	478	232	478	1.0
233	97	233	97	1.0
233	87	233	87	1.0
233	169	233	169	1.0
233	492	233	492	1.0
234	296	234	296	1.0
234	453	234	453	1.0
235	24	235	24	1.0
235	19	235	19	1.0
236	31	236	31	1.0
236	414	236	414	1.0
236	201	236	201	1.0
236	73	236	73	1.0
237	319	237	319	1.0
237	377	237	377	1.0
237	227	237	227	1.0
238	130	238	130	1.0
238	361	238	361	1.0
238	437	238	437	1.0
238	368	238	368	1.0
239	4	239	4	1.0
239	96	239	96	1.0
239	458	239	458	1.0
239	218	239	218	1.0
240	167	240	167	1.0
240	344	240	344	1.0
240	195	240	195	1.0
240	77	240	77	1.0
241	113	241	113	1.0
241	153	241	153	1.0
241	436	241	436	1.0
241	327	241	327	1.0
242	64	242	64	1.0
242	170	242	170	1.0
242	264	242	264	1.0
243	202	243	202	1.0
243	271	243	271	1.0
243	115	243	115	1.0
243	100	243	100	1.0
244	449	244	449	1.0
245	11	245	11	1.0
245	266	245	266	1.0
245	290	245	290	1.0
245	403	245	403	1.0
246	289	246	289	1.0
246	439	246	439	1.0
247	129	247	129	1.0
247	207	247	207	1.0
248	197	248	197	1.0
248	399	248	399	1.0
248	349	248	349	1.0
249	182	249	182	1.0
249	105	249	105	1.0
249	369	249	369	1.0
249	273	249	273	1.0
250	460	250	460	1.0
250	200	250	200	1.0
250	357	250	357	1.0
251	384	251	384	1.0
251	198	251	198	1.0
251	426	251	426	1.0
252	137	252	137	1.0
253	203	253	203	1.0
253	301	253	301	1.0
253	14	253	14	1.0
253	297	253	297	1.0
254	59	254	59	1.0
254	332	254	332	1.0
254	357	254	357	1.0
254	385	254	385	1.0
256	121	256	121	1.0
256	17	256	17	1.0
256	312	256	312	1.0
257	410	257	410	1.0
257	449	257	449	1.0
259	338	259	338	1.0
259	130	259	130	1.0
260	280	260	280	1.0
260	185	260	185	1.0
260	178	260	178	1.0
260	261	260	261	1.0
261	175	261	175	1.0
261	280	261	280	1.0
261	260	261	260	1.0
261	179	261	179	1.0
262	218	262	218	1.0
262	304	262	304	1.0
262	68	262	68	1.0
262	403	262	403	1.0
263	66	263	66	1.0
263	287	263	287	1.0
263	494	263	494	1.0
264	104	264	104	1.0
264	283	264	283	1.0
264	64	264	64	1.0
264	413	264	413	1.0
265	339	265	339	1.0
265	81	265	81	1.0
265	429	265	429	1.0
265	418	265	418	1.0
266	403	266	403	1.0
266	11	266	11	1.0
266	290	266	290	1.0
266	245	266	245	1.0
267	404	267	404	1.0
267	123	267	123	1.0
267	285	267	285	1.0
268	379	268	379	1.0
268	12	268	12	1.0
268	447	268	447	1.0
268	154	268	154	1.0
271	202	271	202	1.0
271	327	271	327	1.0
271	100	271	100	1.0
271	81	271	81	1.0
272	25	272	25	1.0
272	378	272	378	1.0
273	369	273	369	1.0
273	105	273	105	1.0
273	415	273	415	1.0
273	495	273	495	1.0
274	117	274	117	1.0
274	66	274	66	1.0
274	170	274	170	1.0
275	197	275	197	1.0
275	276	275	276	1.0
276	197	276	197	1.0
276	275	276	275	1.0
276	466	276	466	1.0
276	277	276	277	1.0
277	276	277	276	1.0
277	187	277	187	1.0
277	320	277	320	1.0
278	324	278	324	1.0
278	353	278	353	1.0
279	238	279	238	1.0
279	99	279	99	1.0
279	356	279	356	1.0
280	175	280	175	1.0
280	178	280	178	1.0
280	260	280	260	1.0
280	261	280	261	1.0
282	284	282	284	1.0
282	170	282	170	1.0
283	264	283	264	1.0
283	64	283	64	1.0
283	104	283	104	1.0
283	413	283	413	1.0
284	282	284	282	1.0
284	112	284	112	1.0
284	170	284	170	1.0
285	404	285	404	1.0
285	267	285	267	1.0
285	294	285	294	1.0
285	486	285	486	1.0
286	212	286	212	1.0
286	163	286	163	1.0
286	321	286	321	1.0
286	325	286	325	1.0
287	174	287	174	1.0
287	66	287	66	1.0
287	263	287	263	1.0
288	52	288	52	1.0
288	494	288	494	1.0
288	54	288	54	1.0
288	66	288	66	1.0
289	246	289	246	1.0
289	439	289	439	1.0
289	132	289	132	1.0
289	417	289	417	1.0
290	11	290	11	1.0
290	71	290	71	1.0
290	266	290	266	1.0
290	68	290	68	1.0
291	381	291	381	1.0
291	463	291	463	1.0
291	350	291	350	1.0
292	5	292	5	1.0
292	179	292	179	1.0
292	489	292	489	1.0
294	28	294	28	1.0
294	190	294	190	1.0
294	46	294	46	1.0
294	58	294	58	1.0
295	90	295	90	1.0
295	432	295	432	1.0
295	102	295	102	1.0
296	234	296	234	1.0
297	204	297	204	1.0
297	14	297	14	1.0
297	385	297	385	1.0
297	448	297	448	1.0
298	310	298	310	1.0
298	141	298	141	1.0
298	193	298	193	1.0
299	158	299	158	1.0
299	37	299	37	1.0
300	54	300	54	1.0
300	354	300	354	1.0
300	358	300	358	1.0
301	253	301	253	1.0
301	203	301	203	1.0
301	297	301	297	1.0
301	161	301	161	1.0
303	27	303	27	1.0
303	211	303	211	1.0
303	340	303	340	1.0
304	262	304	262	1.0
304	218	304	218	1.0
304	134	304	134	1.0
304	348	304	348	1.0
305	174	305	174	1.0
306	48	306	48	1.0
306	169	306	169	1.0
306	396	306	396	1.0
307	318	307	318	1.0
307	129	307	129	1.0
308	46	308	46	1.0
308	138	308	138	1.0
308	58	308	58	1.0
309	29	309	29	1.0
309	296	309	296	1.0
310	318	310	318	1.0
310	371	310	371	1.0
311	424	311	424	1.0
311	388	311	388	1.0
311	34	311	34	1.0
311	135	311	135	1.0
312	95	312	95	1.0
312	207	312	207	1.0
312	17	312	17	1.0
313	388	313	388	1.0
313	359	313	359	1.0
313	89	313	89	1.0
313	330	313	330	1.0
314	362	314	362	1.0
314	122	314	122	1.0
314	488	314	488	1.0
314	455	314	455	1.0
316	35	316	35	1.0
316	443	316	443	1.0
316	388	316	388	1.0
316	424	316	424	1.0
317	37	317	37	1.0
317	461	317	461	1.0
318	307	318	307	1.0
318	129	318	129	1.0
319	237	319	237	1.0
319	227	319	227	1.0
319	308	319	308	1.0
320	31	320	31	1.0
320	459	320	459	1.0
320	414	320	414	1.0
320	236	320	236	1.0
321	163	321	163	1.0
321	286	321	286	1.0
321	212	321	212	1.0
322	335	322	335	1.0
323	216	323	216	1.0
323	497	323	497	1.0
323	475	323	475	1.0
324	353	324	353	1.0
324	278	324	278	1.0
325	80	325	80	1.0
325	43	325	43	1.0
326	463	326	463	1.0
326	261	326	261	1.0
326	179	326	179	1.0
327	271	327	271	1.0
327	241	327	241	1.0
327	145	327	145	1.0
327	202	327	202	1.0
328	127	328	127	1.0
328	224	328	224	1.0
328	68	328	68	1.0
328	4	328	4	1.0
329	246	329	246	1.0
329	417	329	417	1.0
330	222	330	222	1.0
330	71	330	71	1.0
330	290	330	290	1.0
330	11	330	11	1.0
331	3	331	3	1.0
332	385	332	385	1.0
332	59	332	59	1.0
332	7	332	7	1.0
332	357	332	357	1.0
333	60	333	60	1.0
334	19	334	19	1.0
334	247	334	247	1.0
334	129	334	129	1.0
335	322	335	322	1.0
335	483	335	483	1.0
336	215	336	215	1.0
336	151	336	151	1.0
336	497	336	497	1.0
337	282	337	282	1.0
338	259	338	259	1.0
338	130	338	130	1.0
338	485	338	485	1.0
339	81	339	81	1.0
339	265	339	265	1.0
339	171	339	171	1.0
339	355	339	355	1.0
340	303	340	303	1.0
340	45	340	45	1.0
341	367	341	367	1.0
342	446	342	446	1.0
342	15	342	15	1.0
342	389	342	389	1.0
343	431	343	431	1.0
344	262	344	262	1.0
344	134	344	134	1.0
344	218	344	218	1.0
344	304	344	304	1.0
345	425	345	425	1.0
345	356	345	356	1.0
345	201	345	201	1.0
345	384	345	384	1.0
346	196	346	196	1.0
346	67	346	67	1.0
346	190	346	190	1.0
347	433	347	433	1.0
347	378	347	378	1.0
347	25	347	25	1.0
348	223	348	223	1.0
348	304	348	304	1.0
348	134	348	134	1.0
348	403	348	403	1.0
349	73	349	73	1.0
349	466	349	466	1.0
349	236	349	236	1.0
349	248	349	248	1.0
350	430	350	430	1.0
351	214	351	214	1.0
351	38	351	38	1.0
351	480	351	480	1.0
352	69	352	69	1.0
352	48	352	48	1.0
353	324	353	324	1.0
353	278	353	278	1.0
354	300	354	300	1.0
354	54	354	54	1.0
354	174	354	174	1.0
355	418	355	418	1.0
355	81	355	81	1.0
355	101	355	101	1.0
355	173	355	173	1.0
356	279	356	279	1.0
356	345	356	345	1.0
356	425	356	425	1.0
357	59	357	59	1.0
357	250	357	250	1.0
357	200	357	200	1.0
357	385	357	385	1.0
358	300	358	300	1.0
358	54	358	54	1.0
359	34	359	34	1.0
359	96	359	96	1.0
359	89	359	89	1.0
359	239	359	239	1.0
360	282	360	282	1.0
360	170	360	170	1.0
360	284	360	284	1.0
361	368	361	368	1.0
361	238	361	238	1.0
361	70	361	70	1.0
362	191	362	191	1.0
362	366	362	366	1.0
362	314	362	314	1.0
362	72	362	72	1.0
363	17	363	17	1.0
363	76	363	76	1.0
363	8	363	8	1.0
365	182	365	182	1.0
365	249	365	249	1.0
365	369	365	369	1.0
365	105	365	105	1.0
366	72	366	72	1.0
366	362	366	362	1.0
366	173	366	173	1.0
366	396	366	396	1.0
367	341	367	341	1.0
368	70	368	70	1.0
368	126	368	126	1.0
369	273	369	273	1.0
369	105	369	105	1.0
369	249	369	249	1.0
369	182	369	182	1.0
370	177	370	177	1.0
371	310	371	310	1.0
371	141	371	141	1.0
372	128	372	128	1.0
372	226	372	226	1.0
372	482	372	482	1.0
373	119	373	119	1.0
373	397	373	397	1.0
373	194	373	194	1.0
374	472	374	472	1.0
374	318	374	318	1.0
375	26	375	26	1.0
375	430	375	430	1.0
375	185	375	185	1.0
375	209	375	209	1.0
376	458	376	458	1.0
376	34	376	34	1.0
376	74	376	74	1.0
376	96	376	96	1.0
377	237	377	237	1.0
377	394	377	394	1.0
377	319	377	319	1.0
378	272	378	272	1.0
379	12	379	12	1.0
379	268	379	268	1.0
379	154	379	154	1.0
379	447	379	447	1.0
380	495	380	495	1.0
380	105	380	105	1.0
380	182	380	182	1.0
380	249	380	249	1.0
381	175	381	175	1.0
381	463	381	463	1.0
381	261	381	261	1.0
381	291	381	291	1.0
383	453	383	453	1.0
383	491	383	491	1.0
384	201	384	201	1.0
384	79	384	79	1.0
384	31	384	31	1.0
384	236	384	236	1.0
385	59	385	59	1.0
385	7	385	7	1.0
385	332	385	332	1.0
385	357	385	357	1.0
387	63	387	63	1.0
387	58	387	58	1.0
387	67	387	67	1.0
387	138	387	138	1.0
388	424	388	424	1.0
388	443	388	443	1.0
388	35	388	35	1.0
388	311	388	311	1.0
389	15	389	15	1.0
389	342	389	342	1.0
389	446	389	446	1.0
391	480	391	480	1.0
391	214	391	214	1.0
391	457	391	457	1.0
392	7	392	7	1.0
392	161	392	161	1.0
392	460	392	460	1.0
392	385	392	385	1.0
393	22	393	22	1.0
393	207	393	207	1.0
394	377	394	377	1.0
394	237	394	237	1.0
394	227	394	227	1.0
394	442	394	442	1.0
395	221	395	221	1.0
395	491	395	491	1.0
395	77	395	77	1.0
396	87	396	87	1.0
396	173	396	173	1.0
396	72	396	72	1.0
396	366	396	366	1.0
397	109	397	109	1.0
397	213	397	213	1.0
397	118	397	118	1.0
398	208	398	208	1.0
398	47	398	47	1.0
398	477	398	477	1.0
399	75	399	75	1.0
399	248	399	248	1.0
399	466	399	466	1.0
401	210	401	210	1.0
401	131	401	131	1.0
401	40	401	40	1.0
401	369	401	369	1.0
403	266	403	266	1.0
403	11	403	11	1.0
403	68	403	68	1.0
403	290	403	290	1.0
404	267	404	267	1.0
404	285	404	285	1.0
404	421	404	421	1.0
404	499	404	499	1.0
407	154	407	154	1.0
407	208	407	208	1.0
407	477	407	477	1.0
408	428	408	428	1.0
409	310	409	310	1.0
409	22	409	22	1.0
409	391	409	391	1.0
410	257	410	257	1.0
410	449	410	449	1.0
411	498	411	498	1.0
412	402	412	402	1.0
413	192	413	192	1.0
413	64	413	64	1.0
413	283	413	283	1.0
413	264	413	264	1.0
414	236	414	236	1.0
414	459	414	459	1.0
414	31	414	31	1.0
414	146	414	146	1.0
415	273	415	273	1.0
415	495	415	495	1.0
415	91	415	91	1.0
415	105	415	105	1.0
416	439	416	439	1.0
416	289	416	289	1.0
416	246	416	246	1.0
416	335	416	335	1.0
417	132	417	132	1.0
417	98	417	98	1.0
417	246	417	246	1.0
417	289	417	289	1.0
418	355	418	355	1.0
418	101	418	101	1.0
418	225	418	225	1.0
418	265	418	265	1.0
419	331	419	331	1.0
420	115	420	115	1.0
420	184	420	184	1.0
420	42	420	42	1.0
420	100	420	100	1.0
421	138	421	138	1.0
421	58	421	58	1.0
421	404	421	404	1.0
421	440	421	440	1.0
422	157	422	157	1.0
423	230	423	230	1.0
424	443	424	443	1.0
424	388	424	388	1.0
424	311	424	311	1.0
424	35	424	35	1.0
425	201	425	201	1.0
425	31	425	31	1.0
425	236	425	236	1.0
425	414	425	414	1.0
426	57	426	57	1.0
426	187	426	187	1.0
426	320	426	320	1.0
426	21	426	21	1.0
428	408	428	408	1.0
429	225	429	225	1.0
429	88	429	88	1.0
429	265	429	265	1.0
429	418	429	418	1.0
430	26	430	26	1.0
430	185	430	185	1.0
430	375	430	375	1.0
432	295	432	295	1.0
432	90	432	90	1.0
432	185	432	185	1.0
432	260	432	260	1.0
433	347	433	347	1.0
433	25	433	25	1.0
433	378	433	378	1.0
434	69	434	69	1.0
434	352	434	352	1.0
436	51	436	51	1.0
436	56	436	56	1.0
436	188	436	188	1.0
436	241	436	241	1.0
437	130	437	130	1.0
437	368	437	368	1.0
439	246	439	246	1.0
439	416	439	416	1.0
439	289	439	289	1.0
440	421	440	421	1.0
440	164	440	164	1.0
440	486	440	486	1.0
440	499	440	499	1.0
441	368	441	368	1.0
441	437	441	437	1.0
442	440	442	440	1.0
442	67	442	67	1.0
442	196	442	196	1.0
442	421	442	421	1.0
443	424	443	424	1.0
443	388	443	388	1.0
443	35	443	35	1.0
443	316	443	316	1.0
444	493	444	493	1.0
444	245	444	245	1.0
444	220	444	220	1.0
444	106	444	106	1.0
445	482	445	482	1.0
445	217	445	217	1.0
446	342	446	342	1.0
446	15	446	15	1.0
447	208	447	208	1.0
447	12	447	12	1.0
447	47	447	47	1.0
447	379	447	379	1.0
448	460	448	460	1.0
448	204	448	204	1.0
448	65	448	65	1.0
448	250	448	250	1.0
449	479	449	479	1.0
449	410	449	410	1.0
450	263	450	263	1.0
450	494	450	494	1.0
450	288	450	288	1.0
450	52	450	52	1.0
451	76	451	76	1.0
451	312	451	312	1.0
451	95	451	95	1.0
451	363	451	363	1.0
452	156	452	156	1.0
452	159	452	159	1.0
453	383	453	383	1.0
453	234	453	234	1.0
453	178	453	178	1.0
454	341	454	341	1.0
455	488	455	488	1.0
455	122	455	122	1.0
455	153	455	153	1.0
455	188	455	188	1.0
456	186	456	186	1.0
456	123	456	123	1.0
456	227	456	227	1.0
457	214	457	214	1.0
457	391	457	391	1.0
457	111	457	111	1.0
458	239	458	239	1.0
458	4	458	4	1.0
458	96	458	96	1.0
458	9	458	9	1.0
459	414	459	414	1.0
459	31	459	31	1.0
459	320	459	320	1.0
459	236	459	236	1.0
460	250	460	250	1.0
460	7	460	7	1.0
460	448	460	448	1.0
461	317	461	317	1.0
461	434	461	434	1.0
461	441	461	441	1.0
462	6	462	6	1.0
462	296	462	296	1.0
463	326	463	326	1.0
463	261	463	261	1.0
463	179	463	179	1.0
464	133	464	133	1.0
464	93	464	93	1.0
465	217	465	217	1.0
465	259	465	259	1.0
466	73	466	73	1.0
466	349	466	349	1.0
466	75	466	75	1.0
466	248	466	248	1.0
467	45	467	45	1.0
468	102	468	102	1.0
468	489	468	489	1.0
470	317	470	317	1.0
470	482	470	482	1.0
471	119	471	119	1.0
471	121	471	121	1.0
471	373	471	373	1.0
472	374	472	374	1.0
472	318	472	318	1.0
473	486	473	486	1.0
473	125	473	125	1.0
473	440	473	440	1.0
473	28	473	28	1.0
474	0	474	0	1.0
474	148	474	148	1.0
474	216	474	216	1.0
474	392	474	392	1.0
475	216	475	216	1.0
475	497	475	497	1.0
475	151	475	151	1.0
475	65	475	65	1.0
477	154	477	154	1.0
477	194	477	194	1.0
477	118	477	118	1.0
477	407	477	407	1.0
478	56	478	56	1.0
478	51	478	51	1.0
478	188	478	188	1.0
478	232	478	232	1.0
479	449	479	449	1.0
479	205	479	205	1.0
479	257	479	257	1.0
480	391	480	391	1.0
480	22	480	22	1.0
480	214	480	214	1.0
481	180	481	180	1.0
481	16	481	16	1.0
482	445	482	445	1.0
482	470	482	470	1.0
483	86	483	86	1.0
483	322	483	322	1.0
483	335	483	335	1.0
484	3	484	3	1.0
485	338	485	338	1.0
485	39	485	39	1.0
485	259	485	259	1.0
486	473	486	473	1.0
486	125	486	125	1.0
486	28	486	28	1.0
486	285	486	285	1.0
487	69	487	69	1.0
488	455	488	455	1.0
488	122	488	122	1.0
488	153	488	153	1.0
488	191	488	191	1.0
489	160	489	160	1.0
489	16	489	16	1.0
489	180	489	180	1.0
490	162	490	162	1.0
491	383	491	383	1.0
491	234	491	234	1.0
492	82	492	82	1.0
492	379	492	379	1.0
492	12	492	12	1.0
493	220	493	220	1.0
493	106	493	106	1.0
493	102	493	102	1.0
494	66	494	66	1.0
494	52	494	52	1.0
494	54	494	54	1.0
494	263	494	263	1.0
495	105	495	105	1.0
495	380	495	380	1.0
495	273	495	273	1.0
495	415	495	415	1.0
497	475	497	475	1.0
497	216	497	216	1.0
497	215	497	215	1.0
497	151	497	151	1.0
498	411	498	411	1.0
499	404	499	404	1.0
499	164	499	164	1.0
499	440	499	440	1.0
499	267	499	267	1.0
