-2.1767668113895722	-0.2842026590926856	-1.7891572867418162	4
0.8945116769391254	1.8023292161370437	-1.1099246685661750	0
-1.0507539002205935	1.3682908401461251	-0.2165344160413207	0
-1.6904440523996751	-2.2557512025408091	1.7904563102238495	1
2.9411112153238195	-1.7426765708723480	-2.8264745190088481	3
-2.2696400869376108	0.3986500020823536	-1.1244020746702805	4
-2.2141774133674108	0.4794812835452452	-1.2250830206178254	4
-2.1523189140905994	0.2953243934876162	2.7290598677630964	1
-0.7282002054449834	-0.9424123143871584	-0.2146568338690815	1
-2.2454260638036834	-1.4459133182687438	2.9562719259047769	1
-3.1679969168126210	0.4383742706180010	-1.2050709598089002	4
1.6747932610124123	0.5457364701562795	-0.0348461401428528	0
-3.3275337904616018	1.8469012601882586	-4.2746916557459045	4
-2.5298640769075149	-1.1471505372068824	1.7080677726794975	1
-3.0862281457597600	0.6494016546748924	-2.8379782861489815	4
-4.5818888429085760	1.1212111689611457	-3.0400198523506252	4
-1.0269822990743829	-2.9526226328838625	0.6878884728222363	1
2.8775547718536658	-1.7656658629173219	-1.1322558634444324	3
-0.5940467627807822	0.4261357653138144	2.9626112760760450	2
0.4358482141808330	1.1272564766943007	-3.1888294473311154	0
2.7318507088885706	-2.9436880156514835	-2.7199306651789832	3
-2.3074210089461484	1.7541069924661803	2.7845377176325812	2
0.2869819399847356	-4.2319861895799455	1.1367676814717114	1
-3.5245415783651382	-1.1033758096172761	3.0561608243108696	2
-2.1075891043271140	0.2576478510218021	1.3982676382791599	2
0.2755158369908421	-1.4770488553665304	1.6869880785830431	1
2.2509837811361963	-3.3529111662602058	-1.6242128331370478	3
1.5535780989133110	1.0552503561434126	-2.4553309554533129	0
3.0453691628601751	-2.4307570166304369	-2.6262590868855198	3
3.9372597901236226	-1.7845458755108290	-2.2335342947989294	3
0.1819660532734136	0.1755618400397274	-2.4978190587183273	0
0.1776396049497833	1.6268884971963398	-2.8842663737453078	0
2.0281373005636381	-1.9981942958565573	-3.4207282961922583	3
-3.5592658648137192	1.3899018618272434	5.1817456382320355	2
-2.8867982152206522	1.4042669164983153	1.4877169006047604	2
-1.6519487758583513	-2.3487311275424347	2.4529658069943627	1
-2.1011828099508199	2.1093710285697944	-1.4151898249035726	4
0.3704646132595566	0.9166500424828159	-4.0249121113519966	0
1.3002914809175885	-0.3146455642241274	1.4652723813039137	1
2.1848743551614773	-2.9762911266073924	-1.1296962177120096	3
-0.2522720627484258	-1.1018943722750905	0.8783613827969735	1
-1.5516899277780660	-0.5769042357592208	1.7643901028868267	1
-3.6456963590112301	0.6572250911014971	4.1128714564276585	2
-2.9596480382244508	-0.2633063778197180	3.5991643174716579	2
3.8649374978493656	-3.8620774606760224	-1.2149433617510708	3
1.4738135080705810	0.6135490913781469	-1.5927319998316456	0
-1.9553307059500984	0.7454797357981255	-4.2649767903426721	4
-0.5982837631815205	1.0685577955954055	2.8969210949887017	2
-2.0800334076142120	1.3289804157174077	-3.4441067089404340	0
-1.7192633706110043	0.3037349617732885	2.5827390839672359	2
-1.7290434069982161	-2.8860191601470007	3.2328937153372603	1
3.9303701379009750	-2.5442768297962330	-3.3051311985982474	3
-2.1653904143848037	-2.4983400891533192	4.0733825157421100	1
-2.0853056629822260	1.7633314514341185	-2.9652350233085163	4
-3.2094359251029543	1.3717414486451809	-3.1811727687681488	4
-2.1405863544369503	0.5889681959336250	-2.2737007235476638	0
-0.2753163037850161	-1.2731873151284328	-3.0449662580703745	3
3.7565593980702010	-2.3031402726801673	-3.4858768830809286	3
0.7226984632684880	1.9656379190635742	-1.2436232252022490	0
-0.8572552230022956	-1.7043612322214245	1.5780139377292162	1
3.3292137019751329	-2.8698148954541844	-2.2984374045835674	3
-4.7037532313374806	2.6985430153298298	1.6977107762099068	2
2.9601453550696988	-4.7475810841102559	-1.7858302034432585	3
-2.7569506586923187	2.1214741829757204	-3.9067166935000097	4
1.0328832263455134	-3.3645585671590621	-1.5458481048997403	3
-0.5924858716198849	-1.1744035512495790	2.9179014834063599	1
-2.2479447050273627	2.5223421127324670	3.0173289003219752	2
1.1982372214537165	-1.7791217355435243	-2.6666534883337332	0
2.5462758074588052	-1.4785242520523230	-2.0573005252188357	3
1.9920249186076209	-1.7619934182895896	-0.7977453662877900	3
-1.6648124739186199	0.8884676615222051	-3.3317146529651942	0
-3.2419621197685409	0.5527419237039082	-3.7755050630116989	4
-4.4587924314326806	1.5132988257375579	-1.8563154204626762	4
-4.2824211171673126	0.5861460638312486	1.8005575326444836	2
-0.5303853519545056	1.7539907060083233	-2.3668049964687148	0
-0.6203327449661115	-0.1643320624582305	-4.2831394883148866	0
-4.5317172701834894	-0.3202581804153115	3.6626694327056981	2
1.6994790458107134	2.8831122005383079	-2.5299754665653325	0
-2.5465562751681481	2.6933200334666036	2.7242379514046924	2
0.7197927747240658	1.8508804759240169	-1.2514955039678706	0
0.3969510393090820	-2.5167361087924394	2.0772565380322536	1
-2.8394994093188082	0.1464040098925823	-0.3014230503509499	4
-4.8025047989694132	1.0266835766038378	-3.8149850008940676	4
1.9203438812250546	-3.4423830460180698	-4.2713178285144648	3
-2.5008981411792219	1.6072190673298195	3.8044480264093536	2
1.7939834624446611	-2.0644739884776939	-1.1008649702028934	3
-0.8937304227816768	-2.3060894528635427	1.5727079787936198	1
-1.9636016338448983	0.9640979259197717	-2.7732756401357612	4
3.4239216323607748	-3.4615712884224150	-4.0116367390192238	3
-1.1282150250201171	-0.6333271575599144	1.5533987342060804	1
-0.0955285430599736	0.4926899557489723	-3.2328997975662110	0
-1.8431550879239060	-0.1260580304048138	-1.7749381775252482	0
-3.6385816029998939	-0.5293018676104901	-1.9816307985326853	4
-1.7165662755924900	-1.7147408960183748	1.2353087332805575	1
-2.9548055080572331	1.9800672974168996	2.7224507261652917	2
-2.6709158349227824	0.7836344631892339	0.7566235088772912	2
-3.1273236474251336	1.1669366709641757	-1.3601256541862510	4
-2.1018511283478984	-1.1567301859547083	2.4668110072436407	2
-4.8535860327561267	2.7229449840422539	-2.5200601892641559	4
-2.8433845955152366	2.4222099201869156	3.1453628839928096	2
G3
0	91	0.3694708225062835	6	0.9501539323113268	5	0.957503365091281	
1	79	0.2300569952304683	58	0.2721485199113664	45	1.4077967593717928	
2	36	1.7576619496552304	6	1.777837727870896	5	1.8028063059006074	
3	35	0.6701089359801282	93	0.7756051537309703	86	0.827466544885827	
4	28	0.7241620251846095	68	0.9040465029879858	32	1.118904923802906	
5	6	0.1405220875854761	10	0.9028457677384759	91	0.9382990966946537	
6	5	0.1405220875854761	91	0.8981515018605161	0	0.9501539323113268	
7	49	0.4571844410825136	43	1.3118423711440323	24	1.3320766628796115	
8	40	1.2027597207100877	89	1.8389034726848041	93	1.917226922548003	
9	97	0.5863553845601601	35	1.1918944321463025	13	1.3146017612855652	
10	96	0.745988903596629	5	0.9028457677384759	6	0.954914610969006	
11	45	1.5722594456729553	38	1.7694248802270165	1	1.828567341382934	
12	63	0.7323666930080588	54	1.198126666294091	71	1.3897331230852927	
13	97	0.8711935202936756	93	1.098687052063972	41	1.1336567889885554	
14	54	0.8091584441529099	71	0.9552762069613929	55	1.1028598134336607	
15	82	0.8112816078541817	72	1.2530130243480444	54	1.40225410623214	
16	86	1.1039324134883246	3	1.463375250790553	93	1.519060958847899	
17	69	0.9466117897784126	68	1.0236716676835391	85	1.124454741932173	
18	47	0.6457857361809763	49	1.193900018251893	7	1.5810977113612363	
19	31	0.6395799462022062	90	0.8288414344193086	37	0.8646758389575615	
20	28	0.6084130137640569	60	0.7348172236171223	4	1.2237524434430858	
21	94	0.6884907723507929	66	0.8049312799713542	99	0.9294155630480399	
22	16	1.888058705571953	80	1.9592588730850018	86	2.300696387382187	
23	43	1.148770714946272	9	1.3279481301804497	76	1.412631865495647	
24	95	1.0028489967980518	41	1.0674955452501251	49	1.2473546019051582	
25	40	1.0359430903445854	80	1.1171416936715066	59	1.16048117365351	
26	39	0.625107825420726	64	1.2206742621030293	20	1.2646320242089455	
27	45	0.9723884797174093	19	1.3388521255941144	31	1.550471701303315	
28	20	0.6084130137640569	60	0.6170952914500917	4	0.7241620251846095	
29	4	1.1600185908996017	28	1.1693119738662334	60	1.245689088264487	
30	90	0.847299938270195	19	1.2031933303650322	31	1.501901898001346	
31	19	0.6395799462022062	74	0.8861267336319303	90	1.2176093103756647	
32	4	1.118904923802906	67	1.1425216601166182	28	1.3612687073502632	
33	42	1.298759984452982	84	1.7505192708939765	43	2.365840793126178	
34	95	0.9829991819178171	94	1.3640889599026493	24	1.3892095919422398	
35	3	0.6701089359801282	50	0.9502155304681167	86	1.162569235559936	
36	96	1.3943384092912263	53	1.5882807024699133	6	1.644824902040701	
37	19	0.8646758389575615	90	1.0120154554493326	31	1.35745822959818	
38	25	1.5654086948986	11	1.7694248802270165	40	1.8370298753876726	
39	26	0.625107825420726	85	0.9924905159390265	69	1.2735388480004337	
40	25	1.0359430903445854	59	1.1038499169486629	89	1.2010440182011088	
41	89	0.4764786427828179	97	1.064082048532905	24	1.0674955452501251	
42	43	1.2577501772382977	33	1.298759984452982	76	1.3939829494269549	
43	23	1.148770714946272	42	1.2577501772382977	7	1.3118423711440323	
44	62	1.3887682581223761	60	1.563823623258079	26	1.741148590807213	
45	27	0.9723884797174093	1	1.4077967593717928	79	1.4886163265287682	
46	70	0.9878383506970911	48	1.0148159920940891	71	1.390018284445092	
47	18	0.6457857361809763	49	1.3929320096321807	7	1.7438728554576093	
48	70	0.61570438087935	53	0.646534384394828	87	0.7724700072997075	
49	7	0.4571844410825136	18	1.193900018251893	41	1.2137962389993346	
50	35	0.9502155304681167	52	1.0232864684670357	9	1.5546946640579253	
51	57	0.3478879344234628	28	1.1211515588294305	60	1.2168798163972698	
52	50	1.0232864684670357	9	1.5368616994313933	35	1.706386670000647	
53	48	0.646534384394828	87	0.8309238856853353	70	1.0375492720354123	
54	14	0.8091584441529099	71	1.0124470609243013	63	1.1372141733027967	
55	87	0.6493234963610438	91	0.921136222263626	0	0.9992590803611952	
56	67	1.6032623557141419	30	1.6147294901735585	75	1.697548015271938	
57	51	0.3478879344234628	28	1.122951619407716	4	1.1890697109641424	
58	79	0.11506383686810363	1	0.2721485199113664	45	1.585621311979327	
59	86	0.6028560731354555	93	0.9251865107535898	3	1.0214530270318531	
60	28	0.6170952914500917	20	0.7348172236171223	51	1.2168798163972698	
61	94	2.150608625722548	73	2.1564598504124106	34	2.240663646866771	
62	44	1.3887682581223761	26	1.57293817172971	60	1.9811570979123185	
63	12	0.7323666930080588	54	1.1372141733027967	48	1.1402944066181437	
64	26	1.2206742621030293	39	1.2849192813064692	85	1.570828912160685	
65	59	1.465010780886352	25	1.5362841392232474	89	1.5625738837527854	
66	78	0.4520006897536189	99	0.6172259068953718	21	0.8049312799713542	
67	32	1.1425216601166182	68	1.5095952802313433	56	1.6032623557141419	
68	4	0.9040465029879858	17	1.0236716676835391	28	1.2163697054085563	
69	85	0.4718012377878161	17	0.9466117897784126	39	1.2735388480004337	
70	48	0.61570438087935	87	0.6378471839180672	46	0.9878383506970911	
71	14	0.9552762069613929	54	1.0124470609243013	12	1.3897331230852927	
72	15	1.2530130243480444	98	1.4351525821523563	96	1.4625252644666518	
73	34	1.6477118301031037	95	1.9302199844996328	76	2.0859477352624225	
74	31	0.8861267336319303	19	1.4149654753159482	90	1.590628879196794	
75	90	1.3453998627810535	37	1.488920110174778	46	1.6156444372681438	
76	42	1.3939829494269549	23	1.412631865495647	43	1.5743818080605663	
77	27	1.8351942162995774	58	1.8575686938735096	79	1.9130599932618584	
78	66	0.4520006897536189	99	0.5821975215766083	94	0.8218272907436036	
79	58	0.11506383686810363	1	0.2300569952304683	45	1.4886163265287682	
80	25	1.1171416936715066	86	1.4017132013605875	59	1.5755092708271146	
81	10	1.0048566016330094	5	1.0323091408827867	6	1.1640944160668136	
82	15	0.8112816078541817	71	1.631402099255775	54	1.7489000307428344	
83	88	1.5259582270161764	32	1.6795246708047742	20	1.8204510966293346	
84	21	1.0484400322370044	99	1.1026786869249936	94	1.231164431796434	
85	69	0.4718012377878161	39	0.9924905159390265	17	1.124454741932173	
86	59	0.6028560731354555	3	0.827466544885827	93	1.0679841792959972	
87	70	0.6378471839180672	55	0.6493234963610438	48	0.7724700072997075	
88	51	1.263752068736482	57	1.3149272708123563	83	1.5259582270161764	
89	41	0.4764786427828179	59	1.1050516330199507	40	1.2010440182011088	
90	19	0.8288414344193086	30	0.847299938270195	37	1.0120154554493326	
91	0	0.3694708225062835	6	0.8981515018605161	55	0.921136222263626	
92	10	1.3269861485673056	0	1.4946645642845395	14	1.5581294409386657	
93	3	0.7756051537309703	59	0.9251865107535898	86	1.0679841792959972	
94	99	0.6218998406978147	21	0.6884907723507929	78	0.8218272907436036	
95	34	0.9829991819178171	24	1.0028489967980518	81	1.246573541215887	
96	10	0.745988903596629	6	1.1509419913037362	5	1.175351479963293	
97	9	0.5863553845601601	13	0.8711935202936756	41	1.064082048532905	
98	72	1.4351525821523563	15	1.7057926686975569	82	2.134652740514225	
99	78	0.5821975215766083	66	0.6172259068953718	94	0.6218998406978147	
