-2.0186301392029500	0.2056018119023642	-0.6608872841957021	2
-1.1697301582344943	1.8069566982368628	1.3656498948025591	4
-0.5867067656507383	0.9638353273135507	0.0914024926945621	3
-2.6853693110633552	-0.8602929966600831	1.4653713952263037	2
-1.7069350810688124	3.0639628733206807	2.5273306694827760	4
-3.5479770003760587	0.0824657240809621	0.3018168095913988	2
2.1071956488547636	0.1485909671255561	-0.3743107214302762	3
-2.0550288744467866	-1.1187649545151395	1.1134748303819288	2
-0.4653041571832205	1.5819195281892779	0.5465017168051505	4
-2.4687367735529628	-0.9458986223407895	3.1694373591449172	0
-0.2301024486770544	0.5066129502012406	-1.3434810191621238	1
-3.9137641048628353	-0.2275053993790014	1.1386892112930220	2
-1.2675540110091768	-1.7154189627657970	0.3090241920811960	3
0.4694447420852625	1.9415400772688849	0.9629679109709222	0
-2.7197606443361408	-1.3680160581336418	0.5352030502939727	2
0.4394688364489077	0.5186947853635469	-0.2078926945244994	0
-2.8250626635423335	-3.2776897234704521	-0.0281935232223852	2
-0.1092878078239747	2.1778514063192058	0.4448652310678423	4
-1.8978747982771369	-2.5802335214040881	-0.6600030652059051	3
0.0985709148936161	-1.3738987251265971	0.0879349614252671	3
-1.1911781813562059	-2.2052953453350765	-1.1787414245248153	1
-3.4544959207868926	-3.0919748784829881	0.7671632135427314	2
-3.3420097794756880	0.7451023149100073	1.9882755008074839	2
-0.6395355299610539	0.5922650006762324	2.2144593001322135	0
0.8004353050883546	-2.4159882601838958	-1.3244726439969599	1
-0.4485877249467328	-0.9469301826375802	2.3475398448352993	3
0.3580310681892424	2.9584715017430141	3.1205786308886667	4
-0.1514554640683821	-0.4028448277406877	1.0628816391123541	3
0.3923093731689841	0.2982789827061363	3.4994678862467286	0
-0.6963648036995869	3.1114436406631114	2.2141939817707188	4
-1.3663358030871513	2.6654350577995327	3.0341900161827833	4
0.3073898147936154	2.1446954226926382	1.7459811021072673	4
-0.1738192612230174	-0.8973497152318509	-1.7383678846078752	1
-2.2885305067455981	-1.5030595359999332	0.5042468588787588	3
0.5611853148278260	-1.5723697631243263	-2.4400899763368153	1
-2.5334423168894475	-1.2687900937928223	-0.1396283036767690	2
0.1511937777931451	2.4679732172325664	3.0496553224150369	0
0.1102637277250332	-3.3824692706414883	-4.0118878756781609	1
-0.9893485220166782	1.0677833224876894	3.0897283639488982	0
0.0492072805859350	0.9762439099619811	3.4428768459434052	4
-1.1386279329862599	0.6526679482951896	2.1176014757562855	0
-0.3850973128407453	1.6535432370081946	1.9659930260051850	0
-0.6287455165172313	1.7590505321316199	2.2334426686867994	4
-0.1015687421712563	0.4995149756156574	2.8228588650658559	0
-4.2907315471893268	-0.0311411983834158	0.7364206402899701	2
0.3651595876146604	-0.7162009602413355	1.4820648361074520	0
1.2304069087261615	0.0233989662026430	4.6564471568804606	0
2.7606379175007145	-1.5222213851061190	-2.9464402774925018	1
-5.9459997910901139	0.7992239226749511	1.5183195300369872	2
-4.1767043879241053	-1.6078451967119567	-0.7092913558855014	2
-1.1635177066519988	0.4197111557126563	0.4565171525556280	3
0.6777151882591639	0.3265669740675414	2.7091357820613045	4
0.2839035600066374	-1.3586318791892542	0.7328234234059900	3
-3.5341627507410540	-0.6844695053951551	0.3708953030549973	2
-1.3320734150314313	-3.8464366162143140	-2.9034022031706992	1
-1.9656088775388796	2.8258312811355917	3.9174806662713300	4
-1.2818258304274406	-1.9697139664861045	-3.3811698136772623	1
0.3602152392847673	-1.5976688293895736	-1.8252260557231037	1
-1.1425514377532711	-0.9276959913171721	2.1835999518890521	3
-1.5608334306125566	-0.7725042431067206	1.2257690626742808	0
-3.0958724607601709	-1.8427857359698374	-0.1546717115563407	2
0.1607781377188381	0.7193613158023162	0.7704711039593755	4
0.6479737878745502	-1.3005274908980078	-1.5405847555035144	1
-0.7737886587874625	-1.0124085264476386	1.2911776265499124	3
-3.2309972103320921	-1.6682259582223762	-0.6381808269706229	2
1.7718953881724682	-0.8016620848993891	2.5925360458292124	3
-2.6470071253951346	3.8071535615986871	3.0670238952751903	4
1.5904209336666808	0.2876758134601898	1.5736970832416721	0
-0.5776395053873797	-0.6500655967192502	-0.0684055106885311	2
-1.1540157125906247	-1.4713100193282262	-2.1823866943406061	1
-2.2924759183880195	-0.8999160769096377	0.4767425890827217	3
0.8541296074970828	-0.6452756300708113	-3.0011201730339057	1
0.2483798771309718	-3.0092112292034536	0.2140936368313731	1
-1.6174293592615672	1.8291358985027706	2.9324997979152463	4
1.0117599119240972	-2.0614935039063016	0.4246844792229050	1
-1.4893662500103488	0.1634709686425316	-0.8082566672809073	3
-0.0961281355196399	-1.0411873587902758	0.1674349198643280	3
0.8799521758729432	0.5101677153628729	1.6598763146383655	0
-0.5985059831386437	-2.5877168295490494	-2.4405290732224802	1
-2.5408780396865902	-1.0076639635804177	-0.1516549707719244	2
-1.0201588696024197	-0.8368640518235810	0.5376462881267396	3
0.5063870454068859	1.3653808462545698	2.0888759373213235	0
0.2595745846653038	-1.3559135424153936	3.2046949359811041	0
-0.3138524950003638	-2.0950796900942672	1.4709763096908239	3
-0.7974780344827828	2.6119229573340870	2.3278094313627977	4
0.2492048125136137	3.1474399432007036	1.3240231275341436	4
0.1017743636244430	1.6233926871748869	2.9779122666217308	0
-0.1293151241093031	-1.9116782801723244	-1.9841355419854125	1
0.2208739122119440	-0.7706321798270818	-2.0625633705402864	1
-0.9904376628049847	4.8421808469538909	5.5965154676358280	4
-1.5323361336497308	0.8069945660814025	3.0467500570793309	0
-2.6389581856637414	-2.0826619990815329	0.3594188100533645	3
-0.9792491363283293	-1.4717223682061258	-1.8785828854447437	1
-0.2266576265701719	-2.2545277315230563	-2.9426919123608233	1
-0.1741273137703760	0.3741704334536371	3.9619567547718182	4
2.5485136103315078	-0.6505733856508659	1.1588238257938941	0
-1.9853214024807597	-0.7192486634810833	-0.3615252255670125	2
1.5715098266109746	-2.3824330393682973	-0.6014395258448755	3
-2.8795322417871674	0.7255795656772492	2.9411884068277905	4
-2.6788529045233647	0.3593741512852268	0.0990040438147400	2
G3
0	75	0.5510108959249141	96	0.9726641331443366	99	1.0183196269306052	
1	41	0.9997981132903904	42	1.0237302778225146	8	1.1035676038995477	
2	8	0.7770984342417396	50	0.8729780585012324	61	1.0390550523792963	
3	7	0.7667907220230716	14	1.0602728992436403	70	1.0645760296161484	
4	30	0.729204145108107	84	1.0350173571931436	29	1.0590379095956943	
5	53	0.7701638254058438	44	0.8680272687545495	99	0.9344452841180592	
6	15	1.7163870533102226	95	1.7843561151751095	67	2.0201819491819237	
7	59	0.6137879206840947	70	0.7139354851914348	33	0.7572080684373679	
8	17	0.7015785199217389	2	0.7770984342417396	13	1.084678078918755	
9	58	1.6525659666746408	3	1.7199124363880418	98	1.7362862189096853	
10	15	1.3183446133918886	75	1.4106583029575535	32	1.459525470699826	
11	44	0.5852207747710678	5	0.9644883202598645	53	0.9707836359177326	
12	80	0.9409203740660588	33	1.060943646295175	7	1.2740696588374256	
13	17	0.8119142784091989	31	0.8250112431520362	8	1.084678078918755	
14	33	0.4529397954116169	70	0.6364805220707908	35	0.7070768469154419	
15	61	1.036885376587395	2	1.1579136744699958	10	1.3183446133918886	
16	21	1.0311491491010736	91	1.2700273460253102	18	1.3211002189982766	
17	8	0.7015785199217389	13	0.8119142784091989	2	1.3515545896466765	
18	20	0.9534611841445466	16	1.3211002189982766	91	1.3549918695859082	
19	76	0.39360489950331895	52	0.6711649531414211	68	1.002814675549442	
20	18	0.9534611841445466	92	1.0357708739498324	69	1.2439531082407191	
21	16	1.0311491491010736	91	1.3601727039285694	60	1.5933812880119718	
22	98	1.0593911539483931	11	1.4123263212955968	44	1.7520752199221166	
23	40	0.5119796685234397	43	0.8174110731602893	38	1.0557380062609418	
24	57	1.055554061385314	97	1.057572106539335	62	1.146386360171309	
25	58	0.7133245245378941	63	1.1072236436690712	82	1.1846839644425746	
26	36	0.5370291868147739	86	1.3669150051251149	29	1.3988153066429676	
27	45	0.7353895090659557	63	0.9005473701647487	52	1.1009108925410662	
28	94	0.7351911221696142	39	0.7619435900160211	51	0.8407624662463905	
29	84	0.522162109788638	4	1.0590379095956943	30	1.1489901185214175	
30	4	0.729204145108107	73	0.8790819974746866	84	0.9085352147321478	
31	13	0.8250112431520362	81	0.874361466932911	41	0.8770257340005233	
32	88	0.5262535016835248	57	0.8849768648257076	62	0.9364904166591878	
33	14	0.4529397954116169	70	0.6037831426708171	91	0.6926136997553436	
34	57	0.6473690252785815	87	0.8943240867372338	62	0.9436843234521358	
35	79	0.26150867399503086	14	0.7070768469154419	33	0.7276257219586696	
36	26	0.5370291868147739	86	0.8490616092509717	84	1.2007336197138772	
37	93	1.5902666828626768	54	1.8773232586017505	78	1.8981976798308235	
38	90	0.6038985483641097	73	0.9994318911742006	23	1.0557380062609418	
39	28	0.7619435900160211	43	0.7965087460241297	86	0.7985968307544917	
40	23	0.5119796685234397	90	1.020852554682422	38	1.0675372607911429	
41	42	0.37686277058043716	31	0.8770257340005233	81	0.9449244066794792	
42	41	0.37686277058043716	84	0.8745096467093322	1	1.0237302778225146	
43	39	0.7965087460241297	51	0.8063047780303867	23	0.8174110731602893	
44	11	0.5852207747710678	5	0.8680272687545495	53	1.0643509725004972	
45	27	0.7353895090659557	52	0.9902942603841474	63	1.1922164052859683	
46	28	1.4548427871272338	94	1.6056381669051072	39	1.9431672465215668	
47	71	2.0992374054317366	34	2.257542300534556	62	2.5473373659657184	
48	44	2.010170407533722	11	2.3083054745961746	22	2.6466113699365836	
49	64	0.950297116396858	60	1.237334902780768	53	1.559578674187902	
50	2	0.8729780585012324	80	1.267325903228314	68	1.327862707190831	
51	43	0.8063047780303867	28	0.8407624662463905	77	1.084229893214516	
52	19	0.6711649531414211	76	0.7515712029295658	45	0.9902942603841474	
53	5	0.7701638254058438	11	0.9707836359177326	44	1.0643509725004972	
54	78	1.52864260470016	37	1.8773232586017505	56	1.9372337529091728	
55	30	1.0793783112315833	4	1.4339232203113457	73	1.4438898759035994	
56	93	1.1776084617260387	69	1.304539339372538	78	1.3166846832313734	
57	62	0.5021141574560073	87	0.602904749267881	34	0.6473690252785815	
58	25	0.7133245245378941	63	0.9693192495367734	59	1.056638214620743	
59	7	0.6137879206840947	63	0.8253919179703703	80	0.8774873895119981	
60	64	0.5315175243045324	91	0.7284231879891426	35	0.8037567841662536	
61	15	1.036885376587395	2	1.0390550523792963	8	1.089104217294313	
62	57	0.5021141574560073	88	0.8577091692652433	32	0.9364904166591878	
63	80	0.8119874514632975	59	0.8253919179703703	27	0.9005473701647487	
64	60	0.5315175243045324	35	0.9458786696194353	49	0.950297116396858	
65	67	1.5025388068622694	51	1.575984333002431	95	1.6375269121173792	
66	4	1.3142817908018163	55	1.4664834501787072	30	1.7160181354856692	
67	77	0.749463382786227	95	1.4036997387107544	51	1.4573144268998703	
68	76	0.6636641776989393	80	0.773314834580246	19	1.002814675549442	
69	92	0.3504857778992972	87	1.132801403866973	32	1.2195770649485522	
70	33	0.6037831426708171	14	0.6364805220707908	79	0.6842490147445757	
71	34	1.1225305215252348	88	1.1391294534357839	57	1.5917698276953702	
72	74	1.235016788251211	19	1.646999005020032	83	1.6527237411016023	
73	30	0.8790819974746866	38	0.9994318911742006	90	1.0320207760545412	
74	52	1.057704562460022	19	1.1916798906751715	97	1.2121273143489797	
75	0	0.5510108959249141	96	1.1066772082292893	50	1.3309729982318919	
76	19	0.39360489950331895	68	0.6636641776989393	52	0.7515712029295658	
77	67	0.749463382786227	81	1.0271227201322253	51	1.084229893214516	
78	93	0.7081339508437154	87	0.9409905620117118	69	1.273417729261706	
79	35	0.26150867399503086	96	0.6602060938241899	70	0.6842490147445757	
80	68	0.773314834580246	63	0.8119874514632975	59	0.8774873895119981	
81	31	0.874361466932911	41	0.9449244066794792	86	1.01028071699415	
82	25	1.1846839644425746	28	1.6854858428522501	65	1.7230923938289455	
83	63	1.189977180373785	52	1.2018890809949767	25	1.4507806535816206	
84	29	0.522162109788638	42	0.8745096467093322	30	0.9085352147321478	
85	31	1.0894634460160317	13	1.2779127445329035	29	1.2991542566740222	
86	39	0.7985968307544917	36	0.8490616092509717	81	1.01028071699415	
87	57	0.602904749267881	34	0.8943240867372338	78	0.9409905620117118	
88	32	0.5262535016835248	62	0.8577091692652433	57	0.8716275730807269	
89	55	2.7992467440035265	66	3.1959085532066576	30	3.3830508955132306	
90	38	0.6038985483641097	40	1.020852554682422	73	1.0320207760545412	
91	33	0.6926136997553436	60	0.7284231879891426	14	0.7403701488834956	
92	69	0.3504857778992972	87	0.9628553333203974	32	0.9991403678445527	
93	78	0.7081339508437154	87	1.0226688732254072	34	1.156998141854866	
94	28	0.7351911221696142	39	0.8257207541902135	43	1.1482682626002025	
95	67	1.4036997387107544	65	1.6375269121173792	6	1.7843561151751095	
96	79	0.6602060938241899	35	0.8072611500534711	70	0.9108663678031089	
97	24	1.057572106539335	74	1.2121273143489797	72	1.675893225085869	
98	22	1.0593911539483931	90	1.3537758374543745	73	1.6765487638967074	
99	5	0.9344452841180592	0	1.0183196269306052	96	1.3625345238991782	
