-2.1767668113895722	-0.2842026590926856	-1.7891572867418162	4
0.8945116769391254	1.8023292161370437	-1.1099246685661750	0
-0.1211372047208843	1.3134030231912566	0.2112064716629112	0
-1.6904440523996751	-2.2557512025408091	1.7904563102238495	1
3.1262596238862446	-1.4871378573573295	-2.4317996776128794	3
-3.0051266215798074	-0.5216141890652879	-1.7825714000502548	4
-2.2141774133674108	0.4794812835452452	-1.2250830206178254	4
-2.1523189140905994	0.2953243934876162	2.7290598677630964	1
-0.7282002054449834	-0.9424123143871584	-0.2146568338690815	1
-2.6051734365407606	-0.8653764160816479	2.8660643656077669	1
-2.3249030869024487	1.4377064082224096	-0.3971877376814945	4
1.6747932610124123	0.5457364701562795	-0.0348461401428528	0
-3.3275337904616018	1.8469012601882586	-4.2746916557459045	4
-1.8100102621611798	-1.4913099114689059	1.0623451655936467	1
-2.6250339042212083	0.9783343153059254	-2.7176418770897115	4
-4.5818888429085760	1.1212111689611457	-3.0400198523506252	4
-1.0269822990743829	-2.9526226328838625	0.6878884728222363	1
3.1532165946957060	-1.7119420084039525	-1.8816862146517044	3
-0.6897943872814267	0.9926370415465812	2.3162088488156165	2
-0.4990333767135865	1.0360105165451521	-3.3299793383438656	0
2.7318507088885706	-2.9436880156514835	-2.7199306651789832	3
-2.2551976552626036	1.8130846765680328	4.5562802653252232	2
0.2869819399847356	-4.2319861895799455	1.1367676814717114	1
-3.5245415783651382	-1.1033758096172761	3.0561608243108696	2
-2.1075891043271140	0.2576478510218021	1.3982676382791599	2
0.2755158369908421	-1.4770488553665304	1.6869880785830431	1
2.2509837811361963	-3.3529111662602058	-1.6242128331370478	3
1.5535780989133110	1.0552503561434126	-2.4553309554533129	0
3.0453691628601751	-2.4307570166304369	-2.6262590868855198	3
3.9372597901236226	-1.7845458755108290	-2.2335342947989294	3
0.1819660532734136	0.1755618400397274	-2.4978190587183273	0
0.1776396049497833	1.6268884971963398	-2.8842663737453078	0
2.4690379963282538	-2.9724790481863703	-2.9145212598034091	3
-4.3194576577776891	1.4059542120099291	5.1261816814558561	2
-2.8867982152206522	1.4042669164983153	1.4877169006047604	2
-0.8360376757573729	-2.4359635605965426	1.9197676459610371	1
-1.9257990019323967	1.1834844212217612	-1.4151704068373019	4
0.3704646132595566	0.9166500424828159	-4.0249121113519966	0
1.3002914809175885	-0.3146455642241274	1.4652723813039137	1
1.7271956180039738	-2.2432557689239427	-0.8763625819523500	3
-0.2522720627484258	-1.1018943722750905	0.8783613827969735	1
-1.1514173544685384	-0.2983182132396444	1.1214422476938477	1
-3.6456963590112301	0.6572250911014971	4.1128714564276585	2
-2.9596480382244508	-0.2633063778197180	3.5991643174716579	2
3.8649374978493656	-3.8620774606760224	-1.2149433617510708	3
2.0782306936245982	0.5094888779501967	-2.3636529493574221	0
-1.9553307059500984	0.7454797357981255	-4.2649767903426721	4
-0.5982837631815205	1.0685577955954055	2.8969210949887017	2
-2.0800334076142120	1.3289804157174077	-3.4441067089404340	0
-1.7192633706110043	0.3037349617732885	2.5827390839672359	2
-1.7290434069982161	-2.8860191601470007	3.2328937153372603	1
3.9303701379009750	-2.5442768297962330	-3.3051311985982474	3
-2.9396053115056957	-3.0962351938603820	3.5064506834904403	1
-2.7394057724514260	0.8908843134038222	-2.5957976723810163	4
-3.2094359251029543	1.3717414486451809	-3.1811727687681488	4
-2.1405863544369503	0.5889681959336250	-2.2737007235476638	0
-0.2753163037850161	-1.2731873151284328	-3.0449662580703745	3
3.7565593980702010	-2.3031402726801673	-3.4858768830809286	3
0.7226984632684880	1.9656379190635742	-1.2436232252022490	0
-0.1461031058073026	-1.3820540007752211	1.6555054106890195	1
2.5217185948523335	-2.6275712067072261	-2.6440889378333408	3
-4.8988169776946870	3.2675021884115276	2.4130362201261217	2
3.0623139449052896	-4.4458763221468134	-1.7639077897234705	3
-2.7569506586923187	2.1214741829757204	-3.9067166935000097	4
1.0328832263455134	-3.3645585671590621	-1.5458481048997403	3
-0.2370414593360204	-0.2631313556656671	2.6767114655848148	1
-2.2479447050273627	2.5223421127324670	3.0173289003219752	2
1.1982372214537165	-1.7791217355435243	-2.6666534883337332	0
1.6070281694260848	-1.3545939688884772	-1.4637898669480505	3
1.9920249186076209	-1.7619934182895896	-0.7977453662877900	3
-1.6648124739186199	0.8884676615222051	-3.3317146529651942	0
-3.2419621197685409	0.5527419237039082	-3.7755050630116989	4
-5.2439531557857713	0.7603885393347662	-1.0212737486575538	4
-5.1054176121681305	0.7033947641674445	2.3868710256689081	2
0.6624225497282898	1.5974577439314339	-3.3241348074634578	0
-0.2902158936884424	0.7026543068480289	-4.5066905908940385	0
-4.5317172701834894	-0.3202581804153115	3.6626694327056981	2
1.6994790458107134	2.8831122005383079	-2.5299754665653325	0
-2.5465562751681481	2.6933200334666036	2.7242379514046924	2
0.7197927747240658	1.8508804759240169	-1.2514955039678706	0
0.3969510393090820	-2.5167361087924394	2.0772565380322536	1
-2.8394994093188082	0.1464040098925823	-0.3014230503509499	4
-3.8222371628897411	0.0763532751335330	-2.9670602469517107	4
1.9203438812250546	-3.4423830460180698	-4.2713178285144648	3
-2.5008981411792219	1.6072190673298195	3.8044480264093536	2
1.7939834624446611	-2.0644739884776939	-1.1008649702028934	3
-0.8937304227816768	-2.3060894528635427	1.5727079787936198	1
-1.9636016338448983	0.9640979259197717	-2.7732756401357612	4
3.4239216323607748	-3.4615712884224150	-4.0116367390192238	3
-1.1282150250201171	-0.6333271575599144	1.5533987342060804	1
-0.0955285430599736	0.4926899557489723	-3.2328997975662110	0
-1.9105807712141125	-0.4839023589025928	-0.9529535479198339	0
-3.2526995455494001	0.1937484996807375	-1.2354786607583350	4
-1.7165662755924900	-1.7147408960183748	1.2353087332805575	1
-2.9548055080572331	1.9800672974168996	2.7224507261652917	2
-2.6709158349227824	0.7836344631892339	0.7566235088772912	2
-3.1273236474251336	1.1669366709641757	-1.3601256541862510	4
-0.9686704061274658	0.2889253460929146	1.6425667274510669	2
-4.0807795042821402	3.3899409548637940	-2.9502304637745489	4
-2.8433845955152366	2.4222099201869156	3.1453628839928096	2
G3
0	5	0.861735216644793	91	0.8999842614781218	6	0.9501539323113268	
1	79	0.2300569952304683	58	0.2721485199113664	27	1.6741007880108876	
2	1	1.7366574108466801	79	1.7707462585135039	58	1.8038842648145188	
3	93	0.7756051537309703	86	0.827466544885827	35	0.882727688470896	
4	17	0.5948852046690615	29	0.8862742018819059	28	0.9668375490675568	
5	0	0.861735216644793	92	0.9339949649322169	91	1.3739427139660791	
6	36	0.7841656332943406	0	0.9501539323113268	91	1.0461039210201386	
7	49	0.4571844410825136	9	1.2534248363057034	43	1.3118423711440323	
8	40	1.2027597207100877	91	1.467425371037697	41	1.542443101742801	
9	23	0.968513373751956	43	1.012707318841121	7	1.2534248363057034	
10	36	1.122587014006452	6	1.2711672446419402	96	1.2823589347787747	
11	38	1.7694248802270165	1	1.828567341382934	2	1.968557863557497	
12	63	0.7323666930080588	54	1.198126666294091	71	1.3897331230852927	
13	93	0.29760641664718696	3	1.0624558367043377	89	1.200879993438354	
14	53	0.18861186944686845	87	0.6639205062871445	55	0.7637926100815977	
15	82	1.2938785867573814	54	1.40225410623214	71	1.6307971674274178	
16	86	1.1039324134883246	35	1.3494157044304784	3	1.463375250790553	
17	4	0.5948852046690615	29	0.862433838227014	28	1.0405358459330816	
18	47	0.5927603799798754	97	1.0132994088038445	49	1.2670559693255778	
19	90	0.6836942443836319	31	1.0028375536161656	37	1.119466496299238	
20	32	0.32827571484047413	60	0.38708824556321664	28	0.6084130137640569	
21	84	0.8173133385183019	99	1.645504571869502	66	1.694541241719133	
22	16	1.888058705571953	80	1.9592588730850018	35	2.258308943779016	
23	9	0.968513373751956	43	1.148770714946272	76	1.412631865495647	
24	95	1.0028489967980518	41	1.140173222238921	97	1.1652450934361098	
25	59	0.4333332594006311	40	1.0359430903445854	80	1.1171416936715066	
26	64	1.2206742621030293	20	1.2646320242089455	60	1.2804540855543058	
27	45	0.7625751064771578	74	1.3575592795465075	31	1.550471701303315	
28	60	0.5596996036941059	20	0.6084130137640569	32	0.8418523940243183	
29	17	0.862433838227014	4	0.8862742018819059	28	1.1693119738662334	
30	90	0.847299938270195	19	1.3771793200338909	31	1.501901898001346	
31	74	0.6552594232573224	19	1.0028375536161656	90	1.2176093103756647	
32	20	0.32827571484047413	60	0.44144116860662247	28	0.8418523940243183	
33	42	1.4287572209296004	21	2.1798422413703653	84	2.2571322762036727	
34	95	0.9829991819178171	94	1.3640889599026493	24	1.3892095919422398	
35	86	0.37502819826382616	3	0.882727688470896	80	1.24562760371995	
36	6	0.7841656332943406	55	1.0661413853882438	10	1.122587014006452	
37	75	0.8452238818684551	90	1.0120154554493326	74	1.0197192714978573	
38	25	1.5654086948986	11	1.7694248802270165	59	1.8076522553844678	
39	85	0.2946605903658681	69	0.5549132141111508	68	1.0720218401214656	
40	59	0.832895014361096	25	1.0359430903445854	89	1.2010440182011088	
41	89	0.5471341216798744	97	0.8061154808758977	24	1.140173222238921	
42	43	1.2577501772382977	76	1.3939829494269549	33	1.4287572209296004	
43	9	1.012707318841121	23	1.148770714946272	42	1.2577501772382977	
44	62	1.13419029336978	26	1.741148590807213	20	2.095784251188367	
45	27	0.7625751064771578	30	1.9301107216413542	74	2.0274896678943723	
46	70	0.9878383506970911	48	1.0148159920940891	71	1.390018284445092	
47	18	0.5927603799798754	49	1.3929320096321807	65	1.3972774522464169	
48	70	0.61570438087935	87	0.7724700072997075	14	0.9735139346468291	
49	7	0.4571844410825136	97	1.2031347318592185	24	1.2473546019051582	
50	52	1.2587630119685442	3	1.5745962264119693	35	1.6505481976577252	
51	57	0.3478879344234628	28	1.1211515588294305	88	1.263752068736482	
52	50	1.2587630119685442	23	2.12518232604481	3	2.282860898083459	
53	14	0.18861186944686845	55	0.7439653767664384	87	0.7992063085180237	
54	14	0.8433005289415433	53	0.891524499037682	71	1.0124470609243013	
55	87	0.6493234963610438	53	0.7439653767664384	14	0.7637926100815977	
56	67	1.6032623557141419	30	1.6147294901735585	90	1.7849272225991148	
57	51	0.3478879344234628	28	1.122951619407716	88	1.3149272708123563	
58	79	0.11506383686810363	1	0.2721485199113664	27	1.7284102832369317	
59	25	0.4333332594006311	40	0.832895014361096	86	1.1914879506444216	
60	20	0.38708824556321664	32	0.44144116860662247	28	0.5596996036941059	
61	99	2.3400050510719654	94	2.3521068277567214	78	2.4412419128915968	
62	44	1.13419029336978	26	1.368336269898413	20	1.8110094966410795	
63	12	0.7323666930080588	54	1.1372141733027967	48	1.1402944066181437	
64	26	1.2206742621030293	39	1.4790539300433034	85	1.570828912160685	
65	97	1.3818476244323905	18	1.382715306163057	47	1.3972774522464169	
66	78	0.4520006897536189	99	0.6172259068953718	94	0.9384387608041056	
67	68	1.3394830179805748	60	1.5722527181691688	56	1.6032623557141419	
68	85	0.8188995081675965	69	0.8705240290264571	39	1.0720218401214656	
69	85	0.4718012377878161	39	0.5549132141111508	68	0.8705240290264571	
70	48	0.61570438087935	87	0.6378471839180672	46	0.9878383506970911	
71	54	1.0124470609243013	82	1.1032897583002788	14	1.2964581856184016	
72	92	2.081359079828996	15	2.1549612422528632	96	2.181793407468908	
73	76	1.733395225776237	42	2.2609721941254297	23	2.4922956837247954	
74	31	0.6552594232573224	37	1.0197192714978573	19	1.2900531061735065	
75	37	0.8452238818684551	19	1.240717726011354	90	1.305576952306495	
76	42	1.3939829494269549	23	1.412631865495647	43	1.5743818080605663	
77	74	1.8327800240606114	27	1.8351942162995774	58	1.8575686938735096	
78	66	0.4520006897536189	99	0.5821975215766083	94	0.8218272907436036	
79	58	0.11506383686810363	1	0.2300569952304683	27	1.6665668449206057	
80	25	1.1171416936715066	35	1.24562760371995	59	1.326757439850169	
81	92	1.0224655185519917	6	1.1640944160668136	95	1.246573541215887	
82	71	1.1032897583002788	15	1.2938785867573814	53	1.4049272335964986	
83	88	1.5259582270161764	32	1.5371310705314596	20	1.8204510966293346	
84	21	0.8173133385183019	99	1.1026786869249936	94	1.231164431796434	
85	39	0.2946605903658681	69	0.4718012377878161	68	0.8188995081675965	
86	35	0.37502819826382616	3	0.827466544885827	93	1.0679841792959972	
87	70	0.6378471839180672	55	0.6493234963610438	14	0.6639205062871445	
88	51	1.263752068736482	57	1.3149272708123563	83	1.5259582270161764	
89	41	0.5471341216798744	97	0.940188862373327	13	1.200879993438354	
90	19	0.6836942443836319	30	0.847299938270195	37	1.0120154554493326	
91	0	0.8999842614781218	6	1.0461039210201386	81	1.2979475890899443	
92	5	0.9339949649322169	96	0.9891163761292642	81	1.0224655185519917	
93	13	0.29760641664718696	3	0.7756051537309703	86	1.0679841792959972	
94	99	0.6218998406978147	78	0.8218272907436036	66	0.9384387608041056	
95	34	0.9829991819178171	24	1.0028489967980518	81	1.246573541215887	
96	92	0.9891163761292642	6	1.1509419913037362	36	1.2028986767635295	
97	41	0.8061154808758977	89	0.940188862373327	18	1.0132994088038445	
98	63	2.0679450358881053	12	2.1685359240214503	54	2.2103626915313255	
99	78	0.5821975215766083	66	0.6172259068953718	94	0.6218998406978147	
