-3.1653977252918479	-0.9797531264569717	-1.6202628852766938	4
0.8945116769391254	1.8023292161370437	-1.1099246685661750	0
-0.1211372047208843	1.3134030231912566	0.2112064716629112	0
-1.6904440523996751	-2.2557512025408091	1.7904563102238495	1
3.1550375157952564	-0.8250029004919841	-3.3226579045192759	3
-3.0051266215798074	-0.5216141890652879	-1.7825714000502548	4
-2.2141774133674108	0.4794812835452452	-1.2250830206178254	4
-1.6817271307664048	-0.2779085802455439	2.1470736698306458	1
-0.4718401382106407	-1.3383561822459580	-0.7413286234574137	1
-3.2683033248394393	-0.3762123299092421	1.9251661841664951	1
-2.3249030869024487	1.4377064082224096	-0.3971877376814945	4
1.3417671390530170	1.5013189262846709	1.6176079786619837	0
-3.4100767696803578	0.4492202912039744	-4.2353864059662012	4
-1.8100102621611798	-1.4913099114689059	1.0623451655936467	1
-2.6250339042212083	0.9783343153059254	-2.7176418770897115	4
-4.5818888429085760	1.1212111689611457	-3.0400198523506252	4
-0.0345486848053778	-2.9065379687701665	0.9200086574045538	1
2.9136079946765427	-0.7924549090471587	-1.5152382779070324	3
-1.2669038555301375	1.4733673730154591	2.9395130587389873	2
-0.4990333767135865	1.0360105165451521	-3.3299793383438656	0
2.7318507088885706	-2.9436880156514835	-2.7199306651789832	3
-2.2551976552626036	1.8130846765680328	4.5562802653252232	2
0.6637723334642004	-3.3507327410834775	0.5624340822416183	1
-3.5245415783651382	-1.1033758096172761	3.0561608243108696	2
-2.1075891043271140	0.2576478510218021	1.3982676382791599	2
0.2755158369908421	-1.4770488553665304	1.6869880785830431	1
1.9813600727043683	-3.5078447513138347	-0.9691200087664753	3
1.5535780989133110	1.0552503561434126	-2.4553309554533129	0
3.0453691628601751	-2.4307570166304369	-2.6262590868855198	3
3.9372597901236226	-1.7845458755108290	-2.2335342947989294	3
0.1819660532734136	0.1755618400397274	-2.4978190587183273	0
0.1776396049497833	1.6268884971963398	-2.8842663737453078	0
2.4690379963282538	-2.9724790481863703	-2.9145212598034091	3
-3.5981456172208039	1.1132894716490309	6.0732534693288862	2
-2.8867982152206522	1.4042669164983153	1.4877169006047604	2
-0.8360376757573729	-2.4359635605965426	1.9197676459610371	1
-1.9257990019323967	1.1834844212217612	-1.4151704068373019	4
0.4434846345846364	1.3152480579953878	-4.9887922228930277	0
1.3002914809175885	-0.3146455642241274	1.4652723813039137	1
1.7271956180039738	-2.2432557689239427	-0.8763625819523500	3
-0.2522720627484258	-1.1018943722750905	0.8783613827969735	1
-1.1514173544685384	-0.2983182132396444	1.1214422476938477	1
-3.6456963590112301	0.6572250911014971	4.1128714564276585	2
-2.9596480382244508	-0.2633063778197180	3.5991643174716579	2
3.6168171063048491	-2.7240623832356832	-0.5357590571735869	3
1.2923748044902335	-0.0824378363337370	-1.8650875873128760	0
-2.4462416575828754	0.7323873532087886	-4.6273696155477904	4
-0.5982837631815205	1.0685577955954055	2.8969210949887017	2
-2.0800334076142120	1.3289804157174077	-3.4441067089404340	0
-1.7192633706110043	0.3037349617732885	2.5827390839672359	2
-1.7290434069982161	-2.8860191601470007	3.2328937153372603	1
3.9303701379009750	-2.5442768297962330	-3.3051311985982474	3
-2.9396053115056957	-3.0962351938603820	3.5064506834904403	1
-2.7394057724514260	0.8908843134038222	-2.5957976723810163	4
-2.5876251107608814	2.1190005436445709	-3.7096027982197293	4
-2.4925284740388891	0.6489023416422746	-2.4533359750216488	0
-0.2753163037850161	-1.2731873151284328	-3.0449662580703745	3
4.3063166836512066	-1.4628034852890155	-3.4199609959938622	3
0.9122977399308027	2.3689439063192843	-1.9654983963150212	0
-0.1461031058073026	-1.3820540007752211	1.6555054106890195	1
2.8384982352809658	-2.5345770508767376	-3.5116294904276399	3
-4.8988169776946870	3.2675021884115276	2.4130362201261217	2
3.0623139449052896	-4.4458763221468134	-1.7639077897234705	3
-2.7569506586923187	2.1214741829757204	-3.9067166935000097	4
0.4706672270012278	-3.0723074539682491	-1.7091675609584405	3
-0.2370414593360204	-0.2631313556656671	2.6767114655848148	1
-1.4782498759787608	3.2186575603005787	3.4268389275517737	2
2.0028871830265507	-1.6383743543812239	-1.9163261157021827	0
1.6070281694260848	-1.3545939688884772	-1.4637898669480505	3
1.9920249186076209	-1.7619934182895896	-0.7977453662877900	3
-1.6648124739186199	0.8884676615222051	-3.3317146529651942	0
-3.4389056071113235	-0.4050403675733920	-3.7702638640943191	4
-4.5353954567098862	1.5278055574913889	-0.4442401024410065	4
-5.1054176121681305	0.7033947641674445	2.3868710256689081	2
1.5667956126307598	1.2762448336911278	-3.4644887806590279	0
-0.0946774575011454	1.6740027844662531	-5.2609959770580410	0
-4.9523859526239322	-0.3009842399959173	3.9185687178257576	2
1.6994790458107134	2.8831122005383079	-2.5299754665653325	0
-3.0119544069869173	2.7293346407255958	1.8694869946360511	2
0.7197927747240658	1.8508804759240169	-1.2514955039678706	0
-0.1535810526153851	-2.7155959104107299	2.0379910409046538	1
-2.8394994093188082	0.1464040098925823	-0.3014230503509499	4
-2.9859079402980901	1.0062080721879234	-2.0337297919236237	4
1.9203438812250546	-3.4423830460180698	-4.2713178285144648	3
-2.5008981411792219	1.6072190673298195	3.8044480264093536	2
0.8783318562718372	-2.3684224171363670	-0.7959312674130583	3
-0.8937304227816768	-2.3060894528635427	1.5727079787936198	1
-1.9636016338448983	0.9640979259197717	-2.7732756401357612	4
3.4239216323607748	-3.4615712884224150	-4.0116367390192238	3
-1.3161947091687873	-0.6441879745295069	0.8334381273556504	1
-0.7678529272237683	0.5401266674668335	-4.1754899154947989	0
-1.9105807712141125	-0.4839023589025928	-0.9529535479198339	0
-3.2526995455494001	0.1937484996807375	-1.2354786607583350	4
-1.2414516396067581	-2.2904879118018053	0.4920293411242431	1
-2.9548055080572331	1.9800672974168996	2.7224507261652917	2
-2.6709158349227824	0.7836344631892339	0.7566235088772912	2
-3.1273236474251336	1.1669366709641757	-1.3601256541862510	4
-0.9686704061274658	0.2889253460929146	1.6425667274510669	2
-4.0807795042821402	3.3899409548637940	-2.9502304637745489	4
-2.8433845955152366	2.4222099201869156	3.1453628839928096	2
G3
0	5	0.5117833199777578	92	1.2380575809736494	91	1.5052359694243436	
1	79	0.2300569952304683	58	1.0263405647157855	27	1.6741007880108876	
2	1	1.7366574108466801	79	1.7707462585135039	97	1.9536271958102032	
3	86	0.827466544885827	35	0.882727688470896	13	1.0624558367043377	
4	57	1.3197352764539698	29	1.6488737503562045	60	1.7488713938002927	
5	0	0.5117833199777578	92	0.9339949649322169	91	1.3739427139660791	
6	36	0.7841656332943406	91	1.0461039210201386	92	1.0771627138648636	
7	49	0.7276829889097938	24	1.0143419465272658	97	1.041286630813186	
8	40	1.6515205247580835	91	1.6866686260006885	85	1.6991122127961538	
9	23	1.368785463404072	24	1.423607497988002	7	1.6050328903144022	
10	36	1.122587014006452	6	1.2711672446419402	96	1.2823589347787747	
11	38	1.8228146903152513	2	2.037981036358588	47	2.363836235677521	
12	71	0.9731039790072394	46	1.0783378621333337	48	1.7802013314749818	
13	89	1.0069100300305054	3	1.0624558367043377	93	1.134550361657555	
14	53	0.18861186944686845	55	0.44265192213266413	87	0.6639205062871445	
15	12	1.803778387789101	82	1.8902381964924395	53	1.9092217447140818	
16	22	0.9015657586169123	80	1.1404000105461065	86	1.2348069012069005	
17	67	1.3060871174595905	68	1.4233053436775267	69	1.5179316075583082	
18	47	0.7827756365903202	49	1.303823905819649	84	1.5128683589077923	
19	31	1.0028375536161656	90	1.0163920890027278	70	1.1750799159484175	
20	32	0.32827571484047413	28	0.6084130137640569	60	0.8975146273374286	
21	84	0.8173133385183019	99	1.645504571869502	42	1.8617490159120373	
22	16	0.9015657586169123	85	1.6900076285339631	80	1.8024243922205705	
23	43	1.148770714946272	9	1.368785463404072	76	1.8510319183900372	
24	95	1.0028489967980518	7	1.0143419465272658	41	1.140173222238921	
25	59	0.4333332594006311	40	1.0359430903445854	80	1.3569546889218314	
26	39	1.2932087243149224	85	1.5952895793555288	62	1.637086472506598	
27	74	1.033156705417618	45	1.3080324223631308	58	1.541741605646805	
28	20	0.6084130137640569	32	0.8418523940243183	60	0.9151256370885488	
29	28	1.1693119738662334	57	1.283483335939414	51	1.3136051592618858	
30	45	1.3038100101988086	19	1.3771793200338909	31	1.501901898001346	
31	19	1.0028375536161656	58	1.390864264352834	30	1.501901898001346	
32	20	0.32827571484047413	60	0.8275247830089201	28	0.8418523940243183	
33	42	2.0132941734271457	21	2.1434622131076746	84	2.5681504253042315	
34	95	0.9829991819178171	94	1.3640889599026493	78	1.3846360355064284	
35	86	0.37502819826382616	80	0.7469391304818375	3	0.882727688470896	
36	6	0.7841656332943406	10	1.122587014006452	96	1.2028986767635295	
37	75	0.701725213245796	90	1.6521538977716734	74	1.8938980407908679	
38	25	1.5654086948986	59	1.8076522553844678	11	1.8228146903152513	
39	69	0.5549132141111508	85	0.8618036737942609	68	1.0720218401214656	
40	59	0.832895014361096	25	1.0359430903445854	89	1.1590705944776574	
41	89	0.47929515095450004	97	0.8061154808758977	24	1.140173222238921	
42	43	1.2577501772382977	84	1.5192684182216443	76	1.631979280041901	
43	23	1.148770714946272	42	1.2577501772382977	49	1.7009439319867279	
44	26	1.8646276367224028	69	1.9063481247342196	29	1.9666762670542077	
45	30	1.3038100101988086	27	1.3080324223631308	68	1.3705574873138644	
46	12	1.0783378621333337	48	1.3748246690874488	70	1.5210898769600385	
47	18	0.7827756365903202	49	1.3929320096321807	65	1.3972774522464169	
48	70	0.61570438087935	87	0.7724700072997075	14	0.9735139346468291	
49	7	0.7276829889097938	97	1.2031347318592185	24	1.2473546019051582	
50	52	1.2587630119685442	3	1.5745962264119693	35	1.6505481976577252	
51	60	1.1112694911544108	28	1.1211515588294305	57	1.1506981717683729	
52	50	1.2587630119685442	23	2.12518232604481	3	2.282860898083459	
53	14	0.18861186944686845	55	0.37389705848480714	82	0.6244863411917544	
54	63	0.25986755816451473	48	0.9758428731389022	14	1.5121194831591787	
55	53	0.37389705848480714	14	0.44265192213266413	87	0.6938827335645142	
56	30	1.6147294901735585	90	2.192893901879489	45	2.295136904396686	
57	51	1.1506981717683729	29	1.283483335939414	4	1.3197352764539698	
58	79	0.9029108537514962	1	1.0263405647157855	77	1.096657560930155	
59	25	0.4333332594006311	40	0.832895014361096	86	1.1914879506444216	
60	32	0.8275247830089201	20	0.8975146273374286	28	0.9151256370885488	
61	78	2.036005999659893	99	2.3400050510719654	94	2.3521068277567214	
62	26	1.637086472506598	20	1.8110094966410795	32	1.9613228279922315	
63	54	0.25986755816451473	48	1.1402944066181437	46	1.5954444327704986	
64	85	1.22296570797495	39	1.7203936837038458	26	1.7376869657516192	
65	97	1.3818476244323905	47	1.3972774522464169	59	1.5176032012477139	
66	99	1.6053505564281476	18	1.8243331605294397	84	1.9455416013247875	
67	68	0.6648493981915059	69	1.1254432703207886	39	1.2342655776668316	
68	67	0.6648493981915059	69	0.8705240290264571	39	1.0720218401214656	
69	39	0.5549132141111508	68	0.8705240290264571	67	1.1254432703207886	
70	48	0.61570438087935	87	0.6378471839180672	14	1.1433226074673992	
71	12	0.9731039790072394	46	1.7360166490767832	53	1.8836378720265385	
72	96	1.718062547540548	92	2.0127283696938156	81	2.191969513846567	
73	76	1.838013518172719	9	2.180300837718199	42	2.2609721941254297	
74	27	1.033156705417618	31	1.5457565894788403	77	1.8635833124111172	
75	37	0.701725213245796	90	1.7079706295567547	19	2.0734905599785693	
76	42	1.631979280041901	73	1.838013518172719	23	1.8510319183900372	
77	58	1.096657560930155	27	1.8351942162995774	74	1.8635833124111172	
78	94	1.1367562076813276	99	1.3231026643263402	34	1.3846360355064284	
79	1	0.2300569952304683	58	0.9029108537514962	27	1.6665668449206057	
80	35	0.7469391304818375	86	0.9654040381197009	16	1.1404000105461065	
81	92	1.0224655185519917	6	1.1640944160668136	95	1.246573541215887	
82	53	0.6244863411917544	96	0.7068059274395827	55	0.7397026643868921	
83	60	1.4980806098843593	88	1.5259582270161764	32	1.5371310705314596	
84	21	0.8173133385183019	99	1.1026786869249936	94	1.231164431796434	
85	39	0.8618036737942609	64	1.22296570797495	69	1.2680976534525596	
86	35	0.37502819826382616	3	0.827466544885827	80	0.9654040381197009	
87	70	0.6378471839180672	14	0.6639205062871445	55	0.6938827335645142	
88	60	1.205008763011905	51	1.263752068736482	83	1.5259582270161764	
89	41	0.47929515095450004	13	1.0069100300305054	40	1.1590705944776574	
90	19	1.0163920890027278	70	1.2797791099261704	37	1.6521538977716734	
91	6	1.0461039210201386	81	1.2979475890899443	5	1.3739427139660791	
92	5	0.9339949649322169	96	0.9891163761292642	81	1.0224655185519917	
93	13	1.134550361657555	86	1.1353500652348403	3	1.374304704132631	
94	99	0.6218998406978147	78	1.1367562076813276	84	1.231164431796434	
95	34	0.9829991819178171	24	1.0028489967980518	81	1.246573541215887	
96	82	0.7068059274395827	92	0.9891163761292642	6	1.1509419913037362	
97	41	0.8061154808758977	7	1.041286630813186	24	1.1652450934361098	
98	63	2.0679450358881053	54	2.102723451641382	15	2.325146779238112	
99	94	0.6218998406978147	84	1.1026786869249936	78	1.3231026643263402	
