3.5985535979321592	-0.0284760469242595	1.0922775653101731	2.2807936628489665	1.5129820386309736	3.0354167465053781	4
-1.6005206367582268	3.7506543541392774	6.1383691347580385	-0.9637888944053155	3.1422958681937070	0.1676381178122943	1
0.3984215586079090	-1.9104623122712363	3.4006019374095127	0.3690859859825262	2.7609472175819141	-2.4398968688032787	2
1.4555544499489670	1.2970470037166768	3.9894468649029546	2.1694634130282595	2.9803329537180181	2.0273856646410335	4
1.2918884143481106	-2.4275825103612334	0.1131486282160086	-0.9448624204240339	2.5871447456092027	-3.3402571474973222	2
3.8817512378972538	-1.4507806850182181	3.1899524397067101	3.3946141852113687	3.5733745781357569	1.0484598313169622	4
0.3079066459001889	-0.9521672175657414	1.5603206029405485	2.1507921286779239	4.2043974009746874	0.5039786618782669	4
-2.0218880233976417	-0.8431063958894369	1.8487239548716725	-0.5846026881942219	3.5910652541865655	-1.9505400716019867	2
-4.3662961756710228	-3.9984167422358956	0.7882612457471174	0.9587538805821343	-4.7600339954722344	-1.2331218564251112	0
-2.7773705338838401	-3.2874833040878677	-1.9397810337160859	2.5170698713177178	-5.2020691986210625	-1.4697327944949963	0
-2.5532216125933114	-2.2231412060449971	1.3575714135767805	2.2030413275210528	-4.8199897906553284	-1.0485095006783556	0
-0.1046731719324288	0.3333568567440082	-0.8619150673786753	-1.2440860748107592	3.8461280715015285	-1.6805015315479797	2
-1.9828483953801890	4.7372883309690907	4.8961859625111002	-0.8383389383522122	1.4530461803077572	-1.7692116835161480	1
-0.4051341252578528	-1.1140169192945479	-1.5072307023141573	0.1657328280981500	1.3083229641467546	-0.4638768844005335	3
2.4635115759012591	2.6558592272362032	2.8524862743912776	2.6795234999404869	2.3072807530367405	2.2116350728003491	4
-2.7700056869749643	-0.9929734445124030	-3.8969472139082892	-2.8419801559485802	0.8837506865948750	0.8932187014387041	3
3.5298255786785910	1.2495231034187861	2.1366134200222393	2.3261612487682601	1.5737200256481378	2.1569703934167999	4
-1.1580544295763773	3.6724844057973400	7.1136981610410492	-1.8580145987593566	2.3567986580150615	-1.9724301664220971	1
-2.3912850788354985	-1.4565756015403881	1.7711188729841245	1.6177034593414115	3.0037531211914530	-2.7680100500014708	2
-3.3981086818290205	1.4669168174970222	5.5269231717658878	-1.2945254414059528	5.3156701850466845	0.5316128224136127	1
-1.4771015446180968	-1.6030016863573953	-3.5152415518739781	-3.2021592795059202	2.5544032135090138	-0.7082587564471501	3
2.8162947856092941	-1.3915026638682795	1.2883522785848571	0.8895654118384337	2.7379518551144906	2.2040731945252996	4
-1.3713476844208536	-1.8077938735158536	1.2287939824054179	-0.2634166349421787	2.7354857697891299	-3.4072337759616209	2
-1.5166253806418373	-0.1047455332266115	-1.4896583100284932	-2.1588575825761795	1.0528115498386379	-0.6113026582332663	3
-5.1155947930470180	0.6991863633278435	5.3044767076004877	-3.1313116746853318	4.1492393848116045	-0.9077200510141310	1
-2.1252496446960580	-4.3461037953212172	-1.2843133366892694	2.2870500424989264	-4.5338603776659872	-4.6906451167881640	0
-2.8932271779539591	-3.5246133413824370	-1.0594143524281754	2.2610591242385967	-3.9725425356108213	-0.1334468679445500	0
-1.9834498257041631	-0.7114464086238614	-4.3741094329362920	-0.9513518926221274	1.7782041109323905	-0.0916011101372377	3
-1.7917196132645585	-3.2899456920792325	0.8292471751529860	-0.1939983683096878	2.8786964236591794	-3.5863142317660648	2
-0.5767886166937369	-0.3838653818089939	-2.3889386271449919	-1.2506663794089936	1.5023447272596613	1.2770174242168613	3
-1.0892893000083685	-0.5438629619083395	1.7034641144096443	-0.2997484923193521	3.3804439300243918	-4.4494268987618630	2
-2.7605685180065209	-0.8332002076713358	-3.6049605402331983	-2.4729608311883089	1.4723903659781683	-0.7751848618595233	3
-0.4665900242326433	-1.2014886859346778	0.4705789833047422	-0.8536193502897227	1.2058565194214297	-3.7650379036646884	2
-3.2824194671848317	-2.6459636400848803	-1.9802535927132592	2.8496559804029182	-4.9205277052189178	-3.2084307935649021	0
-0.6323673380586984	-0.2875172189962379	-2.1174674076366951	-3.7114328858785068	1.2604682223438410	0.0637181932566382	3
-1.8094731085158753	-0.4232068919761103	1.3014980536331517	-0.1245165733592182	1.5264524755721764	-1.3848505717175017	2
-2.5866270557355584	0.0464864307252992	2.3356306248228935	1.2181987839159101	3.0122345354543967	-5.4064466583932678	2
-3.3500483546152182	-3.2692801558884059	-0.6565184268283843	1.7828083998424673	-4.6101184893151173	-0.6062181794259682	0
-2.1195187642749791	-2.6265849639156178	-0.4619324039585049	0.5544045403705631	-5.7059286578133515	-2.0948394938718096	0
-2.2426459163095087	3.0535449141666193	5.5753670604844814	-0.2909346628911389	4.3273666563842301	0.0509171097664991	1
0.5734808372047702	-1.8179667196493865	1.0609354596496028	0.8558507082751556	3.4305267036369647	-2.5582692217971239	2
-1.0180606209535650	-0.7584164521270549	3.7907520076687007	0.9007413063689187	2.5121840932008448	-2.5548155099779457	2
1.8670003259102794	0.2108800517483185	1.3665884012520271	1.2888112001703769	0.3658866587324359	3.1866836350705321	4
-3.1254415216817106	-4.0695925472589805	-1.0418327891316475	0.2393348856477435	-5.2830667861746718	-3.1692616037359658	0
-1.2648113545974986	-4.8142396134069960	-0.2766968387448330	1.7766543887249817	-4.4027648020998127	-3.8699049225192441	0
-1.8742064004069510	3.9958975191171135	5.2988660908130427	-0.8794925197819576	1.8451232889197176	-2.6901891491412506	1
-0.8248537743845914	2.0013544900640921	6.0459504859787030	-0.4972670017694309	3.2940915749342308	-0.0912498819289084	1
2.5743806878270123	-0.0914584682183947	1.8415236721436437	1.7412409284949737	1.8231696573162284	1.6747239322439142	4
1.9555388761860291	1.0865555778372229	0.3964086880565878	0.5811828718309924	1.4933169814668550	2.1191715658578416	4
-3.4929911207502187	2.2972822348137312	4.9606416912119746	-2.0156893514235721	2.6221946442161865	-1.8043597092315360	1
-0.5162900347697403	-0.8339432554728372	0.3835356920341126	-0.2421953219940951	2.7213177475330235	-1.8878537258362698	2
-3.3181337672108095	-3.5982250700876124	-1.4654476769837954	1.2136991374792954	-5.9824847528176521	-0.4380420136321452	0
-1.1340795843492311	-3.4858914237031042	0.9294184032620483	-0.5025685790528902	4.3258578359653965	-3.1200037221233865	2
-2.3373575312671497	-0.2841505921526277	-2.9869560177937595	-1.1177290650262126	2.2018191651875636	-0.0230101055785468	3
-3.1179824981758224	-1.9853027151908691	1.8971524223769975	2.1911652449346066	2.7272030892809793	-2.5421403199077517	2
-2.4823281767079215	-4.2723886787025149	-0.5852681965802664	3.0925313617264503	-4.4941849553008737	-3.1186779442069019	0
-2.2320639098862149	-0.0450892150042912	0.6336818929746462	0.4750758566809918	2.5981291980693317	-1.6227028212860024	2
0.7447058997677667	0.3174075119521571	3.0665011804662186	0.4156855576528107	3.3602174409027414	3.7134769171067523	4
-4.0226817470540661	3.8838824205647957	4.8448003647568649	-0.6977684475693886	3.6850202172782796	-2.5320079103258473	1
-3.9428459193193839	-2.7962952639313885	-0.4600999456874280	1.9343785522874972	-3.9552686242933879	-1.5428817611285326	0
-2.9962504512361123	3.7125897582519132	6.3367913769505098	-1.2211927809279051	3.9714103156145963	-0.3831102280116780	1
-3.3851122210123696	3.6010247557324759	5.3751410729870832	-1.0763722020077648	5.3627759954284002	-0.9158558270815413	1
-4.3068741038144882	-2.1550871241898859	-2.8243596931121200	2.1598543043572329	-5.4208837919221606	-0.5679136746751425	0
-0.1428847378482858	-0.2225349510481527	-3.9910907229978960	-0.7815191258370966	2.9601960922477053	0.7722584678343589	3
-1.9404056312038809	1.1109710369580770	-1.3035740147446786	-0.5673504246122881	-0.2949083374379688	-0.4460773128714660	3
-3.0218162965975841	3.6500129323227881	4.5097330634361317	-2.2481050333430348	3.8177862359715453	-0.8392619491620001	1
-0.5295473996481447	-1.3779090247191323	-3.0773801064075159	-1.8403975654873923	0.9134867335660126	-0.9391609511296473	3
-3.4066728874026131	1.0728406721013748	4.3115445949601074	-3.8058868963274839	2.8193075234520597	0.4646706910568872	1
-2.1307569474169119	4.1143347246884989	4.8962478368020248	-1.8247090825485033	4.2257373020039628	1.2460676873301595	1
-4.4639378306900914	1.8597371144591313	6.0063552889458212	-2.3029672474917615	0.5727981136634877	-0.9147717557407711	1
-2.7344979169607835	-0.9763592030851505	-2.1852358265843241	2.9697745513461902	-4.6345143553782977	-1.1687093413208764	0
-3.0407278042948209	1.4794092784253334	4.6480842555790600	-2.6945638695092540	3.4104056146958710	-0.5704675400591672	1
0.7840518816485191	1.4138421029371364	2.5019697063200312	1.7515016086910169	2.9718004109914919	2.4664599288855169	4
-1.4582557472814222	-0.4949125190292487	-2.6142322725696641	-1.3921007517700947	1.2131704097179030	0.8028212079528776	3
2.8605280383193659	0.9357161485393024	1.9769041707371060	1.5336951321519439	2.3522526551643743	1.9312935230017449	4
-3.4536182331973784	-3.7217465763454269	-1.7033765353052779	2.0765442449441780	-4.1258555312847838	-2.6403641608955164	0
-2.2637023064917581	-4.3451641411735382	-1.2101365591638089	2.1732018922045575	-3.7395828504213249	-2.5553471447944740	0
-2.1328321766527525	-1.7173411291766651	-0.3034942926487227	-2.1222149635854342	2.0512067540071963	-3.2235328646149428	2
-1.9307182387155049	-0.3308545283096165	-2.5354750016335723	-1.6493278802544133	0.9883185687677898	1.0865427912128618	3
-1.6656755436787978	-3.6975562106332518	-0.3245445557971145	2.1833860658989681	-5.9615035748789618	-0.1535136523624379	0
-1.3005825304586491	-1.2520198194240364	-2.4819281190671481	-1.6436726973881512	1.9445757185139696	-2.1046022049758770	3
-0.7420044733394164	0.3906094371449869	-2.6349561574162190	-2.3716699059409438	1.9101330022537784	1.1383980334743300	3
-2.4236597919408629	-0.9513733682074761	-1.7658681643342367	-0.5970746538706218	1.1594178028731652	-1.5766903770344622	3
-2.7556347559620393	3.0522700688060311	6.4925510314609749	-1.5553368760169337	2.3317852264253327	0.2177857001259628	1
-0.6774651194882169	-0.9023022843778388	-1.0079738979011443	0.6438141255304151	2.8913756522859613	-5.1327966260961828	2
-0.5453164900625037	-1.9938911200513081	-2.9330567273057042	-0.5170180266152247	2.5664796892403037	-0.0791258695509848	3
2.5854695669010992	0.7741998138035544	5.4819649333926161	1.2712226668184357	1.3365998967865784	4.8882776428021160	4
1.8282301808514918	-0.7663148720935329	1.2344348298833838	2.4230149506947756	2.8250757024017004	2.1606860684209872	4
-2.2429117629594630	3.2686774824427602	6.1970081340399243	-0.4476810767662946	3.0978007787627719	0.3100124671509494	1
-0.4109815050810091	-0.5890128980498667	-3.2466604408810724	-2.8952163277147092	0.8265537810834460	1.5664843900725820	3
-3.3959900036010553	-3.9828367832902778	-0.2738162370918147	1.3928940659729254	-5.0932951580390888	-0.9700488554472839	0
-2.8334881660840257	-4.1431884091948161	-0.6844342148225824	1.2925137148736168	-4.2019950555804426	-1.8916718456246246	0
1.5747655765365756	-1.9377931864577906	2.5265005962598313	2.8007232317888584	3.5555442517519813	1.2196372919074150	4
1.5258794518682448	-0.1618787188358698	2.0901584915748148	2.2280416148872755	2.7746358648121565	2.0015567559897653	4
-2.6122063087403840	1.8415574112240942	5.0604549981448610	-2.4911088604542626	2.5883488778439174	-1.1433055203351912	1
2.4136614278993864	0.5977993337965352	2.7198255669176397	2.1176190398843535	4.7424237593304275	1.0718619048400440	4
3.2202436837415807	0.8843065709034531	1.9900517568777942	3.4621255078057689	1.0011733925832893	3.8512390951769517	4
-1.1746041568872143	-1.4074527152456033	-3.4117839480162901	-1.6596828762402378	2.8718178685038565	-0.7805249283669210	3
2.8739666731841558	1.2109021434988891	2.0469368240465462	2.5218680419707553	1.7366338910107664	2.2445979959247553	4
0.5202235666632398	-1.0515110785098449	-0.2401190506072926	-0.0178458545370170	2.7090695779460656	-2.1036831880360820	2
G4
0	16	1.8724470786964615	98	1.925094832551159	47	1.962927688558015	96	2.0261658669265947	
1	88	0.9680000743132305	83	1.7195480072731282	60	1.7452487739076203	39	1.756703493815163	
2	41	1.960508931897593	40	2.4924945355603993	22	3.032461428947964	7	3.3531418870345027	
3	72	1.7449057783828903	14	2.2140767855769194	93	2.4056425390151723	74	2.63870398772701	
4	99	2.2399057594011023	40	2.5201997444564572	32	2.611518733697275	50	2.9160801922734545	
5	92	2.52623404991808	95	3.093691533833154	87	3.3541757237155583	93	3.3657414815756326	
6	92	2.2057837616050278	93	2.5848921712340163	87	2.6783277107553527	95	2.9654873912199156	
7	56	2.0913274323092863	22	2.1668574286587625	50	2.3002867255547175	35	2.3054721090046946	
8	90	1.5615676383433876	37	2.1786089202914054	59	2.2086769419124783	91	2.3228823308741293	
9	75	1.850529413054954	37	1.9000676831041716	33	1.9700786270593345	51	1.9965437704542512	
10	37	2.490413767607855	59	2.574454655350938	90	2.6842882174418525	79	2.8099127000688098	
11	50	2.3227448990014428	99	2.381309561658492	80	3.2439933551236746	56	3.379671977375585	
12	45	1.3142420908077836	17	2.9375598003955776	1	3.0468556751286897	58	3.236539583937628	
13	85	2.241416957203745	82	2.4515697011339626	29	2.532694128827417	73	2.5996598650786575	
14	98	1.8046783415743362	16	2.0720147774057485	3	2.2140767855769194	74	2.2971057458925834	
15	31	1.8376928876147585	78	2.113560872362859	73	2.415150007346217	27	2.5039975235158973	
16	98	0.7156850197409259	74	1.3627129917248195	47	1.8534030925164888	0	1.8724470786964615	
17	45	2.3760429773004774	1	2.673890673446408	83	2.865665280058534	12	2.9375598003955776	
18	54	1.131318447748312	22	2.340284171380106	56	2.468454037860493	7	2.5262949697539097	
19	39	2.463703799899962	61	2.5927974641390725	71	2.775780395196955	60	2.917113991386119	
20	97	1.6203874422260038	31	1.9886911696074319	66	2.395947806782009	80	2.4438962560299156	
21	87	1.931574234951972	47	1.9740882018185488	93	2.377796701468199	74	2.5554027878761754	
22	28	1.6095099315603474	30	1.8454938507830208	32	2.13944176635022	7	2.1668574286587625	
23	73	2.008402648519791	34	2.029464597877495	78	2.112531599187405	82	2.2356847396390447	
24	71	2.4889827461560508	67	2.855376093757857	49	3.1121402755876066	19	3.224077328622359	
25	44	1.7105848245513369	55	1.934698475419196	76	2.2864837278327617	75	2.597004361145593	
26	37	1.1379566402165084	90	1.9466903901117307	59	2.02110113169074	9	2.051252374832092	
27	53	1.563285891821272	31	2.02149202887391	97	2.058413538182947	73	2.1756372143304277	
28	22	1.6095099315603474	52	1.6993694807026776	77	2.899468026564595	18	2.9283734999771553	
29	73	1.0809997755735374	81	1.4593792066804632	78	1.5221179161659053	89	2.0125340422382076	
30	22	1.8454938507830208	36	2.519086375851712	7	2.7111484767440635	32	2.8007540694827493	
31	15	1.8376928876147585	53	1.9485838412731935	20	1.9886911696074319	27	2.02149202887391	
32	22	2.13944176635022	77	2.5017665052416973	50	2.517820244344719	4	2.611518733697275	
33	75	1.6778510562722924	9	1.9700786270593345	55	2.3409828918623723	76	2.6070838838744694	
34	81	2.02771708997758	23	2.029464597877495	89	2.1278594155410278	66	2.5976709801155327	
35	56	1.527124801647404	50	2.092425673448467	7	2.3054721090046946	22	2.772257101551446	
36	30	2.519086375851712	18	3.120424832505776	22	3.5226372262856773	41	3.7024691020216194	
37	90	1.084251033395905	26	1.1379566402165084	59	1.3938595347421363	51	1.731804713491763	
38	43	2.205198371157806	91	2.3889838633810863	90	2.4182067704185943	51	2.5775833360667706	
39	88	1.4269729523822858	60	1.6620745181637724	1	1.756703493815163	61	2.0660804483434196	
40	99	1.942557066222391	50	2.184699645684084	2	2.4924945355603993	22	2.503441640728482	
41	2	1.960508931897593	18	2.6931796000862906	7	2.91919422880045	22	3.1498218832518656	
42	48	2.1511193317378243	47	2.330610994701346	0	2.3352843935930347	98	2.6007310292155172	
43	91	2.0318770082629403	38	2.205198371157806	75	2.3791900985286745	90	2.62179732882826	
44	25	1.7105848245513369	55	2.0433790044603795	76	2.1010109515677864	91	2.6954430461680285	
45	12	1.3142420908077836	17	2.3760429773004774	58	2.8771400784026864	49	2.880907934564534	
46	88	1.9600547830148902	1	1.994481865493804	39	2.1140316667843906	83	2.6782156667892503	
47	74	1.2426294339012796	93	1.5540964171807519	98	1.6642454945558462	87	1.7565646431689057	
48	42	2.1511193317378243	74	2.2405517499898595	47	2.347575510903404	98	2.7247768077064407	
49	94	1.2874748860733547	71	1.8909752672120392	65	2.1610355470169242	58	2.4914407747447536	
50	99	1.2679536661706974	56	2.056380843667213	35	2.092425673448467	22	2.168671713659741	
51	90	1.63700137129295	37	1.731804713491763	9	1.9965437704542512	79	2.2502964527538767	
52	28	1.6993694807026776	22	2.3729541381402828	40	2.9457594255691264	7	3.245294160487241	
53	27	1.563285891821272	73	1.6403862561204725	78	1.832392018235692	31	1.9485838412731935	
54	18	1.131318447748312	56	3.154778299943209	22	3.2097309951611184	41	3.3484666569476627	
55	76	1.474953087189616	25	1.934698475419196	75	1.9731846890798541	44	2.0433790044603795	
56	35	1.527124801647404	50	2.056380843667213	7	2.0913274323092863	18	2.468454037860493	
57	72	2.2389141082562705	93	2.8898794705257114	3	2.8947850754054403	74	3.3894463565393553	
58	49	2.4914407747447536	61	2.517522082537394	65	2.540719566935095	45	2.8771400784026864	
59	37	1.3938595347421363	90	1.9126110864644181	91	1.9208437099816837	75	1.973656285580823	
60	88	1.6205090844453807	39	1.6620745181637724	1	1.7452487739076203	61	1.8245878606590684	
61	60	1.8245878606590684	39	2.0660804483434196	65	2.156184732375046	58	2.517522082537394	
62	9	2.3222709135090387	70	2.4301335008626963	51	2.4767657012978916	37	2.7672095343732117	
63	85	2.3170927163425876	29	2.3197850706891727	27	2.4383640358171332	97	2.448303487222307	
64	23	2.4634786761610954	82	2.845127213884349	78	2.960203665037631	73	3.0072275769966477	
65	60	2.151496009126976	61	2.156184732375046	49	2.1610355470169242	71	2.2734453626930478	
66	80	1.8506768542773047	97	2.102779351165269	73	2.2763941050520624	23	2.311806212999602	
67	71	1.7516905433309498	94	2.4800282332295533	24	2.855376093757857	49	3.2125059863978507	
68	1	2.243728709795259	39	2.3216749304240984	65	2.4193517844490477	60	2.4634890980962707	
69	49	2.702151296722917	94	2.9110199796987617	83	3.08423309242698	71	3.5126892659904136	
70	62	2.4301335008626963	9	2.4537839908248467	33	2.7178135380428263	59	3.0694935422214185	
71	94	1.236990760889536	67	1.7516905433309498	49	1.8909752672120392	65	2.2734453626930478	
72	3	1.7449057783828903	93	1.9196072318683322	57	2.2389141082562705	74	2.352388921736304	
73	78	0.6734690940725193	29	1.0809997755735374	53	1.6403862561204725	81	1.6898280654308295	
74	98	1.2387269095687898	47	1.2426294339012796	16	1.3627129917248195	93	1.9142333763629564	
75	76	1.4878213013026882	91	1.66777074361931	33	1.6778510562722924	9	1.850529413054954	
76	91	1.439345230597685	55	1.474953087189616	75	1.4878213013026882	44	2.1010109515677864	
77	32	2.5017665052416973	22	2.625464284954684	80	2.6734090652820113	28	2.899468026564595	
78	73	0.6734690940725193	29	1.5221179161659053	81	1.8214433803459114	53	1.832392018235692	
79	51	2.2502964527538767	90	2.2634795542628003	37	2.3070293238683908	26	2.4574840110145595	
80	66	1.8506768542773047	97	1.875600374098601	82	1.9634062233598473	23	2.374471416879089	
81	29	1.4593792066804632	73	1.6898280654308295	89	1.7535452570567598	78	1.8214433803459114	
82	80	1.9634062233598473	23	2.2356847396390447	53	2.3906680783563687	13	2.4515697011339626	
83	88	1.4897146079161516	1	1.7195480072731282	60	1.9181443378665524	94	2.516219253531919	
84	30	3.040800285531408	32	3.045348110765733	22	3.182680480391546	99	3.4194853668782583	
85	97	1.6911439099291479	13	2.241416957203745	63	2.3170927163425876	66	2.3714744992721375	
86	3	3.933330046104992	57	3.9545750317927575	96	4.312369935118787	14	4.534271929062081	
87	93	1.1202244992978014	47	1.7565646431689057	21	1.931574234951972	92	2.1605231630979658	
88	1	0.9680000743132305	39	1.4269729523822858	83	1.4897146079161516	60	1.6205090844453807	
89	81	1.7535452570567598	29	2.0125340422382076	73	2.120757863522183	34	2.1278594155410278	
90	37	1.084251033395905	91	1.471261060563014	8	1.5615676383433876	51	1.63700137129295	
91	76	1.439345230597685	90	1.471261060563014	75	1.66777074361931	37	1.7580313131475878	
92	87	2.1605231630979658	6	2.2057837616050278	93	2.212653762624349	5	2.52623404991808	
93	87	1.1202244992978014	47	1.5540964171807519	74	1.9142333763629564	72	1.9196072318683322	
94	71	1.236990760889536	49	1.2874748860733547	65	2.3247786849582783	67	2.4800282332295533	
95	93	2.551560907665176	3	2.6532116438721287	74	2.7673665253458695	72	2.929687170001854	
96	0	2.0261658669265947	98	2.0581764296479306	16	2.177033592990136	42	2.870887613885455	
97	20	1.6203874422260038	85	1.6911439099291479	80	1.875600374098601	53	2.0274917366917418	
98	16	0.7156850197409259	74	1.2387269095687898	47	1.6642454945558462	14	1.8046783415743362	
99	50	1.2679536661706974	40	1.942557066222391	4	2.2399057594011023	11	2.381309561658492	
