-2.0549851128531302	0.7281975259033255	-0.2713775759353814	2
0.0567565417796576	3.2765584335935038	-1.8482838195109577	0
-1.7114085397885965	1.3833158075571164	1.8792405129013343	3
2.6299216856531658	0.6158007529262495	-1.2660557413626192	1
-1.8204932950646810	3.4981739131683005	0.5450983561471945	4
G3
0	2	2.2742873583932774	4	2.897307119772663	1	3.6660918472922046	
1	4	3.0498292754640235	0	3.6660918472922046	3	3.7469720879477695	
2	0	2.2742873583932774	4	2.502890246321552	1	4.539296536407831	
3	1	3.7469720879477695	0	4.790654380984279	2	5.415636251864235	
4	2	2.502890246321552	0	2.897307119772663	1	3.0498292754640235	
