-2.0549851128531302	0.7281975259033255	-0.2713775759353814	2
-0.6702946870266246	4.0023354115559391	-2.2478781350767898	0
-1.7114085397885965	1.3833158075571164	1.8792405129013343	3
3.1571481050105961	1.5623558180818589	-0.6908563829212069	1
-1.1083527330434038	3.2566059468146746	0.6144098114386107	4
G3
0	2	2.2742873583932774	4	2.8414048111929584	1	4.067419443569554	
1	4	2.990100261702052	0	4.067419443569554	3	4.79865975867984	
2	0	2.2742873583932774	4	2.339377899197003	1	4.997628445075905	
3	4	4.771655974217871	1	4.79865975867984	0	5.295102945805581	
4	2	2.339377899197003	0	2.8414048111929584	1	2.990100261702052	
