-2.0549851128531302	0.7281975259033255	-0.2713775759353814	2
-0.6702946870266246	4.0023354115559391	-2.2478781350767898	0
-2.6529584230174468	1.3152824941932060	0.9706547901340135	3
3.9026698645414388	0.8941361024770329	-1.3048380522982768	1
-1.1083527330434038	3.2566059468146746	0.6144098114386107	4
G3
0	2	1.4982941093205764	4	2.8414048111929584	1	4.067419443569554	
1	4	2.990100261702052	0	4.067419443569554	2	4.637905029362575	
2	0	1.4982941093205764	4	2.506282899044722	1	4.637905029362575	
3	1	5.609120459803265	4	5.86303024053	0	6.048903123465759	
4	2	2.506282899044722	0	2.8414048111929584	1	2.990100261702052	
