-1.7985540757545100	-4.2661223568826436	-4.2002212436767667	1
-1.4263207461649663	-0.7599661530174709	0.5074025194828290	2
-0.4242406606588794	1.1234561314787341	1.2954813974927553	0
2.7280188879215950	-2.1338943175268179	-4.4338896086475996	3
-1.6869106486448575	-1.5698598410856581	-1.4422236966187276	1
1.5731756204795249	2.5563116744333874	-1.7294683772135899	0
5.6465024960249703	-2.0721429025034541	-3.0339244105692318	3
0.2775462649514324	-5.0060600620606763	-1.5860220397683022	1
3.2535430120847542	3.6301516794558353	1.1192422794392263	4
0.4945470500135609	3.4209920410480494	1.9028455335093954	0
-0.4014095500496722	2.2385839022081990	-1.1328964598830411	2
-0.8208337287633202	-1.0565573023325867	1.0664617787972346	2
-1.5995769841480056	1.0139058617505916	-1.1452694025670445	2
-2.2318863669281397	-1.9076200567555008	-3.8396413779517502	1
-3.1953632680401114	-0.6155542815923387	-0.2389439290436568	0
-1.2493214364702627	-2.6863735162678988	-0.9967601385004158	1
-4.0664864976874169	-2.5628554994941579	-0.4859147983116524	1
0.0502957426696223	3.3165709274395718	0.4357155435967046	4
1.3290404117996437	0.5416490429468941	0.1536049196426217	0
0.8554805207445978	1.1537331443548311	1.0342772408996710	4
1.2707864629086578	-2.8772111153849727	-2.4339346810210820	1
0.1006086337891940	-3.0974702761071424	-1.2843446172643482	2
-2.1769919455942164	2.0628746223958969	2.0887164748642926	4
4.7666355080009755	5.8911947108108915	0.9675620791684446	4
0.0150375286950929	-1.0250856411515539	0.3977151052474343	1
1.8439384414395747	-4.2425836927346898	-1.0126307678593274	3
0.0793646211925886	0.7922354163821571	-1.3772134761681940	0
-1.1880993615570845	2.6893170626390681	-1.6533375118714284	2
-0.6813345954552925	1.7671933794530317	-1.0676067639525595	2
1.9290671024257957	0.8897125288407973	-0.3181659219316592	0
-2.0963422703314389	1.8910752307291316	1.1161095446218106	0
3.9075400898657797	1.8421728061394513	0.1528212068038954	4
-0.9209807737245700	-0.4526012950980057	-2.2902804714026233	1
1.0586449122643631	-0.5651138911517720	-0.3022924633459377	0
0.0482531767119411	-3.4781765934703257	-0.6101300017155575	1
-2.6151469683390909	0.4755353465070640	-0.2668006632365691	0
1.4268548800163567	2.8639427979233614	0.7609034488150687	4
-1.4098110450134327	-1.6215014169750090	-0.9260979272661204	0
-3.0434862431773890	1.0494708459711251	-0.2917193097320445	2
0.9338009349360877	0.4918598063532928	3.1241759657743242	2
-1.5574483809995439	-1.0162363151669069	-5.1957316710298747	3
-0.0053687902516555	-2.8901258231708180	-0.3667091118019422	2
-0.9643373525604624	-1.5021492904745029	1.2867536566528579	0
-0.9364394616362579	1.2931724616092066	-0.2804112917662521	2
0.4178183002009491	-3.3721597561499701	-3.9994942771751085	3
1.4752377638406005	2.8120768938428702	0.8488792948735203	4
1.0545420875084242	0.7459324298655988	1.3079389657754947	0
-1.5116516344831616	1.3149768446536605	-0.7010601023531783	2
2.1357726391738079	1.4386847994611633	-3.5760061801852956	0
-2.6399815132900324	-2.0327596996017823	-0.2666813186676308	1
0.8680059430521052	1.3275683979563335	0.6942078602773815	4
-1.3888324956567422	-0.7166632848832645	-2.0810779716055370	1
-3.5339732598804972	-4.1475992938655555	-0.3368131384330632	1
-2.7787056445245968	-1.1269591815537043	-1.4010462964891568	3
-0.6155514920549636	1.2390033251590016	-0.5170437879066688	0
0.6348695502614798	2.5418595533515314	4.0906156198514605	2
-0.4458718997602450	6.1294031315773827	0.9489110565617140	4
-1.1774265227233749	4.1168345970608744	-0.0335526821107265	2
1.8376997551052878	1.2135701781304840	1.9482767085711779	0
-0.2026779104070925	0.3071481346799890	1.2496658033556836	2
-0.6844842029889908	2.5658597144369981	0.2381512694288489	0
0.8659115488633643	-0.3992455277525765	1.7220360340712517	0
2.3355890915085311	-0.0621396982913253	1.2488007139770274	4
1.5563160869667967	5.3303328183487775	-1.0986566714977513	4
-0.9180113858840994	0.7868555977964279	-1.7961149744915432	2
1.7809828901074802	-1.0784013510817618	3.3477826064742597	0
-0.4891388636228486	1.3551399828770214	1.5873026492187048	2
-1.3048515237865308	-0.6813146741834634	0.5766736262299245	0
-4.1951333097462005	-4.5388185548165252	-0.1083368636849219	1
-2.1284255959327170	-2.3700059770736326	-1.0156815172333373	1
-0.4747278729575085	-3.1626077404560569	0.2020371025905563	1
2.6319120870446868	4.1474116825506604	2.7242563428038493	0
-0.8113034373302590	1.7020118645495059	1.1644293608763361	2
0.5941363882128095	1.5709317975113124	-0.5141300345412091	4
2.7250443411084775	1.7381884154475244	-0.0995469126982860	0
4.8455719355140863	3.2902961679991325	1.7022307753448760	4
0.6913755257415902	-0.8136658718671824	1.3086614237187044	4
-2.7707590167226659	-2.1511987969995943	-2.7960291795598846	1
1.4251448105234923	3.5370563095926220	2.8713034861438533	4
2.7782279197775273	0.8591072551877625	-0.1343139443517873	2
-0.7538577528627866	1.0614946085351560	5.2025619356911328	4
-2.8821906478086374	-3.3755196214874585	0.8536712222797433	1
-1.5654108818286889	-4.2523652111391517	-3.1134943543350384	3
-2.1451854022720109	0.8145091372328356	1.9762440948416926	2
-0.1839725974969295	1.3981507405730293	3.1707142900315146	0
-2.7481639711978438	1.0038092082851096	0.5863386254035239	2
0.4223780125284261	-0.2250858964574439	0.8925782151464970	0
-0.6598214669755261	2.3982993405903268	0.5423597892542196	2
0.3116827912487297	2.1197333215887699	-2.8406241506518257	0
0.6610546622744347	2.0426251584776716	0.3376723592680251	0
1.5800499681023250	-1.7525308814255305	-1.9455432932424588	3
0.1387253560246160	-4.0082135321592229	-2.2938338897145902	3
1.0607774450813490	2.8494228161006272	-2.3213258042638714	2
-3.3123935449352935	-4.0762275976946647	-1.7110489239990305	1
3.6814911345983936	3.9362169211804647	2.1897025581175598	4
1.1164653806214813	-4.9090202432475243	-5.6106789808016169	3
3.5994169813137891	3.4698044253592948	1.8418433542363355	4
0.8748678795037359	-4.8159952046366499	-6.1477146756490972	3
-0.0002588997472805	1.3092318699645169	-1.1804215506804561	0
-4.5185727791249990	0.4598483833201955	-2.3688725728215800	1
0.2484406360635349	0.2704621103196042	-1.2497946765708601	0
1.9012348194575750	3.2688734997607751	0.7679204361801604	4
4.0462567172213522	3.3547724785617516	2.2028096057365212	4
1.4908282559192108	3.6904474363528328	0.4421933500893994	4
2.4970922583947162	1.8003136851205008	1.6111194986241950	4
1.9101675883734084	3.6789177054837676	-0.4762360999385372	4
4.0429729283818503	3.4948897791617797	1.2871107042877565	4
1.8107330530558170	1.4193305282001716	1.2618074879740342	4
-3.4821965467671157	1.9852420074532349	-2.4068119448604453	0
-0.6205031119185729	-1.9406486208161624	1.0544196101070336	1
-2.9986565826511526	-4.1081686822842576	-2.6571681248500103	1
1.7247913865870834	0.0680845602494524	-1.7514086916709206	2
-2.4139432078431740	1.2332265491593695	2.0847640480651659	2
1.0827737055953306	-1.0333281596391237	-2.0955552710282630	3
0.7712319771691644	0.8301843670584902	-1.0027683473125864	2
2.3998999318982883	2.6794303505657879	-0.7520970359844792	4
1.1299099406937412	-2.0659630553845241	-1.1335556628910775	3
2.1907650415345312	0.9867003025523068	0.9030943595509684	0
-0.4545502929900391	-1.3948051026953032	-3.7846959570838825	1
1.3383529266591361	1.3448404178752353	1.9240938473272333	2
1.3452817005531723	-3.0880995772104867	-1.8944152797265705	3
-0.4310011507278027	-0.8860541910338715	-0.0172345816330975	1
1.3777216898067994	-2.1487001625788027	-2.3623313722054213	2
-0.7180820488705899	0.5859222144257195	0.6779569884220651	4
0.1337517228437611	2.2393570737701722	-0.5654179332969540	0
0.4960087008823475	-0.1545717046254186	-0.6038923802690513	2
-3.4331206150682330	-3.9149459844120096	0.7477058966151018	1
0.3217058956193742	-2.1965443927540154	0.9155578179966291	1
-1.6457150156148899	-2.5741671148617322	-3.0856256809449816	3
0.8082676358503929	1.2634226656161947	-0.9618001106214886	0
-0.7066312402172851	2.2203131975846460	-0.3378391600169185	0
-5.5453897025817920	-2.7601729511099626	-0.7821062063626045	1
-1.1307967365780511	2.3165946786919567	-2.4415875031895524	2
-2.2101298265507552	0.3044168407941101	-2.2588267688087069	2
-0.4620516932343036	-1.3373124850755445	-3.8310348126162044	3
-0.2717436787817301	-3.0367202533453277	-2.9574952138854411	1
0.8292135402336650	-3.6052572598243917	-1.5402786811754945	1
-0.1820554169885734	2.1648215369789807	1.2519156555284443	0
-0.0055974677049541	-2.5695993140263633	-2.0884919485279019	1
-5.1505806886440109	-5.4415401090095195	-2.6829591339496388	1
3.9746989890613484	3.9581852563133437	1.2637871822966291	4
-0.3807336778295780	2.1778011461148554	3.0057889704544438	2
0.6207774424499299	-0.6429274060268904	-0.6177984960751332	4
4.0948850307039484	2.1472878686609063	2.6217893243555341	4
0.0296541091672311	-3.4070683819824019	-7.0909890168335821	3
-0.7272023134722466	3.4258390689543496	2.6776374024039478	4
0.1709474256340844	-3.8785431513485316	-3.4747545459281852	3
-0.8703203325509029	-5.8143277284616879	-2.8294755365934599	3
0.0339252918452786	-1.6589142829967460	-5.9761739513739025	3
-0.7219576749078109	-3.1719593401137298	-1.0723545088914277	1
-0.1754869365253012	4.1276189574984938	0.5739369029492432	4
-0.7757344427233669	-3.6720318429047194	-1.0230967743518526	1
2.7698776842215591	-0.1465126555791647	-1.1035949320749487	0
-2.2860115127013692	-1.8750397465879551	-1.0476237581119490	1
-1.8612765587482134	-4.4509693906227907	-1.9755317185451080	3
4.6243399391100430	2.0634847860455028	0.6574884278912220	4
0.1733472765904552	-2.7085929896047403	-2.8635768353844142	3
1.0540205228010084	4.6608703945633234	2.2954580752658860	4
0.5933041155258225	-3.9162183378472690	-4.3203267268518886	3
-1.2786223123381797	-1.4975640085319357	-0.9475747667141327	2
3.1702534098815431	5.4919301287332614	-0.5879628668587014	4
1.8802745322282219	1.3886634431965614	-0.0599169539029338	0
-3.1800373944503524	-1.6229549930240528	-3.0799325450517019	1
2.9156673309536574	4.0708968491271911	3.6422250105957796	4
1.1032492969885876	-4.0223962861172797	-3.3146257344561594	3
0.8833024915542553	2.3579988620569217	0.2700609420083133	4
3.3930634089241534	2.4021936672215958	-2.6113459606687890	4
0.3979482468773782	-0.1455004836222219	1.0444733113567686	2
0.6731762451501679	0.7408260922075068	1.8037138001667610	0
3.5831133222376650	0.1779139647797163	1.4843531650271964	0
-0.9844839151075910	3.4746226402292590	1.3322436062226115	2
-0.3194184723581911	-4.5817519733449927	-3.5523476623803232	3
1.1525035911166639	2.0935751153407991	-2.3797614089129793	0
3.6317403576671277	5.0985979230582252	1.9208628992420618	4
3.6714632345487761	-3.1797976622836055	-2.9132116924718945	3
-2.8300130654804239	-1.7309147151163546	-1.0865339372325391	1
1.7216020064975321	2.3598476472930772	0.4557836796391387	4
-5.1681466096454862	-2.1702828007267541	1.0610387704910336	1
-0.3178033594496582	-1.7481599775526024	-0.2463522442612384	2
-1.3019434139520638	-4.2325004278184153	-0.9848093891993741	1
-0.4967339312850654	3.0093039432548765	2.7903345518080167	2
0.8225379878995867	0.4287914542838842	-3.1094534137267829	3
0.9747616213824867	2.1541755508813063	1.7364167713841270	0
1.2186788953119643	-0.5683964045338101	-2.5119871039199198	3
-0.6796103472966596	0.2484691550520254	-1.4107754013287073	2
-0.6131413866407533	0.7338003192198346	-1.5508074455589305	2
-2.2254852389730750	0.9178249887071603	1.4874249327339393	2
0.6207785068578660	3.6255968452347331	0.8294703056350949	2
1.6679774430770919	2.0049644648997358	2.6786453261945753	4
-0.9945340677399196	0.3771110047793862	-0.9347419030754457	2
0.7972930819364183	2.2751537372647577	-0.8068673807828802	0
0.4772680247325988	1.4648809073694542	2.8138722043961257	4
0.6435109752533370	2.6324707649296699	1.9643846306225528	4
-0.6632306971813560	-2.6441065896628091	-1.5903911104920363	3
1.0622996053955593	-1.6589722618816147	-0.1841896274389884	0
3.0462617594719208	-3.5018537898617308	-2.7499518171324424	3
-2.3732322928777525	-4.1219991911884239	-2.4617663401136092	1
3.2107593571217228	-2.6153062674107046	-1.3438728307399690	3
0.4126471626939499	-2.0039047480990071	-3.0374753947808251	3
2.9072352530954717	2.3312043700331135	-1.6979217908236590	4
-3.7622544292473727	3.4688252088110145	0.9204799455435824	2
0.1260093776481647	1.9322694881663955	-0.1120193704903899	0
2.1921453276028240	-2.8403855518125107	-3.2030886400365617	3
1.2742866989978068	3.3203715970403858	-1.3774322414381071	2
-4.4953613572386963	-1.8220657514998639	0.6924341796912401	1
-1.0748210266579252	-3.6385346645217309	-0.1665918340894711	1
0.1503069179953608	2.3287870987757420	2.0908906942784902	2
1.4606153357215241	-4.4388771657658630	-0.8710695440477985	3
1.0595025086118817	1.3268815355498669	-0.4802736048863684	4
0.7400095632160938	1.3775178022696213	-0.6423027765752375	2
-2.4267761213241679	0.6794764218693730	-1.8668799837810623	0
-1.3516750297540150	-2.3221708542278461	-2.6631346694853826	1
-1.0872892523996089	1.4664993799243606	-0.4700772073182694	2
1.1856244031362597	2.9485342519937019	1.5084954089981983	4
-1.0012101430886013	-6.0699972539834208	-2.9888183565764401	1
-0.6622027258045486	-2.2049891884543813	-3.4787036840022250	1
-0.3893522698707526	0.5184682380015454	-2.1127720296382706	3
-2.1471956660586677	-2.7600823558031915	-0.5664705171062853	2
-2.3192461433462710	-0.1139124401544028	0.0259662781654998	2
0.9878250015437453	3.0358122252897446	-0.5754377135477778	0
-1.7569611216915213	2.6459289318724402	1.6029356723974111	2
0.1969427019269385	-1.4386910301596840	-5.1378891163385276	3
-2.9530973579299316	-6.1799837264024386	-1.9540197529950118	1
-0.9946803599475784	-1.0477816589805586	4.7951076148880585	0
1.8456651536510895	-1.5035445354994619	-1.6975307118202836	2
-2.7984756262580381	-3.5655311133252097	1.9950352431509684	1
2.8413115844596484	5.4074878180252313	3.0000545303173394	4
0.6585805112378335	-3.0032090537118274	-5.0766617277078314	3
-0.1274158376214978	3.8506132110891640	-0.5548826827210694	0
-1.7103888772356157	-1.9594825622397547	0.9848930188364176	2
2.5410661400409991	3.7718251574658876	3.2839871031131258	4
-1.2843768389532233	-2.1959468272461846	-1.2673022263939799	1
1.0703933352816615	2.2851197360352922	-1.1767722900513440	4
-0.1799737497792606	1.5292271993970665	-0.6731514308415479	2
-0.8113691843590687	-2.5434433783466672	0.4287937749351572	0
0.8247421233352161	1.8164924073383422	3.2323290169289276	4
1.2628775085389605	6.8644583035283242	2.8262478147708405	4
2.0662754764804108	0.9227005207486294	0.7206345860458676	0
3.6992587107762995	2.4542386313316520	0.6128780627342154	4
2.0686635969243055	-1.9462635572277343	-2.9147322793114081	3
1.0922604723192464	-0.0146873995180150	0.6258189228639031	0
-1.7140167101727788	-4.6399594951610013	-7.3223095385392645	3
1.9566343208286421	2.8780745157749514	-1.4274900682146603	0
1.8207224915353004	-0.8712889598945256	-3.9269070622132549	3
1.5569460333168190	2.2358677349395837	0.3022121512147897	0
0.6399418629389405	-1.1898209385101710	1.6275846470560449	2
-1.6983983115601722	3.0573123110998344	0.8725306068528318	2
-1.6685986160744537	4.2063763697365477	2.9944916418573477	2
5.5114940324527986	3.5250833016526846	-0.5362284180884974	4
-3.3387463002295092	0.7397527687285818	-0.9364753320944582	2
-2.1539299319460010	-1.7312190369568450	-2.9778934360267186	3
1.6961664389307198	3.3016839368849986	1.0235748647094252	0
-3.5193301427558610	-3.6055979166121102	-2.6004261011199099	1
1.3107493511519857	0.4016543859574110	1.6916476839796468	2
2.7369724956770480	-0.2457263337511038	4.0141254529225350	4
2.7232059419240486	-0.6470763182687714	-4.2696808620146456	3
-0.5739444963750437	-2.3250115992887017	0.8055741249145415	1
-3.5935404686148238	2.0216923246696887	0.2277129801923254	1
-1.3994765500895885	-3.3268559020818693	-0.5579104727993790	1
-2.4999180307794640	0.5421613275990576	1.1759319426925923	0
1.8280792059631774	3.1751937579748128	-1.4897019048931401	2
3.2029344812870679	-2.5423382480679710	-2.7324374349979426	3
-0.4259109506408764	-0.0871477843948654	1.6507987412596012	2
0.1741926334298217	3.3090875694165587	-1.3959904048166643	0
1.9084352529154049	-0.4037691641187341	0.9585275152696693	2
-2.3500929746170183	-4.4710136496633801	-2.6830670709708335	3
-2.3015011421935094	-2.4572598387737017	-3.0478246062194199	1
-0.3806149811363410	-1.9338207258996536	-1.8490849129169855	3
0.6968192484001001	3.1822406865744970	-0.8543668633103725	2
0.8479683318337417	-5.2247359599218992	-3.1785702335345425	3
0.6376242428654925	0.3201492888203530	-0.5621600332871907	0
2.5827868100838822	-4.7478799320791953	-3.8405354301308861	3
1.2009575156270744	2.6054304602335741	0.8570338865930499	4
-0.1815213404307737	0.8584277017529663	0.1105823601962119	4
0.3156518226466061	-2.8810850653837479	-3.5188291189058258	3
3.7059886845139722	2.6678497651410833	3.2298009114758646	4
-1.1860085335071218	-1.8362603200451826	-0.3644541094971444	1
-1.2288616942255906	-1.5860515338951098	-2.2783004274195742	2
0.8089434598539798	-0.4480178115461609	0.9723637924134484	2
2.2496437879826967	-1.6666399310747191	-2.1380424179076236	3
-2.2350031954616201	1.9711780767440970	1.9375586312033268	0
-0.0034793262453624	-0.8037931697342742	0.3518339031194042	0
0.6553444429015665	1.7589254799380676	-1.6358892213092480	0
-1.5117018798308806	1.9543615717095979	2.5239436633944061	2
-1.5874125050187007	1.4545415046507468	-0.9689726422803252	2
1.2066673516477662	-0.2167169079247427	2.7084128626704969	0
1.0690254200781499	-2.3212628849415617	-2.5431934151876767	1
4.0481626249767277	-4.0129735067050820	-3.1581230550382293	3
-1.2270082379971132	2.0434593738680857	-1.2208966225822468	0
0.7874743207369250	4.1304063389038390	0.6140957852151974	4
-2.0297578452297285	0.7531440881620340	-0.6384724829799545	0
-0.1138793104668336	1.7604950390781000	-3.8147315006983158	0
1.7742922249551245	3.5670214633729063	0.9427338794488206	4
0.2296503836988454	-1.4546797282419974	-2.9470936697207639	1
1.7251996758874122	-1.0922454095066194	2.3211060983392930	0
1.5134420705476481	-0.0618725303123037	-1.1364124838201226	3
-1.6765157964436055	-1.4235058077333829	-1.0861370711992415	1
1.0034486876739290	3.4363767151434215	3.6847480134420803	2
1.4551630827147937	1.6850761431250965	-0.5599771027778535	0
0.8486926384502125	-3.5155714558313576	-2.6358026624748789	3
1.9767986408412404	1.2529071813515795	1.8564646006597760	0
2.9574581947846710	1.8008497269482540	-0.0719681707609587	4
3.0043298758714281	3.3134657084378967	-1.6664549744219057	4
4.1148368139227083	2.8000193803869502	0.8320961032263006	4
1.2603447410614170	-3.4887758581440131	-7.9704293329091183	3
-0.3240179256862844	2.8795449363287187	3.5813402656454505	4
-3.2497588430901478	-3.4857442389368716	-1.1457243404312385	1
0.9770950547947086	-2.0863552109966719	-2.7399232778921907	1
-2.3565817536726819	-0.6687106446850668	0.0411448322786514	1
-0.1033525221573787	2.0578809668131144	-1.8687724148903639	0
1.8763981732670341	-3.2594619442677892	-3.0000441487449137	3
0.5473217058004844	-2.7457943870807222	1.0517460313738813	2
-0.5063814472633018	1.8932037527162953	0.6815122724980760	2
0.2213625256560495	-1.8007772575196794	-2.7650061186708714	3
0.2430149777513081	-0.9488493027128715	-2.3745893657081689	3
2.2042323707864453	-5.2136761383700208	-1.5896847636605100	3
2.8739746660962591	3.0571712769888073	0.4886618374724997	4
2.2198572312056180	1.3716266539886113	-1.5461790662346020	2
-3.4990835672489196	0.4645850953418859	0.5503510749228947	2
-1.6997980349693171	2.4615323432891323	0.3306730264514363	0
0.8095300604337140	-1.9401657417696163	-2.8496393147694969	3
3.2210762717438808	1.7027303469061312	0.3575540221552724	4
0.5766784822867405	2.2433642982929789	0.7314462294825375	0
-1.7750070432597964	0.4255962194704407	-1.8453835729530947	0
1.3918246671999195	-5.6872399675039320	-5.3425969614917808	3
-3.5413598981662471	-4.3546541533807543	-2.0551699775548942	1
0.3500004277858644	-0.5432355398618518	-4.6543429792517212	3
2.2078053370384261	-2.0760117143114831	-1.9394768218650129	3
3.2478946415625591	1.9997901011001646	2.4459286224444243	4
3.7431045904645943	3.0506255838800236	4.1551099605420418	4
-1.0444742050340885	-4.0607356181682688	1.4097145700254470	1
2.4639908037722864	0.3497676481882172	-4.1801612882457464	3
-4.1313877761083191	2.4051573801217012	1.1900823796399642	2
-2.9424459099106008	-1.5802708243569568	-0.4801103933101436	1
-1.4543893661366649	-3.8758723536223938	-1.2748267950576719	1
-1.1375064241616246	-4.4728707109781380	-2.6571960616081269	3
-2.3356571185594528	0.7565404223832199	-1.8553718494771956	2
0.3196568786725926	1.0859395463947461	-0.3239582621824409	0
0.7540630688206554	2.1417199146533843	-0.5950770508386817	2
1.3189104731946766	-3.5792834967895883	-3.6559184522916732	3
-1.6733530380246062	-4.3541477191072309	-2.6196284651143396	1
0.6911329164817731	3.7677598118713473	1.1209664758670255	4
0.8158236942961508	-5.1738626675051762	-1.3168470862525394	1
1.8924632251512024	-1.9851711019754972	-3.7241060307107827	3
0.4536231800658329	0.5189526960874926	3.2924374997453505	2
-0.4967290359075861	4.2229149575085048	-0.2273550881494460	4
-2.9917217913449194	-3.2978413913925024	-0.0251019781376484	1
6.0027036940795799	3.7562318768080987	2.8182296953344745	4
0.3152948402770770	2.6161388617315788	1.1075976727336136	0
4.8598261335853463	4.6380970233791663	1.5628937608477758	4
-0.5156432279251243	-0.5115110788726942	1.1666966764751530	1
0.3446604056478596	-1.3344588437012879	-1.4389835186903792	0
-0.3710457920411561	2.5061766614745289	0.8573926007522260	2
0.5500472287632709	2.7524117649997697	0.4957459706845052	2
-2.2308022795022255	-2.4445528525739411	-1.3231276740316660	1
2.3791625963330967	-0.4095540713098808	-1.7683478653641842	3
3.6348420771323733	2.9052093202229625	0.4667528949420006	4
1.0388620371607313	3.2201390587145409	4.1946528220842811	4
1.5131371072740687	-0.5861292487366261	-5.5643870044785393	3
0.4717084489183208	-4.1140473847134231	-3.1242391706799313	3
-3.0141564353134500	-3.8649610451532772	-0.7551628478341004	1
2.6243502053387573	3.6828283894427587	-0.3280088438364696	4
-3.2418656166624054	-1.7466552051439861	2.4012237397252711	1
-0.5787674990118624	-1.7150977031039087	-3.1955857779412753	3
-1.1563958617763497	0.0520109352143155	-1.2307426583275980	4
1.1072570855292625	0.6799137721559529	0.7589028419541004	0
-1.4946720522769046	1.3980455467730897	-2.7072229285547635	0
0.7761143675142206	-3.3198426616251422	1.1840892135108039	3
-2.8215002030694931	0.2997515128913427	-2.8864530438998073	1
1.2910354273270879	-4.2060287697345631	-2.9206720488777611	3
3.3782901592935044	-2.4991304113804453	0.0514083117071252	3
0.4628983429976066	1.8811420571268473	-1.6773645099445944	2
0.1253472475142418	-1.8868619082870934	-0.2115074571284666	2
1.4724912265444745	0.2953133108621245	-1.1225694527820567	0
2.9815832473637558	3.8610715799210853	3.3930631751349143	4
1.4657350088843484	1.9267383314381998	5.8989292824709807	4
2.2656603851551091	0.9160033629459509	2.0092041879532418	4
1.7328073661785239	2.0266620621626243	-0.9617042082031529	0
-0.4602131734964737	0.5424520091452508	0.1360184195386077	2
-0.6956385110986406	-1.2186784102680372	-2.9318076603498260	3
-1.6703127628429026	-5.1509281314798159	-1.2809566428317036	1
-2.2657970904959175	0.3903660077694111	-2.0448111549109003	2
0.4917523117882602	-6.4316808444258351	-2.6912701440180049	3
-2.9010375216950717	-0.4769459310603565	-2.3174707065983502	1
4.8822253500235115	-1.9248041170003103	-0.7171785807955653	3
-3.3501519201313332	-0.4902234748060947	-0.5791966203750193	2
0.6080399867561097	-2.5087297296664604	-2.3444901415140973	1
-2.0357796070568361	-3.4615558768062220	-5.1692993137415710	1
-0.9185373977615590	3.1843264278337102	3.6781386654062302	2
0.4430630247728858	0.2027109695634464	0.7935405141019054	0
1.3755153990903191	-2.5744415781525380	-4.5997767167011654	3
2.1725456547238093	6.3893873271500903	0.9540307651250429	4
-1.0701068173943669	1.8085429372895256	3.2901576994403308	2
-2.7259568680835469	-1.9640728227993722	1.8693459453054730	1
1.0314758353544300	2.7405623417162142	1.3722659025827140	4
0.9506749741519361	2.6982817011033768	-1.0370872086078535	4
-1.2579913606290898	0.5315116177431957	1.1504590264206986	0
1.4683720965205731	0.7167521817812339	-2.2437139881828041	3
-0.2684965792951132	0.5046314472931623	1.8838639527665166	2
0.4851512309407572	1.7368216324102215	-3.0363454429013195	3
-0.0817030452565688	1.1252778550537510	0.1385433196047384	2
-1.1831883318647969	-0.7834997135205019	1.0076654667675364	2
-2.4281460764674612	2.1390087304948238	-2.3712349173076612	2
-0.4982881428875189	1.3088036623838555	-1.1742649897086561	0
-0.3809526710188952	-2.6539386920688628	-2.8417856393944012	3
-2.1789865956960295	0.7120559839787888	0.4768906228491382	2
1.7542302459382757	5.3181940719779703	5.4156619635391925	4
0.1841772313454487	0.7547532895365192	0.3079912247694472	2
0.5097275880027710	3.7316782895821303	1.4295513272611546	0
2.4086342378124224	-3.5115825106760257	-2.2690809282360869	3
-3.7621827803816315	-4.5956366234773558	-1.1390059666957819	1
-1.7911652257966664	-2.4750320119008888	-0.8711326791848808	1
-2.3900556856115873	-2.5830814442090393	-2.7354332928066500	3
0.7362526615004156	2.3322644543182909	2.1605558899193555	4
2.4264278500730003	-1.0082592073643144	-0.7536415375520915	0
1.2675435097624670	-2.7582155728835582	-0.3250020117378939	0
-0.3273135456554805	-1.9385550977484438	-2.3557626887255676	3
-1.9103349470555284	-1.1232168620165330	-0.5858942654904462	1
-2.1510751655980203	-1.8044979094630038	-2.5100856503196800	1
-1.3299717949423246	1.5227407470638441	-0.6067304221229600	0
0.2236289617433147	1.0648713284404199	0.6125615914526485	2
2.4463023417464012	3.1315398306367324	0.7494403967044960	0
1.2966804293756187	5.9795700656394528	-0.4980535033543496	4
0.9641028587427477	2.5361928553007882	2.4166249054413087	4
0.5035071695212975	-0.3128031456136428	-1.6208991938954949	2
-2.7822204182202204	-3.0473064367258216	-1.6418502866657310	1
0.9545741337308061	-1.2051948977403932	-1.6889589496638158	1
1.7161789277820187	0.1884490529454467	2.6070246004208530	0
-1.2914787481272785	0.8100151873077306	0.8299424631474307	2
1.4914216063536623	4.8019862422861115	3.8440568321899833	4
0.6703828890034824	0.1798006670755247	3.4795244563847998	0
-1.3546437514104699	-2.1217308101154182	-0.8236669476312255	1
0.2579583314956565	0.9063235590040823	-1.5502205203851354	0
-4.1160870734136896	-3.1081986279412295	-1.3636112262651809	1
-1.6184595873755900	-1.3377737055544354	-1.0286283065577901	1
1.6779409587053098	4.0009078865014098	1.2793285709432298	4
2.3039807595589754	-0.0322746791990706	-5.6443287086569676	3
2.2680113308517416	2.6052518090306749	0.0727150447106673	4
5.3338152837840074	2.4629602116111018	1.7109405893477836	4
2.1421515427253470	-1.8260412435601641	2.4960351694419325	0
-2.7839979973377624	4.2274481610248333	2.8843775197335417	2
1.6546029666398523	2.0718664728278346	5.0503865963836638	4
-2.7929579407460667	-0.8512328827245178	-0.5396496678487995	2
2.6343685162587942	3.4497258262441552	1.3913069009023207	4
2.9655110211254905	-1.7989066733642061	-2.5545532788282195	3
1.2892900102387963	-1.7729760260185690	-4.7834488400923583	3
-0.8430595033255819	-0.6294503773728992	0.4344480167387229	0
-1.4251085016770042	-5.8038095418442319	-0.5702592029587382	3
3.3362739198558211	1.9729300403901329	0.5551678567378163	0
-0.0102873399494211	-0.5169601973440460	-0.7469152198913919	2
1.3863240093755642	-0.1742499543182123	0.9475565899850501	0
-1.2239042787787804	-4.2950064973032092	-0.3865631304073553	1
-1.1070366429369434	0.6134513041727748	-2.0908920956817525	0
2.1043642625309449	-0.3457982133599752	-2.8965506947254509	3
-1.8463874384367300	-1.2602596181230066	-2.8512116384434361	1
0.3911356824203840	1.7580969662304273	-0.7656118905971194	0
3.9861403956429515	0.9029206917609947	1.2511975708550538	4
-3.3743233460859514	-1.4329080066700035	1.9996978365354598	0
2.4459897837113056	-4.7872558726558001	-6.6240074815812857	3
-2.7943160930022697	-5.1672038542334340	0.5719155147340835	1
-2.7864684347091986	-0.6428977260274646	-1.1175999948809974	1
0.3523228298741722	3.4070392498928235	2.0674033097495821	4
-1.2995079617597429	-4.3615703672364896	1.5438405353277951	1
-0.4239059041205819	-1.3380824585489661	1.3889682939868353	2
2.6444517096381586	0.5101054210083814	-0.3849644346425258	4
1.4103167871105731	-2.4431749174514743	-1.1046684195882031	3
2.5569603937328225	-2.5448163332454161	-0.1819058148774105	3
0.1721845023427396	-5.1190790043972481	-0.7635864475838091	3
-2.2070809039005446	-0.2533738302318487	-0.3425028061596568	1
-1.3628776087591199	3.8406581637063768	0.2557982007173191	2
-1.4054000354727290	-0.7442080609941900	-2.8707436921048339	1
-0.4446091917132328	-2.3025960295529360	-6.7163541760692969	3
-0.1306546837352265	2.5493314585637568	2.1943879921514391	0
-2.0406094357183724	-2.9143538383660674	-0.1955427088490428	1
1.3735280321969923	-3.3786719517358685	-0.8601137809443268	1
-1.2580181759090929	-0.7053520414816610	-1.0728079177071299	1
1.7058983355788437	2.2148556254222953	0.6318420863952302	0
-0.0766838264015866	-1.3113393368774509	-1.3766206723691052	0
3.6241980441371324	2.6537523900258484	-0.6982314455164896	0
-0.3373110598486261	-1.0510560390380270	-3.3953472760504524	1
2.6861128914063315	0.4608027971257146	-1.2099986308244721	3
-1.9096170414994054	3.2164286477679029	-0.4145104821637416	4
2.9380289858729398	-2.0267691484089516	0.5093135034546440	3
0.0983459237352658	1.0642351384311444	-0.6605996357465236	0
2.3848006307915703	-2.7964007724610664	-2.0243603616964569	3
0.7026345388196610	0.1364969819153369	3.8642886217101902	2
2.5154054225022993	-7.1261252043301928	-0.8466922208179094	3
2.2564304023053618	-2.9610343107130026	-1.7887811484914853	3
0.3274846426645885	-4.0786756858510369	-3.8024700546211934	3
-0.4748016987126819	4.0558686166953946	2.5950553493265938	4
0.0308420891610741	-2.4456816801581995	-1.1400803044171837	1
0.8483229238692517	4.3915674095331330	-0.1320244183170165	4
0.6942325671385022	0.7919482256953669	3.4109256840163997	4
-2.0621081676581348	-2.8803236523425686	-2.3901357552585414	1
-0.5430972700155293	-4.5771781646612357	-0.0289486663196782	1
0.0618712294455754	1.3003271145681565	1.1277670859008166	4
-0.4219995374010481	-3.3676181530928733	0.0850148028591493	1
-0.9896589408134232	0.2790729147051931	0.6797768477457653	2
-0.6649900891607724	-4.5196334053809490	-1.5517518508598460	3
2.2284684862429085	-3.2070142642916375	-4.4319502529182229	3
G3
0	82	1.111539625902419	387	1.2816846255786796	340	1.587985294606694	
1	67	0.16043476349583854	401	0.5567137646756734	446	0.6021215861944225	
2	66	0.378217961902388	495	0.5437979447117304	72	0.7083212305549845	
3	343	1.1063745242639964	499	1.1836979281313755	390	1.4320845326879188	
4	296	0.38513016089810753	434	0.4791770745500718	37	0.5880789508925218	
5	242	0.5846048238318631	260	0.7109703457036662	232	0.7948635471106716	
6	174	2.2676531285773187	384	2.444000718777994	261	2.506591849918888	
7	342	0.6247843315385989	467	0.8368241665001948	498	1.0612069152618475	
8	443	0.6999640726782707	140	0.8053354578168362	96	0.8170020549450812	
9	461	0.217948780442548	408	0.5663601322744873	192	0.804824896724562	
10	28	0.552113937863756	124	0.7800192715154546	309	0.8142511675732046	
11	401	0.4575131817827678	42	0.5173722271134528	463	0.5837966802732039	
12	284	0.47475076833441077	47	0.5437798325208446	290	0.7140695999053776	
13	250	0.8830651396998739	266	0.9663973856074284	128	1.1646551013510722	
14	385	0.39425782415082594	442	0.5548859268503704	308	0.8859061699755958	
15	231	0.561195366935484	411	0.5950144385086663	431	0.5998961813187668	
16	433	1.0345097218002355	346	1.3811849588399805	306	1.3978971060296874	
17	353	0.7560626697529332	187	0.7589403235649759	150	0.8531599319401724	
18	365	0.6593106657027488	240	0.7671773209585383	29	0.8388968629313692	
19	50	0.3821292520018687	46	0.5299223242725378	365	0.6030980812772826	
20	120	0.5840416664383048	286	0.6014344721820496	122	0.7397907710587242	
21	490	0.6711988800048063	34	0.7760436468302595	149	0.8527037931825778	
22	280	0.18607056536670152	283	0.8023768811527773	112	0.862831065611374	
23	349	1.390452486838254	173	1.680767421078884	140	2.1098431962898156	
24	281	0.22675607275565207	121	0.624870778885841	446	0.9456252350135985	
25	207	0.4533291420358827	474	0.9954350208110115	315	1.1856743092284352	
26	432	0.2735749531580324	98	0.5588848719018706	100	0.5630893643240942	
27	288	0.7782359395065476	132	0.8738098277873328	10	1.045418638649774	
28	403	0.5049783298655934	10	0.552113937863756	288	0.6305397724122618	
29	161	0.5639372831537562	464	0.8126122899966884	18	0.8388968629313692	
30	280	0.8369121339443362	220	0.9601996421926466	22	0.990950877618445	
31	448	0.7108623762865662	321	0.7297892152596067	238	0.7935099356228102	
32	51	0.5765237671471997	470	0.8103296105024466	379	1.024309726533489	
33	142	0.5452769213046064	125	0.7589907134900771	270	1.0141402544927423	
34	41	0.6386961354487952	21	0.7760436468302595	496	0.8465146680338946	
35	38	0.7165873504725204	218	0.7216082548096688	290	0.7469183225021084	
36	45	0.11300763223312557	272	0.35650990034394436	251	0.5771847998971057	
37	159	0.18174768065975389	434	0.36680799764386673	296	0.36870884625302824	
38	35	0.7165873504725204	249	0.773830806464721	85	0.9275160197742502	
39	492	0.47924050661889317	344	0.5095259019526592	430	0.5413340217544773	
40	13	1.7573879636018381	134	1.7791518557488006	221	1.8054644331043481	
41	34	0.6386961354487952	496	0.7782252885131625	70	0.7861403183603531	
42	11	0.5173722271134528	463	0.5739615909503231	109	0.6037240735072819	
43	212	0.29794469202883916	54	0.40236590635317365	419	0.5604047375608607	
44	158	0.6555367819308965	274	0.6947167303448489	488	0.7390152047679628	
45	36	0.11300763223312557	272	0.3435096802851805	251	0.5648389843077615	
46	19	0.5299223242725378	365	0.5554979742923838	253	0.5756751808848831	
47	419	0.2916701764195781	284	0.31144041625103847	212	0.5063552190124987	
48	331	1.2878164156836631	397	1.6557815899673578	172	1.681279542341632	
49	333	0.5846219832901693	153	0.8718035550631029	175	0.894080925674312	
50	19	0.3821292520018687	365	0.6934573268423998	420	0.7006408192404141	
51	32	0.5765237671471997	470	0.7903196493813305	277	0.9057169987958309	
52	360	0.7246450097075423	68	0.8014901932027806	410	0.9467472564994157	
53	460	0.5609969336217226	175	0.6828709703093607	442	0.9045619225053639	
54	43	0.40236590635317365	212	0.5258296579320645	233	0.5461936130406823	
55	357	0.7963019253492758	297	1.049161592514901	305	1.1370391355655183	
56	150	2.054471592359858	345	2.240733283850456	422	2.269943833022807	
57	469	0.44089620212201636	345	0.7156545842907923	150	1.1717691038669478	
58	300	0.17124649775845038	119	0.5168790397180165	376	0.5247937386398183	
59	262	0.6051527872550292	398	0.6674871149700109	167	0.7795809843999115	
60	87	0.3481774733747849	130	0.6720549541368651	352	0.6966100276966828	
61	76	0.6108073456232768	278	0.7534139424938053	245	0.8276429444877895	
62	264	0.6192169439172063	450	1.0022080262615223	117	1.1138008063882416	
63	422	0.9217612725355021	491	1.5221408360171325	160	1.70050449429498	
64	452	0.3907597062495047	185	0.39488778504089284	216	0.6721487383130899	
65	294	1.028284045047185	439	1.1894880835679105	285	1.2170177018378914	
66	2	0.378217961902388	72	0.6347691965120674	495	0.7195759217409982	
67	1	0.16043476349583854	401	0.45934483902934525	446	0.4859731468303609	
68	52	0.8014901932027806	410	1.1193539447844982	126	1.3048714643272719	
69	354	0.3325076861000543	411	0.381666597748612	153	0.5204278982120046	
70	496	0.2418755161121102	234	0.7403448306710099	41	0.7861403183603531	
71	230	0.6801593548196277	374	0.8071946194725984	163	0.9638661905199041	
72	312	0.6022795633050418	66	0.6347691965120674	2	0.7083212305549845	
73	209	0.2740733634292346	455	0.3734745116593678	208	0.5265666284599767	
74	301	0.24228748697870517	321	0.6754600028710572	79	0.8813744526894864	
75	106	0.9264709306679251	102	0.945325964022144	438	0.9606988147813477	
76	245	0.4958327119244625	278	0.5105064347973554	61	0.6108073456232768	
77	412	0.578903712866933	266	0.614228989047351	162	0.7260519456977838	
78	297	0.921767866524021	423	1.192065412294334	230	1.2127260998752776	
79	464	0.45002669136709256	29	0.8693746753620488	74	0.8813744526894864	
80	392	2.077350389111526	84	2.13693970357556	223	2.1617263759156096	
81	126	0.7782886868546156	346	0.8889731810391559	225	1.1600967201069725	
82	340	0.515669181305464	335	0.6632744773440931	265	0.921303843840915	
83	186	0.5060300407918569	112	0.5092461186435362	259	0.9167922927346456	
84	191	0.7543396779487253	141	0.8208349643093937	392	0.9838304421241667	
85	405	0.6488926675031954	259	0.788901193095851	318	0.9251691669648925	
86	167	0.17321308160368687	389	0.4395981057022959	278	0.4533180143905038	
87	60	0.3481774733747849	352	0.44076590058135456	312	0.5459201462961714	
88	399	0.46370193607377536	172	0.9591967139058134	309	1.0585725395399062	
89	165	0.3916962780940762	322	0.44997044665935665	201	0.7075835515214953	
90	224	0.44051772699337716	122	0.6095893160917183	279	0.7019893531749665	
91	359	0.9009170190170951	299	0.929350525381352	136	1.0986323963285864	
92	172	0.7636322102302374	5	0.8359194013033983	203	1.0762499773382215	
93	325	0.49836355938561416	306	0.8198692503266679	410	0.8940521446695219	
94	96	0.587607699592506	102	0.6865153784262505	140	0.9714796636311513	
95	97	0.5961797949404272	324	0.8679381573614247	458	1.6760955673377707	
96	102	0.5858282453860251	94	0.587607699592506	106	0.7107035008171926	
97	95	0.5961797949404272	324	1.294034887790405	458	1.6419819804328801	
98	403	0.4980674789901166	26	0.5588848719018706	233	0.5813934526424711	
99	368	1.7814533056923898	108	1.8445435206285463	383	1.8699320972526945	
100	26	0.5630893643240942	432	0.7033250003241611	424	0.7368689558176448	
101	251	0.3293763080472162	292	0.3681933873014551	421	0.5624061276232454	
102	96	0.5858282453860251	94	0.6865153784262505	106	0.9263628443061905	
103	292	0.5883252621459022	101	0.6725000119124696	251	0.7289069168712969	
104	300	0.7940740191746901	107	0.8592182524800572	58	0.9448499354968897	
105	361	0.7294130676619724	103	1.009698502086471	219	1.1287787499230735	
106	140	0.4688795331612434	96	0.7107035008171926	8	0.8183368392521052	
107	300	0.6394463163476258	117	0.67843078712148	58	0.7171502740064144	
108	402	1.065801259120744	210	1.7636503512693118	336	1.7687132114575865	
109	256	0.46024632470265164	42	0.6037240735072819	463	0.7167002608546275	
110	196	0.6553843778221152	252	0.7258773918213648	265	0.7436141334245739	
111	295	0.66315738286509	373	0.7146517083368987	355	0.8103254149462078	
112	83	0.5092461186435362	186	0.7012906452185315	280	0.7734736064334783	
113	426	0.45966713439065726	183	0.6387857457260033	90	0.8871526530181316	
114	129	0.4367441582536679	209	0.6561129141543223	270	0.6871117042282463	
115	242	0.8319252696688993	437	0.8385773831739969	377	0.9565845996193346	
116	465	0.47090472627389085	90	0.979892689936869	194	1.035136963259103	
117	237	0.22996780823805552	107	0.67843078712148	300	1.0127006169532822	
118	134	0.07422237949865151	479	0.5324479805345425	363	0.6819589924018962	
119	58	0.5168790397180165	300	0.6485663920833544	107	0.8168934949772095	
120	20	0.5840416664383048	136	0.8119058721400353	487	0.9260108575694824	
121	281	0.5707480464018733	24	0.624870778885841	446	0.6630646822165014	
122	286	0.39721827587026376	307	0.5540435370158697	90	0.6095893160917183	
123	497	0.40977287961047987	378	0.6017336853436804	428	0.6341143585671736	
124	201	0.5476613788611924	455	0.5813221261022222	338	0.628648426420855	
125	270	0.49714844074374265	142	0.5042339834050198	449	0.6388400686168959	
126	81	0.7782886868546156	346	1.0829972352642265	52	1.1137685377793356	
127	311	0.6092005248967324	256	0.9114767471408995	109	0.9861658366063115	
128	211	0.573114546511149	266	0.6671968796882369	412	0.8226525432944777	
129	209	0.34605694784294555	114	0.4367441582536679	208	0.5468215112723849	
130	60	0.6720549541368651	10	0.8518275699146072	212	0.8547647015923425	
131	16	1.5211239976945385	433	1.5818267811782072	177	1.9716658303039267	
132	27	0.8738098277873328	366	1.0230835412285748	309	1.2044465632994468	
133	381	0.23725257969291627	210	0.5841468896509736	323	0.6123328788776202	
134	118	0.07422237949865151	479	0.5360285515102937	363	0.7484248298582449	
135	404	0.4145323066633079	156	0.5608869062335756	274	0.8272554259450445	
136	120	0.8119058721400353	474	0.9001352451211654	21	0.9242375103823113	
137	352	0.554877575355002	348	0.6869296078798902	312	0.7101574571980667	
138	386	0.667675899392661	416	0.7570678214502918	267	0.7759950239535428	
139	325	2.0408409683107984	410	2.2420956360458915	222	2.4301408572222924	
140	106	0.4688795331612434	8	0.8053354578168362	96	0.8446900966034786	
141	84	0.8208349643093937	392	0.8321373230202774	180	0.8667603861319957	
142	125	0.5042339834050198	33	0.5452769213046064	449	0.6563395657867439	
143	328	0.8775393422576293	275	0.8898894011165296	102	1.2790339325575477	
144	471	1.2590218901026278	304	1.5148236902794496	97	1.894525690482467	
145	180	0.48920121996296734	489	0.6837127297690623	388	1.0468716480878768	
146	488	0.41467383124567764	359	0.5184404163886054	44	0.7698838595472206	
147	214	0.3284648886307806	335	1.3786136350723126	382	1.501821390440507	
148	221	0.8819265398717482	471	1.091415689750868	227	1.7339102670585216	
149	151	0.5053620219370504	15	0.720847166994604	193	0.741915968738639	
150	17	0.8531599319401724	345	0.8685313287569699	289	0.9638023076897031	
151	149	0.5053620219370504	334	0.7519916636554583	179	0.769731667491041	
152	480	0.6222301396726856	355	0.8147057926699374	464	0.9814829420024049	
153	69	0.5204278982120046	175	0.5641132121852039	354	0.6350556235538275	
154	340	0.6779013974445633	196	0.7789378492767353	265	0.860203194411359	
155	31	0.9041404870740718	303	0.9124497156135792	238	1.005213376005722	
156	404	0.5574140116480245	135	0.5608869062335756	274	0.6923580396693769	
157	78	1.316164606629912	435	1.3628449625476082	408	1.3818275084361247	
158	488	0.6043408930781462	44	0.6555367819308965	146	0.945937051989237	
159	37	0.18174768065975389	434	0.3841770304842303	296	0.42778891292703874	
160	63	1.70050449429498	361	1.9074683499129015	422	1.9380794914021162	
161	29	0.5639372831537562	298	0.7201669151517158	74	0.915081564592327	
162	77	0.7260519456977838	250	1.0368363456141054	418	1.1901456139269881	
163	374	0.3323449591671659	230	0.5984181876780535	71	0.9638661905199041	
164	369	0.47348075585789495	339	0.5994492524275199	359	0.6659510570017226	
165	89	0.3916962780940762	353	0.5635196006833001	322	0.5657170226944802	
166	199	1.0370208249444546	302	1.3690688327154283	48	1.8546424876698047	
167	86	0.17321308160368687	389	0.4315713475804274	278	0.515396528418808	
168	46	0.6255067280354291	253	0.730818531657942	19	0.8920536426413946	
169	456	0.8616420992265298	62	1.292063243268643	376	1.5987266174613355	
170	246	0.9461277493287685	220	1.1647868867959796	469	1.1982898242394735	
171	488	0.8568142169485593	146	0.8608031441439885	359	1.0138571242840198	
172	92	0.7636322102302374	5	0.90220347288508	282	0.9552504533469237	
173	94	1.1941019619429092	349	1.3595578897791087	140	1.3601140287194025	
174	195	0.72197702224153	261	0.8115128030846889	287	0.9466076240926488	
175	153	0.5641132121852039	333	0.6348891564306224	53	0.6828709703093607	
176	476	0.22861726591837528	244	0.25703467181269196	45	0.6478663397734242	
177	204	0.842475194641975	16	1.9392868973229194	131	1.9716658303039267	
178	372	0.46565528584165844	276	0.8806190692800495	121	0.8991857596890158	
179	334	0.4842865343399601	451	0.6065440639390339	151	0.769731667491041	
180	145	0.48920121996296734	305	0.8199745470390706	472	0.8371027440679486	
181	397	1.1178228076847803	183	1.2281193898205296	399	1.3528183714226498	
182	413	0.5181661638347835	192	0.6248701042523156	394	0.6925834431900183	
183	113	0.6387857457260033	453	0.9908974113362733	314	1.056192513810034	
184	185	0.5094834983141775	364	0.5461978098747451	189	0.5850927846575613	
185	64	0.39488778504089284	184	0.5094834983141775	216	0.6420698308953339	
186	83	0.5060300407918569	259	0.5598789390043986	112	0.7012906452185315	
187	341	0.3318585079462846	289	0.5735907106198302	408	0.6194213524969626	
188	423	0.9199444190447909	235	1.0262227586283705	119	1.0553501852677474	
189	364	0.4685143996823897	184	0.5850927846575613	185	0.8076041089961576	
190	338	0.25402472893115147	232	0.4599051113106275	395	0.5055338245514229	
191	235	0.6476688969413192	84	0.7543396779487253	492	0.9254106462825887	
192	413	0.37041599894300026	423	0.5626454103695674	206	0.5928556277257891	
193	149	0.741915968738639	267	0.8070316813053173	138	0.8283340168593578	
194	372	0.9646552107862778	116	1.035136963259103	33	1.1002216921361319	
195	174	0.72197702224153	409	0.7986866195037249	261	0.972380157287412	
196	265	0.41390884715366993	110	0.6553843778221152	340	0.7540851151550536	
197	484	1.0853876345101876	487	1.1082486386777146	327	1.2851068032065724	
198	313	0.3899873026390196	320	0.4436903068585027	293	0.5859221789490037	
199	302	0.9875499294877312	166	1.0370208249444546	115	1.1283771215860352	
200	332	1.1577280121099671	257	1.6132526315358988	246	2.105028284507934	
201	124	0.5476613788611924	89	0.7075835515214953	73	0.7151229340830362	
202	310	0.5626263001570082	239	0.9475501410386028	343	1.0453038979764804	
203	260	0.5834099956797499	395	0.7794582275252885	268	0.7912940001806282	
204	177	0.842475194641975	16	1.4564372316886989	457	1.7655334155195384	
205	258	0.5963850575362417	451	0.7082149776036751	496	0.7502516596162544	
206	472	0.3718748807708372	413	0.5900828296238935	192	0.5928556277257891	
207	25	0.4533291420358827	474	1.0638323754411405	342	1.0745592425516226	
208	209	0.3617916888807301	73	0.5265666284599767	298	0.5396325734901077	
209	73	0.2740733634292346	129	0.34605694784294555	208	0.3617916888807301	
210	336	0.11989149258888304	381	0.37571076850030516	133	0.5841468896509736	
211	128	0.573114546511149	277	0.8396738432374277	493	0.9438104664839347	
212	419	0.2841337870602018	43	0.29794469202883916	47	0.5063552190124987	
213	394	0.292527904364461	45	0.7332052422786591	272	0.736449204924051	
214	147	0.3284648886307806	382	1.5647002428784818	335	1.6368760542956187	
215	363	0.5719360569339688	404	0.8284454391567837	118	0.890589162777505	
216	185	0.6420698308953339	64	0.6721487383130899	452	0.724272996675039	
217	473	0.41562934661645806	411	0.5484800871083471	69	0.5952330799026931	
218	468	0.409633966323192	308	0.5562601765845366	35	0.7216082548096688	
219	268	0.42886724428919065	395	0.5730857139922083	190	0.8175961342070193	
220	246	0.8403317483043299	22	0.8673875770801153	280	0.8920680833607222	
221	148	0.8819265398717482	326	1.0291181026690812	445	1.1960756706237263	
222	380	1.7769371640823013	325	1.9204458425900277	265	1.9533824513729587	
223	80	2.1617263759156096	485	2.269320991600821	430	2.4515613468135236	
224	90	0.44051772699337716	279	0.6195558152856441	327	0.7193066824426038	
225	81	1.1600967201069725	126	1.442461615672351	393	1.6080191000650463	
226	71	1.3067917419948343	173	1.3728966418889395	163	1.4847178590282821	
227	390	0.9619025393668373	44	1.1637786643430674	158	1.1873877185967612	
228	345	0.6182840399210257	263	1.0448348628217197	268	1.1026223664421042	
229	42	0.9256708073589547	109	1.0922635422296099	256	1.2071754526301735	
230	374	0.462512524428002	163	0.5984181876780535	71	0.6801593548196277	
231	431	0.4552556608631412	15	0.561195366935484	37	0.6798100052035922	
232	395	0.45226896571441105	190	0.4599051113106275	338	0.6774936882173372	
233	483	0.5420673435899602	54	0.5461936130406823	98	0.5813934526424711	
234	256	0.49603060056545584	70	0.7403448306710099	109	0.8894937115852076	
235	191	0.6476688969413192	188	1.0262227586283705	492	1.0481508927114886	
236	391	2.135037528889074	226	2.1550930147034895	157	2.2762158642343273	
237	117	0.22996780823805552	107	0.7776962159174919	161	0.9278892729606096	
238	356	0.4784105241227684	303	0.5833746956366892	448	0.6055958933396435	
239	343	0.8292443774338031	279	0.8450978302338273	122	0.9074844683898219	
240	450	0.46416451734810193	278	0.6230065185468272	389	0.7048758110102775	
241	144	2.1480031673474826	387	2.4754028919847113	471	2.727974581917339	
242	260	0.32966130234894503	5	0.5846048238318631	203	0.8146967356849482	
243	255	0.991081008152544	343	1.134463934060977	453	1.1908935397295795	
244	176	0.25703467181269196	476	0.36233160400741404	165	0.6853797004747083	
245	76	0.4958327119244625	61	0.8276429444877895	278	1.0040656289765084	
246	319	0.8053355615571675	220	0.8403317483043299	170	0.9461277493287685	
247	440	1.1210195894817208	145	1.2632743508537876	489	1.2678142669250412	
248	478	2.085029660691832	155	2.085251187395824	303	2.085349148613925	
249	38	0.773830806464721	35	1.0207208244312285	385	1.2808667868568226	
250	418	0.4735209258467866	454	0.5765704096995774	266	0.7441793309151357	
251	292	0.28817166117187415	101	0.3293763080472162	45	0.5648389843077615	
252	110	0.7258773918213648	325	0.9267549817781355	93	1.027281273759491	
253	46	0.5756751808848831	168	0.730818531657942	61	0.9166486753096444	
254	65	1.43222784481257	427	1.7917758185051842	285	2.0118550516803997	
255	243	0.991081008152544	331	1.0338782014321146	3	1.495866116949522	
256	109	0.46024632470265164	234	0.49603060056545584	127	0.9114767471408995	
257	332	1.1672532012909738	38	1.2319026578348116	85	1.3708974485383407	
258	205	0.5963850575362417	15	0.7907928134283342	473	0.8441088353730538	
259	186	0.5598789390043986	405	0.7877308849725126	85	0.788901193095851	
260	242	0.32966130234894503	203	0.5834099956797499	5	0.7109703457036662	
261	444	0.8004393660470669	174	0.8115128030846889	195	0.972380157287412	
262	59	0.6051527872550292	350	0.6499929972047851	398	0.6552109096910836	
263	268	0.7632724094816065	228	1.0448348628217197	395	1.0511042471934047	
264	450	0.5704380593015999	62	0.6192169439172063	240	0.9634422138803257	
265	196	0.41390884715366993	340	0.6896803928029795	110	0.7436141334245739	
266	412	0.3482259557386057	77	0.614228989047351	128	0.6671968796882369	
267	416	0.5094956582734094	138	0.7759950239535428	193	0.8070316813053173	
268	219	0.42886724428919065	395	0.5762341136212417	263	0.7632724094816065	
269	369	1.140431613073555	359	1.1739473902100863	164	1.236648762464921	
270	125	0.49714844074374265	114	0.6871117042282463	100	0.7916906581200799	
271	369	1.6758200849610172	499	1.688069895883595	195	1.7195240017924498	
272	45	0.3435096802851805	36	0.35650990034394436	394	0.5589711044784431	
273	400	0.28627698408915486	378	0.42208621068605806	407	0.4283154082678893	
274	156	0.6923580396693769	44	0.6947167303448489	135	0.8272554259450445	
275	143	0.8898894011165296	329	1.002043788548961	328	1.127213215153826	
276	431	0.5663988595728349	37	0.6416016900246969	159	0.680677753665579	
277	211	0.8396738432374277	454	0.9031642557490895	51	0.9057169987958309	
278	86	0.4533180143905038	76	0.5105064347973554	167	0.515396528418808	
279	327	0.4569070023753428	224	0.6195558152856441	90	0.7019893531749665	
280	22	0.18607056536670152	112	0.7734736064334783	30	0.8369121339443362	
281	24	0.22675607275565207	121	0.5707480464018733	446	0.8614611858717257	
282	371	0.2317166214913621	232	0.8123634253111905	309	0.8480743185446014	
283	22	0.8023768811527773	392	0.8962997391198039	280	0.93128674102688	
284	47	0.31144041625103847	419	0.44960680815006143	12	0.47475076833441077	
285	427	0.6588179428223526	39	0.8656766135738287	430	1.0195294513246653	
286	307	0.3198991188157332	122	0.39721827587026376	386	0.5358492125354071	
287	174	0.9466076240926488	195	1.1965168066930156	261	1.7488244411434768	
288	28	0.6305397724122618	284	0.7349701927439108	27	0.7782359395065476	
289	187	0.5735907106198302	341	0.6306441681205365	491	0.7928448873735308	
290	12	0.7140695999053776	35	0.7469183225021084	47	0.7668163417533254	
291	399	0.9824881040985092	88	1.1220696838665496	181	1.7741840305886691	
292	251	0.28817166117187415	101	0.3681933873014551	435	0.5575275607765109	
293	313	0.3911624529660288	198	0.5859221789490037	320	0.7625316125381574	
294	439	0.8619195816610784	65	1.028284045047185	285	1.0887756693002844	
295	373	0.359792059762826	111	0.66315738286509	33	1.0751039628789236	
296	434	0.1184389073149379	37	0.36870884625302824	4	0.38513016089810753	
297	357	0.554991660528488	78	0.921767866524021	55	1.049161592514901	
298	208	0.5396325734901077	377	0.5959462689355396	161	0.7201669151517158	
299	20	0.7914656043297219	359	0.8595700897284716	369	0.868072008823782	
300	58	0.17124649775845038	376	0.4693342856759156	107	0.6394463163476258	
301	74	0.24228748697870517	321	0.5134308302459938	448	0.7526038697896662	
302	199	0.9875499294877312	242	1.1594549120614872	260	1.1974666668982126	
303	238	0.5833746956366892	356	0.612319794411868	106	0.8336951339174506	
304	144	1.5148236902794496	458	2.214645867171511	97	2.287442311030208	
305	388	0.6750667303585017	180	0.8199745470390706	141	0.9093515915425361	
306	360	0.5931712738887923	425	0.8105312083224058	93	0.8198692503266679	
307	320	0.24796571738075163	286	0.3198991188157332	122	0.5540435370158697	
308	218	0.5562601765845366	468	0.584842443741927	442	0.7490399157601224	
309	371	0.6233086479117617	10	0.8142511675732046	282	0.8480743185446014	
310	202	0.5626263001570082	20	0.9128861754629424	339	0.9182861554234429	
311	127	0.6092005248967324	367	0.6319748582179583	256	1.2226596657177267	
312	87	0.5459201462961714	72	0.6022795633050418	352	0.6519090552467613	
313	198	0.3899873026390196	293	0.3911624529660288	320	0.6103547954999604	
314	293	0.7640708147011699	113	0.8889271197638263	313	0.9373768238317971	
315	25	1.1856743092284352	207	1.2921639124531485	342	1.4155225761637336	
316	421	0.5063988109599096	356	0.7762033594643277	437	0.8628061796191979	
317	377	1.0039421381013394	480	1.0770384041678136	199	1.1900856240506823	
318	85	0.9251691669648925	38	1.121937072969418	259	1.1813980121868335	
319	246	0.8053355615571675	60	1.0248446971633047	30	1.048608207074894	
320	307	0.24796571738075163	198	0.4436903068585027	286	0.553608131787571	
321	448	0.35401920867064246	301	0.5134308302459938	74	0.6754600028710572	
322	89	0.44997044665935665	353	0.5615987526894018	165	0.5657170226944802	
323	381	0.5309306910775365	133	0.6123328788776202	336	0.6511162246811295	
324	95	0.8679381573614247	97	1.294034887790405	458	1.8876568503955191	
325	93	0.49836355938561416	110	0.8471621718888837	252	0.9267549817781355	
326	221	1.0291181026690812	134	1.4027912102027156	118	1.4590265678906504	
327	279	0.4569070023753428	90	0.706224790380275	224	0.7193066824426038	
328	143	0.8775393422576293	275	1.127213215153826	104	1.140351407381121	
329	275	1.002043788548961	374	1.3481293601307074	163	1.410197448940185	
330	462	0.41657356839437903	494	1.608677606734107	70	1.6092636306673032	
331	255	1.0338782014321146	48	1.2878164156836631	243	1.40317891399282	
332	200	1.1577280121099671	257	1.1672532012909738	85	2.0595123971368277	
333	49	0.5846219832901693	175	0.6348891564306224	442	0.7465841536472559	
334	179	0.4842865343399601	151	0.7519916636554583	258	0.9046565616568122	
335	340	0.5501255008573251	82	0.6632744773440931	154	0.9944793372193983	
336	210	0.11989149258888304	381	0.41815233573664035	133	0.6188284948196855	
337	483	0.4034563600879706	73	0.5888308651918882	209	0.6025425201145127	
338	190	0.25402472893115147	455	0.5549459306342291	73	0.5982708728396352	
339	164	0.5994492524275199	310	0.9182861554234429	369	0.9665267347953104	
340	82	0.515669181305464	335	0.5501255008573251	154	0.6779013974445633	
341	187	0.3318585079462846	408	0.3597698986313595	289	0.6306441681205365	
342	7	0.6247843315385989	467	0.8505116068944	207	1.0745592425516226	
343	239	0.8292443774338031	202	1.0453038979764804	3	1.1063745242639964	
344	492	0.3826994723607801	430	0.4438585355113501	39	0.5095259019526592	
345	228	0.6182840399210257	57	0.7156545842907923	150	0.8685313287569699	
346	81	0.8889731810391559	360	0.9247253042896987	473	1.03958042451612	
347	75	1.6737692734789154	438	1.829221820793191	349	1.913040397752137	
348	322	0.5905693792577992	353	0.6693590167955501	137	0.6869296078798902	
349	140	1.1555063038773734	75	1.3550590878388922	173	1.3595578897791087	
350	11	0.6326639409846769	262	0.6499929972047851	401	0.7381634025285152	
351	477	0.426561364962189	426	0.6717080016791336	314	1.0170471041635416	
352	87	0.44076590058135456	137	0.554877575355002	312	0.6519090552467613	
353	322	0.5615987526894018	165	0.5635196006833001	348	0.6693590167955501	
354	69	0.3325076861000543	411	0.6312758458160169	153	0.6350556235538275	
355	111	0.8103254149462078	152	0.8147057926699374	480	1.0786535262954664	
356	238	0.4784105241227684	303	0.612319794411868	316	0.7762033594643277	
357	297	0.554991660528488	55	0.7963019253492758	78	1.4145332763264773	
358	436	0.9688029947434683	445	1.4382549190566012	326	1.4774663898995837	
359	146	0.5184404163886054	164	0.6659510570017226	488	0.6942973392592479	
360	306	0.5931712738887923	52	0.7246450097075423	346	0.9247253042896987	
361	105	0.7294130676619724	316	1.058636007078139	115	1.112221355841102	
362	457	0.5265029967309851	393	0.7722216297954989	225	1.915696569841411	
363	215	0.5719360569339688	379	0.5741688280340053	118	0.6819589924018962	
364	189	0.4685143996823897	184	0.5461978098747451	475	0.7803006827462979	
365	46	0.5554979742923838	19	0.6030980812772826	18	0.6593106657027488	
366	132	1.0230835412285748	452	1.0703798539049867	402	1.238260125002555	
367	311	0.6319748582179583	127	1.2411265731404957	70	1.5980473959011035	
368	133	0.8761907576286304	383	0.9660879901211271	381	1.0126095028720514	
369	164	0.47348075585789495	359	0.8492330927476079	299	0.868072008823782	
370	482	0.7916010536924575	466	0.8550469395983601	197	1.4100967575557193	
371	282	0.2317166214913621	309	0.6233086479117617	232	0.8847828554646111	
372	178	0.46565528584165844	194	0.9646552107862778	41	1.0235783893041204	
373	295	0.359792059762826	111	0.7146517083368987	114	0.8900583612678139	
374	163	0.3323449591671659	230	0.462512524428002	71	0.8071946194725984	
375	441	0.8813387390794889	55	2.082956991970109	357	2.1816654713166583	
376	300	0.4693342856759156	58	0.5247937386398183	104	0.9970139807113306	
377	298	0.5959462689355396	232	0.7428640503770255	5	0.9462942593241103	
378	273	0.42208621068605806	123	0.6017336853436804	400	0.6949548610949433	
379	363	0.5741688280340053	479	0.6093970766093215	470	0.8559277668353221	
380	447	0.9957259245070053	154	1.004412239098568	179	1.0329126874470007	
381	133	0.23725257969291627	210	0.37571076850030516	336	0.41815233573664035	
382	269	1.349469223217072	147	1.501821390440507	214	1.5647002428784818	
383	368	0.9660879901211271	133	1.0446627857300186	381	1.1091003722806783	
384	370	1.7839275662591974	197	1.913984709463981	482	2.3009952635185695	
385	14	0.39425782415082594	442	0.665099154053672	460	0.7943089401505413	
386	286	0.5358492125354071	138	0.667675899392661	307	0.6862719888005966	
387	0	1.2816846255786796	13	2.0545473030117307	82	2.2523232832036655	
388	305	0.6750667303585017	180	0.9983722645194247	145	1.0468716480878768	
389	167	0.4315713475804274	86	0.4395981057022959	240	0.7048758110102775	
390	445	0.8267510495010174	227	0.9619025393668373	499	1.0751013413061374	
391	422	1.7446027638323998	160	2.0441610867958735	236	2.135037528889074	
392	141	0.8321373230202774	283	0.8962997391198039	84	0.9838304421241667	
393	362	0.7722216297954989	457	0.8482374474392315	229	1.3467206071292535	
394	213	0.292527904364461	272	0.5589711044784431	45	0.6899076180685199	
395	232	0.45226896571441105	190	0.5055338245514229	219	0.5730857139922083	
396	428	0.425930171171459	497	0.5977200846866548	123	0.719528146682079	
397	111	0.8537476445153832	181	1.1178228076847803	373	1.1977448636553134	
398	262	0.6552109096910836	59	0.6674871149700109	2	0.8679828569664824	
399	88	0.46370193607377536	291	0.9824881040985092	172	1.0018656665960026	
400	273	0.28627698408915486	407	0.486511426075901	420	0.5670713403106731	
401	11	0.4575131817827678	67	0.45934483902934525	1	0.5567137646756734	
402	108	1.065801259120744	366	1.238260125002555	132	1.3113357941613701	
403	98	0.4980674789901166	28	0.5049783298655934	233	0.633265653110724	
404	135	0.4145323066633079	156	0.5574140116480245	215	0.8284454391567837	
405	85	0.6488926675031954	259	0.7877308849725126	35	0.8940104091194793	
406	429	1.6749571915003258	163	2.4596270226693946	357	2.530701451441055	
407	273	0.4283154082678893	420	0.43645474604651385	400	0.486511426075901	
408	341	0.3597698986313595	9	0.5663601322744873	187	0.6194213524969626	
409	487	0.7462956561901576	484	0.7562678858627228	195	0.7986866195037249	
410	93	0.8940521446695219	52	0.9467472564994157	325	0.9727239027582413	
411	69	0.381666597748612	217	0.5484800871083471	431	0.5635829419484591	
412	266	0.3482259557386057	493	0.5613669871525345	77	0.578903712866933	
413	192	0.37041599894300026	423	0.3988406270943698	182	0.5181661638347835	
414	152	0.9914798467081107	355	1.1791144032073213	224	1.21388617222616	
415	474	0.8261618743305906	465	0.852944623542467	116	1.0732732895732988	
416	267	0.5094956582734094	313	0.6982179813219901	138	0.7570678214502918	
417	434	0.5720483334623587	296	0.6285600295723757	37	0.783932526249032	
418	250	0.4735209258467866	454	0.7109127011221572	77	0.7654889174100925	
419	212	0.2841337870602018	47	0.2916701764195781	284	0.44960680815006143	
420	407	0.43645474604651385	400	0.5670713403106731	495	0.5891024466836977	
421	316	0.5063988109599096	101	0.5624061276232454	443	0.7406779482390096	
422	63	0.9217612725355021	491	1.6901935331901745	391	1.7446027638323998	
423	413	0.3988406270943698	192	0.5626454103695674	182	0.7802140320030718	
424	100	0.7368689558176448	426	1.0022258107932949	314	1.0200292990992208	
425	306	0.8105312083224058	354	0.8769024750332503	493	1.0518441168714772	
426	113	0.45966713439065726	351	0.6717080016791336	90	0.8698460920122638	
427	285	0.6588179428223526	39	0.9857073316457091	253	1.0235939403809313	
428	396	0.425930171171459	497	0.6289233697138951	123	0.6341143585671736	
429	297	1.4588989854402363	230	1.5737419131502826	78	1.5970877936210683	
430	485	0.3885342211219784	344	0.4438585355113501	39	0.5413340217544773	
431	231	0.4552556608631412	37	0.5135805502879385	411	0.5635829419484591	
432	26	0.2735749531580324	98	0.6047830384083213	100	0.7033250003241611	
433	306	0.9698144080472335	16	1.0345097218002355	93	1.3052648496786197	
434	296	0.1184389073149379	37	0.36680799764386673	159	0.3841770304842303	
435	292	0.5575275607765109	251	0.7447524810962013	103	0.9122457084822967	
436	358	0.9688029947434683	331	1.5216260345953243	255	1.5631338750120516	
437	176	0.7110048743892823	244	0.8335030734462382	115	0.8385773831739969	
438	75	0.9606988147813477	155	1.331426804900877	303	1.540092537488379	
439	294	0.8619195816610784	65	1.1894880835679105	245	1.8481386604998569	
440	247	1.1210195894817208	145	2.2171439055170357	220	2.2799344341932746	
441	375	0.8813387390794889	55	1.4771289935589378	357	1.5588287642366052	
442	14	0.5548859268503704	460	0.6143876884518542	385	0.665099154053672	
443	8	0.6999640726782707	421	0.7406779482390096	292	0.9770912183251044	
444	261	0.8004393660470669	279	0.8387143040798867	239	0.9776391286703588	
445	390	0.8267510495010174	221	1.1960756706237263	343	1.2373568059523425	
446	67	0.4859731468303609	1	0.6021215861944225	121	0.6630646822165014	
447	380	0.9957259245070053	451	1.5332038395461773	494	1.6048630612433303	
448	321	0.35401920867064246	238	0.6055958933396435	31	0.7108623762865662	
449	125	0.6388400686168959	142	0.6563395657867439	121	0.919600087324161	
450	240	0.46416451734810193	264	0.5704380593015999	278	0.639478331071001	
451	179	0.6065440639390339	205	0.7082149776036751	494	0.8191502535954505	
452	64	0.3907597062495047	216	0.724272996675039	323	0.7360356127854152	
453	183	0.9908974113362733	355	1.1629361796169793	243	1.1908935397295795	
454	250	0.5765704096995774	470	0.679088065208219	418	0.7109127011221572	
455	73	0.3734745116593678	209	0.5308094030284568	338	0.5549459306342291	
456	169	0.8616420992265298	321	1.4225390645861271	448	1.4323769774189548	
457	362	0.5265029967309851	393	0.8482374474392315	204	1.7655334155195384	
458	97	1.6419819804328801	95	1.6760955673377707	324	1.8876568503955191	
459	126	1.4167297725055015	52	1.5532140706046533	68	1.6792558642429107	
460	53	0.5609969336217226	442	0.6143876884518542	385	0.7943089401505413	
461	9	0.217948780442548	408	0.7328177914982245	192	0.8338823191293544	
462	330	0.41657356839437903	225	1.7561774447209884	494	1.758496440062989	
463	42	0.5739615909503231	11	0.5837966802732039	109	0.7167002608546275	
464	79	0.45002669136709256	29	0.8126122899966884	480	0.8275553320821676	
465	116	0.47090472627389085	415	0.852944623542467	474	0.967633755573474	
466	370	0.8550469395983601	482	0.9441240933627673	415	1.3147667693176204	
467	7	0.8368241665001948	342	0.8505116068944	494	1.159731522221961	
468	218	0.409633966323192	308	0.584842443741927	35	0.8387832350039615	
469	57	0.44089620212201636	246	1.051933328486973	345	1.062906725542464	
470	454	0.679088065208219	51	0.7903196493813305	32	0.8103296105024466	
471	148	1.091415689750868	144	1.2590218901026278	221	1.9103592921230301	
472	206	0.3718748807708372	192	0.8118781670514299	180	0.8371027440679486	
473	217	0.41562934661645806	411	0.8435922528630423	258	0.8441088353730538	
474	415	0.8261618743305906	136	0.9001352451211654	465	0.967633755573474	
475	434	0.7292647052544396	364	0.7803006827462979	159	0.8023139493261281	
476	176	0.22861726591837528	244	0.36233160400741404	45	0.6760049501834602	
477	351	0.426561364962189	267	0.8384984705376017	449	1.0158620317834441	
478	356	1.1918608965378736	31	1.209642407027992	115	1.225751494849406	
479	118	0.5324479805345425	134	0.5360285515102937	379	0.6093970766093215	
480	152	0.6222301396726856	464	0.8275553320821676	317	1.0770384041678136	
481	469	1.0667240628333519	319	1.0812913148310241	57	1.2214592398966586	
482	370	0.7916010536924575	466	0.9441240933627673	414	1.7012212254033465	
483	337	0.4034563600879706	233	0.5420673435899602	98	0.5830618602872598	
484	487	0.3147708423174335	327	0.7466545013905173	409	0.7562678858627228	
485	430	0.3885342211219784	344	0.7316370246124831	492	0.7970099619046571	
486	315	2.075169394706323	342	2.6307703550546755	382	2.8248703680457194	
487	484	0.3147708423174335	409	0.7462956561901576	327	0.8990765145898326	
488	146	0.41467383124567764	158	0.6043408930781462	359	0.6942973392592479	
489	145	0.6837127297690623	180	1.0648533257876636	461	1.1762360340872198	
490	21	0.6711988800048063	193	0.8508168425230196	41	0.8927176628773428	
491	289	0.7928448873735308	103	1.1109043001350825	228	1.1931079948036836	
492	344	0.3826994723607801	39	0.47924050661889317	430	0.6164407775624751	
493	412	0.5613669871525345	266	0.8178304294207743	128	0.866499462920834	
494	451	0.8191502535954505	205	1.0875327192161832	467	1.159731522221961	
495	2	0.5437979447117304	420	0.5891024466836977	66	0.7195759217409982	
496	70	0.2418755161121102	205	0.7502516596162544	41	0.7782252885131625	
497	123	0.40977287961047987	396	0.5977200846866548	428	0.6289233697138951	
498	179	0.8997658804379296	151	1.0050715947014994	334	1.0555884599513108	
499	390	1.0751013413061374	3	1.1836979281313755	339	1.2522401990626821	
