-3.1534127081899821	-4.3924585584928053	-4.0731618830078791	1
-1.9616245139132065	-0.9650345560726187	1.1762583614231372	2
-0.2961222998669923	0.3274053460174667	1.2768907901507183	0
1.8189141451668713	-1.0656785556662480	-3.5937361924892848	3
-2.8484004214835128	-2.7458139024743398	-0.4159806057248714	1
1.4008676146023231	2.4098525432462745	-1.9890146934803585	0
4.9718522282528141	-1.1484839228408970	-1.8481968030529539	3
-1.0709755867841189	-4.7523536318624391	-2.0402513336884773	1
3.1725579373488935	3.9957483805451717	2.1253510351668528	4
2.4137092632118708	3.2400744304011710	0.6176961998471917	0
0.1512075720651649	1.3682464464155921	-0.9063590111465331	2
-1.1036955583622432	-1.1906294074140833	2.4754378489800586	2
-0.8390951981874505	0.1240187134465595	-1.4678432539555204	2
-3.2844079893750084	-1.6412508793176503	-3.8289317432950591	1
-2.5068537494151615	-1.0759355157804555	0.8146434378539612	0
-2.2158735236749094	-1.6065246704396985	-1.0782707693614015	1
-5.3669391253114940	-4.0278151972103684	-1.4934818336751796	1
-0.0113398501053201	3.9036646697986996	0.0050071878422087	4
1.1555796512782655	0.7294740162745228	0.2569418870906934	0
1.9243115291972994	0.4873696908678750	2.7999578007766135	4
1.3904693451936707	-2.5708694430769889	-3.1667549650384954	1
-0.7114695508579429	-2.8545364004220417	-1.2832423277089831	2
-2.0589036982129221	2.7031259771591341	1.2331289515605270	4
4.2708894855978192	5.7955494337281843	1.3117730563912826	4
0.9200676935419723	-0.9870291689900375	0.6740367218841359	1
3.1294996537980491	-3.6223686656373104	-0.9497290752693355	3
0.3888719382988457	1.7351585685374540	-2.7690003769783096	0
-1.3107443585855703	3.6396475626412057	-1.3846978977420905	2
-0.2673583202997605	1.3587212145514578	-0.8444267287159753	2
-0.2335741890105151	0.5226356509994043	0.5831735816631198	0
-0.8502552779733288	2.1952800588776622	0.1963894719993325	0
5.7443769181843853	1.4925052313997500	-0.3225796077075783	4
-0.9854286014164932	0.0261397786167635	-1.6090131216944381	1
1.0520590033305335	0.3018769022107296	-1.0006369648990958	0
-0.3516656368388869	-2.7069980762338193	-1.0711967135303824	1
-2.9114461433602372	-0.3969814547811641	1.8770226908536047	0
2.6692709705672648	3.3451889676944333	0.4772620664267844	4
-0.6855722957569456	-0.5351401259180825	0.2908606017242509	0
-2.7067470645192877	0.6308317452812905	-0.7770953552246521	2
0.2883325243066681	2.3240152368154021	3.2385532229396694	2
-0.9647196296477050	-2.1290909038265262	-5.1267889578366415	3
0.0620019487024338	-1.3073145777558972	0.0990117102156260	2
-0.7416595451047328	-1.2089603865915610	3.5509691543482962	0
-0.9414663814528508	1.5108951572392648	-0.6518398986847495	2
0.6093882113968876	-3.2872550046021765	-3.6124658311958560	3
1.0441182403649873	3.3816155956707714	-0.8159131781337032	4
1.2405431000973666	1.2890010356144876	1.6919430183633382	0
-0.9637326513513409	1.2044676033293580	-0.9319485776594532	2
3.1192801524451075	2.5057818404019101	-3.7929314903922311	0
-4.2553238517189627	-2.2078731632120019	-1.1270032446403038	1
0.5759025413713997	0.9878092334256326	1.3555794069743607	4
-2.7031131727250166	-0.2914972244840625	-0.6831660775107486	1
-2.1227906817926199	-3.3068116453358982	-1.1242179662453275	1
-2.0467962768023722	0.0974965936313549	-1.3030511283702635	3
-1.1601282896797309	0.7663731583148072	-1.9459161277862347	0
1.2204064818183902	2.9751953810951051	4.1798938791859488	2
-0.9395286593174351	6.0291030364924785	-0.3725777807669460	4
-1.0209401412757781	4.0494399153832212	-0.6705499707852212	2
2.6888550698287257	0.6901345677474101	1.4732925192977948	0
0.5499014259193049	-0.4146060993640914	2.3064817095641637	2
-1.9791879322413841	1.7461969023761204	0.6717103258872350	0
-0.7947148791419768	-1.2624169307532900	1.0808142003189900	0
0.9104983575913594	0.3090081188522619	0.4286157461455778	4
1.1979669544244125	7.1289979985022391	-1.6748215660541257	4
-0.3718792037235341	0.3423998544614928	-1.8253044420894162	2
1.7477652588889496	-0.9310377418257937	3.4257921057023770	0
-0.3526103079943372	1.9380877635142246	0.4755143394389172	2
-0.6229337817424351	-0.5270760908131641	0.0976205058069690	0
-4.4219529338431602	-5.4190788451619101	1.0459067019915276	1
-1.1321289214500339	-2.6364264811405977	-0.2697319073563067	1
-0.0040544715701680	-2.6368202372697898	-1.5026111948322216	1
2.5137694748856658	4.2861704027926644	4.1304941531841717	0
-0.2232999702059234	2.0159478841479439	1.4185638323773599	2
-0.3544677365724016	0.1664395655039489	0.3850098832113773	4
3.3877121200092404	1.0552782156133089	-0.2375696095330176	0
5.1312311189122921	3.7236635906033424	0.9693613630071609	4
2.2007076977340394	-1.7304564636978759	2.8635225782013158	4
-3.5654674487526776	-2.3885167051050309	-1.6265514874793321	1
-0.4024106646650417	2.0588541275537526	3.7994792449673902	4
2.9198973557242027	1.3080643884685121	-0.1312421754390433	2
-0.9651834112186141	1.5363486554563190	6.3658730598484166	4
-2.0304126415867922	-3.2910628330915479	0.8203644589320787	1
-0.9355572206366023	-4.7210198617210946	-3.3058609093405344	3
-0.5168971475137043	0.3005707243718798	0.9897514714221503	2
-0.0117095442007283	0.3870213274413834	1.7879210558560861	0
-3.9571753023035083	0.2343173660852345	-0.1530686684914061	2
0.5249357165186775	-1.8455958352654700	1.7115009421468743	0
0.1773495206372646	2.0819808673993636	1.1334570957339034	2
0.7026320305508473	2.8140887713071825	-3.3996227975520310	0
0.2223764765127986	1.2368821065224778	1.3261212307322299	0
1.6228511140413586	-2.1812105270008826	-1.6214350290085204	3
-0.6510150371283684	-3.3403351751720125	-0.9955604958113824	3
1.6457036856132587	3.0192142619889371	-2.3690647963511520	2
-2.5793215391023967	-3.9654212662935597	-0.8100238324273750	1
3.5187966439757634	4.9137021598402386	1.6263618877795407	4
1.1678640211284850	-4.1059278143724773	-7.5872448429446688	3
3.4394073181233886	3.3376435520331769	2.8307425731564608	4
0.2204323665780406	-5.5008975061495260	-4.6067255285997462	3
-1.1886628414566272	1.0971067789219573	-0.4835428429555362	0
-5.2190965917218914	-0.8179135069465595	-2.9100985728485766	1
-0.1555463368068793	1.5080320733103163	-3.3831221598335048	0
0.7383015720093535	4.4104953297411100	1.3971910326515817	4
3.9682243567492446	4.0580678693136232	2.0358477496217127	4
2.0782818061816597	2.6145568442450178	0.1373140632096157	4
1.9610389444719210	1.6611239873138040	1.9401084374227979	4
1.1659816164835286	4.4780752679428231	0.5334689130146684	4
4.2661453317911215	3.3999710266899590	0.4056705188094917	4
2.3375902121903129	2.1118928073615071	2.1604498379399750	4
-3.5798985769701299	1.5378613738700131	-2.8652030979746557	0
0.7481070965845764	-2.9778088746177858	2.0127178321129233	1
-3.4253865776932670	-2.9952368422805775	-2.3462702261749566	1
-0.1144696483829803	1.2845864236763773	-1.8419671542177196	2
-1.4036239179102661	1.7293351075293577	1.4409379616685936	2
1.4922440506702306	-1.3615787914040558	-2.7233978162333718	3
1.5033126024236132	2.7327654626944597	-2.7056844415101944	2
3.2402777235311770	2.7954342149831706	-0.9802698075596449	4
2.1490485952700880	-2.6592587309295084	-1.5876970582481993	3
3.8074164845522178	0.8266041097999629	0.7537190662601136	0
0.2447798578561914	-2.9865780216429405	-2.4255418600198433	1
1.5199803562931160	1.5227921950174150	2.0024426474118409	2
0.9845768244965247	-3.6312266350360027	-3.0202699904742363	3
-0.2647123284123208	1.5687519725783128	1.2878022066086485	1
0.4963431547126328	-2.1587575207226957	-1.7154132226377712	2
-0.2932387384793121	0.5880723006794527	0.4263229554135060	4
0.0629756382410402	2.3964800037074268	-0.1671115347025860	0
0.9278682613980324	-0.9564030790307468	0.0845951758146539	2
-4.1051008444781658	-3.0963016357135462	-0.2477131326249667	1
2.2091557614576653	-4.0942657523937305	1.1570066026657391	1
-2.1534953457024044	-2.8458558754098271	-2.4498359313578284	3
-0.0567094827579631	1.8053065111973789	-0.5202628490165335	0
0.0943992219668474	2.6781181082872978	0.1879089771894520	0
-5.3563827698823472	-2.0018032109173309	-0.4556917773062532	1
-1.5418368434689793	3.8962821482233303	-2.1699974384270924	2
-0.7070380768931157	0.0323926446292988	-2.0548050836508702	2
-1.1758101954620646	-0.4832024015014976	-2.6126885847272754	3
-0.9879013658657189	-3.6839743836941676	-1.9689121769747278	1
0.7334975625675009	-3.5945114142016190	-1.8080363227007508	1
0.3843239438673455	0.9520857947351610	0.5527156714606031	0
0.3591137041393121	-0.5890713681650717	-2.7264231568515740	1
-5.0684157162992811	-6.3602012943225450	-2.5864877118978247	1
3.2217183350384371	4.5119699227814962	2.3745806253031221	4
-1.9824414112939859	2.0853235580511429	3.0107219174349371	2
0.6810543093289954	-0.6917185346651062	-0.2711984382706166	4
2.7913618155657862	0.7607362395919076	2.4450189946441339	4
-0.7451119621087359	-4.2230807677468229	-5.9082193154669449	3
-0.8813898369898510	4.2477877319868833	1.8704463453098130	4
0.5450213776037538	-5.0364062324690551	-3.5380973180355557	3
-1.1730763353123463	-6.4253273412793028	-4.4636879639620419	3
-0.1184287616087740	-1.1985727037443490	-7.4078509454009369	3
-0.0098506461114949	-3.3357450515216707	-1.3134766663890431	1
0.4276312095547268	3.4823203865478711	2.4540526155424334	4
-0.2351831572543785	-4.7759941041967657	-1.6746952969818694	1
2.0076052587581703	0.4477462858852566	-0.6584579052646496	0
-1.8324375160600983	-1.0672216077589018	-1.2683176743184519	1
-1.4161157622894318	-4.5462223324671704	-1.6052007887974797	3
3.4338998996025953	1.5899105522460748	0.4923969196997768	4
-0.0086403240560987	-2.8328788503236750	-2.6493106203600219	3
1.1034910901685000	5.4647081373897359	2.8133920201929268	4
-0.8592357725761385	-4.3324662184009668	-3.9193549367015104	3
-0.3301682875428238	-0.4888261345882305	-0.9838808124164276	2
3.3561507726789017	5.8668802687022614	-1.7298627900259551	4
2.5105538064085597	1.1975315447965849	0.5071791691691580	0
-4.2632202165330764	-1.8859429419023339	-3.1427540886872358	1
3.0792306595746699	3.3058718279426165	4.0950000930388146	4
1.9755659011904960	-2.2426836526002512	-3.5169553055576661	3
-0.2492278732783900	2.7866817372289390	-0.4319265071686379	4
2.7799437528428284	3.2153324363123024	-2.4674106656513928	4
-0.5111039843826206	0.7786445383281524	1.5423634202318710	2
0.0983215913253283	0.6452759309292442	2.1011228503320369	0
3.5222760783977090	-0.8491156147484505	0.4892685608224400	0
-0.7330490121872986	3.6471431570435202	0.5371694500085358	2
0.3473855747616499	-3.7464167845509642	-4.3226456991906925	3
2.8155492348687505	2.9134231761596547	-3.7230938194490699	0
4.3951286570694510	4.7884105002688235	2.5877904417062720	4
3.6093446569804217	-1.9019109395757428	-1.8420391548313559	3
-3.3633030137596158	-2.2863460085783767	-0.8422729427695892	1
0.3993081870208171	4.3310557510373924	0.9031329426686442	4
-5.2528990288037027	-2.2175273678680805	1.4264775765014692	1
-0.7950982379169648	-0.3253759921400422	0.9362210129069704	2
0.0921091766839520	-2.9928369693142494	-0.1595385321325880	1
-1.3009083598876940	3.0591702103851848	2.1681979106398339	2
0.1344433671561859	0.1388122208456574	-2.8177622383742906	3
0.9804788981480201	2.0318503232991896	2.2766840425982102	0
2.2349660760807684	-1.0461966873469679	-3.2609664970720771	3
-0.5210623631908803	-0.3953942354556097	-0.6655633320862484	2
2.1111444075345136	0.6424464968676553	-2.6635496929030484	2
-2.5656111712860299	1.1710722066052721	1.9586259780422928	2
1.0474188830680005	4.4851314044378832	0.8035232960470882	2
2.1101462525136663	2.2746055277196557	3.0713514011777137	4
-0.7484217801139060	0.2007480592901935	-0.0578465515559659	2
-1.0264883750773866	2.7930182527975043	-0.9095559529611629	0
0.8838166111023057	1.1169142879696374	2.6591429849211998	4
0.3073940506190831	3.4833739543676177	3.5342120018563645	4
-1.0209198324507325	-2.6949747556485524	-0.4002434933180381	3
0.1960936338653841	-1.3720388840861528	-0.9069670492044862	0
2.4131734154966731	-3.4148596393392565	-3.1729729967320779	3
-2.0669998047630194	-4.0289261321450605	-2.6588602159402304	1
3.0697614397322122	-3.5029513503151359	-0.5138402404807958	3
1.3818044498938389	-3.7606455150449380	-3.7163048510379841	3
1.2608541709269128	3.0425996973806209	-0.8852914162187737	4
-4.3057448943888694	2.5820525755070181	0.8682851383308068	2
-1.0725284996885358	1.6807618941705078	-0.1710410888024378	0
1.5147973192251993	-2.1682000379000903	-3.4823214881888402	3
0.8695233963212274	4.1367090608954245	-0.3381391582479432	2
-3.8692492900453868	-1.3418792224657370	-0.0461534157946856	1
-2.9766105086184580	-2.6155883553024131	-0.2713012220682866	1
-0.2889162781002925	0.3377503638136593	3.5555254381904788	2
0.1515334103569922	-4.7928018275329638	-0.0551589267349988	3
0.0838741312454395	-0.0363826837657975	-0.1335178238428968	4
0.2862005156103156	1.3204528101429260	0.2311156961964507	2
-3.5420696659641231	0.8371927873266561	-2.2211445792795859	0
-2.0524939403419129	-1.7960456746692168	-2.5870997826431568	1
-1.2299277448827537	3.5612208421209259	-0.2059595586933631	2
1.4567403105397880	2.9128071539340832	0.9320850261593366	4
-2.7589871950332374	-5.7501203801990517	-3.1615668857970434	1
0.8653721745403572	-1.8639245515448719	-3.2221212519405236	1
-0.2436486161528841	2.0549488745220343	-1.5917642717059717	3
-2.8577500093538788	-3.4198623154678014	-0.4511217589968892	2
-0.4190689258101282	-0.5313825713427209	-0.2491479098129460	2
1.0646153180350120	2.0192592695436788	-0.2452874974293531	0
-2.3625522053358234	1.9381544490103024	0.2636526964519602	2
0.2855349298885238	-1.5519331131107368	-4.2238065808884429	3
-3.1941753015507284	-6.1066862937320687	-1.9222678695287230	1
-1.5000498908632114	-0.2030473119507674	4.7416219387613774	0
2.0546622787176783	-1.1209458891157633	-0.8185834933624920	2
-3.5986177039985785	-3.9787634413288457	0.6956796656084515	1
2.5026523777964926	5.3183086248942537	2.7951030779602535	4
0.1760989223349980	-3.1926754585871597	-5.4876917436692629	3
1.2393572855155885	4.6900352564186676	0.1181624029534093	0
-2.2234759480808703	-1.6221032613723976	1.5839870819221051	2
0.6984137951613365	3.7754100480121657	1.9153009510519574	4
-2.6298015208598811	-2.1209070567943975	-1.7531551502272293	1
0.5784966571964135	0.6332268979678660	0.5186367611540432	4
-0.4992427345095221	1.4777222340674596	0.3026984227655659	2
0.1158033348997253	-2.8595529558305133	1.4970973164997516	0
-0.2201553859158808	1.7861576527488907	2.8354038152102383	4
1.2888696714807684	8.3233506813860973	2.5383853627722779	4
0.5285432834722857	1.4596907106032684	0.5565994003933044	0
3.7075475690401936	1.8799643520578289	-0.6979182310917453	4
1.6392111077898162	-1.9427794587407170	-1.9865389878818638	3
0.3847855319775587	0.1943430413506088	-0.8482630442983191	0
-1.3029407518417044	-4.3239102870757824	-6.7085149236850929	3
1.1633521549581434	1.7381725887653556	-3.2137296937570108	0
0.9889005078903085	-1.3804174216287559	-4.3468207240559229	3
-0.6264147391571443	2.3676467317410168	0.8351226319817100	0
1.2254300218027270	-1.1412773629651554	2.4545981680173936	2
-2.7113432233059260	1.7655698520613168	1.3346415226576926	2
-2.1760084624719167	3.9118781281839308	3.3532615813220144	2
5.7272550073423467	3.3794635757424332	-0.1153122442118117	4
-4.7011982007852380	2.0672895145983929	-0.2307376928598119	2
-1.6976405943043986	-0.2935529168044395	-3.4227811697760684	3
2.4097402116605089	4.3433847840955444	0.7883430800379926	0
-4.4359949315052560	-3.9264077543274869	-2.5446198810757408	1
-0.1429019792515098	-1.5177696128586085	-0.0682276764416799	2
3.4175266524822883	-0.7329665108950095	3.5905758672163279	4
1.5185483124793355	-1.0416481631610726	-2.7724402200557750	3
-0.1731594333078668	-1.9472598383935931	0.1060328212244451	1
-3.0144213592018971	3.2142092137717126	0.7850929340521734	1
-0.9667255609839448	-3.0971233284592419	0.3995447928886325	1
-1.4600479344383266	-0.2923270292208066	1.6201080729021906	0
2.3233610220138825	1.7171626568262526	-0.8507953248756691	2
2.7266168242693176	-2.5280154304560787	-2.2718649308264780	3
-0.7188912722043825	-0.1679169387069327	1.7936147400438267	2
0.4239308189218938	4.2241106919614788	-0.6327090206916227	0
1.7453201671341565	0.7568644356358973	1.2833377115780042	2
-2.0461224426120728	-4.5800236364442313	-3.5866927369693542	3
-2.6414666361709180	-3.1054467611792109	-2.6782301889094771	1
-0.7757063833184996	-1.5339884706766544	-2.0089007997902510	3
0.8454269362497178	3.8639522569645561	-1.1938553448314415	2
1.1974082804748103	-5.3966387481204308	-4.1843674508755981	3
1.4055134063083727	-0.3578866028901084	-0.4651854211285062	0
2.9358653791697176	-5.1843655086022400	-4.2351898163483446	3
0.7968430590065564	2.4347301624938607	1.8087014194755735	4
0.6761659310957941	1.1350652740923994	0.7159085754886446	4
-0.7134084141926715	-3.3561462629894798	-3.8344087692022391	3
5.3169147584843675	2.4482261464289619	3.5580966693800962	4
-1.5063162412757380	-1.7868022146331013	-1.0291768493194771	1
-1.3441590806134247	-2.0336051752225028	-1.4417430512577885	2
-2.8249192932673775	-1.3464972634915149	1.2832960374117675	2
2.2245736524017539	-1.4565251285226812	-2.9136137813663625	3
-2.3602419514613286	1.3142572577844862	0.5294880713494244	0
0.3388645858699024	-0.3720310673768731	-1.4526812111442808	0
0.1521970579147018	1.3063102207242914	-0.5330304665858880	0
-2.6629820201064414	1.0495903879207811	1.8956441437327407	2
-0.9833451183534440	1.7151650102767868	-0.8498918355241547	2
1.3769878168116421	-0.0271780957280343	2.6064258426984344	0
1.2024105309493032	-1.6082062852978254	-4.2819836444654031	1
3.9439085154522138	-4.0459233371875900	-2.3528297761589454	3
-1.3946041865892820	1.0813839638046154	-0.6228041917109708	0
0.3339013273764705	3.7501525641027831	0.3867756242273512	4
-2.4854418746392226	0.4135875443746767	-0.8481103349891367	0
-1.2403087642396984	2.0243912514897371	-3.2725672256779252	0
1.8433596792240512	4.6113585400382977	2.3732548093696164	4
0.8168127289012005	-0.3894999165241058	-0.9552870004084199	1
1.0170611949407087	-0.9226105816728944	2.8357086325270258	0
1.6661082858899983	0.9240952426455661	-1.3416810670828894	3
-1.4362908606856761	-0.7957698104115903	-0.0997339811004067	1
3.0474141525252230	4.2197619759499627	4.1743138140241109	2
2.4405850565478961	2.9921628480973315	0.3142112573419640	0
0.6839940202657454	-4.0952531242840342	-3.9636806806689000	3
1.9228111030022077	2.8205640070308307	2.5427843028163561	0
2.2295973558882110	1.0140036832342298	-0.0631964729708375	4
2.4683064310357730	3.5376959232931462	-2.1668912562607869	4
3.6407111480946024	2.6756896431632442	-0.3037036914789650	4
0.9328902076604453	-3.0691714645041599	-7.9163122433655637	3
-1.3636850536552521	1.3335004108030515	4.1621075025200982	4
-3.8327684607338042	-2.6447009754834916	-1.6675541760679073	1
0.9430435809605464	-1.4368190668407557	-1.4078024797483044	1
-2.6093060261791492	-0.7024884314718542	0.1503297973236031	1
0.4950730332691986	3.2740503255898754	-1.5332776369698222	0
2.3078391396278630	-2.9633323908831617	-2.6203907155161716	3
0.0600451527684307	-1.9976895680774347	0.4175512644505200	2
-0.7638238263902797	1.6874898164799110	1.5517213969480961	2
-1.2777213944732244	-3.7147338884241208	-3.2610725845186428	3
0.8851949464178978	-0.7310635977996752	-4.1158443765068622	3
3.2570102212071435	-6.4620799852148547	-2.1655778845815021	3
3.3183250870343768	1.8701781574550262	0.6844326225243533	4
0.7662343218881341	1.4929004703410702	-1.9136461900627180	2
-3.4039655128496644	-1.2714616067405555	0.0869667551666646	2
-2.3769462166968016	2.7174019881260545	-0.2904965858473821	0
-1.0846642632613559	-3.1468269456828786	-2.1814984929538959	3
2.5959044986737521	3.7382039296383631	1.5185874181193975	4
-0.6407711619594555	2.8135532532525249	1.2535419009848863	0
-2.4642890048746207	0.4391246054211242	-3.4347310846576962	0
1.0014460898875290	-6.1178333339936417	-3.9931190293208143	3
-4.7186844895066686	-3.0273058070223269	-1.1424486981339332	1
1.7895784548044815	-0.4303544292143184	-4.6205435676225743	3
2.5371511630329007	-2.4669201996583281	-2.8023746150084676	3
2.7933526204179042	2.7966898831404929	1.5117660587451229	4
3.9954587592954769	1.3351419368008934	5.6101979383031111	4
0.3254750643932341	-2.8366770777320367	2.3173485462506660	1
1.8732660814198785	1.2862678838117012	-3.1035886839912710	3
-3.4599947716532067	2.1879734378228921	3.2252618390459595	2
-2.7111477675635096	-0.9697366241379982	-0.3522798397012428	1
-1.0002929441660819	-3.1507576497593912	-2.8969984538949198	1
-0.6697319754328751	-6.2588859968029702	-2.5031714382417203	3
-1.3129032290158451	0.4776168869548897	-0.6926728203319045	2
0.0168249752391442	0.4630633375426070	-1.9900459159672925	0
0.8387858076727094	2.1736293505273148	-1.8657571072491126	2
1.1986214371046047	-3.9683962486958690	-3.8718925195965972	3
-2.9097650770782497	-5.0500916070547435	-3.8141771703021181	1
0.8263393858436269	4.7002109063450206	1.9982102812937026	4
1.0240292219302882	-5.0408590897644618	-0.4975597704372123	1
2.1307884996781370	-2.2592330212217764	-3.9911863962977887	3
-0.2913170356954877	1.9424322246932060	3.5700017088902172	2
-0.3218463523824220	4.6362690471103889	0.1584874378253501	4
-2.7220215027139045	-4.5203979125181757	1.9784067152922695	1
5.2425739989434836	3.6885003848105478	3.0719309974708846	4
0.5570211891256603	2.1807184743481063	0.6334901602568956	0
6.6178449806038566	4.6911816230713086	1.2390210428291870	4
-0.7264537999079907	-0.4419841454249106	0.9061167179282348	1
-1.1868977702807577	-1.9729864831841957	-1.4175148081141726	0
-0.7356774432049493	1.4256648408178529	0.7782549860525486	2
0.7200179840771372	3.2722547474755528	1.1473256926916318	2
-1.7054540306433470	-2.7951507354928546	-1.8209360967060957	1
3.1893191703768995	-0.1165016173458295	-1.5612017109136533	3
3.4042366049003627	2.6577056021158123	-0.7368027544786554	4
-0.3820808071584798	3.1868009490217082	4.8032952638495239	4
1.0289419155936488	-0.5767502554885723	-6.8373476847225270	3
-0.1963418395524512	-4.1476484417944359	-5.1055602881622413	3
-2.4614480491918695	-3.6324598582988541	-1.2745262079692603	1
3.5094064279091439	5.2979249061705751	0.1405904333198710	4
-3.1527538556917012	-2.0416760748316758	1.4118943817766332	1
1.4167294094886840	-2.4909017226191250	-2.7931879181640622	3
-1.8148126548654511	0.5497349483479956	-0.5339261831342471	4
0.1735745591496887	0.1293196816022172	1.5240633594846047	0
-1.2679314576902017	0.7355673991553410	-0.8720359521309661	0
-1.3611858835295192	-3.1833415636612181	0.1300404083821586	3
-1.3168548017405319	1.9771647367484462	-2.9417728406031221	1
0.6398696498482453	-3.6902709535157268	-3.3502966672348888	3
2.9858831864821767	-2.2159649756934248	0.9320564194651692	3
0.9076357032355876	0.5288774822809226	-1.8133890324428861	2
-0.5288353869296939	-1.5933058061207941	-1.0918935686541813	2
2.1972105577359691	-0.3479728140308168	-2.3350028599118966	0
2.9483261461035255	4.2239743042902509	3.7686187063530934	4
2.6812558610439785	1.7204419519259586	5.9806288910911851	4
2.1333890595306078	1.8622353970255008	1.9823580303362851	4
1.1441065389968690	1.6386711613546101	-0.6239217012286724	0
-1.2485278297988947	1.6355487308614349	0.6543479526637250	2
-0.3551745224494733	-1.3633366722419269	-1.3877978327211768	3
-0.6326158816560485	-5.1510578376950509	-0.2526387074635943	1
-2.0836783955709879	1.4134555423610267	-1.1485772553421696	2
0.0486701517311843	-7.0794048068492925	-2.9933928099375509	3
-2.8067745114383795	0.4853341075013603	-1.6095951881117427	1
4.8188909861216338	-1.5868720211538574	-1.4293192679507445	3
-3.9968888125430633	-0.6819301349937971	1.4277135288728997	2
1.0329912645955710	-1.8045573944842404	-3.6663983510289193	1
-3.1378510865545848	-2.9905329017448321	-3.7495600810922651	1
-1.7505267931046808	2.9223737485361374	2.7877671307669787	2
0.1086152110645658	0.4845500119812852	-0.0697540309619645	0
2.2681512572784115	-5.0236451206451003	-2.3523108180185197	3
2.0156955690512142	7.4832175394077654	1.5206393899754533	4
-0.2334807038465541	1.4497051824132514	2.5718905402546421	2
-3.4351389512638808	-1.3902389428794502	2.5944475379570480	1
1.6869862297660889	2.1164952614415302	2.7696619747813385	4
1.4108461531587397	3.8862878640049554	-0.4543414714771976	4
-1.4126665429806258	1.3058919736984864	1.5385122832171523	0
0.5917965778472148	0.7727200676061999	-1.6427049486229188	3
-0.1177203202912174	0.1261877981012521	1.7370171488386534	2
0.1999269553542706	2.0046039382524090	-2.2466135071297781	3
-0.3000707255698206	0.8221519608468735	-1.8077686727641495	2
-0.9710040972863384	-0.5674790379710757	1.8687751029413420	2
-2.9037257318607734	2.2879695701294809	-2.9011678666947360	2
0.7419486641142476	0.5481822711891777	-0.6650762628175172	0
0.0771110528736949	-2.4078250336122213	-2.9390959078212462	3
-1.3285891831357044	-0.0702563804462616	1.0383870933576600	2
2.5246987847226747	6.8611250228799721	4.6381907355149252	4
-0.7087196075035075	0.1494914791627382	-0.0909823246046103	2
0.3475864153297269	3.5169018813621475	2.1541964832151717	0
0.9660216653345439	-3.2041445337555792	-1.4668774167346286	3
-4.8471998312212810	-5.8486850725705199	-0.9171993141192994	1
-1.8596571731334781	-5.0695171509167434	-1.0575258935334628	1
-2.4239351445802746	-2.7627304477236256	-2.8523155654797279	3
0.7650733990173133	0.2046395528125577	2.5176928703329597	4
1.5622425024689979	-2.0241357934543638	-1.8101816007833764	0
0.5870621616742374	-3.2390173376208899	-1.6769810100545457	0
1.3193346346771071	-2.0023953725656503	-2.9666996944655857	3
-1.2843681721264191	-0.3773432847268912	-1.0814200749985132	1
-2.7695728017863237	-2.2409803427743000	-2.9500558484892885	1
-0.2203060009451449	1.7231186365176230	-2.2358309010437631	0
-0.3628032018482628	1.3811042097263286	1.9427541653368992	2
1.9856406601866041	3.3392510242615630	0.6554602805982955	0
2.2796718085463881	5.1425619683407735	0.2847397812287176	4
0.4062528616909167	2.2813784557074954	2.3719627254954121	4
0.7604937502927996	0.2209030286764273	-1.4767882370181082	2
-3.1774958871131451	-2.6395492690142968	-1.4099861404142302	1
0.1145957324472693	0.4670580913088495	-1.7439949916395774	1
0.1859441230873572	1.6206574391700235	2.5200432576798835	0
-0.7674539276644851	1.1727522918188324	0.8092604733422462	2
2.0603591825872956	4.5493298322494082	3.6676590275838770	4
-0.5124489031554306	0.2990827162375734	3.4605972632050261	0
-2.0891603951831872	-1.7808884250510770	-1.1010494428192124	1
0.8651139885869538	0.0274560744778521	-1.8834680488273152	0
-4.0358173938496780	-2.5511801856320413	-1.7897592788675989	1
-2.0612604385480036	-0.8377501271876436	0.1872697311033472	1
2.4625810644902848	3.7242287210404332	1.8053659832063083	4
2.0169091366152556	-0.2554977562174763	-5.3787998684904164	3
2.9105571629680518	2.4958245428911532	-0.3794018278351753	4
3.7861952206738394	2.5818008629703928	1.4545932750836250	4
2.1413025294905590	-2.7995643624733786	1.7155783729334293	0
-1.9619507638939178	3.5198474364094334	3.2682038495564383	2
2.1274713862535570	1.8811605915207550	4.1904739210139494	4
-2.6274426239888014	-0.2284204413918679	-0.3383885909302241	2
3.0314714671947680	2.5559769144408593	-1.3598451736854700	4
2.6036348912791762	-1.2384345779451693	-3.5811234284310660	3
0.3035844936180275	-1.7250762446933305	-4.9238024484215916	3
0.3173466774433085	-0.6651172460018023	0.6761684227464982	0
-1.9015636734708856	-6.0530055764247885	-0.7244316665256540	3
4.4739928806472582	2.0499684498538371	-0.4328788444741629	0
0.0988654400061171	-0.5050073628627235	-1.1793380976021082	2
0.3458258427495881	-0.8704681358673246	1.3276920522793945	0
-1.6786053110805432	-4.6044122354921759	-1.0014714858488043	1
-1.5185873388283699	1.1694504676425508	-0.5847550232237942	0
1.9203527000839495	-0.0254144748064522	-2.8289978380705865	3
-0.9890871728322829	0.0381687511803847	-3.3235815755886811	1
0.3639008810354316	1.6181974967071417	-0.7981129060753137	0
3.4937502070490538	1.6538268360037449	0.5875194097920220	4
-5.2085961172231006	-1.8031396942196456	1.2362210609319024	0
3.3776222623114851	-6.9254384975896599	-6.7662834034044810	3
-1.2301983321173591	-6.2760632475714981	0.1782383096898896	1
-2.8528777632257292	-1.9612095831568115	-2.0351972309026483	1
0.3394226546220453	2.3477912043672751	1.8371121914047976	4
-1.8382790131336502	-2.9826596418762912	1.9227792101350953	1
-0.5093669275252662	-1.9118620403287334	1.6002391820008914	2
3.6465054305509539	0.6328111113636271	1.4655071923780723	4
1.2359171551533792	-0.9851821446666723	-0.8564272087524548	3
3.3940591677460317	-3.0657458887895941	0.1862400694164735	3
1.1888881497505137	-3.7658865993983848	-0.2554193721256858	3
-2.1891487657340836	-1.2933620785532747	-1.0760741358597505	1
-1.7046989253395859	4.7665241124147819	-0.1195044900363192	2
-0.1178729450554828	-1.6205367411521991	-1.8472178120963729	1
-0.8715624481634699	-2.3759748285904183	-6.5133476159660058	3
0.8684617796032493	1.5204589727988551	1.9162167436707516	0
-2.2779138850966674	-2.4393762791396405	-0.6333753571592610	1
0.8806014982493848	-3.5171042746442525	-0.8172291904128942	1
-2.2650116832813971	-0.5166093186881393	-1.2527136253112379	1
0.9703332062231312	2.5755828754137209	1.4414059983365410	0
-0.4570528428410832	-1.4168256449148071	-1.9283465960897235	0
4.7037608794921457	2.9990090156488201	-0.8313000722731586	0
-0.5479840639237890	-1.3265490850137205	-3.8941279300794842	1
0.3889209632788323	1.1129714459134266	-0.7518551783511156	3
-1.6193962201523504	3.7802253722647468	-0.8924616099081258	4
4.8219210012037896	-0.6527788995246968	0.2681471233889298	3
1.0922618235717723	2.2546161299380083	-1.0274204059773053	0
1.6022127746173818	-3.1999888677180444	-1.9412428153191557	3
-1.3143933596255206	0.1366778091718601	4.1482634465299997	2
4.1747852024034415	-7.2078413879443168	-0.1074018380034255	3
0.9461045001697460	-2.8341088973158040	-2.6062679745095272	3
1.0841791052747034	-3.2696292093714243	-2.6698084142043284	3
-0.4292560651768137	4.1702850333528758	1.5741527292284334	4
1.2146409528833946	-1.6960403099429340	-1.0031951008309643	1
1.0669350784314706	4.5383516668148403	-1.1937025235492782	4
0.6489873279604726	0.2329582959979037	3.1627437358046473	4
-3.2567652493882635	-3.0005557695868514	-3.4226464615646810	1
-0.3815989529030508	-2.6115162128005123	-1.2473893647334968	1
-0.4026816240173618	2.3755597073058494	2.4727075220374055	4
-0.7167719029143574	-3.5528018095779430	-0.2791132982329142	1
-1.5781717545239351	0.8883585273907513	0.5250946623988739	2
-1.0112347731028231	-3.0764462054870458	-1.8239448884847937	3
2.3429546931712935	-2.7397830387831381	-3.5138910998475232	3
G3
0	340	0.7476085045814507	265	1.2238973080932782	387	1.4388731136966844	
1	14	0.6635806620585825	229	0.8164240115159007	259	0.9492718515477223	
2	83	0.3631950146026193	398	0.5329465581701299	167	0.5659590538869236	
3	183	0.5331176442385425	444	0.8036108351869553	255	0.8748280788506585	
4	205	0.23308505665234572	217	0.6750285760659599	473	0.6830954421930354	
5	338	0.6220368051997819	92	0.7587519269360602	114	0.7927062866014138	
6	384	0.6253316366137811	174	1.556957632035048	355	2.0796100029061746	
7	154	0.5923519477035372	151	0.9125453814271699	135	1.073976172630673	
8	140	0.5753406069184899	102	0.8031062244592003	435	0.8247305735631791	
9	36	0.30997193106202603	298	0.39279202033039773	421	0.441027041643399	
10	455	0.34558818047737044	282	0.37843265889574024	480	0.38150283955975617	
11	401	0.8797517230506864	42	1.1349773955987417	463	1.2803810912754316	
12	32	0.2256605467099479	133	0.6085709566605728	64	0.6275026766922887	
13	418	1.1820124949373931	162	1.2201587418074653	387	1.359536966238997	
14	278	0.6276978640896895	1	0.6635806620585825	308	0.7689420048270339	
15	431	0.21674363616686493	468	0.3143085217469599	153	0.6884684389543407	
16	325	1.2427700410553888	252	1.4077754636825632	410	1.9793427139232762	
17	289	0.5371262200304172	345	0.8103577288750292	263	0.8359594314690826	
18	62	0.5160700778897679	232	0.6409153586487398	273	0.7778124482010211	
19	285	0.775743056448423	143	0.9759544175583785	191	1.2242487029545597	
20	363	0.382931803070064	202	0.526481078031774	416	0.6068319595802498	
21	494	0.4112892630993946	34	0.44293312829374293	91	0.5678169019876139	
22	60	1.1123213253203372	246	1.1467317139168933	257	1.1725853266150725	
23	94	1.200943125096676	361	1.4829549400296222	173	1.63033265643663	
24	125	0.5902881859548375	446	0.6833040710822348	450	0.8778413686983724	
25	197	0.4558818111219642	466	1.2923801877946999	116	1.5152122530548602	
26	399	0.6174050984814599	419	0.8096372099236275	100	0.8515417002593	
27	481	0.5977663885396645	132	0.8578813529192556	57	0.8728823049605093	
28	10	0.42323013113478836	282	0.5251107118800966	129	0.5906721432739402	
29	123	0.1801219934920774	73	0.42515850285329715	83	0.5430380381649098	
30	66	0.6258666667612766	201	0.670178740274846	244	0.698423157113634	
31	448	1.391692050846599	248	1.898384764236652	478	1.900324157350034	
32	12	0.2256605467099479	133	0.5256147408727585	64	0.723356920379497	
33	403	0.5190720008418209	424	0.5641693884948569	240	0.6928457465281755	
34	494	0.20262438153706028	21	0.44293312829374293	70	0.5584594040555435	
35	278	1.1232001183160136	385	1.2088259847792249	1	1.309929806918823	
36	9	0.30997193106202603	298	0.4511211087190178	421	0.7064985944623572	
37	67	0.20329866396570262	218	0.6022020906157798	350	0.6236099923908422	
38	290	0.3181417250948938	383	0.8510176405302803	51	0.9271065973499732	
39	344	0.7690626153895738	235	0.8428405427676996	423	0.8756153215497909	
40	445	1.3464868053166643	471	1.411444240911561	479	1.5287887728636451	
41	253	0.3380028904322421	256	0.6818211702502652	311	0.7603215792833682	
42	11	1.1349773955987417	430	1.528037498585079	485	1.5797235985025386	
43	284	0.28758402450449105	47	0.41575774750130023	98	0.5105397250322327	
44	369	0.48175060321783275	120	0.7808834046840283	299	0.8841825934821197	
45	199	0.4083130940954627	268	0.6441794552197724	395	0.7210530906265715	
46	119	0.4786998078174167	472	0.4922560203893434	50	0.8034948992221237	
47	43	0.41575774750130023	98	0.513018167274412	284	0.5176193574960225	
48	172	0.5131288621709944	166	1.5413035707067777	331	1.8748223543173155	
49	433	0.7780028005051942	306	0.8133676324342922	77	0.8706792709515948	
50	89	0.43345790890770175	273	0.6640149557694508	46	0.8034948992221237	
51	442	0.35857527489229296	475	0.7529892291495368	333	0.7546912880965824	
52	360	0.4932830208206007	93	0.8607583924770108	354	0.9598869310323217	
53	475	0.6536649748799317	290	0.7066077944133606	383	0.9066168511825249	
54	32	0.8318467845776346	12	0.862690646389448	133	0.869410685523449	
55	192	1.2283086943311978	441	1.4211934417742198	39	1.4761164160315656	
56	469	1.497877553744241	345	1.6135514310604016	57	2.0036170613415596	
57	481	0.6927271642927144	212	0.7056046576987451	27	0.8728823049605093	
58	464	0.9593960617797241	264	0.9647765631725969	143	0.9796655408239384	
59	413	0.6887483649199291	294	0.8697056627541904	285	0.9613214025508855	
60	220	0.5918841901380523	280	0.59329688337243	378	0.7391945989824094	
61	350	0.8415989190425207	463	0.8792068672608034	178	0.9481313503134016	
62	232	0.472701522040603	18	0.5160700778897679	137	0.8401245159736476	
63	160	2.5007455075611538	491	2.6381988745112426	56	2.7339523226528972	
64	337	0.439078999848286	400	0.48541327167867065	426	0.5087325095457668	
65	294	0.9392539334032107	76	1.077206650249987	245	1.1226096662664216	
66	233	0.5131304222750606	244	0.6235446237231121	30	0.6258666667612766	
67	37	0.20329866396570262	218	0.40227821135427877	407	0.7075831486714939	
68	225	1.6955967504792246	410	2.0540646691008777	346	2.1370424806363713	
69	193	0.1811867434283197	367	0.7151231389044231	258	0.8291749865218845	
70	494	0.45641900880462855	34	0.5584594040555435	122	0.7240348392031993	
71	297	0.5395432177359629	374	0.5689127298523574	429	0.6993211937039611	
72	121	0.46775823831385893	87	0.4961514090169143	312	0.6463603316440718	
73	29	0.42515850285329715	123	0.42805364560278936	407	0.5935909429820813	
74	79	0.5422702519139829	155	0.9059890618309625	238	0.9971573554217216	
75	106	1.082080247876356	248	1.2846147126695033	102	1.6130108999293469	
76	65	1.077206650249987	245	1.2105856975672842	294	1.433320490418516	
77	306	0.3725069554611971	425	0.5103330582406995	433	0.5237606914610415	
78	344	0.2802780644776643	39	0.928479708536228	235	1.0183426674083582	
79	74	0.5422702519139829	301	0.7534029504593444	161	0.7663951096842115	
80	305	2.2486737426870542	357	2.3464123228336744	223	2.4392154859363986	
81	367	0.9674790025396821	258	1.160229256753746	462	1.1607524039192567	
82	158	0.7301875230233539	313	1.063810968147954	265	1.1541670430284747	
83	2	0.3631950146026193	29	0.5430380381649098	73	0.6403802540910212	
84	398	0.2861181965988468	365	0.4127483751113358	168	0.4205920292525542	
85	442	1.4200911054926897	38	1.4526540319403853	51	1.459505420184358	
86	463	1.0423782176736818	450	1.0631385803160405	234	1.1142114982014775	
87	72	0.4961514090169143	348	0.6355050176426597	121	0.6947265578019262	
88	114	1.0626633054191088	242	1.1850801284840609	26	1.2884954075467137	
89	50	0.43345790890770175	121	0.5906449521405245	273	0.7672359617980989	
90	414	0.2529251748486102	239	0.4363690232957895	116	0.7117247538212144	
91	21	0.5678169019876139	34	0.7045897968151078	149	0.7156699917265834	
92	114	0.4643715330381137	5	0.7587519269360602	302	0.9931629524897215	
93	360	0.5835408432334095	217	0.7099068109163233	52	0.8607583924770108	
94	140	0.8997086145606615	102	1.0496542188656288	8	1.1006864004334118	
95	304	1.112817045173085	227	2.495145505418321	144	2.548004836896624	
96	8	1.0009434445551249	102	1.1960419882898574	140	1.2784813808033466	
97	269	1.0694569513444827	324	1.1692327345882856	146	1.2095769598572803	
98	288	0.24910392973103446	452	0.35260131692657304	43	0.5105397250322327	
99	162	1.4520726936438864	13	2.2945933870528354	433	2.3789752359359073	
100	26	0.8515417002593	419	1.1690736829930704	291	1.2064653821499451	
101	176	0.6044175361521195	341	0.6729858165147272	187	0.6734726699186634	
102	8	0.8031062244592003	140	0.9370369660052081	173	1.0100932509268634	
103	298	0.5523971005202245	9	0.8570594067629487	421	0.895678256448892	
104	376	0.26820773549307625	119	0.4664267538436984	107	0.6273226595057744	
105	187	0.295019119062171	228	0.47200690971620873	176	0.8637443954175547	
106	75	1.082080247876356	303	1.1912024222951676	478	1.3719964085562262	
107	376	0.3684340174560201	104	0.6273226595057744	394	0.8913170884733664	
108	210	0.9524593798059073	402	1.0105273312226657	323	1.6661840628537623	
109	330	0.539755398974809	234	0.8244131400518966	86	1.1926623353492578	
110	266	0.8584137218141091	306	0.8657314070852188	433	0.9378254262389086	
111	400	0.499462639642904	419	0.5988660002763156	216	0.8202115542981656	
112	396	0.4346338745223775	312	0.6506674688535793	378	0.8072016620784591	
113	255	0.32473478170647435	416	0.7069224574039507	279	0.7625638110322115	
114	92	0.4643715330381137	5	0.7927062866014138	88	1.0626633054191088	
115	356	0.3242343157627562	443	0.4949922323004585	437	0.7480133238969165	
116	90	0.7117247538212144	484	0.8464118961375385	414	0.8928728397272621	
117	464	0.7550433298991908	155	0.8890672801284897	456	0.9001701495833001	
118	156	0.37137269954705526	487	0.740111489066247	404	0.7917105590630643	
119	104	0.4664267538436984	46	0.4786998078174167	472	0.6572037782711527	
120	369	0.48086055688984797	488	0.5133192272115413	44	0.7808834046840283	
121	72	0.46775823831385893	312	0.5769439331665009	89	0.5906449521405245	
122	70	0.7240348392031993	470	0.8272336275673151	307	0.9029732948124896	
123	29	0.1801219934920774	73	0.42805364560278936	389	0.6467579434631546	
124	130	0.4542543642383636	165	0.5655575966163412	129	0.6989466912696147	
125	142	0.5075077642616338	24	0.5902881859548375	446	0.8986339340818573	
126	325	1.0871048919078148	205	1.2268382509752356	175	1.2489169337573582	
127	439	1.4116862869242777	467	1.7730555552170557	466	1.8450574121524896	
128	412	0.4919729437967243	266	0.5980529618508788	354	0.7738391520457116	
129	455	0.5377020695901096	282	0.54111205188955	28	0.5906721432739402	
130	124	0.4542543642383636	165	0.7169809410194149	348	0.8123841893122454	
131	49	1.3059305696246055	325	1.3892263097555058	126	1.6753770845299445	
132	27	0.8578813529192556	481	1.2851390684696564	57	1.5947204721250605	
133	64	0.5109857971503363	32	0.5256147408727585	12	0.6085709566605728	
134	133	0.8926474956641653	454	0.9011449442152528	250	0.9821017709753124	
135	320	0.5857331902974979	498	0.6250203596212532	154	1.0291380220153157	
136	415	0.4061955933925805	409	0.5681928887594359	149	0.9295783148568154	
137	232	0.3748805286713508	273	0.38116290388809043	209	0.4987474403976832	
138	181	0.7672249391701659	432	1.1604808010204684	255	1.2454846191307924	
139	410	1.7598605251224613	222	2.004553562965592	214	2.456903513137508	
140	8	0.5753406069184899	94	0.8997086145606615	102	0.9370369660052081	
141	388	0.8967420188766732	180	1.4569527461271579	440	1.457592388008392	
142	125	0.5075077642616338	293	0.7600944694467694	270	0.8209236818286514	
143	19	0.9759544175583785	58	0.9796655408239384	464	1.3065522612818175	
144	359	0.9752436604883724	241	0.9807204551534107	227	1.4447172849398882	
145	489	0.5460966240877319	180	1.2951692547190232	408	1.4577691505071126	
146	269	0.9864285179227605	299	1.0422109992727422	97	1.2095769598572803	
147	97	1.6783613339265722	382	2.020457782166599	335	2.0309316368100734	
148	358	1.4242881023526988	471	1.6594042062697332	304	2.2052084233535174	
149	415	0.7055469924808734	91	0.7156699917265834	70	0.7240865704221859	
150	408	0.312276718569247	230	0.6704312897801789	192	1.08683135041098	
151	7	0.9125453814271699	154	1.2050835536951057	135	1.358548984768076	
152	301	0.8510370755831423	295	0.9001790932529331	270	1.0241646368563622	
153	468	0.46404741810961414	15	0.6884684389543407	475	0.7003840299209889	
154	7	0.5923519477035372	451	0.6608902323968137	411	0.8777894058668915	
155	456	0.1292889738228898	316	0.35886651973828454	79	0.8558981225211059	
156	118	0.37137269954705526	404	0.521535769219441	487	0.9557153664995939	
157	341	1.151429698644247	292	1.2121599847884095	226	1.4069184807456783	
158	82	0.7301875230233539	274	0.9907987309038109	313	0.9950171367512334	
159	184	0.3827480714214092	449	0.4717364962086001	218	0.7413142464311003	
160	361	1.961069290244076	422	2.3962611461533787	63	2.5007455075611538	
161	301	0.6617759259789194	79	0.7663951096842115	155	1.0033682316094676	
162	13	1.2201587418074653	99	1.4520726936438864	433	1.5247450900423818	
163	297	0.9178769847219452	374	0.9831444239264493	71	1.1322506240000616	
164	202	0.4680331145235874	343	0.4992625202311835	499	0.6181356757000414	
165	124	0.5655575966163412	130	0.7169809410194149	190	0.9123069256420523	
166	302	0.5397665731610299	92	1.1552639431823744	172	1.2919586427001053	
167	2	0.5659590538869236	84	0.6804866630604917	83	0.7307312079670866	
168	84	0.4205920292525542	398	0.6698504005207218	365	0.7777348625097664	
169	482	1.3328614786290203	370	1.5336412871902627	117	1.7202545498526693	
170	212	0.898060044084451	17	0.9326650386999932	289	1.082410397155831	
171	299	0.6031980785988964	44	0.8853419490088102	339	0.9884613319472845	
172	48	0.5131288621709944	166	1.2919586427001053	114	1.6702466977316246	
173	102	1.0100932509268634	140	1.2242424606837976	94	1.3069049932709875	
174	261	1.1644592984957338	384	1.3162786739464245	327	1.5463112715478886	
175	425	0.6939561270534941	205	0.7641598800312022	4	0.8111476941204296	
176	101	0.6044175361521195	187	0.6735791438291598	289	0.7799688777042348	
177	457	0.458123819248632	131	1.897315807390199	385	1.9838402285820598	
178	350	0.1386210260322797	405	0.6001137499639768	83	0.6870739760771506	
179	496	0.9910334746877213	34	1.0534517538189443	256	1.1109127399913772	
180	388	0.7776477518721919	322	1.1544281812731205	495	1.1691281762006052	
181	138	0.7672249391701659	337	0.8967090850299976	426	1.1229939359764698	
182	423	0.6333070797196548	472	0.6356143656413746	272	0.6442375507461959	
183	444	0.5247595283352635	3	0.5331176442385425	279	0.537709346409145	
184	159	0.3827480714214092	218	0.4497747132433525	67	0.7811321702308354	
185	453	0.7140117939199347	331	0.8153075432004762	373	1.04703429508284	
186	283	0.16794530634672364	246	0.8740834525377579	396	1.234484994690898	
187	105	0.295019119062171	101	0.6734726699186634	176	0.6735791438291598	
188	394	0.5432124548955444	300	0.7826546472387397	107	0.9528629712968686	
189	407	0.07281125580485064	73	0.5937159952228207	67	0.7547484595108778	
190	165	0.9123069256420523	27	1.0116039344213867	212	1.0614003398608198	
191	472	0.8455906122011977	427	0.871855438721396	413	0.9307810041783231	
192	150	1.08683135041098	39	1.196616100217688	55	1.2283086943311978	
193	69	0.1811867434283197	367	0.7971725917814882	258	0.8968398945335191	
194	379	0.7315535189137147	372	0.7801787959008968	307	0.9016467290636601	
195	310	0.7213316458363056	499	0.7595289583783144	327	1.0253305924056435	
196	313	1.0413149916489275	265	1.0793597688326242	266	1.0877506537989952	
197	25	0.4558818111219642	466	0.8868089265949819	116	1.6470269709476075	
198	339	0.3176852311873274	120	0.8117903423923889	299	0.812463198516728	
199	45	0.4083130940954627	483	0.8182555419159002	395	0.9591794264414406	
200	249	1.2764072664686927	257	1.4401595157074223	246	1.8510129669021333	
201	43	0.5264973720127576	30	0.670178740274846	98	0.6721590773339821	
202	164	0.4680331145235874	20	0.526481078031774	416	0.5758147985765902	
203	263	0.54126074493397	395	0.6076545733573058	228	0.8069436777146499	
204	318	0.4890486824874565	333	1.254353473817799	175	1.3348428543420834	
205	4	0.23308505665234572	175	0.7641598800312022	473	0.8064275211128541	
206	430	0.24591335839920944	492	1.0222142717982374	485	1.2014040800221966	
207	380	0.8844409221527602	342	1.009207537163274	467	1.4733512775658668	
208	389	0.5254034790629973	73	0.7086264466302651	218	0.7150852565414896	
209	237	0.4290184748438112	137	0.4987474403976832	273	0.6492038967921118	
210	108	0.9524593798059073	383	1.0190466881724296	323	1.6711856979103055	
211	418	0.9186435969116067	460	0.9861489782069925	128	1.0635525874791125	
212	57	0.7056046576987451	481	0.8191054533907199	170	0.898060044084451	
213	421	0.7335606343398721	476	0.7808456555893915	353	0.8475204442021212	
214	340	0.9688521230743624	222	1.3610253452715495	265	1.434585143630417	
215	386	0.47854232776505756	416	0.5389770454393227	202	0.7629159541452207	
216	419	0.7248986188187593	399	0.792541116523954	111	0.8202115542981656	
217	4	0.6750285760659599	93	0.7099068109163233	205	0.8326583013378493	
218	67	0.40227821135427877	184	0.4497747132433525	37	0.6022020906157798	
219	377	0.5427062028314082	483	0.8172448027590934	455	0.9785025295291772	
220	60	0.5918841901380523	280	0.6781751167945509	319	0.9563029550586424	
221	445	0.7213172293301598	243	0.7343522643538017	286	0.9204412574711115	
222	214	1.3610253452715495	447	1.7631046508028543	411	1.8985355279611558	
223	485	0.7084883949762971	305	1.6478504953237558	430	1.6936689450757676	
224	465	0.8307872883365958	490	1.0346259547947847	270	1.062329482930873	
225	126	1.3875352181903562	217	1.4752657106208813	346	1.6453502619435831	
226	292	1.0547043408376082	140	1.1593433859637658	429	1.2443092619158103	
227	359	1.0939423975050162	171	1.301268941892814	144	1.4447172849398882	
228	105	0.47200690971620873	187	0.7406385708784418	203	0.8069436777146499	
229	278	0.7267103052701062	1	0.8164240115159007	14	0.9851354360097357	
230	408	0.49696820617803245	150	0.6704312897801789	101	0.8205865203349698	
231	460	0.3934641384751774	425	0.8286880187488835	431	0.9127690564100388	
232	137	0.3748805286713508	62	0.472701522040603	273	0.547993806120294	
233	66	0.5131304222750606	352	0.5336341336095	428	0.6492680655116121	
234	109	0.8244131400518966	330	0.8469342476576696	86	1.1142114982014775	
235	392	0.4275711343983962	427	0.5401475846036691	495	0.7157228587887606	
236	391	1.5066208702834376	406	2.8415770404704563	157	2.8778170675671895	
237	273	0.39058102026443187	209	0.4290184748438112	137	0.5277092493788376	
238	448	0.8286046617117897	356	0.8356979114298513	303	0.8905340809377992	
239	414	0.20891373192606688	90	0.4363690232957895	113	0.9499233992857157	
240	403	0.5350935436348832	33	0.6928457465281755	424	0.7327387093089927	
241	144	0.9807204551534107	359	1.9557844856542712	471	2.004652106803376	
242	331	0.8487206179749518	26	0.8930917396981215	114	1.1674322545835405	
243	286	0.3188701040363078	314	0.6969686543373821	221	0.7343522643538017	
244	322	0.6116481157293989	66	0.6235446237231121	30	0.698423157113634	
245	294	0.4862899499345209	59	1.0031592567805583	65	1.1226096662664216	
246	186	0.8740834525377579	283	0.9108728450771516	280	0.9875359441546382	
247	440	0.4546906413670784	388	1.2165268356753318	180	1.7021418525464656	
248	75	1.2846147126695033	478	1.3057275642230555	106	1.5513494380374409	
249	200	1.2764072664686927	85	1.9797447936631727	257	2.278717352421332	
250	454	0.788623976035105	134	0.9821017709753124	323	1.0605229547115504	
251	422	0.9535293618333807	321	0.9665183917860137	36	1.0772754985280106	
252	110	1.3884347654233207	16	1.4077754636825632	433	1.6190143470982914	
253	41	0.3380028904322421	256	0.4644826029066213	311	0.7123846441542004	
254	65	1.6895233091366013	76	1.733274663648215	143	1.9838172441281574	
255	113	0.32473478170647435	279	0.8309781293231115	183	0.8671407177680892	
256	311	0.39239173930270227	253	0.4644826029066213	41	0.6818211702502652	
257	22	1.1725853266150725	319	1.3453939170679285	200	1.4401595157074223	
258	367	0.4854535440310589	69	0.8291749865218845	496	0.8548078813287558	
259	401	0.61376526001733	405	0.6363930188047636	262	0.7712947764234044	
260	79	1.0202811992161864	301	1.05996986690666	437	1.0832014908657037	
261	327	0.5666307342748516	310	0.697384992513245	116	0.9049284728290703	
262	401	0.47839296388017655	398	0.6716452910334596	259	0.7712947764234044	
263	203	0.54126074493397	268	0.7888334883341945	17	0.8359594314690826	
264	46	0.8395996338590048	58	0.9647765631725969	119	1.074493030075884	
265	340	1.0092530230176635	196	1.0793597688326242	82	1.1541670430284747	
266	412	0.4416787743121048	128	0.5980529618508788	110	0.8584137218141091	
267	477	0.3489357911322935	470	0.6829178750983672	379	0.7692450701934855	
268	45	0.6441794552197724	491	0.7098453665507491	309	0.7654669413983427	
269	324	0.7714264511797573	146	0.9864285179227605	97	1.0694569513444827	
270	465	0.7585069027515592	293	0.7666599292980235	142	0.8209236818286514	
271	269	1.7521061397787827	390	2.0042221718236966	195	2.1290050451138502	
272	476	0.4299351629115867	461	0.4664750590857353	182	0.6442375507461959	
273	137	0.38116290388809043	237	0.39058102026443187	232	0.547993806120294	
274	313	0.8807659198081615	158	0.9907987309038109	334	1.0016113593740892	
275	347	1.3342277899463322	96	2.20116821058634	163	2.455819929854137	
276	277	0.5073632989205669	351	0.5361894364023855	431	0.5872886431284781	
277	351	0.17027258533835882	276	0.5073632989205669	431	0.8573009094587378	
278	14	0.6276978640896895	229	0.7267103052701062	362	0.7792859643479095	
279	183	0.537709346409145	113	0.7625638110322115	444	0.7980100500588533	
280	60	0.59329688337243	220	0.6781751167945509	497	0.890529518618499	
281	449	0.3872967117048837	293	0.6900294116855781	424	0.7279582015823274	
282	480	0.37590204002551914	10	0.37843265889574024	455	0.46082630281875286	
283	186	0.16794530634672364	246	0.9108728450771516	396	1.325338621261694	
284	43	0.28758402450449105	47	0.5176193574960225	201	0.6855476542362428	
285	413	0.6603424999682164	19	0.775743056448423	492	0.9524417316864419	
286	243	0.3188701040363078	386	0.6679834574193093	221	0.9204412574711115	
287	25	1.6767086600151537	195	1.847708375050019	390	1.9401295171939077	
288	452	0.15676501637783696	98	0.24910392973103446	366	0.4446926433331404	
289	17	0.5371262200304172	176	0.7799688777042348	353	0.9777058874527637	
290	38	0.3181417250948938	53	0.7066077944133606	364	0.752988278328307	
291	368	0.34280397423120046	100	1.2064653821499451	419	1.4852585742814657	
292	226	1.0547043408376082	341	1.0876044401277487	157	1.2121599847884095	
293	281	0.6900294116855781	33	0.7317098703694573	240	0.734148639938161	
294	245	0.4862899499345209	59	0.8697056627541904	65	0.9392539334032107	
295	152	0.9001790932529331	33	0.9383620112832921	371	0.9767221413125456	
296	434	0.6889996016463062	67	0.879030628773078	37	0.8854774555570607	
297	374	0.4176418287418913	71	0.5395432177359629	163	0.9178769847219452	
298	9	0.39279202033039773	36	0.4511211087190178	103	0.5523971005202245	
299	339	0.53792110161181	171	0.6031980785988964	369	0.7363405914665893	
300	394	0.7764017306709026	188	0.7826546472387397	107	0.905779344924549	
301	161	0.6617759259789194	79	0.7534029504593444	152	0.8510370755831423	
302	166	0.5397665731610299	92	0.9931629524897215	114	1.3672688953276053	
303	356	0.4937797420738621	437	0.7557820480402242	115	0.7952530411236576	
304	95	1.112817045173085	148	2.2052084233535174	471	2.3884892105442908	
305	485	1.1979172211642302	78	1.2576508730598774	344	1.3679767508114231	
306	433	0.25477263299698594	77	0.3725069554611971	425	0.7040951489745407	
307	490	0.5519673145986062	465	0.7705618271087079	194	0.9016467290636601	
308	434	0.5656980211716588	333	0.5782817513995808	442	0.6811131025138231	
309	268	0.7654669413983427	45	0.9097432019881608	199	1.0295029316976363	
310	327	0.5763047868525607	261	0.697384992513245	195	0.7213316458363056	
311	256	0.39239173930270227	253	0.7123846441542004	41	0.7603215792833682	
312	121	0.5769439331665009	420	0.6384326959732258	72	0.6463603316440718	
313	334	0.7263509588399112	274	0.8807659198081615	158	0.9950171367512334	
314	243	0.6969686543373821	286	0.9474213833658593	221	1.0222889680349467	
315	390	1.7555073621554558	486	2.373722735413435	271	2.453361335275416	
316	456	0.2949136107879418	155	0.35886651973828454	161	1.0660050159596297	
317	338	0.6862571607363352	397	0.7889851046391083	399	0.8327134601397088	
318	204	0.4890486824874565	333	0.8740548978256207	308	0.9794023938311449	
319	220	0.9563029550586424	257	1.3453939170679285	60	1.4238304366845522	
320	498	0.37173904648866585	135	0.5857331902974979	334	0.7204680173519298	
321	435	0.3165634058938849	8	0.8757970195777476	328	0.9620192261471702	
322	244	0.6116481157293989	72	0.9152533849208488	170	1.1029854114460522	
323	250	1.0605229547115504	454	1.5327557716992208	108	1.6661840628537623	
324	269	0.7714264511797573	97	1.1692327345882856	146	1.258909389764077	
325	49	0.9414942912342232	433	1.0545207753311714	126	1.0871048919078148	
326	436	0.8106828681980761	314	1.0784511151766576	3	1.20782064645752	
327	261	0.5666307342748516	310	0.5763047868525607	499	0.7863981854504041	
328	321	0.9620192261471702	438	1.0174391613576887	435	1.0275889419739606	
329	375	1.418733396453151	441	2.4089685515618124	163	2.649353646618555	
330	109	0.539755398974809	234	0.8469342476576696	86	1.1785914900056276	
331	185	0.8153075432004762	242	0.8487206179749518	453	1.3409429116225398	
332	141	1.4965721861944528	186	1.8542859927848685	388	1.911289147625394	
333	308	0.5782817513995808	442	0.7461562843363145	51	0.7546912880965824	
334	320	0.7204680173519298	313	0.7263509588399112	274	1.0016113593740892	
335	382	1.1956879723494	7	1.6263244527040361	151	1.753332186773046	
336	366	0.31738314386464933	364	0.5313328348195183	288	0.6132628757893707	
337	426	0.2647945172869447	64	0.439078999848286	400	0.5124378186350965	
338	5	0.6220368051997819	317	0.6862571607363352	399	0.7627331253527646	
339	198	0.3176852311873274	299	0.53792110161181	369	0.8133999463868646	
340	0	0.7476085045814507	214	0.9688521230743624	265	1.0092530230176635	
341	101	0.6729858165147272	230	0.937280929799456	292	1.0876044401277487	
342	207	1.009207537163274	467	1.308191610493958	474	1.5635180800329422	
343	164	0.4992625202311835	499	0.709756023611739	202	0.8041614471938944	
344	78	0.2802780644776643	235	0.7544002834270385	39	0.7690626153895738	
345	17	0.8103577288750292	176	1.0806090660756853	289	1.1257543857421362	
346	225	1.6453502619435831	462	1.774467299280607	81	1.8250066908957394	
347	275	1.3342277899463322	173	1.47049581682081	102	1.6834534839538051	
348	87	0.6355050176426597	237	0.7256750072544077	130	0.8123841893122454	
349	75	1.7941093221556785	248	2.0851794619527335	347	2.5012594508330896	
350	178	0.1386210260322797	37	0.6236099923908422	405	0.7198916607428151	
351	277	0.17027258533835882	276	0.5361894364023855	372	0.8265789184974818	
352	428	0.25677975513630474	233	0.5336341336095	378	0.5678201469238342	
353	476	0.7965504591225461	213	0.8475204442021212	230	0.9183779150711366	
354	498	0.7490504467706677	128	0.7738391520457116	320	0.7994131182860087	
355	373	1.2793070907182893	152	1.5905250214478115	224	1.6875533692064562	
356	115	0.3242343157627562	303	0.4937797420738621	437	0.6306031169348228	
357	192	1.4744163092147662	78	1.5100741488186191	55	1.7324467420704284	
358	148	1.4242881023526988	436	1.7907105099196075	445	2.3465829067962223	
359	144	0.9752436604883724	171	1.034205781010496	227	1.0939423975050162	
360	52	0.4932830208206007	93	0.5835408432334095	217	0.9382152447245493	
361	422	1.2478637389606746	23	1.4829549400296222	94	1.5346765489322518	
362	278	0.7792859643479095	229	1.0340283713762681	14	1.3063500544268873	
363	20	0.382931803070064	416	0.5274756228665697	487	0.6117336310605702	
364	336	0.5313328348195183	366	0.6692764447430621	288	0.6834655315782658	
365	398	0.36084876594357945	84	0.4127483751113358	2	0.5665221521247705	
366	336	0.31738314386464933	288	0.4446926433331404	98	0.5365828291311676	
367	258	0.4854535440310589	69	0.7151231389044231	193	0.7971725917814882	
368	291	0.34280397423120046	100	1.3279729019133757	419	1.3286507124135827	
369	120	0.48086055688984797	44	0.48175060321783275	299	0.7363405914665893	
370	466	1.2020720693632427	439	1.2914377189710116	169	1.5336412871902627	
371	397	0.4339891888211837	424	0.47937366831043	432	0.5080773493842075	
372	379	0.4130414408773581	194	0.7801787959008968	351	0.8265789184974818	
373	453	0.6517094398524934	185	1.04703429508284	255	1.064480801695081	
374	297	0.4176418287418913	71	0.5689127298523574	429	0.9510701365341039	
375	329	1.418733396453151	441	1.880734575245623	163	2.4955095263445033	
376	104	0.26820773549307625	107	0.3684340174560201	119	0.7013524908632428	
377	219	0.5427062028314082	483	0.738164807867821	455	0.7996765693110315	
378	352	0.5678201469238342	428	0.685281352707276	60	0.7391945989824094	
379	372	0.4130414408773581	477	0.5526601378267485	470	0.577521109164185	
380	207	0.8844409221527602	459	1.3447665080829836	451	1.3977359660750084	
381	452	0.8347226415581435	288	0.9281875420457049	38	1.0671051382574406	
382	335	1.1956879723494	324	1.6828113974720522	147	2.020457782166599	
383	290	0.8296152206462626	38	0.8510176405302803	53	0.9066168511825249	
384	6	0.6253316366137811	174	1.3162786739464245	482	1.9375064620780094	
385	35	1.2088259847792249	278	1.354997577204812	393	1.47598527158273	
386	215	0.47854232776505756	202	0.6310763328007799	286	0.6679834574193093	
387	493	0.3480137219059606	418	1.156142271366807	412	1.1690242303134384	
388	180	0.7776477518721919	440	0.7952951300532319	141	0.8967420188766732	
389	208	0.5254034790629973	123	0.6467579434631546	73	0.7228072289237368	
390	315	1.7555073621554558	195	1.8118246501263973	287	1.9401295171939077	
391	236	1.5066208702834376	226	2.5589480717113573	157	2.564703994667428	
392	235	0.4275711343983962	427	0.45588375738686016	420	0.6459434806448879	
393	35	1.3324837732425556	362	1.3793272440866637	278	1.4468585358987889	
394	188	0.5432124548955444	300	0.7764017306709026	182	0.8656469354204157	
395	203	0.6076545733573058	45	0.7210530906265715	268	0.9311705209440811	
396	112	0.4346338745223775	312	0.7528534154623555	378	0.9577899864433413	
397	371	0.4339891888211837	426	0.5756818248118846	424	0.6004074746654238	
398	84	0.2861181965988468	365	0.36084876594357945	2	0.5329465581701299	
399	419	0.505911036889764	26	0.6174050984814599	338	0.7627331253527646	
400	64	0.48541327167867065	111	0.499462639642904	337	0.5124378186350965	
401	262	0.47839296388017655	259	0.61376526001733	11	0.8797517230506864	
402	108	1.0105273312226657	368	1.6175313775070312	291	1.7246353301726631	
403	33	0.5190720008418209	240	0.5350935436348832	480	0.671673990581759	
404	156	0.521535769219441	118	0.7917105590630643	215	0.9986424163523774	
405	178	0.6001137499639768	259	0.6363930188047636	350	0.7198916607428151	
406	226	2.4036931158911172	429	2.5498902065840805	71	2.6245507358465776	
407	189	0.07281125580485064	73	0.5935909429820813	67	0.7075831486714939	
408	150	0.312276718569247	230	0.49696820617803245	353	1.1010659754656307	
409	415	0.434706726184258	136	0.5681928887594359	474	0.7261427010753034	
410	139	1.7598605251224613	222	1.9517216827422363	16	1.9793427139232762	
411	451	0.5022394406314651	154	0.8777894058668915	447	1.0392099893403415	
412	266	0.4416787743121048	128	0.4919729437967243	418	0.633436441181203	
413	492	0.6560248060514058	285	0.6603424999682164	59	0.6887483649199291	
414	239	0.20891373192606688	90	0.2529251748486102	116	0.8928728397272621	
415	136	0.4061955933925805	409	0.434706726184258	149	0.7055469924808734	
416	363	0.5274756228665697	215	0.5389770454393227	202	0.5758147985765902	
417	32	0.7283665782168364	12	0.7739216677210735	184	0.8694241918664015	
418	412	0.633436441181203	266	0.9152062977408403	211	0.9186435969116067	
419	399	0.505911036889764	111	0.5988660002763156	216	0.7248986188187593	
420	312	0.6384326959732258	392	0.6459434806448879	121	0.6883280980729702	
421	9	0.441027041643399	298	0.6662548323929465	36	0.7064985944623572	
422	251	0.9535293618333807	228	1.1466397667902974	361	1.2478637389606746	
423	461	0.5430856503153354	182	0.6333070797196548	272	0.7023821944444035	
424	432	0.46233709312859944	371	0.47937366831043	33	0.5641693884948569	
425	77	0.5103330582406995	175	0.6939561270534941	306	0.7040951489745407	
426	337	0.2647945172869447	64	0.5087325095457668	400	0.5496426202471064	
427	392	0.45588375738686016	235	0.5401475846036691	423	0.7120505923116967	
428	352	0.25677975513630474	233	0.6492680655116121	378	0.685281352707276	
429	71	0.6993211937039611	374	0.9510701365341039	297	1.1574072568494522	
430	206	0.24591335839920944	485	1.0688194631418664	492	1.2008427381158595	
431	15	0.21674363616686493	468	0.4983004903997566	276	0.5872886431284781	
432	424	0.46233709312859944	371	0.5080773493842075	281	0.7887367811179212	
433	306	0.25477263299698594	77	0.5237606914610415	49	0.7780028005051942	
434	308	0.5656980211716588	296	0.6889996016463062	14	0.8055330197767624	
435	321	0.3165634058938849	8	0.8247305735631791	328	1.0275889419739606	
436	326	0.8106828681980761	314	1.7612485493834389	358	1.7907105099196075	
437	356	0.6306031169348228	115	0.7480133238969165	303	0.7557820480402242	
438	328	1.0174391613576887	316	1.1482407272464001	456	1.3032562942838293	
439	370	1.2914377189710116	127	1.4116862869242777	109	1.4356380040181327	
440	247	0.4546906413670784	388	0.7952951300532319	180	1.363529842769686	
441	188	1.1863955042414263	55	1.4211934417742198	394	1.506026615471921	
442	51	0.35857527489229296	308	0.6811131025138231	333	0.7461562843363145	
443	115	0.4949922323004585	356	0.7331332961445819	437	0.9897008291356562	
444	183	0.5247595283352635	279	0.7980100500588533	3	0.8036108351869553	
445	221	0.7213172293301598	243	0.9598727280146485	286	1.1106206417609494	
446	24	0.6833040710822348	450	0.6837127252471047	125	0.8986339340818573	
447	411	1.0392099893403415	459	1.1468649581311223	451	1.4916045589380234	
448	238	0.8286046617117897	303	1.0500341316899355	478	1.0546140543243792	
449	281	0.3872967117048837	159	0.4717364962086001	293	0.7609133813681848	
450	446	0.6837127252471047	24	0.8778413686983724	365	1.0333478963813716	
451	411	0.5022394406314651	154	0.6608902323968137	93	1.120826206929457	
452	288	0.15676501637783696	98	0.35260131692657304	366	0.5775926072785176	
453	373	0.6517094398524934	185	0.7140117939199347	255	1.0942469736767217	
454	250	0.788623976035105	134	0.9011449442152528	181	1.2362456002643851	
455	10	0.34558818047737044	282	0.46082630281875286	480	0.5079558487607818	
456	155	0.1292889738228898	316	0.2949136107879418	117	0.9001701495833001	
457	177	0.458123819248632	385	1.6619310554871152	131	1.7099348349472292	
458	271	3.1036944184667115	95	3.6751394072149024	269	3.709023007005542	
459	447	1.1468649581311223	380	1.3447665080829836	411	1.8382287893117188	
460	231	0.3934641384751774	77	0.9259410240426009	418	0.9603008303182424	
461	272	0.4664750590857353	423	0.5430856503153354	87	0.7694500176504375	
462	81	1.1607524039192567	229	1.4540531109150299	362	1.6953753251162045	
463	61	0.8792068672608034	86	1.0423782176736818	234	1.139997444191955	
464	117	0.7550433298991908	58	0.9593960617797241	143	1.3065522612818175	
465	490	0.7261630822812017	293	0.7350231938077338	270	0.7585069027515592	
466	197	0.8868089265949819	370	1.2020720693632427	25	1.2923801877946999	
467	474	0.6874325978070543	342	1.308191610493958	179	1.3452594477690696	
468	15	0.3143085217469599	153	0.46404741810961414	431	0.4983004903997566	
469	57	1.1337490649480613	481	1.2559954082297933	212	1.298321272285844	
470	477	0.40388500019724677	379	0.577521109164185	267	0.6829178750983672	
471	40	1.411444240911561	148	1.6594042062697332	227	1.6782622663483189	
472	46	0.4922560203893434	182	0.6356143656413746	119	0.6572037782711527	
473	4	0.6830954421930354	205	0.8064275211128541	431	0.8294294330047318	
474	467	0.6874325978070543	409	0.7261427010753034	415	0.9500899315523473	
475	53	0.6536649748799317	153	0.7003840299209889	51	0.7529892291495368	
476	272	0.4299351629115867	461	0.778794299383535	213	0.7808456555893915	
477	267	0.3489357911322935	470	0.40388500019724677	379	0.5526601378267485	
478	448	1.0546140543243792	303	1.2300276781747586	248	1.3057275642230555	
479	221	0.924250986456786	445	1.3943537997650375	40	1.5287887728636451	
480	282	0.37590204002551914	10	0.38150283955975617	455	0.5079558487607818	
481	27	0.5977663885396645	57	0.6927271642927144	212	0.8191054533907199	
482	169	1.3328614786290203	117	1.8583792977453826	384	1.9375064620780094	
483	377	0.738164807867821	219	0.8172448027590934	199	0.8182555419159002	
484	409	0.7935861191231866	116	0.8464118961375385	488	0.896669666954977	
485	223	0.7084883949762971	430	1.0688194631418664	305	1.1979172211642302	
486	315	2.373722735413435	390	3.6668218750491928	25	3.8285443310964697	
487	488	0.4612807456035029	363	0.6117336310605702	118	0.740111489066247	
488	487	0.4612807456035029	120	0.5133192272115413	363	0.8557036317871471	
489	145	0.5460966240877319	176	1.0782548389130273	408	1.1691212680316452	
490	307	0.5519673145986062	465	0.7261630822812017	90	0.8855768086313336	
491	268	0.7098453665507491	263	0.9093489859634487	203	0.9655448343650752	
492	413	0.6560248060514058	285	0.9524417316864419	206	1.0222142717982374	
493	387	0.3480137219059606	266	0.971468007984969	418	1.0186526383339976	
494	34	0.20262438153706028	21	0.4112892630993946	70	0.45641900880462855	
495	235	0.7157228587887606	423	0.8206062541505744	392	0.9463999280185028	
496	91	0.7501750616035037	367	0.8480430457010881	258	0.8548078813287558	
497	378	0.8268402084532293	280	0.890529518618499	428	0.9049272988159814	
498	320	0.37173904648866585	135	0.6250203596212532	21	0.6568579825814936	
499	164	0.6181356757000414	343	0.709756023611739	195	0.7595289583783144	
