-3.6262194417927969	-5.9811256930533325	-0.3756278427522683	1
-0.9195987039526553	-1.2000254564675950	2.8227045620976696	2
1.9809557821350274	-0.6216049837666164	-0.1767540741092508	0
2.9387150779008859	-1.7485290241993963	-5.0979636328649924	3
-1.1028728121646929	-4.0776245363262458	-0.3452833830961398	1
1.9822520485153685	2.2264303999590283	-0.2478434679412155	0
4.1451516074255377	-2.4642895238515594	-2.2431286482935029	3
-1.6653099353650984	-1.7772796311931791	-1.5211661955202880	1
3.1264541351802855	6.4831407115169375	2.8042796842703388	4
2.2897474083787892	5.5128362418598646	3.6264329610280033	0
-0.5977326474474275	-0.0612715341685725	-0.1300202568632717	2
-0.0624339690970565	-1.6205094659365304	3.7795494894444390	2
-1.1368738775473621	-1.2021923070697071	-1.9114224128568158	2
-6.2298019183315896	-1.0439120202850334	-2.2073258351434495	1
-2.0235071648447240	-0.8056977036773811	-0.3642025551141101	0
-1.2144880026721832	-2.0591332818960102	-0.7099306623970411	1
-3.6399686739536588	-3.9677368504588717	-1.5116827446390497	1
-1.5673348331318895	4.6314514540545231	-1.0065389570777250	4
-1.1735666639918108	1.6330077313175284	0.4595798595318679	0
2.3841204391471340	2.3266353856067958	3.0018612529940518	4
-1.1252021696718582	-4.1448572731340798	-3.0181293956841238	1
-0.2250015293946974	-2.4415950161446065	-2.7822436086542295	2
-0.4595509224939730	4.4205084394292999	1.3443189754033649	4
2.9792483900833577	5.3643514733512205	0.7101561653039901	4
1.2469975143064849	-1.4281174106011023	1.0370208964696870	1
2.9420604055344497	-3.7696520674430549	-0.4789920070320706	3
0.1310726036478956	0.9419595017294055	-2.9412843365608214	0
0.1249867013350661	4.5279912195613132	-1.2638469975635289	2
-3.0745393132759240	0.3234933099053156	-1.4176221864900256	2
-1.4901532157100656	-0.2271866349608608	-1.1224265579570090	0
-2.1164875281596860	1.8877129486648858	0.6549528540376562	0
7.6620219144439181	2.0108697040411672	1.1846535661270645	4
-2.5055551090001340	2.2877230155446786	-3.1164794005767540	1
2.8011480254611167	1.1180769267978150	-0.6331027345092053	0
-0.8743030353941356	-2.0063021846947189	-2.0280887692160512	1
0.1590723881801331	-1.6166404016963811	-0.6444197434814006	0
5.3476580857940554	2.5517370992845483	-0.0791373285794836	4
0.5500951572955944	-0.3429523614511567	-0.6263343766331767	0
-1.6025758213636170	-0.4126499259634178	-2.2356772649747239	2
0.3925648434027788	2.2236248090113975	1.9665008601949072	2
-1.1377178140209190	-2.7127600448478040	-3.7324933626884076	3
-0.4453329244406857	-0.6165871000339510	-0.1809080083468909	2
-1.1834284295490729	-2.2245302602534345	2.3486575081036718	0
-0.2291505635842133	-0.2333769426751116	1.3545919401113724	2
-0.7446939957240971	-4.7006628648479074	-5.3088231828030858	3
-0.6650139913423784	4.6706844103619556	-2.6834983725021906	4
1.0203119293339424	0.3058281614727310	0.1865176433288535	0
-3.5301600410747378	0.1300784679868089	-0.8077382162052584	2
3.6005579178484193	1.2579035232253646	-3.4188652738124978	0
-2.7575082656117775	-1.0325166815544273	-1.1725385389820073	1
1.3918772493472182	1.8012974027746114	-0.0245015669622121	4
-2.0076361440446608	-0.6099411059208402	-1.6021999952203410	1
-2.3300362156961114	-2.1940474120541551	-3.2239869922684927	1
-1.9374480569653909	-0.5833279820055851	-1.9701063370924499	3
-0.8581265451840739	0.7306262615500499	-1.9893657005791803	0
1.3561615970934615	5.0245242914891453	5.0325208838344961	2
-0.9234677132229724	6.8256239802626606	-1.1168013888620045	4
-0.6770225439881806	1.3094234163560454	-0.4353733552481557	2
1.4354704151765156	-0.5041913919271551	1.3049184652443429	0
0.6053403808714755	-1.1432763904626639	1.2785231943251623	2
-3.0036370179779417	1.6713026515085405	2.0985366324738255	0
-1.2900434486002865	-1.8371738128087989	-0.6796296456281974	0
3.1304006787243748	0.5811355541314931	0.5785775770251439	4
0.3228368165855509	7.8133935863126158	-1.8214159532532279	4
-1.3247808565898143	1.2972079355419273	-0.4668993001806976	2
1.5948157052780092	-1.0845252526361069	2.8027179276821910	0
-0.5630012179100088	1.1101038921301871	-1.0094336834677078	2
0.2470742792424317	2.6580449795557546	-2.0466836752147484	0
-3.9947090526009692	-3.6088359223052087	2.1289818106572937	1
-2.8682195027886284	-1.6283251195979260	0.6446221434018030	1
0.9741772451048876	-2.5885714798579196	-0.7741921690597389	1
4.7872633752425182	5.2304746016193091	6.2241931855386463	0
1.4142842093023731	2.2178934616664856	0.4484161512036045	2
-2.3011274369576924	-0.1732184031919216	1.8804197810283856	4
0.3946660768739839	4.3040661446051134	1.3209341653944113	0
7.4160533734013176	3.3110594562448208	-1.2787603650768344	4
1.7949123551544224	-0.5873368292393518	3.2769627870873941	4
-1.5359820033487699	-4.5022424298653405	-0.8471320967372546	1
-0.8501272690447425	1.1912232131653464	2.2136129108778473	4
3.3268718102759949	1.7835785192157432	0.5819263499922979	2
-1.2214574543035437	1.0852211230682425	7.2544357233936880	4
-2.4521372005182362	-2.1532333600271927	-1.9517987471723595	1
-0.8704031861531536	-4.0986410198323249	-3.5101398387521767	3
1.2656785942725048	-0.1408772362924348	1.8141384219984924	2
0.9949616861965230	1.8580448130847715	2.7143973019990906	0
-4.2699838740633655	1.9321608989640977	-0.5485091134466982	2
0.6348698484341362	-4.1390311307795349	3.0652622518987482	0
0.1738349036750469	2.2187704056891207	1.1334391183447843	2
0.9375568510305453	2.5889358332342720	-1.5369397486056511	0
-0.8337915298249896	1.9399199335287431	0.2159241245846970	0
0.0848756348039650	-1.3003204823686927	-3.0441286991775778	3
-1.4281182746570336	-3.5923735181441070	-0.6821608167451074	3
1.0628933367908879	3.3140378941643633	-2.5026916308504186	2
-4.3228165697293424	-5.0731848908934989	-2.1720328228214880	1
5.1917884396843874	5.8488613743190703	-1.1250759941269006	4
0.1588074926163543	-2.4714669499777471	-7.8080279537058344	3
4.6655726456454207	4.2045319596060340	4.2350034769486014	4
-2.4670855109397527	-7.5130600862688937	-4.5433978215185249	3
0.3771656191627979	1.9740473213820939	-0.4142532274403707	0
-5.2792575397624724	0.3711187154141312	-1.7562207484763104	1
3.5555935719841321	2.5073114966070822	-3.4310196590479953	0
-0.9293209385513874	7.0089810614460610	0.9920213412039864	4
5.0102862463989286	3.0458297460501615	4.5639668121939980	4
3.7478503619214920	1.1612178090746781	1.4496514959586595	4
2.2345033631540345	1.8524560580762257	2.6079383068159272	4
0.0799732923772351	4.9164107480362107	1.0260556346264671	4
5.6478793862275607	2.6811349334538903	0.6882947509558348	4
2.0565819984412710	2.7059309765531929	3.1477483620950175	4
-3.4038286960831305	0.3167465702603458	-2.0850391936422397	0
1.6726026227202559	-2.6087898837228050	3.1324800022426951	1
-4.0679510420392573	-1.0167233187038964	-3.0036950316395901	1
-1.1681992734725224	1.7573564529003742	-1.2268175943754036	2
-1.3574595800958189	1.5642125813983179	0.9936101728579352	2
0.7727735437214214	-0.2056571004819715	-2.2789392096189820	3
1.2468707412956417	2.5325003187708974	-3.7951924221817848	2
3.1628599187473565	2.6663386078641871	-2.6791825041412336	4
1.8507625894103055	-1.9621706078530381	-3.2362212301572559	3
3.4981880195288415	2.6594302312085900	-0.6262019389109830	0
1.9088172634595120	-2.1703827916458374	-1.3489156617451397	1
1.0518213639903116	2.5074870885273630	1.9329693864887596	2
-0.7769617350930618	-5.1568290169070004	-1.9945844601394653	3
-1.4125962065673283	-0.1272426721005989	0.3028185465550703	1
-1.2189396973758859	-2.8075676081466248	-0.1165748501423480	2
-3.2462709718983600	0.1847863142178398	-1.6814402226178071	4
-0.1578819304194795	3.4625331943400877	-1.5610525596795231	0
-0.1545260936444125	1.3446763952743015	2.0371835974407593	2
-5.9983218803487999	-4.1996343754822236	-0.1557162010390860	1
3.6005313990240331	-3.8550628379741774	2.8577680964725189	1
-3.8997400993368814	-2.3359725331417440	-4.0255181961843922	3
0.4592324202445600	1.1211872449202900	-1.5122583903019680	0
-1.0246395497355865	3.1012483692972141	-2.5351765532362984	0
-4.0895336336841783	-2.4114367814265214	0.6859660673941014	1
-3.3722328664986208	4.1435498636724777	-2.0523405504914458	2
-1.0000217340850153	2.7963021765880343	-2.3039148648926489	2
-1.6305585213079978	-1.3297700175672862	-1.8561547614671681	3
-1.0866171102425857	-2.1106701502586906	-1.4025919976509886	1
-0.3368465307621387	-4.8776057870120963	-1.2418557657387050	1
0.0991162354269476	1.9792006363946160	2.4228971033751829	0
-0.7444009119451938	-1.9811867378896852	-4.5675988769597096	1
-5.3604808507265105	-7.4194884775903169	-3.2211745167344739	1
0.7559059893676864	4.1519103671658861	4.3011803095911452	4
-1.0515341001915393	0.2529866014843680	3.0084727256414201	2
1.2460000045916066	-0.0228485709777965	0.6808040907340269	4
2.9845844431421864	0.5639613242241230	3.2919929084284476	4
-1.8049870106593935	-3.5447209476389174	-3.4310147531426183	3
-0.8406653356325828	3.8930630491180560	3.6404463634936164	4
2.3110711194878011	-4.2252170362693589	-1.7594868817788392	3
-0.4597838586247383	-8.1029323087249061	-5.0194077861383812	3
0.8867233539474330	-0.8809668105888691	-5.9757977758055159	3
-1.3254415180362096	-2.5019409547306086	-1.2662825097931258	1
1.2852722196409552	3.5587647327091370	3.1474699309415786	4
-1.6482956152568589	-4.6187400372476013	-1.8083347213276948	1
1.6563796374001105	0.4278237666134389	-0.7592859838967819	0
-2.1493794604669003	-2.1580015061158422	-2.9781129470340018	1
-1.1422243772263916	-5.8912268263159495	-2.5685478413438805	3
1.8761165452112483	2.9720365393870183	-0.1654893953481515	4
0.1967051945208381	-4.9296816583073264	-3.6207502916531977	3
3.3140947820416904	4.0997703130772116	4.1413512100296970	4
-2.6295697838293650	-2.5111279780250002	-1.5307478789679225	3
0.0183614759811254	-1.1041989040231823	-1.8141408838986353	2
4.2647396593441451	6.1797703964894763	1.2900894048807734	4
3.3936818359623371	3.4090745084437568	-0.5031880714277313	0
-3.8880820771078066	-2.2305573971926540	-3.2709951094075906	1
4.8305091938235458	2.4615925841491655	4.1285931948740187	4
1.1435773694295168	-2.9833360008197323	-1.7115823796382170	3
0.4879551544371146	1.3857869831700032	-0.0627854310937566	4
3.7107430983793295	0.7102295427349518	-1.9208397548046967	4
-1.1306934177498016	2.1229250541900857	1.3561834225932738	2
-1.4547022293286553	-0.4853506585737610	1.3908408983979692	0
2.1665876463948335	-2.2029778554933208	1.4590062015201009	0
1.1807905706479633	2.8430987195546771	0.5542887064374897	2
0.5581684622788563	-4.3841186245942270	-5.5348729179697562	3
3.6859290825515569	2.6265885427004023	-3.5876477191092726	0
6.3965210147658356	2.1544651999987172	2.0203549425936580	4
5.0295640445548280	-1.3549301645108942	-1.7396121949810799	3
-3.6716333961661558	-2.8329788887881500	-0.6892189647405427	1
1.4057631428554584	3.1466641170060807	1.2937946113350107	4
-5.3331801768956790	-2.3482194549134849	0.4605560745541807	1
-2.5428494350271347	0.5842121011215068	2.6128982578344959	2
0.1796514869311781	-3.3441131464759337	-0.8024325791411128	1
-0.9238885382159028	2.3053826025648609	2.3500396347473265	2
-0.8168264417398413	0.5246196978809483	-3.2347223788346673	3
-0.6237786948127046	2.5768331906478794	2.4191844332969792	0
1.6688098748352966	-0.0450202595341890	-3.0550419767492007	3
0.9449508070758482	-0.6834168381631803	-0.6068964392533759	2
1.8876436931846450	-0.2064409131227136	0.2676927866861375	2
-1.4383158747770315	0.1633400438690034	0.2654220484196441	2
0.2535336704149501	5.4119509909151784	2.2568701337675328	2
2.7221759420848177	1.2561392381228642	4.5361434529531586	4
-2.0103933843606869	-0.8022700161110418	0.1004826636700016	2
0.2275920233761637	4.1336943465332956	-1.7692897722146004	0
-0.8027957848024889	-0.1186526043284307	2.9295786413580234	4
-0.0517728218114648	3.1785574344844210	4.0459862628385084	4
-0.4905788076403487	-2.6530453487025332	-0.9803302426439899	3
-0.7699285489950761	-3.0973991057023831	0.3421465437321519	0
3.0851107113045981	-4.3328656635653235	-1.7123575928416299	3
-2.9096775157061536	-5.2244750539964464	-2.1321028456757416	1
4.9870383505399953	-2.7902933666972443	-2.2361390877088052	3
2.0007520121391233	-1.8966062639745762	-3.6315595584253346	3
-0.1910534803518479	0.3167129370148136	-0.2822405573692617	4
-4.6394424003991155	1.0293691766805320	0.6519913382660140	2
-1.9748010731328645	2.5294702170384422	0.7204323648829453	0
1.0755603766172626	-0.3705248688907836	-1.8410407774299591	3
0.1778249972561620	1.2918251912623329	0.7297394225245694	2
-3.9383899826944497	1.0696520602357737	-1.0190199922717078	1
-0.7614189607429068	-2.3330986689497548	-0.4868900950812360	1
-0.2127295746817339	-0.2173666538946031	4.1050846889530845	2
0.0696101205301337	-4.6756609749022626	0.7850142080311122	3
0.0081291410830675	1.9282001448817174	0.7842781217421925	4
-0.4840975642510501	0.2445385032255005	0.4217827068676961	2
-3.7434897263184559	2.1223632343538479	-1.8249152766637471	0
-3.3218850329295915	-2.7880520095252419	-2.8848001094400635	1
-3.6893836128565929	4.2142780414934968	-0.0878634804401509	2
1.3861431422825721	3.7903259313563713	1.4686659284993144	4
-2.4120051429519722	-6.6498091416227876	-4.1838332907824967	1
-1.1645350457092141	-1.8671624281606474	-1.8722343509409476	1
-0.9078334808646873	2.5051911708414072	-1.9453071130734763	3
-3.9363493251113595	-3.8293765060331544	-0.7170380959778964	2
-1.0937298174568562	1.3724612488931105	-0.3042023762919168	2
1.5672891717864430	3.5151721969925402	-1.0471474057707422	0
-0.1602547070915258	1.0980383742775732	0.4196089975307500	2
-0.9464433523326802	-2.3432848357289995	-3.4162876704957568	3
-2.8970290328758006	-5.8447052387984009	-0.8008644601896306	1
-0.2771044538571238	1.9091773207435940	6.1387316066569690	0
3.5712514255999550	-1.5750253248244475	-0.6691697597166238	2
-3.7348722730467250	-2.9037553474891773	1.2696043519122049	1
2.8850109443021363	4.7485946970390476	3.8201849140673736	4
0.7237155635308391	-3.1232024385682324	-6.5208277998977904	3
2.5553360028820569	5.7046834624890916	0.1582632996828878	0
-2.0377179858255170	-2.6055419366292210	1.9959316056934471	2
-0.1265835210985714	2.2209438539508941	3.2626780050076865	4
-2.6710334285627506	-3.7351242032446064	-1.6528287321060371	1
1.8217942929431494	0.2691545231616015	1.4822979170921882	4
-0.4885797532386128	1.3192586286119168	1.7760273693677866	2
0.0046778246712285	-2.7685416612596709	0.9982525627746872	0
-0.9296712928294737	1.7349249438527679	2.1856978145462280	4
3.0715330691924048	5.8497681561994881	2.9734452010562586	4
1.0950016296969634	0.1754804776433485	0.0600200272970580	0
3.8002383277768290	2.9156530888998744	0.6259466271131700	4
2.0780736179497143	-2.2650150192899670	-1.6995427460241472	3
-0.4640270021107378	-0.9979805120015820	-0.3720509801899980	0
-1.1616749677859677	-4.0456748747976521	-8.0052029562142906	3
1.7548404294230551	2.5455180708116734	-3.4252135316481551	0
1.7771495529086621	-0.8518220471320689	-4.7837685115791970	3
0.7635896518959859	1.6005117146931558	0.3271866031612902	0
-0.3766373222686481	-0.2934649463151319	3.4219607502181315	2
-3.1052943018438381	0.4172072681688501	0.8406105035808070	2
-2.2026078974823236	3.0971806541478712	3.0331116753154355	2
6.9465222832175284	3.1784725249461712	-0.0738920430888955	4
-4.6672743122465477	1.9846861220409837	0.1686329657053730	2
-1.6373132840984168	-0.1669407969459732	-2.7135564517470296	3
3.4305361532578189	4.5299950407531089	1.6607407505317664	0
-6.0803116190504429	-3.8222625991295325	-3.1357558179902911	1
1.3290428212735121	-1.2454914160707788	0.4840853673401658	2
2.6680448504598413	-0.7878020282103031	3.8919923609744185	4
0.9764108582169387	-0.2491493697382741	-1.4915772321028484	3
-0.0828438766007121	-2.6592943796758193	-0.3862029804207177	1
-2.1974577686912760	2.0831718086136828	2.1548582752063941	1
-1.1751110403279874	-4.0302089042025715	-1.0057209707786312	1
1.1599737257669871	-0.2813439513389795	2.3237075487902965	0
0.0666312283381547	0.5646993881856156	-0.5592266807984644	2
2.3058795724708707	-0.1988273038380922	-1.1666816276714695	3
-0.7171725347625476	-1.6085234669601729	3.3103022696619244	2
0.7424879779660535	5.0226117597638691	-0.0022906854272456	0
1.1318081983214205	1.4619003029601469	0.4734397072640574	2
-1.2877027900296030	-4.0348336038507719	-1.2471759303992536	3
-2.1722134776787132	-2.8230231696979993	-1.3952477934243914	1
0.0835392074506718	-1.4933696716524705	-1.2653620996124599	3
3.2240859810801186	4.6699074367940341	-0.4536538665634655	2
2.2290264292276727	-5.8222121783652332	-5.0007261745378164	3
-0.0323214537456736	0.9072630233436306	-0.8441964973538275	0
2.7270813567390020	-5.2346930296356842	-3.3368679782431028	3
1.5730327251183147	2.8896064368500420	0.6927648215574136	4
1.2215109287062289	2.0136039765689775	-0.1108905385992077	4
-0.0161487534667960	-2.9730224473395079	-4.2409850970368304	3
4.6947392727699429	3.1817647565172478	4.6213168127613518	4
-1.0536919973738137	-2.0418410542992960	-0.6472693037744844	1
-1.0810308353771112	-2.3195851531807277	-1.6304330258762194	2
-5.4528239604958753	-1.4584100497159340	-1.0165153747784446	2
1.5989702987162429	-1.3765683225379881	-1.4434967427580150	3
-1.9657924364354471	0.6861185306339689	1.5745510228438517	0
0.0515329209437864	-0.8057120862104784	-0.9000580447529554	0
0.1625876722584598	2.4947593106932411	-1.5525649154690853	0
-1.8813928321665370	2.1483423270591668	4.2892037340400027	2
-2.2887353922173004	-0.7383515477536158	-3.0037835968134505	2
1.6316989581159937	0.6651119148172220	1.9688832800281473	0
0.3883038738619595	-2.3119236857271632	-4.9357362859453797	1
4.8350759705152555	-5.4972207958689738	-2.7369817487898533	3
-0.7053289308762660	1.4603979952759540	-2.1661911957614119	0
-0.3833806856019399	2.8038211065289609	-0.0217489720229973	4
-2.6702690099270230	0.8525216446402709	-1.8863262746319687	0
-2.6274416785773114	1.8235348319335023	-2.9266740289660791	0
2.3516312706147016	4.2740873209944912	2.5770730441372818	4
0.8342452351779776	-0.2330166531738900	-1.7431618506112736	1
1.9817855600916299	-1.5156851626382555	1.7666667494058659	0
1.3890710707983602	1.6657366923387715	-3.7403806350643132	3
-0.0638799795277911	-2.7457582121410162	1.1280845959165589	1
1.3858486843480775	2.6206383599873466	4.2677374968388317	2
2.3941069291762291	2.0849446708229493	-1.1289176509015380	0
3.9425285475379908	-5.8111858466656789	-4.6312989458651810	3
3.6782340280533035	1.5410090343307712	2.2697404897537665	0
4.0743316741338589	1.0615741838283004	2.1308853290125356	4
2.0923172615329255	4.7832510475913423	-2.2529269679276216	4
0.4826652692025466	2.4917166912543580	-0.1731712723208241	4
0.5076928292694450	-4.3417063701860359	-7.6687285015911177	3
0.3643079117883037	0.4042483798715498	4.7206834084579166	4
-3.5576887592768309	-4.2244033265091971	-2.8258257599027479	1
-0.1212259694709586	-3.2554214910009169	-2.5823363677085838	1
-1.3110582475150250	0.4441304882235619	0.5577402888427275	1
-0.8854602460134261	4.7556835666975399	-2.7780723795626141	0
2.5587812716131886	-2.7149816003851455	-2.9373375233309318	3
-0.7804633180067637	-2.3369134094304185	0.6381798091562320	2
-1.6675245181412084	2.1162903242361062	-0.6848009356025169	2
0.0676176462970336	-3.3505684468109700	-4.5741358324096337	3
-0.6874527843240081	-3.1838988066909502	-4.2223968557897784	3
1.7003878833774708	-7.0381020291782832	-3.4832957456102127	3
3.6203696656197288	0.7767247738350902	1.0582772285103721	4
1.2139120395788441	2.1994997825360763	-3.0921173949866674	2
-1.9578328922282298	-0.5983040011621885	-0.0489479056277822	2
-0.8962982931160572	0.3666467706280263	-0.3534261389578711	0
-2.6216723925342200	-5.0047778733830501	-0.2701878347767211	3
2.5711594578012198	4.0333594283270395	1.1301560658917811	4
-3.0431430543176639	4.9962743439382713	3.7306633206014927	0
-4.0421221529321727	1.2247029228332424	-3.7027214968959674	0
1.8819266773470706	-6.8987757796300997	-3.2957742464260544	3
-5.5348170604444000	-2.4550280391973422	0.0843079861785790	1
2.5041939852225750	0.8966322544465197	-4.1779054990589568	3
4.0950400104672591	-1.7521693608335847	-3.0143797881315790	3
4.1246663131476895	3.2408117397682377	2.0781437987442946	4
3.3538240519195290	0.8270414700540294	4.2040331459193636	4
0.2613281995797160	-3.5017178093337611	2.6910266580472668	1
2.0571013170041423	1.7691298404287501	-3.7038305048698241	3
-4.0218269858600388	2.0555851643603904	3.5268860104528184	2
-1.3076139254194321	-0.1598681695551097	-1.4005607163490370	1
0.3674993786762338	-4.3132554844758619	-1.6490258706088736	1
-0.9291414076164801	-5.4584418061854860	-1.0852956823123590	3
0.5206873877873653	0.5818519127281450	-0.2903248571242394	2
1.3727393207175360	0.3729636637361736	-1.0627442898803556	0
1.5513933734011489	1.9023607399064169	-2.4306504728772662	2
1.5146408758435115	-2.8089356617150480	-4.6157662023233295	3
-3.3010986316294200	-5.8095349853899858	-4.4554482110251419	1
0.0641182988419974	3.8840994617753553	2.4066020188439303	4
0.9590798409801119	-5.8427581272985964	-0.7409635088736783	1
2.4523130477609527	-1.4050083427399980	-2.3168569671973360	3
0.2094703566107093	1.8267756513482687	5.7779054843413213	2
-0.3149636268526459	4.7032874760442258	-1.0391139475210318	4
-1.8544849282671581	-5.2105613790480980	0.9944379699919371	1
6.3556807203930008	1.9660993845829378	2.6924929884541844	4
0.5409521765140614	1.4633319324344058	1.0245455096135339	0
5.4722792957373239	3.4970464833277353	1.8807118963066773	4
1.2935286102137082	0.6640016153570347	1.7789152480695183	1
-2.1026450925583076	-1.9895293663652414	-2.4891386519603516	0
1.6989087169361190	1.5821221660012108	0.9007455592072515	2
0.1049612835801348	3.2881612958648199	0.7493360256403742	2
-1.3061424066462133	-3.5672903511849543	-2.4806042231039851	1
2.6529945416378342	-0.1052886353666304	-0.1308564938888379	3
3.1451737570778322	3.1184845487092279	-0.7345481478181272	4
0.5314547040069506	4.6193901383827107	5.2702961297595827	4
2.0620333244392679	-0.5098545720768053	-6.7400344446577689	3
-1.0875381423495409	-6.3969269019674355	-6.7056386181063852	3
-2.4606460693608634	-4.2630214137922264	-0.6925265003255010	1
2.9323668557995317	4.3389603507409653	-0.2054340671725658	4
-3.2553146941509330	-1.8644293041867466	1.0905012756773296	1
0.6114022180563333	-1.4317394399813765	-1.7751594968410513	3
-2.4989546282361448	0.4472311031112847	-0.9244632790896360	4
-1.9012904442173606	1.5915791047498722	1.1345661975428372	0
-3.6094711483893489	2.1980183977954915	1.2538918425772594	0
-3.4337044446749809	-3.2252962379722363	0.0623756092260757	3
-1.3815292049911130	2.7690741430048345	-4.1913100349625196	1
-0.3161278009631981	-5.9412283998378186	-1.5743254177965273	3
4.8872346674476095	-0.5274811262495939	2.6548283882157531	3
0.1871986315340767	1.4828654893885833	-0.9207195226776194	2
1.0485157473374684	-1.4097888815252895	0.3036319100376452	2
4.4337808894827120	-1.4352959142958204	-3.1624617626738760	0
1.4821458921996880	4.6868903617048900	3.9270964178832908	4
2.5144104742409072	1.4652742997168773	7.2612287277979739	4
1.6818766830212328	1.4679552312001352	1.5299655428242889	4
-0.0796124214157535	0.1765071989076223	-1.6972134424831915	0
-0.5013203564588452	1.9484588922450583	-0.5114751763734252	2
1.0408158814238062	-1.9240928857481432	-1.6306728628440796	3
-0.3299210094019126	-5.7951125735730162	1.3553631024686170	1
-2.0281432822608889	0.9154911967833169	-1.3599163626344311	2
-2.8781192267459712	-5.6883005982814385	-2.3971391078646844	3
-2.0736009841169984	1.2229362567057427	-0.4993136824496015	1
6.3310903411220805	-3.9037509250237825	-1.2292640977093194	3
-3.6162624050253918	-0.9055825824637979	-0.0187845204067625	2
1.8223017575065255	-0.5414586762521789	-2.6884290844787770	1
-3.4428934927095689	-0.5691933145444422	-3.2820308810286600	1
-2.9882097576836832	2.0418252610016334	2.7986008744465396	2
-0.5483459234736601	-1.3097092591504449	-0.8913309044270707	0
1.0088763355879669	-4.6984537838241334	-3.9288786342680533	3
1.7246153795101553	7.7542972039311868	0.7732854119159029	4
1.4535851062527128	1.6548237038377942	0.5375142911270210	2
-4.4095060183043833	-1.9680858813414077	3.0526746025314577	1
-0.0422403285965347	3.0025077172019747	2.7771029098706461	4
1.8207921588395006	4.7696505619498719	-0.7762854877272213	4
-0.6684325877355075	-0.1595608642090602	1.6745727690619718	0
-0.5030242847275423	1.3611494099011878	-2.7726350398145403	3
0.0081125081692212	-2.4798336244358197	1.7056984882841331	2
0.8928363102905800	0.8837734699008245	-5.3818086251190262	3
0.5896166439132419	2.1477268392258435	-1.9503479416431140	2
0.0207874049180785	-0.7595424914152639	0.4339238675622812	2
-3.7072246101892974	2.4476444980958427	-3.4588095707035942	2
2.1894450030034465	1.4632262271028327	-1.8049779411416826	0
0.7040336686086414	-2.6026495811071220	-1.6280765595162170	3
-3.1721963845267140	1.4805602195665730	1.7090393897520491	2
4.0372159951989257	8.7695936133475652	4.0492783356073101	4
-1.0699983307102570	-1.9047341045202866	-0.4214345456903186	2
1.1909103392333655	2.6429637378460606	1.6450184391093181	0
1.1973452161316931	-2.8725695981193953	-1.0104631756620046	3
-4.8734140682545108	-7.2344171354170310	-0.3129716639386794	1
-2.2654310140462046	-5.8747692609502957	0.8334508519998642	1
-0.7684373234286409	-3.8288617336946480	-2.0218066365765472	3
1.7826625416625799	0.9209986065134373	0.6493652327795387	4
1.7570847010804829	-1.3751944729024128	-3.0947716359634270	0
1.9741298958133495	-3.5577299222430985	-2.3441692993166341	0
1.6528137982451183	-1.1029291849498997	-1.9259009619894925	3
-0.7626573308364811	1.4503391120721543	-0.1197108063394865	1
-2.1356031803386459	-2.3502661798653945	-2.9134002477724010	1
-1.6635021738204379	1.3255550428757792	-3.5347683196736108	0
-0.2748545612482183	0.2323277101348185	4.8350755485181587	2
0.7726211600733958	1.4775411751758387	1.4505853218377665	0
0.7040860847402993	4.8023480130179594	-1.6330891853918779	4
-0.5766010254400479	-0.3386314860523951	2.0561319153318260	4
-0.8106148077226658	-3.6999721920388766	-1.4815622302424010	2
-3.6821397205220823	-3.6007461508416778	-1.5538129020176048	1
-0.6705071044014662	-0.0826940498495630	-0.4108134205951913	1
0.0922244882997699	2.4625893648983661	3.0040866686859493	0
-0.0655195759249908	1.2548788602363801	0.4698761807961135	2
1.8705698534865813	3.3477764174376672	2.4558317856874128	4
-0.9872105131731804	0.8990503307200206	5.1972675411867915	0
-0.5399831717583907	-1.4096760115743998	-5.1593002269168071	1
2.7010014791533403	0.2176037542426593	-2.5463328032055750	0
-3.0933810613919754	-2.5713425821025302	-2.2807121378234845	1
-1.6874241391289697	-0.1561731633759530	1.4458307515552900	1
4.5954207150682631	4.5333821000426511	0.8775073639227715	4
-0.8491341343031175	-0.5869845767075283	-3.4538383815058578	3
1.4520298784287591	1.9900646851642707	-0.4984187318516859	4
5.8044209094996999	2.6891922818462919	0.8468476757096797	4
2.4300510322841600	-2.4323598257000931	2.4005282589349881	0
-2.8509144746083663	1.4623313723402547	4.1182143937326314	2
-0.0279476603318639	3.0387060156699706	4.0846898916271162	4
-0.7505957370617099	-0.7359023448527617	0.6224108413232967	2
2.2812123363117855	1.4069278221332882	-1.1673820125850640	4
1.4627445477162970	-1.7180915422561291	-1.9721606095368811	3
0.3039176910829084	-2.2261677349013533	-4.5965533523876019	3
0.1055587869141513	-1.1434391282868379	0.3933592875254117	0
-2.5656083346788683	-5.4756809972814118	-1.1832396707447139	3
3.7075021914329782	3.2813430926569191	-0.9915446681981975	0
-1.7190092599586755	0.7327566460674237	-2.6959771040409697	2
0.0188814727397306	-1.1289005679357484	-0.7322223362412652	0
-2.7589460582548906	-2.8937960504460869	2.1482587284827863	1
-1.5483129617092950	0.5695816337349570	-0.5667608184410728	0
2.9731500069056223	-1.7881609911624832	-0.8201447811009545	3
0.5368126362594746	-2.9591370509536423	-1.9009803406833563	1
0.1176229272009339	-1.3551280327089836	0.5113758359075534	0
4.1061129931454046	0.5592958409953976	-0.3994297720845531	4
-5.1136359021009801	-0.4935169421740038	-0.2451007324357160	0
2.1667717226904966	-6.0977354133451040	-6.7288496633686341	3
-2.2138788400942788	-3.8762182640599536	-1.5857411590921378	1
-2.1666918095708700	-1.6810114989425027	-0.7891482086252568	1
-0.2248628445324831	3.1533458980300457	3.2731850425700912	4
0.0314627543012262	-1.8278540876185860	3.7920018425083146	1
-0.4403279251296013	-0.9311338721396756	0.7138941162779686	2
3.9153255828871045	1.8585303797423689	0.3062258855761975	4
0.8307660115604089	-1.0513090436461412	-1.2932224803088304	3
4.4529852021056966	-2.6893509009061418	-0.3944527424889419	3
-0.1121869042226182	-3.6492446120241326	0.5788706658949624	3
-1.3092604809422261	-1.1638922875045221	-2.1651217166894283	1
-0.9088826569788641	4.5668185908811338	-0.5267423074098353	2
-1.2135893968910914	-1.9814302367202954	-1.2431250553587110	1
-0.7613040688944138	-2.4485341907996521	-6.7802520715756769	3
-1.3430033775824000	2.1541864269432063	3.2800959122609350	0
-2.3789885408166804	-3.3516961376229659	-0.8301679310800001	1
1.4268138668965877	-3.2017772834010825	-2.2613039648683166	1
-1.8272714378522721	-0.7442746789678988	-0.5721682934734755	1
0.7090238096151846	3.8321324267350634	-0.4981452728803182	0
0.9356743410892618	-3.0128938799418021	-2.3763945042047410	0
4.0670323241027120	2.5934049924983205	-0.9535441141734904	0
-0.2372647504020456	-0.3006811180144887	-3.6670121043779931	1
-0.7541802437694499	1.5621811746759282	-2.3338510995557673	3
-3.2674144965389313	4.2437456107859868	0.0582921362101047	4
5.3551714507158756	-0.1532625095255311	0.8750886693350893	3
0.3049420201758454	1.2473569628635652	-0.9128654114091439	0
0.4693685654406544	-2.3290797439771520	-2.6005685782359906	3
-1.5663100022537364	0.1378396610103313	3.1691394098908705	2
3.6419012037466514	-7.4734961977608023	0.2616279767711238	3
2.0953588233301024	-3.0825330158493203	-3.3991339141075061	3
0.7808875316673108	-3.7963287481903878	-3.2941951557467970	3
-1.0588625842081365	4.1711051791699818	1.0917720343304058	4
0.1015178154723992	-3.0688498158591910	-3.4646505490440083	1
0.3838773928477890	6.0915384757078943	-1.4590062117525300	4
1.3346352314764212	-0.3954190599396203	6.0496204716154001	4
-4.4220096487048348	-4.5567628326548242	-3.5623736954316514	1
0.5678973689160245	-1.1562848187816286	1.1864584632985822	1
0.3602938126406255	4.0923199159570771	-0.6179646890515919	4
1.5872374996802052	-3.6714910332391320	0.8944414491753730	1
0.6132292412657593	-0.0261729001146359	-0.8280162038184459	2
-0.2709843173725009	-3.0234268938727191	-2.0868359619358463	3
2.7961419291135861	-1.7660698675650170	-3.5762758082373107	3
G3
0	222	0.8550762384753934	320	1.4048086825012547	447	1.4256953130773427	
1	262	0.6675316494154363	191	1.0929008354298844	42	1.15928289320982	
2	185	0.615305910558947	355	0.8487197734053663	253	1.1184514099090852	
3	243	1.5006786617432395	499	1.5284530151631188	198	1.747009585321692	
4	258	0.666066371318751	91	0.6743438046134728	77	0.7872331664665463	
5	437	0.6322912807129258	155	0.7576116772377481	50	0.7610269860660357	
6	197	0.902829246169612	327	1.0509303589810257	373	1.4097191515205094	
7	134	0.5600802213805727	470	0.5683623758120209	215	0.6181450129629962	
8	236	0.6578708759232681	9	1.522335351029704	160	1.9184628442476295	
9	226	0.9878985956750042	236	1.0728955909254458	374	1.1936520934375854	
10	426	0.2908605276788828	319	0.5675964310211848	199	0.5757006386061008	
11	462	0.2279549251545923	262	0.8056172830909137	1	1.3516990788960335	
12	468	0.30910737502341146	134	0.5128889870049829	215	0.6666979123744876	
13	278	1.4810580393351813	99	1.763332753004842	110	2.3040274160581298	
14	475	0.2924568290262237	318	0.3830283957481656	189	0.4648828592635716	
15	276	0.17343823776663114	61	0.2364165454110541	407	0.35769593320699644	
16	425	0.371800377803648	217	0.8593283382596396	231	1.0064126108027456	
17	469	0.8172768810600093	345	1.254852653651023	27	1.7148946392827242	
18	89	0.5186620854051941	112	0.5689795715109464	417	0.7333430166687662	
19	107	0.521947913161114	104	0.6343552566281155	429	1.2667325645486838	
20	82	0.5559970684809757	354	0.8094789866595864	144	0.9963660761080302	
21	484	0.7265090032133393	307	0.8444203947069462	498	0.907873639800844	
22	489	0.6965317017479375	105	0.798934936147199	74	0.8624339623253908	
23	228	0.7746698070640922	251	1.342915617409195	361	1.3754745749708348	
24	253	0.5880658004400927	59	0.7424160851645217	494	0.7465932974681581	
25	195	1.3634014863924964	146	1.4984505477926569	466	1.8593254794587126	
26	397	0.7786151990897013	181	1.0764715494506853	480	1.239888166276112	
27	345	0.524204170710995	190	0.6492074203502328	422	0.7395725381924344	
28	123	0.3439932403582631	108	0.7442596842241334	364	0.7679938014516595	
29	333	0.3394274272194797	51	0.8027902075019812	475	0.826929802696563	
30	365	0.6033522998359918	201	0.6604657518667374	112	0.8918882739189864	
31	173	1.5233216942502625	248	1.8598852438113473	347	1.995522843843826	
32	291	0.5160940657862689	402	1.259672344718517	419	1.3452828598899707	
33	443	0.799513794482969	298	1.1603224206306588	355	1.3307231266030501	
34	215	0.35761025063015667	277	0.5468205298270731	135	0.6687422147980728	
35	450	0.5150271191929823	267	0.6375502677548331	389	0.8096990276190257	
36	106	0.8341634284848533	438	1.041621059935444	478	1.5512336321538582	
37	497	0.3808027036408708	184	0.5217325727571163	281	0.7332363281128302	
38	53	0.4602155263868388	250	0.5384683691266583	51	0.7773616442782153	
39	137	0.5951073789421709	119	0.7185550176556326	87	0.861311916496732	
40	221	0.5225742910080281	314	0.8153010256537015	144	1.108285376863388	
41	240	0.42701995142763516	10	0.5780922214629564	426	0.6233792577053398	
42	229	0.9996980072645929	1	1.15928289320982	262	1.233539450621284	
43	396	0.5484571460729427	423	0.7899105513776278	463	0.9705433076941736	
44	171	1.3596872152374602	313	1.7384966621209583	314	1.8665936698775494	
45	309	0.25449096366613605	190	1.3859585819937843	130	1.6169290000840915	
46	237	0.19639428933074923	142	0.6350453478739073	336	0.7437691604329235	
47	28	0.7854667439711197	123	0.9202940552053901	204	1.0459876717171435	
48	100	1.2502758917252093	326	1.3815472724268534	172	1.3816925968313334	
49	460	0.9573911208690987	51	0.9620224959960508	14	1.1151733172328486	
50	273	0.2855902990396359	437	0.5136622478468469	392	0.5840584121711452	
51	53	0.37548595489324627	38	0.7773616442782153	29	0.8027902075019812	
52	153	0.3072299084803322	418	0.3983373375814272	351	0.7959500217651321	
53	51	0.37548595489324627	38	0.4602155263868388	134	0.8150716907959633	
54	288	0.7662774628226455	480	0.9060676559891238	377	0.9992422721247652	
55	357	0.9491112732932894	374	1.1626830879816217	140	1.2870978560558917	
56	491	1.5379001577391596	63	1.7393807691272092	101	2.11678704321191	
57	417	0.3561367641808787	218	0.4413893358623503	66	0.6182834268956166	
58	83	0.6481754411323892	142	0.810622415331024	232	0.8824814518475487	
59	494	0.10023528844983798	24	0.7424160851645217	455	0.9334155036555021	
60	405	0.4652988689888746	388	0.7922215267174887	257	0.9070464773069831	
61	15	0.2364165454110541	276	0.31432130052078616	407	0.345903102841402	
62	316	0.7130473382732531	355	1.0965361319307418	103	1.2151169927321335	
63	56	1.7393807691272092	491	1.7606395981576204	391	2.949737394463462	
64	218	0.292434493344446	57	0.6486400656141474	417	0.6782122571043805	
65	76	0.7156417988936754	259	1.0313286057239794	294	1.1870326787983965	
66	270	0.591666086419048	57	0.6182834268956166	371	0.8423901856154599	
67	282	0.5272129978937686	400	0.6221257505575815	88	0.8610349161115781	
68	225	1.141570578453734	451	1.427852862204067	131	1.8775118745456838	
69	362	0.6359214367789056	385	1.2337071614266846	189	1.3093206088871707	
70	409	0.4316049849447156	404	0.8957088238496912	164	1.0311332775251572	
71	96	2.241482240646042	275	2.6028802134105526	102	2.752955494876863	
72	392	0.5714285530319386	273	0.6258751510416306	50	0.6306389746073712	
73	434	0.7521900707298661	280	0.9718360075886703	168	1.026425671579418	
74	105	0.7489664944931559	22	0.8624339623253908	213	1.1264015499679374	
75	248	1.2999024626218698	36	2.5087696062553766	106	2.718924416537102	
76	65	0.7156417988936754	254	1.0866499100963407	259	1.18552699410642	
77	258	0.6149747411649381	265	0.663436995692651	4	0.7872331664665463	
78	235	0.5501982154420049	233	0.5818855385149321	125	0.7338502415054226	
79	464	0.6541455266039077	103	1.14782521466257	316	1.1518704854033552	
80	223	1.6779457921050493	430	2.0788150767292706	344	2.1857719609548725	
81	158	0.5803918614418773	351	0.6615722971412233	433	0.8331824705563139	
82	20	0.5559970684809757	144	1.0892819426485414	314	1.173684039403931	
83	259	0.5390409188930816	58	0.6481754411323892	232	0.7664912489816063	
84	137	0.9498369180992112	119	1.0176629497184642	39	1.027560108846651	
85	249	0.8215177131514676	204	1.0369457520865522	210	1.3937667342478157	
86	330	0.8281025980073328	109	1.850147510600872	398	2.234765033726609	
87	208	0.4835316719413392	348	0.8469475762481904	39	0.861311916496732	
88	400	0.6975916414301864	282	0.7808268638335338	67	0.8610349161115781	
89	18	0.5186620854051941	417	0.5978296261146033	378	0.7998248170504493	
90	484	1.1844517773824683	21	1.2112453174215603	479	1.221080268869012	
91	258	0.6003362884134151	4	0.6743438046134728	265	0.7312520184070012	
92	67	1.1418540599739408	88	1.2141494683469287	317	1.2698128138790008	
93	306	1.316546966478544	196	1.4217753347600772	16	1.4575180426401548	
94	268	2.390103141244093	435	2.4691051597597315	160	2.608053704709319	
95	471	1.3796573708561586	227	1.5494400639056858	304	1.9075955557696282	
96	275	1.0936825121024174	102	1.2528508140155805	157	1.3587634692960298	
97	214	0.936761811846258	340	1.8987655960631236	147	2.145645508612543	
98	303	0.5807170238134228	165	0.6941571569237384	371	0.7306539240164087	
99	204	1.6820640874752413	457	1.7488593568703767	13	1.763332753004842	
100	172	0.2361074082661923	115	0.8630112699135379	48	1.2502758917252093	
101	56	2.11678704321191	105	2.3235067665661675	187	2.355736093067779	
102	275	0.3483349569052382	163	0.7504685447352917	96	1.2528508140155805	
103	316	0.563258412540831	301	0.7619701008395446	300	0.9064401615477122	
104	19	0.6343552566281155	107	1.0254122801443977	84	1.244117486716023	
105	74	0.7489664944931559	22	0.798934936147199	263	1.2278845700964087	
106	438	0.2229555994351266	36	0.8341634284848533	349	1.4554743891681403	
107	19	0.521947913161114	429	0.9619327610402144	104	1.0254122801443977	
108	123	0.45291287797662444	28	0.7442596842241334	290	0.9298664246341212	
109	439	1.067992983617391	65	1.5614661366566622	330	1.7273959687482996	
110	387	0.8175884598330213	162	1.255864382097423	128	1.6771511531880643	
111	312	0.8197202463906957	64	0.9020699884435166	66	0.9123904474520418	
112	365	0.5624673646234993	18	0.5689795715109464	167	0.7035921269186264	
113	293	0.5399858261096366	202	0.5573296009981885	255	0.814431468558359	
114	242	0.6285595002582908	317	0.7786463427108293	295	0.8800593444895989	
115	100	0.8630112699135379	172	1.0490426419408678	242	1.5980233973549192	
116	198	0.42788772349360105	414	0.6110028784392986	499	1.0236379791471812	
117	356	0.5891424589132557	478	0.6596181279334797	448	0.751041503272485	
118	239	0.400677331869675	279	0.8573751418201704	444	0.8899339902222866	
119	408	0.3472972986383599	39	0.7185550176556326	176	0.9707556076345649	
120	136	0.9155694908473445	335	0.970018045640387	154	1.001094852232539	
121	186	0.29410595748111035	308	0.6338472530178711	318	0.8018238310308985	
122	194	0.7043000962259137	205	0.7560286894992382	276	0.946192665760411	
123	28	0.3439932403582631	108	0.45291287797662444	290	0.9053325499500903	
124	190	0.8015049581584253	282	1.0194896253585415	67	1.0232440568342493	
125	233	0.4247828690186126	78	0.7338502415054226	137	0.7846848745364472	
126	325	1.8210160892011547	177	2.0615387969771444	217	2.1688485373992994	
127	439	1.8982034714667995	109	2.312049366724358	169	2.5965581668458655	
128	162	0.7619405152954208	211	1.3562927722897415	110	1.6771511531880643	
129	483	0.6316615141238724	371	0.7448031730814142	270	0.856560258488239	
130	133	0.38351034639339926	216	0.8466840012626079	124	1.3530384511431246	
131	225	0.8419001712640485	362	1.0764697645419263	367	1.2171048433407683	
132	212	1.9911698144082592	210	2.0675466866978587	481	2.115607812566792	
133	130	0.38351034639339926	216	0.4710029844527838	480	1.2587250946362052	
134	468	0.47561374190930866	12	0.5128889870049829	7	0.5600802213805727	
135	470	0.24135994388508375	277	0.3091734449391114	149	0.478236569774991	
136	335	0.8442125099994399	120	0.9155694908473445	334	0.990142372800645	
137	39	0.5951073789421709	427	0.7559718710699855	125	0.7846848745364472	
138	431	0.8476565403142691	445	1.0769521549256156	40	1.1778365374186772	
139	93	2.771747819501322	340	2.890750235457784	410	2.954509990724527	
140	374	0.9765074239644477	357	1.0991365651718463	55	1.2870978560558917	
141	191	0.4541043111165827	485	0.5514225518349724	245	0.9618041907849646	
142	46	0.6350453478739073	237	0.6689602186715637	185	0.7849036378675308	
143	329	1.0185118784886196	188	1.4477151181629357	254	1.5124353929261667	
144	20	0.9963660761080302	354	1.0736086309907378	82	1.0892819426485414	
145	461	1.030182046778793	192	1.139004952432893	441	1.2600747091489921	
146	195	0.7829091176722534	415	0.9491690918799364	474	1.4426226815739696	
147	97	2.145645508612543	359	2.479496785095732	214	2.5731147698923977	
148	358	1.4502191235566233	243	1.4881673292360085	431	1.726757996083878	
149	277	0.47496928165974	135	0.478236569774991	470	0.5328963991848285	
150	429	0.9302971102486584	107	1.1498888068139266	374	1.3853678705978794	
151	265	0.8864948376633957	459	0.9595680600269784	77	0.9747289497420207	
152	337	0.4189849682338443	261	0.99020853375517	237	1.024736426111299	
153	418	0.20333033249349772	52	0.3072299084803322	351	0.5192906934066264	
154	120	1.001094852232539	369	1.2936050162831023	335	1.5597256787200673	
155	5	0.7576116772377481	272	0.9139227673291475	170	1.0090508847900785	
156	390	0.8989056501340255	488	1.3162051810759965	82	1.3570495610671616	
157	226	0.8415662841956767	96	1.3587634692960298	275	1.726059208561168	
158	266	0.5699242708876416	81	0.5803918614418773	433	0.8838512823429329	
159	267	0.6759143267747016	363	0.6786012621516612	281	0.96215495736887	
160	23	1.629023752412372	435	1.7292103179812939	251	1.8854804782852217	
161	356	0.4469074567701375	448	0.5943826172558054	117	0.7668249450743361	
162	128	0.7619405152954208	211	0.8834737764166679	110	1.255864382097423	
163	102	0.7504685447352917	275	0.8830956873070138	96	1.7539569206722512	
164	404	0.5874470504472423	454	0.6360979627711365	474	0.655845506732411	
165	244	0.5236022097146974	98	0.6941571569237384	428	0.7792301371100353	
166	432	1.2858848543639507	456	1.5791727807712017	48	1.5988020573271209	
167	112	0.7035921269186264	235	0.9375756539001714	365	0.9619056552626258	
168	434	0.4068675393737774	396	0.8971414123947826	73	1.026425671579418	
169	294	0.7753567369149204	439	1.004237436346092	24	1.2744121459603732	
170	272	0.41856004344690495	72	0.6757291556051641	176	0.8304418053986604	
171	44	1.3596872152374602	313	1.493948399586409	227	1.6091682634556892	
172	100	0.2361074082661923	115	1.0490426419408678	48	1.3816925968313334	
173	347	0.6992275471939863	438	1.4190260364584213	31	1.5233216942502625	
174	6	1.505454205833583	197	1.519412686548308	373	1.5446414191940327	
175	367	0.8805779307049324	217	1.0313373060020885	425	1.1563302417168266	
176	408	0.6505643522255565	213	0.6672821391600157	272	0.6747551943317646	
177	325	0.44003196530508654	131	1.2654891622157276	278	1.7285298605941908	
178	73	1.0810435755321695	280	1.1922854861199734	485	1.2092484601161162	
179	256	0.8432838419466544	193	0.978994855737555	70	1.0967734092140449	
180	182	0.4105269090383489	235	0.5936864614434237	472	1.0312721325830003	
181	397	1.0058719907229439	449	1.0712148700434447	26	1.0764715494506853	
182	180	0.4105269090383489	394	0.8046684471328797	235	0.9256866525335264	
183	386	0.6359370034982303	432	1.180328727043597	113	1.1962528188024806	
184	37	0.5217325727571163	497	0.768701984911167	465	0.7870363886205473	
185	2	0.615305910558947	142	0.7849036378675308	355	0.8688125422495298	
186	121	0.29410595748111035	308	0.42483847638983196	319	0.8474017718859898	
187	105	1.338128420007965	74	1.4571559030285424	22	1.5245319236318726	
188	329	0.8327073226875699	143	1.4477151181629357	19	1.9011221407252472	
189	318	0.25825227129297756	14	0.4648828592635716	475	0.699540146502982	
190	27	0.6492074203502328	124	0.8015049581584253	422	0.8322829543307533	
191	141	0.4541043111165827	245	0.6742481228936494	485	0.8403163715225648	
192	441	0.14705110861652904	461	0.7923493570290238	145	1.139004952432893	
193	205	0.647459223151695	256	0.7206067083332788	276	0.8953193524935071	
194	122	0.7043000962259137	311	0.8161404106096133	467	0.8906154299860516	
195	146	0.7829091176722534	25	1.3634014863924964	415	1.494757445976976	
196	382	0.5351394971485935	447	1.0401102595468743	306	1.3788812543641882	
197	6	0.902829246169612	174	1.519412686548308	327	1.5744907360913425	
198	116	0.42788772349360105	414	0.7870103481204047	499	0.8079239839533717	
199	260	0.4523494242610214	10	0.5757006386061008	426	0.6371284799226187	
200	249	1.0709997188302054	85	1.5468464148286787	246	1.6625070766939571	
201	30	0.6604657518667374	365	1.027886366495351	167	1.1322438388843146	
202	293	0.2944856383470737	255	0.38299792206502964	113	0.5573296009981885	
203	428	0.35792529538245627	220	0.4980282094778886	348	0.49818323894724637	
204	85	1.0369457520865522	47	1.0459876717171435	28	1.2090800506935857	
205	276	0.4426917851218826	407	0.5319791881026565	15	0.5745221359763056	
206	245	0.7066222580000517	420	0.8596343350775768	305	1.0480168388207047	
207	467	1.062579817311321	380	1.318368259227052	4	1.7349168434923377	
208	87	0.4835316719413392	203	0.6608662761169947	428	0.7467491321347767	
209	10	0.6410298135705481	199	0.7659848174657197	308	0.8615018260203422	
210	204	1.3400201996439487	85	1.3937667342478157	291	1.5964754953442621	
211	433	0.6812483529478629	162	0.8834737764166679	52	1.2048457492754447	
212	481	0.4475351796723162	132	1.9911698144082592	17	2.3496998342456825	
213	176	0.6672821391600157	74	1.1264015499679374	408	1.1771389291335552	
214	97	0.936761811846258	340	1.2531251151181195	382	2.0818350370050624	
215	34	0.35761025063015667	277	0.5197375838448106	135	0.534725308352326	
216	133	0.4710029844527838	130	0.8466840012626079	480	1.0314279420150554	
217	16	0.8593283382596396	425	0.9039283369843037	175	1.0313373060020885	
218	64	0.292434493344446	417	0.38692517668645543	57	0.4413893358623503	
219	476	1.066998857103244	155	1.0805977681271453	88	1.2224455556189229	
220	428	0.19000124427584392	203	0.4980282094778886	165	0.8577177107128381	
221	40	0.5225742910080281	21	0.9654817801563794	314	1.1931135658893772	
222	447	0.6262821821412258	0	0.8550762384753934	320	1.0309786318413239	
223	344	0.6113432520657205	430	1.5527271936895735	80	1.6779457921050493	
224	453	0.6526450615698637	466	1.4472889765680355	355	1.8146908313672676	
225	131	0.8419001712640485	68	1.141570578453734	362	1.1585560010978646	
226	157	0.8415662841956767	9	0.9878985956750042	236	1.4015497250626168	
227	95	1.5494400639056858	171	1.6091682634556892	471	1.6515936261596438	
228	23	0.7746698070640922	268	1.3756564160574885	361	1.4627466139671128	
229	451	0.7914947371459995	42	0.9996980072645929	362	1.6886662667927603	
230	427	0.4160997202097007	137	0.9025586552002264	394	0.9239799886787242	
231	459	0.48311343823996244	473	0.9534558676256435	16	1.0064126108027456	
232	285	0.655502713765008	350	0.7231533024199686	83	0.7664912489816063	
233	125	0.4247828690186126	78	0.5818855385149321	235	0.7315532144534975	
234	296	0.14857864887017075	398	0.7640967642238318	311	0.9656096258847343	
235	78	0.5501982154420049	180	0.5936864614434237	233	0.7315532144534975	
236	8	0.6578708759232681	9	1.0728955909254458	226	1.4015497250626168	
237	46	0.19639428933074923	142	0.6689602186715637	336	0.785949190312736	
238	464	1.1103940071318257	79	1.2278462754002135	161	1.2975739076254034	
239	118	0.400677331869675	444	0.8672229551340026	279	1.041363087140404	
240	41	0.42701995142763516	389	0.6115031741654874	450	0.6164933591272653	
241	304	1.7284786798573726	471	2.052232903677785	95	2.064142073697974	
242	114	0.6285595002582908	317	0.7233845554194763	331	0.8785031281706617	
243	148	1.4881673292360085	3	1.5006786617432395	198	1.5713553357738792	
244	264	0.41974753346979005	165	0.5236022097146974	392	0.7233818186288642	
245	191	0.6742481228936494	206	0.7066222580000517	141	0.9618041907849646	
246	405	1.3745414210747446	280	1.3818272157422196	73	1.441003176071686	
247	472	1.2996765968783357	388	1.3363908875470747	257	1.34148033807851	
248	75	1.2999024626218698	438	1.5464644625432902	106	1.585795309247074	
249	85	0.8215177131514676	200	1.0709997188302054	366	1.5304394869363913	
250	38	0.5384683691266583	53	0.9034252834328279	449	0.90357000553492	
251	321	1.1254756078201935	23	1.342915617409195	435	1.403717226657113	
252	493	1.8631851306978073	93	2.3627013014423386	306	2.573208094611858	
253	372	0.37182327336831306	24	0.5880658004400927	494	1.0395326750855904	
254	76	1.0866499100963407	143	1.5124353929261667	65	1.5576855462529897	
255	293	0.28942382277178325	202	0.38299792206502964	497	0.7886270545415927	
256	193	0.7206067083332788	205	0.7596089004042339	179	0.8432838419466544	
257	60	0.9070464773069831	388	1.0204914400284513	365	1.1706299134744453	
258	265	0.2664559766135931	91	0.6003362884134151	77	0.6149747411649381	
259	83	0.5390409188930816	65	1.0313286057239794	58	1.0786522166132673	
260	199	0.4523494242610214	270	0.45645292612914	336	0.5279861700909153	
261	152	0.99020853375517	355	1.0964360410416119	337	1.0993173382735744	
262	1	0.6675316494154363	11	0.8056172830909137	462	0.9168397873513123	
263	495	1.1792242252434746	105	1.2278845700964087	476	1.2900514194521016	
264	392	0.38061183557692035	244	0.41974753346979005	50	0.6563320921926714	
265	258	0.2664559766135931	424	0.6282372525857742	77	0.663436995692651	
266	158	0.5699242708876416	473	0.8009783296553405	81	0.9147265404835295	
267	35	0.6375502677548331	450	0.6490426469112138	159	0.6759143267747016	
268	361	0.506200642661728	161	1.2731520194607953	228	1.3756564160574885	
269	458	1.7510566793078401	299	1.7529083166924162	271	1.8334834491533616	
270	260	0.45645292612914	483	0.4838656407488927	66	0.591666086419048	
271	269	1.8334834491533616	324	1.8668547146796683	299	1.866871010982645	
272	170	0.41856004344690495	176	0.6747551943317646	72	0.7321923825111702	
273	50	0.2855902990396359	437	0.4515209684904392	72	0.6258751510416306	
274	313	0.510438246926833	314	0.7038916560743692	490	0.791026950495714	
275	102	0.3483349569052382	163	0.8830956873070138	96	1.0936825121024174	
276	15	0.17343823776663114	407	0.2646989802464617	61	0.31432130052078616	
277	135	0.3091734449391114	149	0.47496928165974	215	0.5197375838448106	
278	457	1.2810729090728528	13	1.4810580393351813	325	1.4872062255873766	
279	416	0.5572174896696982	444	0.6439573346734453	379	0.8039616911221601	
280	434	0.8963889306456279	73	0.9718360075886703	365	1.0087645933385883	
281	450	0.36563060162044475	37	0.7332363281128302	240	0.762601233964755	
282	67	0.5272129978937686	400	0.6789820430596665	88	0.7808268638335338	
283	472	1.143763941679643	440	1.1999252475284474	247	1.6066239600881216	
284	250	0.913834123251047	38	1.080223976831481	53	1.1026893375334408	
285	350	0.3878766171496792	232	0.655502713765008	83	0.8986297288322944	
286	445	0.3598891125929181	274	1.0408230948861348	313	1.1455904522445701	
287	299	2.117463718348076	271	2.2073571546174335	195	2.3383660841533525	
288	480	0.20212894330225836	397	0.6469556302731955	54	0.7662774628226455	
289	303	0.9329380873855466	378	0.9926661265571486	89	1.0028378065051013	
290	28	0.8142413520346549	381	0.8327052360091854	123	0.9053325499500903	
291	32	0.5160940657862689	419	1.2437611931283261	402	1.3559543832954417	
292	429	1.0507956127849425	150	1.4050482694131619	226	1.4335195315672171	
293	255	0.28942382277178325	202	0.2944856383470737	113	0.5399858261096366	
294	169	0.7753567369149204	24	1.0392134786137814	65	1.1870326787983965	
295	331	0.6769715392355489	317	0.8578047278435245	114	0.8800593444895989	
296	234	0.14857864887017075	398	0.6399504772144504	311	0.9595063594264599	
297	107	1.3082559654055794	150	1.4646488096641062	441	1.4856335667761662	
298	443	0.6884268612748986	403	0.9409983227010057	5	0.9828196020392244	
299	269	1.7529083166924162	271	1.866871010982645	287	2.117463718348076	
300	301	0.6372063062865563	103	0.9064401615477122	316	1.4335696525191075	
301	300	0.6372063062865563	103	0.7619701008395446	316	1.1990449652996849	
302	395	1.5014595950776657	422	1.5204438072373383	92	1.811265660768482	
303	98	0.5807170238134228	273	0.8822491520563555	289	0.9329380873855466	
304	227	1.687925849684709	241	1.7284786798573726	95	1.9075955557696282	
305	420	0.6716925973452819	206	1.0480168388207047	430	1.5161014013392236	
306	493	1.1832228456883642	93	1.316546966478544	16	1.3414989857818316	
307	498	0.5672474838937778	21	0.8444203947069462	490	0.9289252382628448	
308	186	0.42483847638983196	121	0.6338472530178711	209	0.8615018260203422	
309	45	0.25449096366613605	190	1.625853097079099	130	1.6779526463605532	
310	487	0.7504067664384955	116	1.0758003137347227	499	1.1683388593776314	
311	194	0.8161404106096133	296	0.9595063594264599	234	0.9656096258847343	
312	111	0.8197202463906957	64	0.9142484890455778	383	0.9986916978100129	
313	274	0.510438246926833	314	0.8494883352992938	490	1.1451952682841322	
314	274	0.7038916560743692	40	0.8153010256537015	313	0.8494883352992938	
315	324	0.2958588348949103	269	2.0150538325573857	271	2.0803424234799714	
316	103	0.563258412540831	62	0.7130473382732531	79	1.1518704854033552	
317	242	0.7233845554194763	114	0.7786463427108293	338	0.7998273253510643	
318	189	0.25825227129297756	14	0.3830283957481656	475	0.5586710180465974	
319	426	0.5061443805302418	10	0.5675964310211848	199	0.7105849848513865	
320	360	0.8686207863716869	447	1.0288617914204834	222	1.0309786318413239	
321	251	1.1254756078201935	213	1.2561520114133298	361	1.4169205029527214	
322	247	2.19080681264214	145	2.4649791807788035	388	3.0984717933646855	
323	402	1.291214733644199	291	1.7210956313807633	387	1.9375549777977412	
324	315	0.2958588348949103	271	1.8668547146796683	269	2.046051930547211	
325	177	0.44003196530508654	278	1.4872062255873766	131	1.5661215879087278	
326	331	1.0889862219674422	48	1.3815472724268534	295	1.4235338974794534	
327	373	0.48691111655129476	6	1.0509303589810257	499	1.4152938165774287	
328	349	1.385891897209616	251	1.5225096279052217	238	1.5231081022763182	
329	188	0.8327073226875699	143	1.0185118784886196	254	1.7819601815165038	
330	86	0.8281025980073328	398	1.4419559895675707	109	1.7273959687482996	
331	295	0.6769715392355489	242	0.8785031281706617	326	1.0889862219674422	
332	388	1.2644971920297405	440	1.4396719861219383	60	1.7957076059181947	
333	29	0.3394274272194797	51	0.8563031901152757	38	0.921043313976241	
334	136	0.990142372800645	412	1.2899437958532292	179	1.3004783361883605	
335	136	0.8442125099994399	369	0.9208792858676987	120	0.970018045640387	
336	260	0.5279861700909153	46	0.7437691604329235	199	0.7595650701055201	
337	152	0.4189849682338443	255	0.8532283216947657	497	0.8895295564385497	
338	317	0.7998273253510643	403	0.9956983073912518	400	1.1026828744428832	
339	286	1.2720207548311757	445	1.343814801318337	487	1.375602766590553	
340	214	1.2531251151181195	97	1.8987655960631236	493	1.903539247105843	
341	394	0.9621782953185628	461	1.1698192207186835	74	1.2100861689411215	
342	369	1.5265461001516138	136	1.6916965608302459	334	1.874546086545087	
343	416	0.9398390636463421	414	1.0437349053970597	444	1.0936555605327811	
344	223	0.6113432520657205	430	1.6216842466005015	305	1.7791225433689466	
345	27	0.524204170710995	469	0.7961710045925827	495	1.0033048723988198	
346	411	0.7974745437677098	320	1.4933860460775366	380	1.672202796606791	
347	173	0.6992275471939863	349	1.945041294627698	31	1.995522843843826	
348	421	0.4851621812577311	203	0.49818323894724637	244	0.7447786130879862	
349	438	1.3534480740222483	328	1.385891897209616	106	1.4554743891681403	
350	285	0.3878766171496792	232	0.7231533024199686	83	0.8061304244364709	
351	153	0.5192906934066264	418	0.5578666380465565	81	0.6615722971412233	
352	392	0.4443041094495075	376	0.6397202255393959	413	0.7122437311630041	
353	289	1.0332644247684344	87	1.1383653356286132	170	1.1804799060013371	
354	412	0.7536853256296362	20	0.8094789866595864	144	1.0736086309907378	
355	2	0.8487197734053663	185	0.8688125422495298	261	1.0964360410416119	
356	161	0.4469074567701375	117	0.5891424589132557	448	0.6393617011586914	
357	55	0.9491112732932894	140	1.0991365651718463	374	1.6469837526340132	
358	148	1.4502191235566233	243	2.006259434420422	3	2.2359073876472446	
359	44	2.2239485499448755	147	2.479496785095732	241	2.6875174107413047	
360	320	0.8686207863716869	473	0.9252712436972569	77	0.9675397769326615	
361	268	0.506200642661728	161	1.0798873263805735	395	1.3217275473039916	
362	69	0.6359214367789056	131	1.0764697645419263	225	1.1585560010978646	
363	465	0.6520054050851581	379	0.6690922187926389	159	0.6786012621516612	
364	28	0.7679938014516595	381	0.7940719279721723	383	0.9815275785232034	
365	112	0.5624673646234993	30	0.6033522998359918	167	0.9619056552626258	
366	405	0.9555703774803346	60	1.1652850690098882	249	1.5304394869363913	
367	175	0.8805779307049324	217	1.1068200259975585	131	1.2171048433407683	
368	419	1.6106840694258833	32	1.628003081509543	130	1.7264090048235863	
369	335	0.9208792858676987	120	1.002131712630061	136	1.1145664618218813	
370	301	1.8602215954859878	482	1.8778918694109485	143	2.2841416603537144	
371	483	0.263418789570238	270	0.6207761594672958	98	0.7306539240164087	
372	253	0.37182327336831306	24	0.7599936527478657	455	0.9553568912772396	
373	327	0.48691111655129476	6	1.4097191515205094	174	1.5446414191940327	
374	140	0.9765074239644477	55	1.1626830879816217	9	1.1936520934375854	
375	492	2.514367508650946	188	2.740984078536826	344	2.7647206039075987	
376	352	0.6397202255393959	421	0.9127643265470661	285	0.9163645425099858	
377	54	0.9992422721247652	293	1.0024753653572593	113	1.1004618364307306	
378	57	0.6671050032235356	417	0.6854922692521399	89	0.7998248170504493	
379	444	0.5805809453480211	363	0.6690922187926389	404	0.7575408823793915	
380	207	1.318368259227052	346	1.672202796606791	411	2.00622445481841	
381	364	0.7940719279721723	290	0.8327052360091854	383	0.9150004593824284	
382	196	0.5351394971485935	447	1.2713858563906428	93	1.5862504801778712	
383	64	0.7531922449447077	452	0.84104035931443	381	0.9150004593824284	
384	197	2.0149592385625636	466	2.3872486947491582	287	2.6552622736244587	
385	69	1.2337071614266846	47	1.3047817298737943	49	1.4438556966852656	
386	183	0.6359370034982303	414	0.9297757322128456	416	0.9619898326172202	
387	110	0.8175884598330213	284	1.1992151516585796	108	1.4896995124841708	
388	60	0.7922215267174887	257	1.0204914400284513	405	1.2393602198408014	
389	240	0.6115031741654874	450	0.6162420289982917	267	0.7569077227611599	
390	156	0.8989056501340255	488	1.1263354706916584	171	1.697398544441893	
391	228	2.295488061772316	23	2.699987016286407	101	2.765270247071068	
392	264	0.38061183557692035	352	0.4443041094495075	72	0.5714285530319386	
393	68	1.9280367199407176	451	2.0974402428039802	225	2.1236637113170795	
394	461	0.5497277712704056	427	0.6009278167160546	182	0.8046684471328797	
395	219	1.308184203863148	361	1.3217275473039916	263	1.351220643742548	
396	423	0.43137768317700853	43	0.5484571460729427	168	0.8971414123947826	
397	480	0.5440812737447608	288	0.6469556302731955	26	0.7786151990897013	
398	296	0.6399504772144504	234	0.7640967642238318	311	1.3348685897021122	
399	148	1.8620334951206845	295	1.884675373988	326	2.011472505862172	
400	67	0.6221257505575815	282	0.6789820430596665	88	0.6975916414301864	
401	446	0.39523195741285505	463	0.5660868217065423	455	0.6083568547937005	
402	32	1.259672344718517	323	1.291214733644199	291	1.3559543832954417	
403	443	0.6466214673026371	298	0.9409983227010057	338	0.9956983073912518	
404	454	0.4790852362501027	164	0.5874470504472423	379	0.7575408823793915	
405	60	0.4652988689888746	366	0.9555703774803346	257	1.2296383920008447	
406	8	2.758147146144525	236	3.2581192653413464	9	3.7200689845036146	
407	276	0.2646989802464617	61	0.345903102841402	15	0.35769593320699644	
408	119	0.3472972986383599	176	0.6505643522255565	39	0.9573670221060678	
409	70	0.4316049849447156	164	0.7118485200451004	404	0.8352600735216216	
410	0	1.7692257268422744	222	2.464840024079824	93	2.9034790876837895	
411	346	0.7974745437677098	320	1.4497624926649775	222	1.7523716621979673	
412	424	0.557005810297291	354	0.7536853256296362	498	0.9489012528129319	
413	352	0.7122437311630041	392	0.8119740544546925	264	0.8643701822673422	
414	116	0.6110028784392986	198	0.7870103481204047	386	0.9297757322128456	
415	474	0.6581214023727232	146	0.9491690918799364	487	1.1633825214321953	
416	279	0.5572174896696982	444	0.6455160732579427	202	0.9363967353032403	
417	57	0.3561367641808787	218	0.38692517668645543	89	0.5978296261146033	
418	153	0.20333033249349772	52	0.3983373375814272	351	0.5578666380465565	
419	449	1.0286212516240358	181	1.2034885910427775	291	1.2437611931283261	
420	305	0.6716925973452819	206	0.8596343350775768	430	1.0407464122427679	
421	348	0.4851621812577311	376	0.9127643265470661	203	0.9528335177457387	
422	27	0.7395725381924344	190	0.8322829543307533	345	1.1836730494046561	
423	396	0.43137768317700853	43	0.7899105513776278	191	0.9286893779803026	
424	412	0.557005810297291	265	0.6282372525857742	258	0.6843527554209352	
425	16	0.371800377803648	217	0.9039283369843037	231	1.0247914564512406	
426	10	0.2908605276788828	319	0.5061443805302418	41	0.6233792577053398	
427	230	0.4160997202097007	394	0.6009278167160546	137	0.7559718710699855	
428	220	0.19000124427584392	203	0.35792529538245627	208	0.7467491321347767	
429	150	0.9302971102486584	107	0.9619327610402144	292	1.0507956127849425	
430	420	1.0407464122427679	305	1.5161014013392236	223	1.5527271936895735	
431	138	0.8476565403142691	445	1.3021180612210617	286	1.313677487164679	
432	386	1.1698206389710322	183	1.180328727043597	166	1.2858848543639507	
433	211	0.6812483529478629	81	0.8331824705563139	158	0.8838512823429329	
434	168	0.4068675393737774	73	0.7521900707298661	280	0.8963889306456279	
435	251	1.403717226657113	349	1.6879845422160877	160	1.7292103179812939	
436	479	0.7083762062197179	181	1.1334547511518658	250	1.1600346911260324	
437	273	0.4515209684904392	50	0.5136622478468469	5	0.6322912807129258	
438	106	0.2229555994351266	36	1.041621059935444	349	1.3534480740222483	
439	169	1.004237436346092	109	1.067992983617391	294	1.2012555035137458	
440	283	1.1999252475284474	332	1.4396719861219383	388	1.4477717368539982	
441	192	0.14705110861652904	461	0.8428867138823345	230	1.163687040364496	
442	463	0.3778235751833803	401	0.7944294478037007	41	0.86760744962852	
443	403	0.6466214673026371	298	0.6884268612748986	33	0.799513794482969	
444	379	0.5805809453480211	279	0.6439573346734453	416	0.6455160732579427	
445	286	0.3598891125929181	274	0.8869404008336519	138	1.0769521549256156	
446	455	0.24266363845525335	401	0.39523195741285505	463	0.6676888501518369	
447	222	0.6262821821412258	320	1.0288617914204834	196	1.0401102595468743	
448	161	0.5943826172558054	356	0.6393617011586914	117	0.751041503272485	
449	250	0.90357000553492	419	1.0286212516240358	181	1.0712148700434447	
450	281	0.36563060162044475	35	0.5150271191929823	389	0.6162420289982917	
451	229	0.7914947371459995	225	1.3132268188634237	68	1.427852862204067	
452	319	0.7154141263598159	64	0.7677102056959397	383	0.84104035931443	
453	224	0.6526450615698637	118	1.2483975079090344	239	1.342345814951873	
454	404	0.4790852362501027	477	0.6228957241138555	164	0.6360979627711365	
455	446	0.24266363845525335	401	0.6083568547937005	463	0.7294476373924539	
456	62	1.381661995024574	33	1.438670539804752	464	1.4907582398815544	
457	278	1.2810729090728528	385	1.5694408270078068	99	1.7488593568703767	
458	269	1.7510566793078401	304	2.5922100620034287	171	2.6362221865102957	
459	231	0.48311343823996244	473	0.9344921493962922	151	0.9595680600269784	
460	7	0.8924694225613446	61	0.8971584769177778	49	0.9573911208690987	
461	394	0.5497277712704056	192	0.7923493570290238	427	0.8062895878862995	
462	11	0.2279549251545923	262	0.9168397873513123	1	1.4960694854452448	
463	442	0.3778235751833803	401	0.5660868217065423	446	0.6676888501518369	
464	79	0.6541455266039077	238	1.1103940071318257	117	1.2980238698579392	
465	363	0.6520054050851581	184	0.7870363886205473	255	0.8390573111300839	
466	224	1.4472889765680355	453	1.784171844334025	25	1.8593254794587126	
467	194	0.8906154299860516	234	0.9824338287004872	296	1.0584220210657906	
468	12	0.30910737502341146	134	0.47561374190930866	215	0.7754465496453997	
469	345	0.7961710045925827	17	0.8172768810600093	27	1.270321510118851	
470	135	0.24135994388508375	277	0.530968910373676	149	0.5328963991848285	
471	95	1.3796573708561586	227	1.6515936261596438	431	1.937961335722489	
472	180	1.0312721325830003	283	1.143763941679643	182	1.1987839696071634	
473	266	0.8009783296553405	360	0.9252712436972569	459	0.9344921493962922	
474	477	0.5386472000830926	164	0.655845506732411	415	0.6581214023727232	
475	14	0.2924568290262237	318	0.5586710180465974	189	0.699540146502982	
476	495	0.45129461865743137	219	1.066998857103244	27	1.1881152867397389	
477	474	0.5386472000830926	454	0.6228957241138555	164	0.6971889976053116	
478	117	0.6596181279334797	448	0.777151714952443	356	1.0832778919685049	
479	436	0.7083762062197179	181	1.097218117602113	90	1.221080268869012	
480	288	0.20212894330225836	397	0.5440812737447608	54	0.9060676559891238	
481	212	0.4475351796723162	17	2.0431475570959927	132	2.115607812566792	
482	370	1.8778918694109485	456	1.9215316002720813	316	1.9768590311395404	
483	371	0.263418789570238	270	0.4838656407488927	129	0.6316615141238724	
484	21	0.7265090032133393	477	0.8574945273388622	454	0.9438986253221702	
485	141	0.5514225518349724	191	0.8403163715225648	178	1.2092484601161162	
486	342	3.2957589120047546	195	3.7510258375322114	287	3.7843084935566367	
487	310	0.7504067664384955	116	1.1582658526827294	415	1.1633825214321953	
488	490	1.0098632825153115	390	1.1263354706916584	477	1.2165883383995297	
489	22	0.6965317017479375	105	1.3626247429028409	74	1.4774774005819584	
490	274	0.791026950495714	307	0.9289252382628448	21	0.9827220861614745	
491	422	1.3397203205017527	56	1.5379001577391596	27	1.5968066668317449	
492	305	1.8295018008903174	420	2.1117866299522254	206	2.4914373186354557	
493	306	1.1832228456883642	93	1.4864651866769358	252	1.8631851306978073	
494	59	0.10023528844983798	24	0.7465932974681581	455	0.8354772590513586	
495	476	0.45129461865743137	27	0.8138445047205827	345	1.0033048723988198	
496	169	1.6765771396811497	467	1.728618849572558	207	1.8230536072178718	
497	37	0.3808027036408708	184	0.768701984911167	255	0.7886270545415927	
498	307	0.5672474838937778	454	0.8313912521495572	21	0.907873639800844	
499	198	0.8079239839533717	116	1.0236379791471812	310	1.1683388593776314	
