1.5605031801929270	3.9214055820324725	5.1867625174693099	3
6.1884219291794604	0.9131168468347797	1.8705541645243469	0
5.8921416454190103	1.3600558448146891	9.4248310670920432	2
4.3994451812408073	1.0783308225385753	2.2172270340584266	0
5.2567853368358497	9.0719402330285988	7.1968211895538250	1
12.2876712270296355	15.9190536327046317	12.0695712546524394	4
14.9243584445957431	14.7313158293703133	12.9708880558895636	4
12.5913337389821312	15.4190072421669058	13.7028195568924591	4
11.8396049620790329	15.2175640477458352	12.2970188273250649	4
5.0258156887320817	7.8711150465885344	7.6718190444012322	1
6.0203002252680147	0.4469454581450716	4.2296027680951784	2
12.8025480592975249	15.1092878670327266	12.2995411200642568	4
6.4392772257240036	1.7924256124275932	3.6073017655063482	2
2.8712959826967763	8.0087808357266397	7.3484594008980419	1
6.7232886306320729	1.5244931897730805	2.2979678180802110	0
5.3432366830478042	2.9120479200534559	5.2148571210796302	2
2.1973236343357971	2.2193394648759659	7.2393377672256038	3
4.9134814406342961	8.4797269183519148	7.2727666989055191	1
4.6144188589115220	1.1087303106244759	5.3904216896025403	2
5.8069933251729093	0.9827983185735478	1.7236167106895535	0
3.6292424419911029	9.2912528179488447	6.8172380000704544	1
3.2774813959459834	3.3242548417459226	7.4081943239213377	3
4.4728622609647317	1.7615028264829347	3.4300296676712358	0
4.8840670319715311	0.9709834851420172	1.2433662014601778	0
4.8009298965624350	9.5265879665772175	8.4544326790264677	1
0.9284003620017511	2.0430302729941054	3.8551596123243952	3
5.4961990340047127	1.7091247855836793	5.0490783255260094	2
6.1464601041960254	1.3631119033266739	2.0996662802181181	0
5.9288610130711845	7.2997550141312546	7.0626245471661786	1
2.9546172844317984	4.3289562419249208	6.9629264051708555	3
13.1179068616088674	16.3122710648590967	12.4085188925730829	4
1.5365239687892771	2.0218782632705685	7.2206243514975217	3
11.8149091608752386	15.5675225141586715	11.1983870269196721	4
4.9974730850694939	0.3124819674158128	5.0474247339028775	2
3.8816060462438733	-0.2696625116711244	1.0418114572623414	0
7.6810723837018484	1.4672595941352489	5.9849099105753334	2
1.9221908982658200	4.0476043745983485	6.1436221255323611	3
4.2182873602135835	8.0755558773925138	5.7732462556053328	1
3.3483965583866224	3.9755918233746548	5.1651369606965183	3
14.0309935692700325	13.9367327232852922	13.9446448085024510	4
0.7395771924268106	3.8890597855568094	6.2904917244906002	3
6.7182347359237973	-0.1382607735003063	2.4412313211303225	0
7.8219690548020280	2.3771019559714488	5.2257546829030179	2
6.8532953487546617	1.3845478939327791	3.0409160705810967	0
6.5378492596675484	0.2599560557365947	1.8002250990523783	0
4.8731712254793962	7.9864684276074573	5.9044078313985349	1
6.3936352583053671	1.3084102654042176	2.5083027469677810	0
6.4045657264006044	-0.9115102090095109	1.9759560055380743	0
13.8302023829804384	15.2577051386088911	13.5508976793945521	4
3.0759499768436802	8.4406506194569815	6.6293508487233943	1
5.2190829369005876	1.0148577070015152	4.8845232553502900	2
6.9675300730586942	1.1268352399418418	0.9254378277495956	0
5.6966278435706021	2.9999323494971719	5.1697024385097965	2
2.9583124479631939	7.4737686191011665	5.6975602675513972	1
0.9223698520591865	2.4838670389924680	4.9978703890701937	3
12.7817436256774712	15.8067313442212267	13.5880701590294315	4
5.8594675192108348	0.6505920265975180	1.6403453266780235	0
0.1536866937974990	4.2728979362114838	3.6975223445051491	3
0.2357894431872669	2.9326689058288395	6.0210056147126654	3
6.0285996487610918	1.7390324726209450	5.7866209058727129	2
5.4771480583177548	9.2740250697745239	6.1923064296439145	1
5.6160704213162518	0.1422894834523225	6.5113409046043333	2
6.1212784962891984	2.3040311447509509	6.8386577404803450	2
5.0916892684861370	1.7647392887949307	2.5607434856886284	0
5.3426585664586792	3.0961697122774052	4.6142722019012270	2
0.1673253562664732	3.9012706681312199	4.0862310819833647	3
4.9560924755003999	1.2435495372109784	5.7875444253051453	2
12.9742905242478344	14.7155342029370253	12.2471025352758627	4
13.8073892253084090	14.8506179939341436	12.9522743954575290	4
1.1321267944589790	4.3066846326084676	4.8354247320760120	3
0.4270303338184838	3.3815013479878675	4.3360098984963873	3
2.5237477879666765	3.2892185772345179	5.0014370462621551	3
13.5375235981513633	14.3237134271333240	11.9944948367812021	4
4.5068846151491684	7.7922979738650016	5.4086585716581022	1
5.3875870302767073	2.2875525213170702	5.6052126820188803	2
4.2429787319848655	7.6577844445714964	7.7090908702402441	1
5.3934186411391849	8.8688927724412814	6.1746977120667257	1
4.4144280583386593	1.4575795949750177	6.2626632477985025	2
11.6284913457182597	15.2583176227478710	14.0761749020315907	4
3.7569146242372482	8.4709152733896929	8.3553850281274293	1
13.0525522287128659	13.8480952124974941	15.3406599986705316	4
3.1693537034764718	4.5692324384878438	3.4362729073505895	3
4.3025836656124135	8.3633606362156936	6.9421244408160767	1
4.8187806387608205	-0.3023026631643191	1.7090157081192769	0
8.0246223351025012	2.4074439497148359	1.6836784845414920	0
4.9686460644079213	-0.1252485580681650	2.3713635914483868	0
5.3403279392043856	1.9715164222763280	3.6988908878518494	0
4.4531143915186533	8.3381188745391146	7.0157821024325777	1
2.0372525305562750	3.1093008205241719	5.2335031674922057	3
3.1883039012576768	8.1345592277371725	5.6788260045133967	1
12.8672626154775998	14.3485189960473480	14.6411876411789343	4
11.3865276205331227	14.8650916354835267	13.3314617049661237	4
13.2622466778145558	14.5824327204364295	12.3050249152943287	4
3.3747094674949589	10.2295368636117416	7.2178206556463360	1
0.4374469821549227	4.2107092875119072	7.3543046693223175	3
12.9033358131183800	14.2792230288895947	12.7446037239309025	4
12.7463570802323360	13.8331668191641306	12.6745417517481656	4
7.4935021605492258	1.0734915444363384	4.9886852525079446	2
1.0412698692985622	3.7364986524048160	6.1056956188939653	3
7.5506768606329446	-0.0831516227082156	5.9638710487967472	2
G7
0	69	0.6748218387932384	88	0.9428620127573764	36	1.030691248722156	98	1.0715558075343472	71	1.16698162527041	40	1.3759301909512942	70	1.5165873842600568	
1	19	0.414649132155753	56	0.4797149091918741	27	0.5067037666928869	44	0.7440864571877375	46	0.777877015744687	14	0.9179029645193336	51	1.2433543105043448	
2	62	2.7625867477048174	61	3.169794182365157	77	3.491769414589526	59	3.660439488408338	66	3.7576077340161755	21	3.8420501914506744	35	3.8787657048722117	
3	63	1.0336159883705005	23	1.093062994671742	85	1.340280212919655	22	1.3939168851358057	19	1.494646910857831	83	1.52979403829093	56	1.627088875641002	
4	17	0.6887248330198356	60	1.0480686585994279	76	1.0510153825354445	87	1.1032478985196765	82	1.2155066055775747	9	1.3118502463481234	24	1.4128324042508946	
5	8	0.8628924694926463	30	0.9791816272415015	11	0.9867648588483238	32	1.0516843904665916	67	1.396933224152232	55	1.6008006603540306	92	1.6708654041229587	
6	68	1.1234766182078073	48	1.3456130035818548	39	1.5419680042726691	72	1.744360721852725	92	1.7967068284507766	67	2.080115245257566	95	2.083296660603132	
7	55	0.44693772337439713	78	1.0451224051751518	48	1.2585285624716405	91	1.3770573468693756	90	1.45004016895107	11	1.452490258730434	95	1.521391116590244	
8	5	0.8628924694926463	11	0.9690147066743735	32	1.1532877540636233	91	1.1830418191808076	67	1.24178779438559	95	1.4873935023357872	92	1.558000433801381	
9	17	0.7363899566076728	75	0.8122393955033014	87	0.98816183916301	82	1.1392210032625167	28	1.2300654779164275	4	1.3118502463481234	79	1.5611318578692852	
10	50	1.1804212426953815	33	1.3164682133737036	12	1.5404924895312795	26	1.5935240514418223	43	1.7279916863788758	86	1.7516660738617151	97	1.771747769437136	
11	67	0.43276694355115464	92	0.6992347512614042	95	0.9472309793299605	8	0.9690147066743735	5	0.9867648588483238	72	1.1181992122522515	68	1.2258371021324894	
12	43	0.8115220236434277	86	1.117207062207482	46	1.2017291242591803	14	1.3663109628155232	10	1.5404924895312795	27	1.5946839448562202	63	1.7064712327091376	
13	49	0.8634302966831144	79	1.418375068692845	75	1.4610842165934108	82	1.5295160561320313	20	1.581585722317631	87	1.6496324460954632	89	1.704109709687142	
14	46	0.4467705881101716	27	0.6309505277309387	43	0.7671105125592763	1	0.9179029645193336	19	1.2095080052861389	12	1.3663109628155232	44	1.3715647042725136	
15	52	0.3669440429170092	64	0.6281746681736529	74	0.7377932774825469	26	1.2238889481109247	59	1.4739747149417175	86	1.7840295903903782	66	1.8060283052617305	
16	31	0.6899255873310194	21	1.5543781125419727	36	2.1491494526976895	88	2.2002332636109356	98	2.2188683666305984	29	2.258402058880373	40	2.4110784829629095	
17	87	0.5459228341151277	4	0.6887248330198356	82	0.7043163394238265	9	0.7363899566076728	75	1.1469708344162162	76	1.2599782848425405	60	1.45465597400105	
18	66	0.5409469025165291	50	0.7939546200509187	33	0.9478337807122408	77	0.96046732341594	26	1.1200558445666888	74	1.4260245425859808	59	1.5981745651743038	
19	56	0.3464804249356502	1	0.414649132155753	27	0.6334740685700726	44	1.0307861946576644	46	1.032426303984106	23	1.0404677239523221	14	1.2095080052861389	
20	49	1.0319681359952042	93	1.0514896335198047	82	1.153242787721415	87	1.275401530452622	13	1.581585722317631	17	1.5859856515161306	89	1.6817695234392536	
21	29	1.145394978814675	16	1.5543781125419727	36	1.9897712744730982	31	2.1822694631709303	38	2.336787358451404	77	2.4676640039511466	88	2.5126986479950832	
22	86	0.93214203266394	63	1.067059420141209	3	1.3939168851358057	50	1.7971855297211456	26	1.9160584977306065	12	1.974631466626279	64	1.9850218358916616	
23	19	1.0404677239523221	3	1.093062994671742	56	1.1007493915845097	83	1.357331717620682	1	1.448466425814513	63	1.5519787942910617	27	1.575008187289594	
24	4	1.4128324042508946	79	1.4880265996072293	17	1.5826940301080124	9	1.8448979130122478	87	1.8981964834580918	82	1.9719338212427684	93	2.014311584760355	
25	54	1.2248107366434409	70	1.5080098545656568	65	2.0213081295449857	88	2.065506467748474	71	2.326385749335962	57	2.36586993965656	0	2.387679641694125	
26	50	0.7654269911609936	74	0.8097287417964175	59	0.9101175430467007	66	1.0265513075144777	18	1.1200558445666888	15	1.2238889481109247	52	1.3118330882369946	
27	46	0.48069906174032073	1	0.5067037666928869	14	0.6309505277309387	19	0.6334740685700726	56	0.8950000318053598	43	1.1772963656199247	44	1.2082232062292262	
28	9	1.2300654779164275	17	1.5708243360764085	45	1.7110003508349494	87	1.8050545178064412	75	1.840734322386334	76	1.8807726876749655	4	1.9000881304543555	
29	21	1.145394978814675	36	1.3477101389890347	38	1.8740265247741563	98	2.178703501470061	16	2.258402058880373	71	2.26144720023971	0	2.2944301758806236	
30	5	0.9791816272415015	11	1.2483973339240955	55	1.3266187547797066	67	1.6112881489605906	7	1.6584371317783249	8	1.6866746764592484	68	1.705135090400221	
31	16	0.6899255873310194	58	1.9901092970764418	98	2.104344501426088	21	2.1822694631709303	40	2.233078078649398	88	2.3198852364968188	36	2.32642194224112	
32	5	1.0516843904665916	8	1.1532877540636233	11	1.5485315374097162	67	1.7804082244420225	30	1.9279192265645653	92	2.0711917356010563	72	2.2689753611270196	
33	50	0.7543072965985288	18	0.9478337807122408	66	1.1901161002078635	10	1.3164682133737036	26	1.4830176897280998	61	1.5983362289738856	77	1.7686137864136777	
34	83	1.1508792763406461	23	1.607717273721719	85	1.7234326991803306	3	1.8619466095951918	56	2.2620891260710265	19	2.395961750270625	1	2.7216136763897056	
35	97	1.0875198549537815	42	1.1933070246256794	99	1.5560271743949023	59	1.6863704120355472	62	1.965204558359559	26	2.3891318675676105	74	2.465182658168278	
36	98	0.935011791136392	0	1.030691248722156	40	1.20219891991749	88	1.3122382621298898	29	1.3477101389890347	71	1.4971995406415366	69	1.55006589810262	
37	73	0.5444700127216944	45	0.6738047266525012	89	1.0359838342806962	82	1.2067367808129177	87	1.2915023781444837	53	1.3983608448930105	49	1.4734802144872388	
38	71	1.0853347361795325	88	1.5729693899013142	36	1.731092605927882	0	1.788845031087207	81	1.8366917103199594	29	1.8740265247741563	64	2.248091677136173	
39	68	1.367473666011299	48	1.3929544228789963	90	1.4173953523992135	6	1.5419680042726691	95	1.6819661795355956	80	1.7070625285589232	96	1.8094691432130343	
40	98	0.38528297557814056	58	1.1140504362343433	94	1.1517113560516923	36	1.20219891991749	0	1.3759301909512942	69	1.563881598889433	88	1.846404651305812	
41	44	0.7758895152496414	47	0.9553973290469419	1	1.30834587468439	56	1.4146336093960705	46	1.484156491694566	19	1.6131041893525597	43	1.6421965185298062	
42	35	1.1933070246256794	97	1.365097989343866	59	1.9844085799489708	12	2.2075037863452773	52	2.2154310680676996	62	2.345025371378611	26	2.426234577499629	
43	46	0.7076448895598905	14	0.7671105125592763	12	0.8115220236434277	27	1.1772963656199247	1	1.426201559168383	41	1.6421965185298062	44	1.7039739213059286	
44	1	0.7440864571877375	41	0.7758895152496414	56	0.7989742105537647	19	1.0307861946576644	47	1.1920482629376203	27	1.2082232062292262	46	1.2733530003247568	
45	73	0.64624714664511	37	0.6738047266525012	76	1.0594275423301573	87	1.2390555075947194	82	1.2427685471742478	60	1.4510257490015952	17	1.45510647116365	
46	14	0.4467705881101716	27	0.48069906174032073	43	0.7076448895598905	1	0.777877015744687	19	1.032426303984106	12	1.2017291242591803	56	1.213016938147264	
47	41	0.9553973290469419	44	1.1920482629376203	85	1.6841673962031247	56	1.6881735626809475	83	1.7196235926741277	1	1.8404052765859107	19	2.0022918598714767	
48	68	0.7242860067638704	55	1.1840934648314576	7	1.2585285624716405	6	1.3456130035818548	39	1.3929544228789963	92	1.5266844684156875	95	1.5705472995060674	
49	13	0.8634302966831144	89	1.004894434195272	20	1.0319681359952042	82	1.268239436322017	53	1.3479366001314816	87	1.4340236042709391	37	1.4734802144872388	
50	33	0.7543072965985288	26	0.7654269911609936	18	0.7939546200509187	66	0.967941717965846	10	1.1804212426953815	59	1.411923003927436	74	1.4722564211380145	
51	1	1.2433543105043448	44	1.3043611046938648	56	1.4020352896844173	19	1.4158678282529937	14	1.4496980035923275	27	1.4521690721176492	46	1.6934538968522324	
52	15	0.3669440429170092	64	0.6656264920156671	74	0.8903147848264706	26	1.3118330882369946	59	1.4424500595588488	86	1.8297200766132828	62	1.8574225323273044	
53	89	0.6999223311637003	49	1.3479366001314816	37	1.3983608448930105	73	1.6071717072918352	13	1.7376069422198643	45	1.9930707830237058	82	2.036511489014487	
54	70	1.2203146725329412	25	1.2248107366434409	88	1.299866765542056	58	1.3113433812213398	0	1.5841121940606893	98	1.6764545662956807	71	1.79248852571047	
55	7	0.44693772337439713	48	1.1840934648314576	30	1.3266187547797066	78	1.3671117991124861	11	1.4653215730983946	68	1.5395901687187648	5	1.6008006603540306	
56	19	0.3464804249356502	1	0.4797149091918741	44	0.7989742105537647	27	0.8950000318053598	23	1.1007493915845097	46	1.213016938147264	85	1.3892009144034714	
57	65	0.5379473227804479	70	1.1300314064831736	69	1.5011023999299113	0	2.0785850461818023	54	2.3414547584789194	25	2.36586993965656	98	2.621989055007936	
58	40	1.1140504362343433	98	1.1411018250520246	54	1.3113433812213398	70	1.7542047209636242	0	1.8516015352067234	94	1.8578857201825103	88	1.9739878907481248	
59	74	0.8629486453779327	26	0.9101175430467007	66	1.1814295699982538	62	1.1977455362718137	50	1.411923003927436	52	1.4424500595588488	15	1.4739747149417175	
60	76	0.4140686665014475	4	1.0480686585994279	45	1.4510257490015952	17	1.45465597400105	87	1.6132816061347675	82	1.664673623578649	37	1.7879234021023818	
61	66	1.4738473253406301	33	1.5983362289738856	18	1.7871132061101414	77	1.798825456503825	59	1.8013849154239479	50	1.8882558172702455	99	2.0231779482809906	
62	59	1.1977455362718137	74	1.4352565709909988	52	1.8574225323273044	66	1.893969087474977	15	1.9004636049573163	35	1.965204558359559	26	1.986764302270358	
63	3	1.0336159883705005	22	1.067059420141209	86	1.1831979887399275	27	1.219195743933967	19	1.3505083531188034	46	1.3805975405862074	1	1.5506271672232623	
64	15	0.6281746681736529	52	0.6656264920156671	74	1.2797825454011458	86	1.4500942743988787	26	1.4616855574926735	59	1.9200880551048132	12	1.9789670592294777	
65	57	0.5379473227804479	70	0.632452590085786	69	1.2870483375035418	0	1.775533526670509	54	1.8466757876650495	25	2.0213081295449857	58	2.1647700103315963	
66	18	0.5409469025165291	77	0.7516296308243311	50	0.967941717965846	26	1.0265513075144777	74	1.144279094554225	59	1.1814295699982538	33	1.1901161002078635	
67	92	0.32247442243967395	11	0.43276694355115464	95	0.6655144208379628	72	0.7311399764949266	96	1.006593333290781	68	1.0998038137281765	8	1.24178779438559	
68	48	0.7242860067638704	92	0.887713708118031	95	1.089464036112719	67	1.0998038137281765	6	1.1234766182078073	72	1.1259651692013588	11	1.2258371021324894	
69	0	0.6748218387932384	70	1.265914809514637	65	1.2870483375035418	98	1.3953333504104581	57	1.5011023999299113	36	1.55006589810262	88	1.552883457420613	
70	65	0.632452590085786	57	1.1300314064831736	54	1.2203146725329412	69	1.265914809514637	25	1.5080098545656568	0	1.5165873842600568	58	1.7542047209636242	
71	88	0.5682452985157525	38	1.0853347361795325	0	1.16698162527041	36	1.4971995406415366	69	1.7318793987662695	54	1.79248852571047	98	1.901890438541015	
72	92	0.4890214568490262	67	0.7311399764949266	95	0.9832786404686563	11	1.1181992122522515	68	1.1259651692013588	96	1.1528418105803955	6	1.744360721852725	
73	37	0.5444700127216944	45	0.64624714664511	89	1.3888082325232545	76	1.591167780027471	53	1.6071717072918352	82	1.6490509434778242	87	1.6981336036163328	
74	15	0.7377932774825469	26	0.8097287417964175	59	0.8629486453779327	52	0.8903147848264706	66	1.144279094554225	64	1.2797825454011458	18	1.4260245425859808	
75	9	0.8122393955033014	87	0.9938254270876996	82	1.0438524867966401	79	1.1467938786609215	17	1.1469708344162162	13	1.4610842165934108	49	1.772194706337716	
76	60	0.4140686665014475	4	1.0510153825354445	45	1.0594275423301573	17	1.2599782848425405	87	1.3686913327210732	82	1.4263335754963593	37	1.4735943228549835	
77	66	0.7516296308243311	18	0.96046732341594	74	1.4381010707068727	26	1.6450810892715793	50	1.6561225747116344	59	1.7062772216050501	33	1.7686137864136777	
78	91	0.8762253518638661	7	1.0451224051751518	55	1.3671117991124861	90	1.6375369294541449	8	1.7921010437621823	95	2.087327583809416	11	2.1347240172951194	
79	75	1.1467938786609215	13	1.418375068692845	24	1.4880265996072293	87	1.515541156828336	82	1.5187587663419597	9	1.5611318578692852	17	1.5842306942629865	
80	90	0.8797828043387064	39	1.7070625285589232	7	2.3158170076569875	78	2.3697255546728933	48	2.4072783523565136	95	2.6358385599965883	55	2.6421892328114778	
81	38	1.8366917103199594	71	2.122494114214848	0	2.464202409979378	69	2.485327072606244	88	2.577419252435663	64	2.8776466358422885	36	3.0260949570242266	
82	87	0.16947594840922908	17	0.7043163394238265	75	1.0438524867966401	9	1.1392210032625167	20	1.153242787721415	37	1.2067367808129177	4	1.2155066055775747	
83	85	0.7017923628013765	34	1.1508792763406461	23	1.357331717620682	56	1.4127112564867519	3	1.52979403829093	19	1.621191548252545	47	1.7196235926741277	
84	14	1.688319531419303	51	1.8254675049508695	43	2.0640777879817933	46	2.1326038211798117	27	2.1888738279920967	1	2.3747774508115276	12	2.5674682467559133	
85	83	0.7017923628013765	3	1.340280212919655	56	1.3892009144034714	19	1.5330264289960602	23	1.575200437121847	1	1.6783521550837885	47	1.6841673962031247	
86	22	0.93214203266394	12	1.117207062207482	63	1.1831979887399275	26	1.384251164367801	64	1.4500942743988787	50	1.5282736531638765	46	1.7224012903406625	
87	82	0.16947594840922908	17	0.5459228341151277	9	0.98816183916301	75	0.9938254270876996	4	1.1032478985196765	45	1.2390555075947194	20	1.275401530452622	
88	71	0.5682452985157525	0	0.9428620127573764	54	1.299866765542056	36	1.3122382621298898	98	1.4649499152271341	69	1.552883457420613	38	1.5729693899013142	
89	53	0.6999223311637003	49	1.004894434195272	37	1.0359838342806962	73	1.3888082325232545	20	1.6817695234392536	82	1.6999683576281646	13	1.704109709687142	
90	80	0.8797828043387064	39	1.4173953523992135	7	1.45004016895107	78	1.6375369294541449	48	1.7154021797911267	55	1.800764610156508	95	1.8981922352112413	
91	78	0.8762253518638661	8	1.1830418191808076	7	1.3770573468693756	55	1.7026922625005776	95	1.7286848779320094	11	1.7690691835102357	96	1.8290841453956017	
92	67	0.32247442243967395	72	0.4890214568490262	95	0.6434148388460068	11	0.6992347512614042	68	0.887713708118031	96	0.9818778743437426	48	1.5266844684156875	
93	20	1.0514896335198047	49	1.9067427570179099	24	2.014311584760355	82	2.102277964994636	79	2.129056922905968	87	2.1866043918667133	4	2.2096788261348945	
94	40	1.1517113560516923	98	1.4657770520439808	58	1.8578857201825103	36	1.9227116088697707	31	2.452921095878214	0	2.4582902265630224	29	2.5501579595277666	
95	96	0.47803466899304464	92	0.6434148388460068	67	0.6655144208379628	11	0.9472309793299605	72	0.9832786404686563	68	1.089464036112719	8	1.4873935023357872	
96	95	0.47803466899304464	92	0.9818778743437426	67	1.006593333290781	72	1.1528418105803955	11	1.3312654989538633	68	1.4960386115697029	8	1.697432958542156	
97	35	1.0875198549537815	42	1.365097989343866	99	1.5139615912285471	10	1.771747769437136	59	1.7959914818959113	12	1.8805522448170344	43	2.073746754185331	
98	40	0.38528297557814056	36	0.935011791136392	0	1.0715558075343472	58	1.1411018250520246	69	1.3953333504104581	88	1.4649499152271341	94	1.4657770520439808	
99	97	1.5139615912285471	35	1.5560271743949023	61	2.0231779482809906	10	2.3729184627052895	59	2.3808594098217424	42	2.58287880002592	33	2.741395503255311	
