0.2151027831000411	-0.2363997759028309	1.5564479577492394	3
2.5808268781285895	0.8119847831939140	-0.3590269467104277	3
0.6921132529723034	-2.2728301318912898	3.2019253512615156	2
-2.4850836403589041	-0.9304945538972396	-0.9740977848562931	1
1.3623854648502722	-1.8710430973851915	-0.8937625870707109	0
1.9810586662530487	2.2612704569658892	1.4689461019269958	3
2.2928687262898202	-0.5555128827533110	0.8580461938267375	2
-0.3823526238267642	-3.3149521807142599	3.7180855448290346	4
0.6760735568039680	-0.1738801739694373	-3.3070345471683513	0
2.1100003099656304	-1.6876564615514438	3.7033445846974287	2
0.8752542161432229	-0.0542987909031859	-2.1048595382686495	0
3.8674190293369000	-0.3252006862499772	0.6306316359623565	2
1.3251448524328988	1.0294987450290511	0.4079821416464176	3
0.8794707470557896	2.0143780581182877	1.9938521530664020	3
1.4121736043518636	2.4104931317663247	1.4962465328311572	3
0.8398792466490176	3.6571918452677146	0.8941635617968231	3
-2.0166885339262279	-1.1283041918708459	-1.2422744518558453	1
0.7271600755208505	-0.3541180630942486	0.2518309745766849	2
1.2319241999273893	-2.5562674949327886	-1.0217862207981014	0
1.7420070936459155	-1.7107278139648887	0.6258711941612636	2
2.3830364395312005	1.9119833330756180	1.9678332950923962	3
-2.4364956109202431	-1.8895127839687138	0.3925652991719200	1
1.0606556053110503	0.1152677582854036	2.8566101916539024	2
0.6869629271685641	1.5944731082864392	-1.2269552765693528	3
-1.6743969087336885	-1.0845276006766393	-2.4962793254034796	1
-2.0819310132289210	-2.7061383442399483	2.5249700683976548	4
0.8258235340471471	-2.2538608479013273	-1.5140455481553468	0
1.0526246013337368	-1.9078126878218606	-1.1130025489174542	0
1.4749737740324897	1.2438779755528808	2.0708415968427802	3
1.3109412721690525	-1.3993979627832518	-1.7437066857010790	0
-0.2282806007334541	-1.4163506718145658	3.4781784798150173	4
-1.2336044566794344	-1.4875190810352203	1.2030081357363613	4
0.7876620296409014	-0.6741504956102434	1.8828981725418479	2
0.4348068608341094	-1.8424439964113279	2.1071281653045220	2
-1.4959830315297942	-2.6821585063497118	-1.4054961807868369	1
-2.9719025604302707	-2.3700135400863669	3.2215136583105783	4
1.6527955044125338	-2.7489706097152240	0.9471979228975639	2
-2.2409420624747409	-1.9641523519484996	-0.8228427079759452	1
1.1117190625030515	-3.1029047903375568	-1.3951553557961756	0
0.8936412751163313	1.9586575968110533	0.2617439319397548	3
0.9719564330433597	0.1679153587747892	-2.6634650779831697	0
0.3389880050489473	-2.5398753658054707	2.8014783287335963	4
2.8580955234800349	1.8379288297482705	2.1692589732376644	3
0.9987943091193906	-0.6850973304346810	0.8873686727519736	0
-1.7658968698330613	-1.4132711332181360	-0.9601826650149494	1
-1.7304035518459207	-1.1633966653889933	-2.1733923195331917	1
-0.3025925309489573	-2.9963292602258447	1.1509231969876417	4
1.8762115326249043	-0.4336604782851322	3.2057141458436744	2
0.9112233349621108	0.4110137267394249	-2.6744362624511551	0
2.0304139054388606	0.7987364919235969	-2.6192032343443183	0
2.1745298077124802	2.9963192331644510	1.5300316053586165	3
-1.3167691389573863	-1.8623964514324420	4.0924018101396147	4
-1.9091865356005067	-2.5182118144644430	2.5408193602797056	4
0.8737009692014910	1.5170810627105307	-0.0298005977307337	3
-3.7470149197316260	-0.8846240205008840	-0.2328192220083845	1
-2.2989221778331057	-0.5837074924831461	-0.9374654305698277	1
-1.2682686525309370	-2.4129575565587276	-0.8640209208163715	1
-2.2641344130187941	-1.7230946650854735	-0.6891423134959540	1
1.0638697877281764	-1.2151046354858399	2.0543363848650520	2
-0.6358767004093980	-1.3872671647899937	1.3770135677240811	4
-1.2565826306936418	-3.3480056275417835	2.8289693418242430	4
0.6531862580645396	-0.3036106676277096	-1.8800788069753578	0
1.4614748320197641	1.7550785345223388	-0.3050373525637490	3
-0.8432508497759211	-4.5839447932130399	2.2663499835282259	4
-1.2182831442692126	-3.4241280960231242	4.1938877785091613	4
2.6276579169317276	-1.5546203957348106	2.0286470734764652	2
-2.6839623074861971	-1.0017451873921763	-0.9278141308709806	1
0.8396770292284699	2.0831217562660815	1.2573728952355057	3
2.2666320196485570	-0.6235804273618619	-2.5708849498368411	0
-1.8384989080793535	-1.0529377757451848	-1.1370613025946346	1
2.4137464234200103	0.2348315219826631	1.2731295127318731	2
-1.9872374534460266	-3.0929424121931550	-1.0514257334138004	1
2.0425336860739054	0.3042680235236235	0.3614367976498112	2
0.4432900398840869	2.9831682136213953	0.1500234732575425	3
0.6525632440246032	0.8703426568125421	-1.1078735136040043	0
-1.6742977226264120	-3.1463127808097950	4.7972698390788047	4
-0.8576470706629311	-2.9889076699009700	3.5738034121418432	4
-1.1203569900583412	-4.8551617002873080	4.1030192525433300	4
1.1242143661245307	2.8926460197543191	-1.8695748463572412	3
1.4976199680536231	-1.4974533917526438	-0.8457721526979037	0
-1.6956557240251870	-1.2337513625708969	4.6150220850323906	4
2.6755125860343205	-2.4133811410811616	1.5655376365217768	2
2.2282105835083117	-0.9963090464395140	1.9927532999206194	2
-1.8210441526434225	-2.6357566377011765	3.9246805122874804	4
-0.1541264102928932	0.7076678343279454	-2.1318372333893238	0
0.9346529211902801	4.2797188492749942	-0.6937856068137158	3
3.0901682528055661	0.5957584449017912	-1.3343609273268529	0
-2.1835660995557262	-0.0425662664981223	-2.5935402696382925	1
-1.5082640736961661	-1.9216792252874386	-1.6501001095765331	1
0.1132806951957526	1.2815630994196368	0.3260570023705843	3
0.7597833041564372	-1.0130688628737421	0.7366877248324271	2
0.9329360975051345	-0.7755045439412624	-1.3842147002213632	0
-1.7646641633550413	-1.6736739714468576	-2.5889998804447600	1
-0.1790521189981429	-2.3263380469173458	-0.0364728689801732	1
2.8057318864931529	-1.8545017387779739	1.8304173437539999	2
1.4225142971039635	-0.6411519230839713	3.1419041531037433	2
-4.2662435074110778	-1.4127273772449223	-2.1471257802371362	1
2.5714696990712493	-0.6658249671228839	-2.8239805949960104	0
-0.7974543644350681	-1.8764777527045926	4.2438570493412389	4
-2.3913891697705467	-3.8737806031753621	2.3891994829406311	4
G3
0	32	0.7912139572466701	43	1.123907911267579	90	1.253753795665769	
1	72	1.032765159946876	86	1.1213647217003633	62	1.4646807512898017	
2	41	0.5969660086878374	33	1.2041676309500693	30	1.2872442279957017	
3	66	0.2162673198566778	55	0.39529645264603064	16	0.5748402850603948	
4	27	0.38127412214567036	79	0.40020085057700894	18	0.7091845087369797	
5	14	0.5887639033232801	20	0.7297095700548613	50	0.7625347367157205	
6	70	0.9008606204037679	72	1.0239686184300287	82	1.2190332850125052	
7	76	0.5941608940661947	64	0.9680325309955801	60	1.2473565078594406	
8	40	0.7864811023304382	48	0.8930716001986577	10	1.2244171651254552	
9	47	1.3692330598303182	95	1.3722332619279978	2	1.6137698654106982	
10	61	0.40248846820981954	40	0.6089093496328145	48	0.7363607548708625	
11	6	1.607473093340132	70	1.685112352665087	72	1.9490775340181459	
12	53	0.7957335126279771	72	1.0211624783039424	62	1.0263764871522536	
13	67	0.7407502502387044	14	0.8296329544035084	28	0.9768426725039745	
14	5	0.5887639033232801	67	0.7014163961322228	13	0.8296329544035084	
15	73	1.0795069829840744	14	1.4980929270622916	67	1.6154311207471725	
16	69	0.2202304388964823	44	0.4729465008249232	3	0.5748402850603948	
17	43	0.7663162519964065	90	0.8187591219920562	0	1.406444360308245	
18	38	0.672804666125209	27	0.6789421193567926	26	0.7061775813259682	
19	36	1.0904850650886466	90	1.209864408992455	43	1.2933151445565685	
20	42	0.5212844775375984	5	0.7297095700548613	28	1.1320571025583055	
21	57	1.1079236129527568	37	1.2332999956446042	31	1.505112506587991	
22	95	0.8857229203474235	47	1.0432292414959106	32	1.2828958523996012	
23	74	0.7346623137354538	53	1.214100469535331	62	1.214740899243724	
24	45	0.33706541205110585	92	0.6031904548115452	87	1.1637853659841626	
25	52	0.2557503376297675	60	1.0888567950703039	35	1.1790683658906427	
26	27	0.5762148388009846	18	0.7061775813259682	38	0.9037404202634388	
27	4	0.38127412214567036	26	0.5762148388009846	79	0.6616855090873965	
28	13	0.9768426725039745	20	1.1320571025583055	5	1.2858800745674266	
29	91	0.8132437505269827	27	0.8502945038182373	79	0.9223612243623243	
30	98	1.0592163970059938	2	1.2872442279957017	51	1.3270397261856297	
31	59	0.6305607089628127	21	1.505112506587991	46	1.7736978895871962	
32	58	0.6311205651226405	0	0.7912139572466701	43	1.017730640976449	
33	58	0.8899785457194456	41	0.9887941735229577	2	1.2041676309500693	
34	56	0.6461566736723271	71	0.7317377987060589	88	0.7989434541324179	
35	25	1.1790683658906427	52	1.270697763172013	83	1.3746047043551712	
36	19	1.0904850650886466	81	1.2413357813033306	94	1.7057002689742664	
37	57	0.27662698531346547	44	0.7402704343692896	16	0.9616937036009916	
38	18	0.672804666125209	26	0.9037404202634388	27	1.2293687385263299	
39	53	0.5295145550870097	62	0.8277200054435063	67	1.0048285920376987	
40	48	0.25081007276073775	10	0.6089093496328145	8	0.7864811023304382	
41	2	0.5969660086878374	33	0.9887941735229577	7	1.400444629563836	
42	20	0.5212844775375984	5	1.1995206959420264	50	1.4892085288317034	
43	90	0.43289298290658407	17	0.7663162519964065	32	1.017730640976449	
44	69	0.4079181742669617	16	0.4729465008249232	57	0.6462926136743686	
45	24	0.33706541205110585	92	0.6590040692328941	88	0.9477199614865713	
46	93	1.3689630662554102	59	1.6586970851608465	33	1.6701907096149886	
47	95	0.5029568533756387	22	1.0432292414959106	9	1.3692330598303182	
48	40	0.25081007276073775	10	0.7363607548708625	8	0.8930716001986577	
49	48	1.1857348620496841	40	1.2329747092699543	68	1.4426084267687505	
50	5	0.7625347367157205	14	0.9620398292209253	20	1.187825609787733	
51	98	0.5411328927022496	80	0.9010447512876819	83	0.9383547841231844	
52	25	0.2557503376297675	60	1.0942943117759674	35	1.270697763172013	
53	39	0.5295145550870097	62	0.6912858899269794	12	0.7957335126279771	
54	66	1.2754670311226146	3	1.4642638312241418	55	1.6383069386453326	
55	3	0.39529645264603064	66	0.5684228737427812	16	0.6849452052494935	
56	34	0.6461566736723271	88	0.9575346949112662	71	1.0071822597554687	
57	37	0.27662698531346547	44	0.6462926136743686	16	0.8490938302645706	
58	32	0.6311205651226405	33	0.8899785457194456	82	1.1863192971773326	
59	31	0.6305607089628127	33	1.3735416127522184	0	1.44251812067705	
60	76	0.9180842644031669	25	1.0888567950703039	52	1.0942943117759674	
61	10	0.40248846820981954	91	0.7394761764493879	40	0.9683208495299905	
62	53	0.6912858899269794	39	0.8277200054435063	12	1.0263764871522536	
63	60	1.4194820621220254	99	1.7076760331378817	77	1.8771522121047162	
64	75	0.8057298282046188	76	0.839035051897871	7	0.9680325309955801	
65	94	0.4011660308233692	82	0.6874286129563495	81	0.9768471926044665	
66	3	0.2162673198566778	55	0.5684228737427812	16	0.7484362123584728	
67	14	0.7014163961322228	13	0.7407502502387044	39	1.0048285920376987	
68	97	0.39845704603378373	49	1.4426084267687505	29	1.4830581693729705	
69	16	0.2202304388964823	44	0.4079181742669617	3	0.6779537349312105	
70	6	0.9008606204037679	72	0.9868150438901597	82	1.4380504310331035	
71	34	0.7317377987060589	56	1.0071822597554687	37	1.1793147282502108	
72	70	0.9868150438901597	12	1.0211624783039424	6	1.0239686184300287	
73	15	1.0795069829840744	39	1.1246864896140967	67	1.4810229616971788	
74	23	0.7346623137354538	53	1.2764848887078046	84	1.3136639584345249	
75	64	0.8057298282046188	83	1.0215743845745262	76	1.4793798545791048	
76	7	0.5941608940661947	64	0.839035051897871	60	0.9180842644031669	
77	64	1.4372556478313365	7	1.7507340654979517	63	1.8771522121047162	
78	23	1.5130768785532434	85	1.8282190546065302	62	1.9635635907193085	
79	4	0.40020085057700894	27	0.6616855090873965	29	0.9223612243623243	
80	51	0.9010447512876819	98	1.165172252786447	83	1.567773113873432	
81	94	0.6320320496890837	65	0.9768471926044665	36	1.2413357813033306	
82	65	0.6874286129563495	94	1.0470809497116131	58	1.1863192971773326	
83	51	0.9383547841231844	75	1.0215743845745262	64	1.0282620977647283	
84	48	1.231822814207825	10	1.280993914147196	74	1.3136639584345249	
85	73	1.6231126872617252	15	1.708246025078131	78	1.8282190546065302	
86	1	1.1213647217003633	49	1.6778257115199364	68	1.9219757727348998	
87	24	1.1637853659841626	45	1.2798989716779325	92	1.6840462560244127	
88	34	0.7989434541324179	44	0.8948963772623338	45	0.9477199614865713	
89	53	0.8719761095933322	39	1.0351597770972158	12	1.2405091304765983	
90	43	0.43289298290658407	17	0.8187591219920562	32	1.195592436176068	
91	61	0.7394761764493879	29	0.8132437505269827	10	1.0211728160585103	
92	24	0.6031904548115452	45	0.6590040692328941	88	1.0043806009904908	
93	46	1.3689630662554102	56	1.3706682218792399	27	1.6885221856402612	
94	65	0.4011660308233692	81	0.6320320496890837	82	1.0470809497116131	
95	47	0.5029568533756387	22	0.8857229203474235	58	1.2809571619264044	
96	66	2.039421745076749	54	2.0525742570113095	3	2.186566634214104	
97	68	0.39845704603378373	49	1.5746794615359037	40	1.8108922801837397	
98	51	0.5411328927022496	30	1.0592163970059938	80	1.165172252786447	
99	25	1.2155601372936184	60	1.325753647898698	52	1.446746248839799	
