0.2151027831000411	-0.2363997759028309	1.5564479577492394	3
2.5808268781285895	0.8119847831939140	-0.3590269467104277	3
0.6921132529723034	-2.2728301318912898	3.2019253512615156	2
-2.8090747332587793	-0.8318396675472114	-0.7083403148056078	1
1.3623854648502722	-1.8710430973851915	-0.8937625870707109	0
2.4531804630890783	2.0173435684466572	1.2739787236529556	3
2.2928687262898202	-0.5555128827533110	0.8580461938267375	2
-0.3823526238267642	-3.3149521807142599	3.7180855448290346	4
0.6760735568039680	-0.1738801739694373	-3.3070345471683513	0
2.1100003099656304	-1.6876564615514438	3.7033445846974287	2
0.8752542161432229	-0.0542987909031859	-2.1048595382686495	0
3.8674190293369000	-0.3252006862499772	0.6306316359623565	2
1.3251448524328988	1.0294987450290511	0.4079821416464176	3
0.8794707470557896	2.0143780581182877	1.9938521530664020	3
1.6909899514557343	2.0101819287700997	1.2476400380046937	3
0.8398792466490176	3.6571918452677146	0.8941635617968231	3
-2.4146724450455546	-0.8335539367510861	-0.8255755047935497	1
0.7271600755208505	-0.3541180630942486	0.2518309745766849	2
1.2319241999273893	-2.5562674949327886	-1.0217862207981014	0
1.4519746003366558	-1.8607870397698012	0.4517324128236924	2
2.3098225594289303	1.4399584175233517	1.5769788444835049	3
-2.6056287418064699	-2.2712743950088776	-0.0683438802826576	1
1.0316304006498389	0.1742626220009870	3.3524745951743693	2
0.6869629271685641	1.5944731082864392	-1.2269552765693528	3
-1.6877737195568949	-1.3386787835797076	-2.1457925791892087	1
-1.3244388590429501	-1.8014636101109400	2.5181412894592299	4
0.8258235340471471	-2.2538608479013273	-1.5140455481553468	0
1.2879071753149169	-2.2150328092889184	-1.1924441496384959	0
1.4749737740324897	1.2438779755528808	2.0708415968427802	3
1.5420791412831987	-1.7636416689837708	-1.2637380621401404	0
-0.3958317267461458	-1.8308891987151599	3.6443405093071410	4
-1.2336044566794344	-1.4875190810352203	1.2030081357363613	4
0.7876620296409014	-0.6741504956102434	1.8828981725418479	2
0.4858829143995762	-2.1929945089881304	1.7125997559116501	2
-1.4959830315297942	-2.6821585063497118	-1.4054961807868369	1
-2.9719025604302707	-2.3700135400863669	3.2215136583105783	4
1.3207413720421082	-3.2251013293644544	0.8727617667086672	2
-2.2409420624747409	-1.9641523519484996	-0.8228427079759452	1
1.1117190625030515	-3.1029047903375568	-1.3951553557961756	0
0.8936412751163313	1.9586575968110533	0.2617439319397548	3
0.9719564330433597	0.1679153587747892	-2.6634650779831697	0
0.2137856253443767	-2.9920852287482478	2.3062249820102578	4
2.8580955234800349	1.8379288297482705	2.1692589732376644	3
0.9987943091193906	-0.6850973304346810	0.8873686727519736	0
-1.7658968698330613	-1.4132711332181360	-0.9601826650149494	1
-1.7304035518459207	-1.1633966653889933	-2.1733923195331917	1
-0.3025925309489573	-2.9963292602258447	1.1509231969876417	4
2.2020242802763121	-0.4804991567993885	3.0961274321082985	2
1.2926466172354654	0.8136278257114369	-2.8094782255129633	0
2.0304139054388606	0.7987364919235969	-2.6192032343443183	0
2.1275432358970270	3.2297370548830262	1.9796906066270559	3
-1.1557681629478773	-1.7579199260746436	4.5774161309317716	4
-1.9091865356005067	-2.5182118144644430	2.5408193602797056	4
1.0854922878797910	1.3066175750611599	-0.0575725887153576	3
-3.7470149197316260	-0.8846240205008840	-0.2328192220083845	1
-2.2242165451462181	-0.8650025049453278	-1.0127654589083970	1
-1.2682686525309370	-2.4129575565587276	-0.8640209208163715	1
-2.5666884483689549	-1.3241997529198901	-0.5082593804237415	1
1.0638697877281764	-1.2151046354858399	2.0543363848650520	2
-0.6358767004093980	-1.3872671647899937	1.3770135677240811	4
-2.0152081774263988	-3.5430482692480818	2.7429263167039917	4
0.6531862580645396	-0.3036106676277096	-1.8800788069753578	0
1.4614748320197641	1.7550785345223388	-0.3050373525637490	3
-0.6033166177997578	-4.1012090747013961	1.8548486298594704	4
-1.7968753650117897	-3.4302463033463337	4.3246830947645991	4
2.6276579169317276	-1.5546203957348106	2.0286470734764652	2
-3.1698166781930786	-1.3219618017813350	-1.2492323903544980	1
0.8396770292284699	2.0831217562660815	1.2573728952355057	3
2.2666320196485570	-0.6235804273618619	-2.5708849498368411	0
-1.8384989080793535	-1.0529377757451848	-1.1370613025946346	1
2.9597657149114651	0.0246851667354824	1.4625626921170585	2
-1.5327829990163595	-3.2875264145939083	-1.3724734030385217	1
2.0425336860739054	0.3042680235236235	0.3614367976498112	2
0.4432900398840869	2.9831682136213953	0.1500234732575425	3
0.6525632440246032	0.8703426568125421	-1.1078735136040043	0
-1.5329700340988839	-3.3904461268821651	4.4227182795600823	4
-0.8576470706629311	-2.9889076699009700	3.5738034121418432	4
-1.1203569900583412	-4.8551617002873080	4.1030192525433300	4
1.1242143661245307	2.8926460197543191	-1.8695748463572412	3
1.0864406266154378	-1.1837697124390414	-0.5263582604863003	0
-1.7724440347992494	-1.4310578560816394	5.0952877819437692	4
2.7610945445852324	-2.0799380898217219	1.1698613313550341	2
2.2282105835083117	-0.9963090464395140	1.9927532999206194	2
-1.4048210741092622	-2.9556032005602670	3.4909775663176603	4
-0.5193500300678332	0.4322723997198991	-2.2055766038717755	0
0.9346529211902801	4.2797188492749942	-0.6937856068137158	3
3.0901682528055661	0.5957584449017912	-1.3343609273268529	0
-2.4174404318306344	0.0241845668158660	-3.0896506437037954	1
-1.3114481201118955	-2.3331800197993635	-2.0769629827562852	1
0.5911321799113065	0.4899441851572948	0.4795865718763038	3
0.9501343222779940	-0.9706732892800076	0.2896081121600594	2
0.9329360975051345	-0.7755045439412624	-1.3842147002213632	0
-2.1797349262010486	-1.8891832061943261	-3.0835080396768437	1
-0.1790521189981429	-2.3263380469173458	-0.0364728689801732	1
2.3406733287212762	-2.1605505491141352	1.4705414177001706	2
1.4717501975707110	-0.3113317469342516	2.6909111223746525	2
-4.2662435074110778	-1.4127273772449223	-2.1471257802371362	1
2.5714696990712493	-0.6658249671228839	-2.8239805949960104	0
-0.4190546078402064	-1.5873270749678294	4.7123183516886797	4
-2.5897241243625544	-4.1624921045710970	2.5610113591166246	4
G3
0	32	0.7912139572466701	43	1.123907911267579	89	1.3522588884599491	
1	72	1.032765159946876	86	1.1213647217003633	62	1.4646807512898017	
2	41	1.244348972428439	30	1.2548574577933946	33	1.505654478356966	
3	16	0.4114610472915265	57	0.5841249396096723	55	0.6601769023137707	
4	29	0.42509614950678726	27	0.4616130558440207	18	0.7091845087369797	
5	20	0.6676332633054527	14	0.7626790881284431	42	0.998835612045386	
6	72	1.0239686184300287	70	1.0708975519480892	82	1.2190332850125052	
7	76	0.5941608940661947	83	1.1073172333456798	75	1.3513426847339194	
8	40	0.7864811023304382	10	1.2244171651254552	48	1.2660555601958488	
9	47	1.3544038688391429	2	1.6137698654106982	65	1.7579191525629165	
10	61	0.40248846820981954	40	0.6089093496328145	91	1.0211728160585103	
11	70	1.2799859106652376	6	1.607473093340132	72	1.9490775340181459	
12	53	0.5924267082242929	89	0.9137947914763148	72	1.0211624783039424	
13	67	0.7407502502387044	28	0.9768426725039745	14	1.1024579571467992	
14	5	0.7626790881284431	67	0.854487354204931	20	0.9036441218324642	
15	73	1.0795069829840744	67	1.6154311207471725	85	1.708246025078131	
16	55	0.268891318508896	3	0.4114610472915265	57	0.6037646105689264	
17	90	0.6567229048677083	43	0.7663162519964065	89	0.8847696193974549	
18	27	0.385615524707972	38	0.672804666125209	26	0.7061775813259682	
19	90	1.0346160845254018	79	1.2444391960503751	43	1.3331907665253933	
20	5	0.6676332633054527	42	0.8998774600093612	14	0.9036441218324642	
21	37	0.8925182375762017	57	1.0449843881156138	44	1.4955586354283432	
22	95	0.9312215393375005	47	1.3653749259661105	32	1.7143454278951373	
23	74	0.7346623137354538	62	1.214740899243724	53	1.268519739700547	
24	45	0.18249073736896695	69	1.0592000728821438	88	1.0655473612116833	
25	52	0.925295697914764	31	1.3551336716392115	59	1.3956536171024154	
26	27	0.5643193844249567	18	0.7061775813259682	29	0.9033220775730775	
27	18	0.385615524707972	4	0.4616130558440207	29	0.5229150712973905	
28	13	0.9768426725039745	20	0.9896062107571508	14	1.145227289274205	
29	4	0.42509614950678726	27	0.5229150712973905	18	0.8848686236598013	
30	98	1.095645235534087	51	1.2055944664300948	76	1.2487015950822704	
31	59	0.6305607089628127	25	1.3551336716392115	46	1.7736978895871962	
32	58	0.6311205651226405	0	0.7912139572466701	43	1.017730640976449	
33	41	1.0319756887536422	58	1.1862214607765837	46	1.257982832676362	
34	71	0.6073837714239497	56	0.6461566736723271	88	0.7789138487368559	
35	52	1.270697763172013	60	1.5875517194210451	83	1.6944823495517585	
36	19	1.4338205458960238	33	1.5708472176100077	94	1.590870853063341	
37	44	0.7402704343692896	57	0.7839723891186675	21	0.8925182375762017	
38	18	0.672804666125209	26	0.9037404202634388	27	0.9276048398587308	
39	53	0.7509500924996637	62	0.8277200054435063	67	1.0048285920376987	
40	10	0.6089093496328145	48	0.7355994993514713	8	0.7864811023304382	
41	33	1.0319756887536422	2	1.244348972428439	46	1.2654590576452993	
42	20	0.8998774600093612	5	0.998835612045386	14	1.4970597877682603	
43	90	0.6642583160104149	17	0.7663162519964065	32	1.017730640976449	
44	69	0.4079181742669617	55	0.7165335747478586	37	0.7402704343692896	
45	24	0.18249073736896695	69	1.0477918443133063	44	1.2391830740899048	
46	33	1.257982832676362	41	1.2654590576452993	63	1.344137417041713	
47	95	0.8521256398596047	82	1.21826928070457	9	1.3544038688391429	
48	40	0.7355994993514713	49	0.762054391516249	10	1.1933149302391024	
49	48	0.762054391516249	40	1.2329747092699543	68	1.4426084267687505	
50	5	1.44012736640115	14	1.4878815513356969	42	1.5832791750240822	
51	98	0.7681454239226323	80	0.8690908989545648	30	1.2055944664300948	
52	25	0.925295697914764	60	1.049941698107111	83	1.1612477599019801	
53	12	0.5924267082242929	62	0.6353887904309833	39	0.7509500924996637	
54	3	1.0529189384812687	66	1.24800555838421	57	1.2892884411174395	
55	16	0.268891318508896	69	0.446707083347393	3	0.6601769023137707	
56	34	0.6461566736723271	71	1.045639734143379	37	1.072014607787444	
57	3	0.5841249396096723	16	0.6037646105689264	55	0.7633318415161132	
58	32	0.6311205651226405	95	1.178303551403293	33	1.1862214607765837	
59	31	0.6305607089628127	25	1.3956536171024154	33	1.4213230724600314	
60	99	0.864217733096034	52	1.049941698107111	83	1.1301525546005227	
61	10	0.40248846820981954	91	0.7394761764493879	40	0.9683208495299905	
62	53	0.6353887904309833	39	0.8277200054435063	12	1.0263764871522536	
63	46	1.344137417041713	41	1.4496732020334897	60	1.75888124634961	
64	75	0.28432547404113095	83	1.0363674783591281	76	1.2809175914369113	
65	82	0.6874286129563495	94	0.8723493724730375	81	1.0155180767427958	
66	3	0.8141981912856228	57	0.9554107344393428	16	0.9941178059780291	
67	13	0.7407502502387044	14	0.854487354204931	39	1.0048285920376987	
68	97	0.39845704603378373	49	1.4426084267687505	40	1.5202702174781884	
69	44	0.4079181742669617	55	0.446707083347393	16	0.6907449715659965	
70	6	1.0708975519480892	11	1.2799859106652376	82	1.363343014146559	
71	34	0.6073837714239497	56	1.045639734143379	88	1.2066779760184196	
72	12	1.0211624783039424	6	1.0239686184300287	1	1.032765159946876	
73	15	1.0795069829840744	39	1.1246864896140967	67	1.4810229616971788	
74	23	0.7346623137354538	53	1.216920455135894	10	1.377873074442485	
75	64	0.28432547404113095	83	1.036171454553787	76	1.1566981842738766	
76	83	0.5544084220699056	7	0.5941608940661947	75	1.1566981842738766	
77	75	1.5549433118166778	64	1.5928577648482631	7	1.7507340654979517	
78	23	1.5130768785532434	85	1.8282190546065302	62	1.9635635907193085	
79	4	0.8267261932446148	90	0.854277832707231	91	0.9623729835468229	
80	51	0.8690908989545648	98	1.415185003554565	30	2.0396505919414447	
81	94	0.5231260667049741	65	1.0155180767427958	82	1.4612899820241745	
82	65	0.6874286129563495	58	1.1863192971773326	47	1.21826928070457	
83	76	0.5544084220699056	75	1.036171454553787	64	1.0363674783591281	
84	61	1.4220808878473086	10	1.4804784545537901	40	1.5822583438675655	
85	73	1.6231126872617252	15	1.708246025078131	78	1.8282190546065302	
86	1	1.1213647217003633	49	1.6778257115199364	68	1.9219757727348998	
87	45	1.6498176184524957	24	1.8112642183847827	92	1.9280865835809426	
88	34	0.7789138487368559	24	1.0655473612116833	71	1.2066779760184196	
89	17	0.8847696193974549	12	0.9137947914763148	53	1.095393676234814	
90	17	0.6567229048677083	43	0.6642583160104149	79	0.854277832707231	
91	61	0.7394761764493879	79	0.9623729835468229	10	1.0211728160585103	
92	24	1.193478626955072	45	1.2477882075282798	88	1.4014949517323063	
93	46	1.3689630662554102	56	1.3706682218792399	18	1.7362500179709177	
94	81	0.5231260667049741	65	0.8723493724730375	82	1.2809416050480678	
95	47	0.8521256398596047	22	0.9312215393375005	32	1.1191510143809398	
96	66	1.42007137887967	54	2.0525742570113095	3	2.128585206934264	
97	68	0.39845704603378373	49	1.5746794615359037	40	1.8108922801837397	
98	51	0.7681454239226323	30	1.095645235534087	80	1.415185003554565	
99	60	0.864217733096034	52	1.7796619900892177	83	1.9301329518092525	
