0.2151027831000411	-0.2363997759028309	1.5564479577492394	3
2.5808268781285895	0.8119847831939140	-0.3590269467104277	3
0.6921132529723034	-2.2728301318912898	3.2019253512615156	2
-2.8090747332587793	-0.8318396675472114	-0.7083403148056078	1
1.3623854648502722	-1.8710430973851915	-0.8937625870707109	0
2.4531804630890783	2.0173435684466572	1.2739787236529556	3
2.2928687262898202	-0.5555128827533110	0.8580461938267375	2
-0.3823526238267642	-3.3149521807142599	3.7180855448290346	4
0.5542426525302694	0.2196075279266035	-3.0246142005389314	0
2.1100003099656304	-1.6876564615514438	3.7033445846974287	2
0.8752542161432229	-0.0542987909031859	-2.1048595382686495	0
4.0900702326582241	-0.2422439935171334	0.5480747424734627	2
1.3251448524328988	1.0294987450290511	0.4079821416464176	3
0.8794707470557896	2.0143780581182877	1.9938521530664020	3
1.6909899514557343	2.0101819287700997	1.2476400380046937	3
0.8398792466490176	3.6571918452677146	0.8941635617968231	3
-2.5884945436163243	-1.2550350585277652	-0.4930173419387917	1
0.6508448099774100	0.0416141989444950	-0.1294857488282972	2
1.2319241999273893	-2.5562674949327886	-1.0217862207981014	0
1.4519746003366558	-1.8607870397698012	0.4517324128236924	2
2.3098225594289303	1.4399584175233517	1.5769788444835049	3
-2.3635580606024971	-1.9482501338155309	0.1725123236018486	1
1.0316304006498389	0.1742626220009870	3.3524745951743693	2
0.6869629271685641	1.5944731082864392	-1.2269552765693528	3
-1.6877737195568949	-1.3386787835797076	-2.1457925791892087	1
-1.6086635292443521	-1.5442670771114706	2.7790139667720539	4
0.8258235340471471	-2.2538608479013273	-1.5140455481553468	0
1.2879071753149169	-2.2150328092889184	-1.1924441496384959	0
1.7595180687515006	1.4134637765713514	1.5522513848405328	3
1.5420791412831987	-1.7636416689837708	-1.2637380621401404	0
-0.3958317267461458	-1.8308891987151599	3.6443405093071410	4
-1.2336044566794344	-1.4875190810352203	1.2030081357363613	4
1.2500465308926028	-0.1923310696959259	2.3330139818112166	2
0.4858829143995762	-2.1929945089881304	1.7125997559116501	2
-1.4828631831376065	-3.1176607070968649	-1.0279048628527905	1
-2.9719025604302707	-2.3700135400863669	3.2215136583105783	4
1.3207413720421082	-3.2251013293644544	0.8727617667086672	2
-2.2409420624747409	-1.9641523519484996	-0.8228427079759452	1
1.1117190625030515	-3.1029047903375568	-1.3951553557961756	0
0.8936412751163313	1.9586575968110533	0.2617439319397548	3
0.9719564330433597	0.1679153587747892	-2.6634650779831697	0
0.2137856253443767	-2.9920852287482478	2.3062249820102578	4
2.8580955234800349	1.8379288297482705	2.1692589732376644	3
0.9987943091193906	-0.6850973304346810	0.8873686727519736	0
-1.7658968698330613	-1.4132711332181360	-0.9601826650149494	1
-2.2172578696533445	-0.8238621973594300	-2.4133211605155114	1
-0.3025925309489573	-2.9963292602258447	1.1509231969876417	4
2.2020242802763121	-0.4804991567993885	3.0961274321082985	2
1.2926466172354654	0.8136278257114369	-2.8094782255129633	0
1.8005911856109706	0.6238469790934531	-2.9283855228875102	0
2.1275432358970270	3.2297370548830262	1.9796906066270559	3
-1.1557681629478773	-1.7579199260746436	4.5774161309317716	4
-1.9091865356005067	-2.5182118144644430	2.5408193602797056	4
1.0854922878797910	1.3066175750611599	-0.0575725887153576	3
-3.7470149197316260	-0.8846240205008840	-0.2328192220083845	1
-2.2242165451462181	-0.8650025049453278	-1.0127654589083970	1
-1.7196407086923946	-1.9797385277306532	-1.0602952244010535	1
-2.5666884483689549	-1.3241997529198901	-0.5082593804237415	1
1.0638697877281764	-1.2151046354858399	2.0543363848650520	2
-0.6358767004093980	-1.3872671647899937	1.3770135677240811	4
-2.3007626211168661	-3.2467066198982950	2.8158058114402982	4
0.6531862580645396	-0.3036106676277096	-1.8800788069753578	0
1.3482037989715310	1.3549775251269280	-0.6774705621529138	3
-0.6033166177997578	-4.1012090747013961	1.8548486298594704	4
-2.1823958328718658	-3.2404336990187046	4.8230735047774420	4
2.6276579169317276	-1.5546203957348106	2.0286470734764652	2
-2.9255431356098205	-1.3037389403956197	-1.1335798173459071	1
0.8396770292284699	2.0831217562660815	1.2573728952355057	3
2.2666320196485570	-0.6235804273618619	-2.5708849498368411	0
-2.0865127565861945	-1.4598132667809489	-0.7566661057563887	1
2.8426431513890367	-0.4262069558889399	1.9079008361005707	2
-1.5327829990163595	-3.2875264145939083	-1.3724734030385217	1
2.0425336860739054	0.3042680235236235	0.3614367976498112	2
0.4432900398840869	2.9831682136213953	0.1500234732575425	3
0.6277042089462832	0.5659527224227313	-1.2344361576041336	0
-1.0774518374715787	-3.8725049089335282	4.2875635544775479	4
-0.8576470706629311	-2.9889076699009700	3.5738034121418432	4
-0.8624584667031620	-5.1517733859992187	3.3467831820465852	4
1.1242143661245307	2.8926460197543191	-1.8695748463572412	3
1.2734643751496271	-1.3868487390956579	-0.4668628629416403	0
-1.7724440347992494	-1.4310578560816394	5.0952877819437692	4
2.4147336047331365	-2.0961220071435562	1.2172111439090090	2
2.2282105835083117	-0.9963090464395140	1.9927532999206194	2
-1.4048210741092622	-2.9556032005602670	3.4909775663176603	4
-0.5193500300678332	0.4322723997198991	-2.2055766038717755	0
0.9346529211902801	4.2797188492749942	-0.6937856068137158	3
2.9993200987831465	0.8249128215152438	-1.1320208346126481	0
-2.4174404318306344	0.0241845668158660	-3.0896506437037954	1
-1.4234063612152219	-1.8649929864300130	-2.2611229093124994	1
0.7969005800547212	0.2914774089379647	0.1894106000207460	3
0.9501343222779940	-0.9706732892800076	0.2896081121600594	2
0.8551953463476339	-1.1776036787070985	-1.1896652387722029	0
-2.1797349262010486	-1.8891832061943261	-3.0835080396768437	1
-0.1790521189981429	-2.3263380469173458	-0.0364728689801732	1
2.3406733287212762	-2.1605505491141352	1.4705414177001706	2
1.4717501975707110	-0.3113317469342516	2.6909111223746525	2
-4.2662435074110778	-1.4127273772449223	-2.1471257802371362	1
2.5714696990712493	-0.6658249671228839	-2.8239805949960104	0
-0.6965868043574024	-1.5016682961717289	4.5583481706694471	4
-2.5897241243625544	-4.1624921045710970	2.5610113591166246	4
G3
0	43	1.123907911267579	32	1.2946448940497512	58	1.3878622108021648	
1	86	0.8791036688826024	72	1.032765159946876	62	1.3840545904257688	
2	41	1.244348972428439	30	1.2548574577933946	33	1.505654478356966	
3	16	0.5235589189901064	57	0.5841249396096723	66	0.645819206110953	
4	29	0.42509614950678726	27	0.4616130558440207	79	0.651609170634085	
5	20	0.6676332633054527	14	0.7626790881284431	28	0.9608714764826355	
6	72	1.0239686184300287	70	1.1921269693784073	82	1.2190332850125052	
7	76	0.5941608940661947	75	1.057512725704812	83	1.1073172333456798	
8	40	0.5546039771809742	48	0.9717942256584511	10	1.0119395902108188	
9	47	1.3544038688391429	2	1.6137698654106982	65	1.7579191525629165	
10	61	0.40248846820981954	40	0.6089093496328145	8	1.0119395902108188	
11	6	1.850446689886035	70	1.8544658798472229	1	2.0523272866084987	
12	53	0.5924267082242929	89	0.9335368351782619	72	1.0211624783039424	
13	67	0.7407502502387044	14	1.1024579571467992	28	1.153513112490943	
14	28	0.6734662045305131	5	0.7626790881284431	67	0.854487354204931	
15	73	1.0795069829840744	67	1.6154311207471725	85	1.708246025078131	
16	57	0.07410519872094043	3	0.5235589189901064	69	0.6028519716712336	
17	89	0.43064926911625867	90	1.1357551828220385	74	1.2232668476147412	
18	27	0.385615524707972	38	0.672804666125209	26	0.7061775813259682	
19	90	1.0346160845254018	79	1.0489521886151942	81	1.2522959455173905	
20	28	0.551496550958676	5	0.6676332633054527	42	0.8998774600093612	
21	57	0.9455955506092717	16	0.9869515174067514	37	1.0030050859420632	
22	95	0.9312215393375005	32	1.1051680790454323	47	1.3653749259661105	
23	62	0.8924858969602699	74	1.0302532423650193	53	1.268519739700547	
24	88	0.600164831796111	45	0.7854687291530607	44	1.1905201022334517	
25	52	1.0467182521237204	30	1.5172024409944034	83	1.5938361167149255	
26	27	0.5643193844249567	18	0.7061775813259682	29	0.9033220775730775	
27	18	0.385615524707972	4	0.4616130558440207	29	0.5229150712973905	
28	20	0.551496550958676	14	0.6734662045305131	5	0.9608714764826355	
29	4	0.42509614950678726	27	0.5229150712973905	18	0.8848686236598013	
30	98	1.0169808377788916	51	1.2055944664300948	76	1.2487015950822704	
31	59	0.6305607089628127	21	1.597181852151326	25	1.6210132702820264	
32	95	0.43749747453577564	58	1.0762846972867437	22	1.1051680790454323	
33	41	1.0319756887536422	58	1.1862214607765837	46	1.257982832676362	
34	71	0.3873936311899895	56	1.162746583922148	37	1.3954625039953128	
35	60	1.1762731108649227	52	1.270697763172013	25	1.6541111976756468	
36	19	1.4338205458960238	33	1.5708472176100077	94	1.590870853063341	
37	69	0.5315878723467885	56	0.5730460085258736	44	0.7402704343692896	
38	18	0.672804666125209	26	0.9037404202634388	27	0.9276048398587308	
39	53	0.7509500924996637	67	1.0048285920376987	12	1.0348512564905419	
40	8	0.5546039771809742	10	0.6089093496328145	48	0.7355994993514713	
41	33	1.0319756887536422	2	1.244348972428439	46	1.2654590576452993	
42	20	0.8998774600093612	5	0.998835612045386	28	1.3295643532924437	
43	90	0.6642583160104149	0	1.123907911267579	89	1.2172118840641832	
44	69	0.38259601007788874	56	0.5771026477465749	55	0.7165335747478586	
45	24	0.7854687291530607	87	1.1030312517140146	92	1.2591533965924608	
46	33	1.257982832676362	41	1.2654590576452993	63	1.344137417041713	
47	95	0.8521256398596047	82	1.21826928070457	32	1.2536525115720298	
48	49	0.5551246703706618	40	0.7355994993514713	8	0.9717942256584511	
49	48	0.5551246703706618	40	0.982187374026719	8	1.3137938035303076	
50	5	1.44012736640115	14	1.4878815513356969	42	1.5832791750240822	
51	98	0.5261900844879731	80	0.8690908989545648	30	1.2055944664300948	
52	60	0.8715813562796751	25	1.0467182521237204	83	1.1612477599019801	
53	12	0.5924267082242929	62	0.6750033483638863	39	0.7509500924996637	
54	3	1.0529189384812687	16	1.2438154447432346	66	1.2891248420147063	
55	3	0.6601769023137707	69	0.6620793415174141	44	0.7165335747478586	
56	37	0.5730460085258736	44	0.5771026477465749	69	0.7050588756893601	
57	16	0.07410519872094043	69	0.5573738613455832	3	0.5841249396096723	
58	32	1.0762846972867437	95	1.178303551403293	33	1.1862214607765837	
59	31	0.6305607089628127	33	1.4213230724600314	0	1.44251812067705	
60	52	0.8715813562796751	99	0.993520013502661	83	1.1590122324586773	
61	10	0.40248846820981954	40	0.9683208495299905	74	1.0833486303265325	
62	53	0.6750033483638863	23	0.8924858969602699	12	1.1334353636157435	
63	46	1.344137417041713	41	1.4496732020334897	77	1.84301616325943	
64	75	1.381009107227224	83	1.5685121955464196	51	1.8199337913636155	
65	82	0.6874286129563495	94	0.8723493724730375	81	0.9984933778831551	
66	3	0.645819206110953	57	0.7212634610434808	16	0.7254613059105824	
67	13	0.7407502502387044	14	0.854487354204931	39	1.0048285920376987	
68	97	0.39845704603378373	49	1.3787950729161458	40	1.5202702174781884	
69	44	0.38259601007788874	37	0.5315878723467885	57	0.5573738613455832	
70	82	0.8424628862679765	65	1.1550390452707175	6	1.1921269693784073	
71	34	0.3873936311899895	56	1.3574535630764828	37	1.5984061029024623	
72	12	1.0211624783039424	6	1.0239686184300287	1	1.032765159946876	
73	15	1.0795069829840744	39	1.1246864896140967	67	1.4810229616971788	
74	23	1.0302532423650193	61	1.0833486303265325	10	1.097100636885122	
75	7	1.057512725704812	76	1.1569406886806466	83	1.2579461818564455	
76	83	0.5544084220699056	7	0.5941608940661947	75	1.1569406886806466	
77	75	1.6024411674191592	63	1.84301616325943	7	1.9344971452954836	
78	23	1.5130768785532434	85	1.8282190546065302	62	1.9584964359975487	
79	4	0.651609170634085	91	0.8609156464243639	29	0.921486238473647	
80	51	0.8690908989545648	98	1.204474474905607	64	1.8751005387552884	
81	94	0.27168398760786855	65	0.9984933778831551	19	1.2522959455173905	
82	65	0.6874286129563495	70	0.8424628862679765	58	1.1863192971773326	
83	76	0.5544084220699056	7	1.1073172333456798	60	1.1590122324586773	
84	8	1.3669858011615774	61	1.4220808878473086	10	1.4804784545537901	
85	73	1.6231126872617252	15	1.708246025078131	78	1.8282190546065302	
86	1	0.8791036688826024	62	1.7926989640516229	72	1.8484931551357566	
87	45	1.1030312517140146	24	1.8112642183847827	92	1.9280865835809426	
88	24	0.600164831796111	92	1.1175577692406533	56	1.2421386624380493	
89	17	0.43064926911625867	12	0.9335368351782619	53	1.0838798024782421	
90	43	0.6642583160104149	79	0.9219504673736807	19	1.0346160845254018	
91	79	0.8609156464243639	29	0.905945173260668	4	0.9086574838558841	
92	88	1.1175577692406533	24	1.193478626955072	45	1.2591533965924608	
93	46	1.3689630662554102	18	1.7362500179709177	59	1.7574090948290615	
94	81	0.27168398760786855	65	0.8723493724730375	82	1.2809416050480678	
95	32	0.43749747453577564	47	0.8521256398596047	22	0.9312215393375005	
96	66	1.6842302055265466	54	2.0525742570113095	3	2.128585206934264	
97	68	0.39845704603378373	49	1.5061234346295105	40	1.8108922801837397	
98	51	0.5261900844879731	30	1.0169808377788916	80	1.204474474905607	
99	60	0.993520013502661	52	1.7796619900892177	83	1.9301329518092525	
