0.6267274249253174	3.3600883508880033	-1.1751375528728687	2
0.8671834492484753	1.4989930761068400	-0.8048328959958111	3
-6.1616771715252279	-3.2364966826266617	4.9596566164983367	1
2.8856455601527995	1.5034875949811246	-0.0118407767122022	2
-0.2296125922490964	1.9417845006307752	-0.2882129181089539	2
0.9212304660813451	1.8628138812678310	1.2811351645904931	3
-5.1222580085874361	-2.6510582760417787	5.7668483539981548	1
-3.8809854006454394	-4.7187505634862452	7.3557046215761384	1
-0.1225280038212293	-0.3073256133066917	3.4991781483235451	4
0.7530165877645945	2.0303473025598446	4.4512398041675407	4
-1.1031062165936905	-2.3396886292162176	-3.2384846108267711	0
-0.9534090775980713	-0.1307530477809355	-4.6892592723298945	0
0.8487748947573943	2.3365524106122040	2.6143376095677402	3
-0.2191508279693106	3.6938492088413946	-2.5098453490588701	2
1.3669611261576939	0.3206386732749298	-2.3981453781858715	0
1.0490715537906121	0.3444450488006634	3.7461798121689380	4
1.1950897553476325	-0.3211877526464910	5.1823013131683746	4
-0.6340741369859235	1.6050249281874118	3.5444261132534658	4
2.0169913939259101	2.6091767664537215	0.7202626857242721	3
1.1222135654520844	0.8739060052061023	3.7184024486873231	4
1.9664664414508013	1.5316230750348319	2.0816313739564181	3
-4.5558679102734372	-2.5698048956736343	7.0289626229391180	1
0.2938757008247257	-0.5520075858090494	-5.1969057892053714	0
-0.4340095097573253	1.9776321026300261	-1.4077379080959940	2
-3.7325918660253734	-2.3542290300139666	7.7532655847070799	1
0.4231899667009634	-0.9586323762190974	4.7792331841549540	4
-0.7188224677273767	-0.4949661250871222	-3.1257205298528929	0
-3.1961687136638650	-4.4319781822471462	4.1941354234429848	1
1.7662692778923836	0.6710587535985559	-1.6838368852432926	2
0.2014130329684474	1.1801433080870993	-1.5005719037025758	2
2.0092800728396836	2.2167572112117693	1.3116489336346371	3
1.0939400462020725	1.6158989253105958	-0.0262512795987750	3
1.2690230829108258	3.1871738119131403	-1.1316383827054404	3
-0.8692269922685649	0.4411627641249560	4.1054156985852508	4
-2.5217202481094114	-2.0365588335248610	-4.3495358397306862	0
-4.7494628013758362	-2.6113056029809512	5.2244002304874435	1
0.2017153828726119	0.0421115037405384	-5.0816676024354503	0
0.4569634577107161	3.6388798902300166	2.3571690024693090	3
-0.2745732314212557	0.0285527946277639	-0.8475503051149953	2
-0.5611757895731495	3.9122625206764741	-1.6639684951900411	2
-0.2221387026264294	2.2551512192055618	-1.9227066096595506	2
-1.9460311655282465	0.3970385207854816	-6.0380452554902622	0
0.0394693260357072	-0.0603576762221198	1.7679668859432698	4
-3.4600670266573328	-0.6503232124131717	6.4679787970573193	1
-6.7803148387049594	-2.2866223577418401	7.7316134737338702	1
-1.2343914358954207	0.0336267001473494	4.4092579378503505	4
-4.3751515474017131	-5.2826441823371200	6.7042444489358060	1
-0.8504738488604993	1.1883709498400048	-4.1500150818525343	0
-4.4902203119364241	-3.0510261385621682	8.2167636021031036	1
1.6680109332434117	1.4383695325883428	0.9268167695294172	3
-2.7991247465709277	-2.9810383453855076	5.7255622886998676	1
-0.1422186061386722	-0.3145831362371618	4.4157223886779899	4
1.9449527170632483	1.8150866744537260	0.7003134411997747	3
-1.7423773133163856	-0.3374730651475701	-3.5800491930301952	0
-0.4373404988346892	2.2950655207577162	4.0427888380626875	4
2.0658167700209193	-0.4596178462691376	2.4040165623043470	4
-5.2274708507235275	-3.9636811102192375	6.2519100790826521	1
-3.0179864347223333	0.4339986570211041	-4.2313680748622016	0
-1.1383629768934089	-1.1519489781235379	-4.2824026175069676	0
-0.7821960499500216	-1.7734948840022897	-4.4874166255751318	0
-3.0845558635178758	-2.7238705466853652	7.0717335021545589	1
-5.1766216425250509	-2.9641141257989672	6.4674687951230787	1
1.0239945766771763	0.5480118871667659	2.7007618861345817	3
0.6499921391743220	1.4296529330782977	-2.3700371730755529	2
1.8016167952332087	2.3474600188467352	2.2107317715114192	3
1.4186834087042401	1.1262050105085837	2.0733228599134605	3
0.7073533678425670	1.2625726134990747	-1.8456368591428518	2
-0.4617430831621454	1.7791637593408129	0.0891410565622128	2
-1.2677298019859971	-0.1370172536993763	-4.9705349448120071	0
2.2854412210102990	-1.0888345788627922	2.4332690918732602	4
1.2259628928619699	3.0478580931855999	2.5081745729994678	3
1.9428796369253365	2.3980495083492936	3.1782221478073369	4
-0.4080684345452725	3.2091155848314821	0.1449580194935685	2
0.6681726618307340	1.6963462256304993	-1.4338605941165490	2
0.2024915318989455	0.3217039206461703	-3.8913707389112338	0
G4
0	23	2.4401254195717588	29	2.562066525479377	72	2.744895189378818	40	3.0981265776546096	
1	52	3.04074012526095	32	3.444692343508205	5	3.6983335852190575	14	3.888745665456676	
2	6	1.9443636888384765	35	1.9852279862388813	61	2.3836561949410284	21	3.143221293982938	
3	28	3.913825386000191	72	4.070371902951189	67	4.1717590195814935	29	4.363941801521522	
4	67	1.220700965669453	40	2.113866034119135	73	2.493129895040445	66	3.0225013417553748	
5	70	2.083711447882216	20	2.172907280998853	37	2.4525647840528264	52	2.627455232661602	
6	2	1.9443636888384765	61	2.019496980377775	35	2.374631695480135	24	2.5331142533577493	
7	48	2.3140985651830963	24	2.5914001531786086	50	2.709704441913039	60	2.730869156015107	
8	33	1.7658145697312884	19	2.065242111355456	51	2.0891926901752633	17	2.207885883979156	
9	17	2.276430495576555	19	2.395369892477372	15	2.40170946529003	54	2.7828923864768407	
10	59	1.9579346859732332	26	2.5785885668964483	53	2.7102478684315994	11	2.842755888154614	
11	53	2.0142275120977935	36	2.163556537550766	47	2.212397941555475	74	2.4055795841387697	
12	71	2.0562892331339415	30	2.397537151599271	37	2.994042944469687	17	3.225671402529805	
13	39	1.1188744222851057	63	2.855047837085858	40	3.0084303332817757	23	3.3437413373537277	
14	74	3.380599525624643	11	3.4751224895698325	53	3.830711482919952	26	3.856575161094105	
15	19	1.4115742663775395	25	2.034392114065458	33	2.2431592609931177	69	2.395908792742792	
16	15	2.6750572279634843	25	2.714580021655255	9	3.014472547388355	51	3.5061970620371374	
17	33	1.657364070459986	19	2.1947394067163817	8	2.207885883979156	9	2.276430495576555	
18	31	1.697167010814288	52	1.7863079849141408	65	2.224264774054632	49	2.2645848323227518	
19	15	1.4115742663775395	8	2.065242111355456	33	2.153815678503022	17	2.1947394067163817	
20	64	1.396899919310017	62	2.122241473900538	70	2.145538091448462	5	2.172907280998853	
21	61	1.7041401227344846	60	1.939558294487843	35	2.0772964213919	48	2.143007687790536	
22	74	2.394698231848233	68	2.4052131481692602	59	3.2916456129669496	11	3.3740845929639565	
23	29	1.2931235458405421	0	2.4401254195717588	72	2.525402873630971	28	2.889633472549199	
24	48	1.6600634157249452	43	2.5253119496756113	6	2.5331142533577493	7	2.5914001531786086	
25	15	2.034392114065458	51	2.1070978442389428	33	2.377332346324633	19	2.55403042476141	
26	59	2.3561911772799364	10	2.5785885668964483	11	3.1522126664973538	36	3.2735039674816817	
27	35	2.71774198018301	50	2.8076678097776577	61	3.422808017780193	56	3.428395659210652	
28	29	1.771924409478658	66	2.3533332617222946	73	2.7311325846656103	23	2.889633472549199	
29	23	1.2931235458405421	28	1.771924409478658	0	2.562066525479377	66	2.6155265128037457	
30	71	2.202824559870576	12	2.397537151599271	20	2.7145215177457755	65	3.108605445111085	
31	18	1.697167010814288	65	2.2596455657978454	52	2.2739777572594178	49	2.611080133660033	
32	52	2.7362785783558436	18	2.7664867248249125	31	2.9453436711199656	5	3.0393676669228475	
33	45	1.082863590672576	17	1.657364070459986	8	1.7658145697312884	19	2.153815678503022	
34	58	2.001438212823029	53	2.6894802762114094	11	3.0690642985448844	10	3.2771046612672508	
35	61	1.9765231706378406	2	1.9852279862388813	21	2.0772964213919	6	2.374631695480135	
36	74	2.1223288202372044	11	2.163556537550766	59	2.521073889277613	47	2.8213120201155157	
37	70	2.192099103243045	5	2.4525647840528264	12	2.994042944469687	20	3.051853116323083	
38	63	2.50605855786063	29	3.540148555615942	28	3.6909437678053494	23	3.9627384703735347	
39	13	1.1188744222851057	63	3.136606635242653	40	3.2961568606395772	23	3.7362227835128508	
40	73	1.7942874512425322	4	2.113866034119135	67	2.1218929771835784	66	2.226540276382383	
41	36	2.9158334996609323	11	3.150017906526801	74	3.186307929572869	47	3.399927973478197	
42	8	2.5299030686476764	17	3.055289438051612	33	3.171344311885262	69	3.322558512395253	
43	24	2.5253119496756113	21	2.8017174573815278	60	2.803454354362378	6	2.9157677374137525	
44	21	2.3637893779585584	61	2.635325659941507	48	2.966725213144347	2	3.3305497970280795	
45	33	1.082863590672576	8	2.390149378567828	17	2.665169898851096	15	2.6660202231923797	
46	7	3.500728329653331	21	3.64746043965525	48	3.8124664557436807	2	3.8639417153869124	
47	11	2.212397941555475	74	2.430895051156895	36	2.8213120201155157	53	2.8542327719211165	
48	24	1.6600634157249452	61	2.125256420595083	21	2.143007687790536	7	2.3140985651830963	
49	18	2.2645848323227518	65	2.501051907645189	55	2.509339369147041	31	2.611080133660033	
50	60	2.4903287361242015	35	2.541545636229065	24	2.631816502404078	7	2.709704441913039	
51	8	2.0891926901752633	25	2.1070978442389428	33	2.3304794781378377	17	2.4332266932185185	
52	18	1.7863079849141408	31	2.2739777572594178	20	2.31422276262236	5	2.627455232661602	
53	58	1.9224851776432967	11	2.0142275120977935	34	2.6894802762114094	10	2.7102478684315994	
54	9	2.7828923864768407	15	2.8305564213465026	33	3.123157265999523	45	3.3190199332829526	
55	62	2.0138551019723088	69	2.1623458496898325	49	2.509339369147041	15	2.7017308270946376	
56	61	1.5884704189915018	21	2.84643661882014	35	3.0270137710728333	48	3.1283067945513205	
57	53	3.572268514797032	11	4.075691771603584	26	4.46821954180386	58	4.49361168348359	
58	53	1.9224851776432967	34	2.001438212823029	11	2.552157235677302	47	3.30077170490076	
59	10	1.9579346859732332	26	2.3561911772799364	11	2.506924425683544	36	2.521073889277613	
60	21	1.939558294487843	50	2.4903287361242015	61	2.5098626761677836	48	2.592807064942805	
61	56	1.5884704189915018	21	1.7041401227344846	35	1.9765231706378406	6	2.019496980377775	
62	65	1.8572798811579927	55	2.0138551019723088	20	2.122241473900538	64	2.669338599002162	
63	38	2.50605855786063	13	2.855047837085858	39	3.136606635242653	28	3.2810822971398905	
64	20	1.396899919310017	70	1.8928439032552626	71	2.647750574344139	62	2.669338599002162	
65	62	1.8572798811579927	18	2.224264774054632	31	2.2596455657978454	20	2.4390140713639554	
66	73	0.9509569377578259	40	2.226540276382383	28	2.3533332617222946	29	2.6155265128037457	
67	4	1.220700965669453	40	2.1218929771835784	73	2.4308815181898464	66	3.070640048398562	
68	22	2.4052131481692602	11	2.727206782757011	74	3.252525431491161	59	3.64487263556545	
69	55	2.1623458496898325	15	2.395908792742792	19	2.836792494238223	25	3.250305482126172	
70	64	1.8928439032552626	5	2.083711447882216	20	2.145538091448462	37	2.192099103243045	
71	12	2.0562892331339415	30	2.202824559870576	20	2.36639361130296	64	2.647750574344139	
72	23	2.525402873630971	0	2.744895189378818	29	3.3205885584205044	67	3.368552707772278	
73	66	0.9509569377578259	40	1.7942874512425322	67	2.4308815181898464	4	2.493129895040445	
74	36	2.1223288202372044	22	2.394698231848233	11	2.4055795841387697	47	2.430895051156895	
