2.1871887450401823	-1.5169907523366788	2.2955578852811800
1.9191143213208426	-3.6074959911805728	-0.0174548315993368
0.4730306397646937	-1.9776684797257598	3.7304860866936362
1.4142145160179245	-0.0449605939602977	-0.0818635933408619
0.4418148804283678	-0.9582993026368289	-0.3802187330518006
1.2055682385165176	2.5081132497862608	-1.4919139414873681
1.4184670224303633	0.2955278686275339	0.7045524110010754
1.4183634252518573	1.6789304998055883	-2.4925966576435461
2.2953861178340933	-1.1817078525490676	4.8586667066126541
2.1412783326092923	0.5847354055883497	0.8694952362100317
0.6640525842411259	-0.2677795030607839	-1.6743129264370558
1.0502598789218307	-2.9141928058273012	1.2520703048446873
2.7290091591319618	-0.3540269214969964	-1.9456497993415458
2.0336846677975866	0.0901525193954038	-0.2597325151103131
3.1062909583524494	-0.2287471450870799	3.2643841799473661
0.3368855587827108	-0.7914826929060211	-0.9580298288806608
-0.1183341396988034	-0.1569339229386561	-1.9660441273661182
2.4169008506956828	-4.3834093657453028	1.9011366490142834
2.8517223881641027	-1.2929690825035445	-0.3215106423309871
2.3172254560858456	0.2420641120504516	1.5818392035466318
3.5292791252639137	-1.0769120432034918	2.7332590916496504
-0.1016581256317861	2.4496504795049332	-2.1685696022760985
1.3816862884967382	1.5731890397957324	-1.2644486117297413
2.2280837731603746	-1.0579178785305132	0.8930057972294039
4.0633253108194065	0.7164060548904624	2.5498972383984908
1.5673058739176851	-2.8771504065252689	0.7692598631763354
2.0123691588668784	-0.8572870970979599	-0.9563469909054758
-0.2064673271403477	-2.3602167113768373	2.4916893487533218
-1.1439934949549699	-0.0945827051733264	1.1761881663756986
2.4054036216234667	-0.5593943733563611	-0.6972686499351450
2.0633678329797513	-0.5637746085569962	0.8109578807390458
2.6129543983465036	-4.2955988151345137	2.0127206841953469
1.4659679220727997	1.2890666773932256	-0.3554184475416942
0.1545811569026529	1.0312527963681271	1.0174414012078392
0.4321921166444799	1.9478265697120989	-0.8455373281731672
1.7296874585042119	1.7947574674377025	-0.8786634646286551
0.2492297947157343	-1.6378232272956439	-1.8537058143676592
0.7423127804050271	-0.4446542877700014	-0.9908714480298458
1.7409586206715710	-1.0856962103787942	-1.8908784727302825
1.4134300408558407	1.2460793880945582	-0.4902792395309912
3.0700337985516262	0.3229813746302661	0.7101402099478549
1.9418702307546440	-0.5517891492183487	-2.7707685444421548
0.2606275139841901	-0.5703215336977627	-2.3242208853188173
1.6952773080882013	0.6420612480384082	-0.1293449580493071
1.5147722028699622	-0.8743039831724028	2.0709833822488295
1.1439245974840710	-1.8693958714855676	-1.0516205465267836
3.0708070952680586	0.3051516193281206	0.1736075801754381
2.3730281639930779	-1.2698772817580302	2.0066123542896999
2.9206768580750744	-2.8426272157081325	0.8084903318605918
-0.0757546098498822	-1.2465443504379026	2.1751845173464863
2.2130153504325349	-2.2721737796936132	0.6983345202609894
0.8741908892618477	1.1311677360337355	-1.1045593796719317
0.3075882166929162	-0.4846699951195502	-1.0012138734445675
0.7865795779622409	2.3402834918179747	0.0204836115915974
3.2987111478677877	-1.3224627068881827	1.9721456760705605
2.0055047431740611	0.2737167403119777	-2.1650427046032004
2.9206651452597923	-2.9143644188913589	2.0659208386668331
2.0742495754990933	1.5276776821773965	-1.6519431046299211
1.4173380437882372	0.5960686456401095	-0.1982267697412272
2.3634313090380616	-3.3558659143868033	2.1498828542189310
2.2149149513351971	-0.6532779097714627	-2.1493181736966429
1.6153913760133827	1.1610394709558314	-0.1974554123442050
0.4759890215105279	-3.1105694212951271	4.0826431906994873
0.7191330558268436	-2.3627474707017169	1.7510678944829303
0.6311466693283513	-0.5748188837976520	-0.9631454806737656
1.6642779081692938	-0.5559368227974983	0.8940366070647969
-0.9350998372344650	-0.5271881901964635	0.5424292745857849
1.3746458965694279	-0.0396635622208831	2.2506980285942606
1.9285053506731755	1.4646330740597240	-1.3951074035920095
2.1429957293622452	1.9085852083901862	-2.9383502611610823
4.4635985434543057	-0.6088129644688217	1.6652735210511973
0.5984222745308739	-3.7662763622121074	0.8622469718917822
2.0213793229642789	-0.9567805252841589	-0.0264867735332994
1.8828724640372791	0.0964050845855142	-0.4919654644489981
2.3319133342067766	1.0108016003527882	1.1522275478977817
1.0025921285026198	1.6324198011657720	-0.0172166907168849
0.7479695061979172	-1.9956805004195739	1.0220213874333832
2.7343562663835614	0.4805503147485911	1.8472061358710428
-0.0039708419876581	-0.1936186859921833	0.6553043021478955
0.2965529072674573	1.3472902250684100	0.9907697954665509
0.2409693656476962	0.9141238754113423	-1.0229955185282384
1.7060150407331940	-1.7867101206417400	1.6697218616627489
1.0436769559539063	-2.2798684043947417	-1.6022084309007656
0.0383852519256827	0.4604066535437696	-1.2038339917024792
0.7257191645942069	-1.7305141117633469	-0.8708910921965510
2.6312446210615583	-1.2505936653246039	-1.4355893071769446
0.9477601932302321	1.1391780237773226	0.2428263473196173
3.1141496957552759	-0.0629998896659341	-1.8824058352371846
1.2710199434583653	-2.1252335802529836	1.3563866642316342
2.0779833028750256	2.3486420984003042	-1.1303519477972959
2.6192054707691876	-0.1796582529179172	2.3172153955546895
0.9829779135755004	1.3384606502384835	1.7665578641345370
0.9598746629450232	0.5200676403022684	-0.0323413766974011
-0.3342637202153205	-0.3529529947390175	-2.8332327740382874
1.8550118324320128	1.1230329421185081	-2.0309844391534275
2.9189043693394781	-0.1037114956597223	2.9317634689541543
1.1530621354349078	1.6764803372188342	0.3816190781659945
0.5463863648889985	-3.9609519532384985	2.5723569702151416
3.0509396117336740	-0.7109439959802859	1.0918070298358591
1.5801637524412422	0.0460002400841548	-0.6785605245242603
