1.7331436929453137	-1.6622267086570452	2.7213246419674322
4.2022768423288932	-3.2210051516194360	-2.2010901351770689
2.7638200139993270	-1.4531837272362291	3.8749270467502299
2.4643409259886440	7.0107718443343803	-2.7390441061563697
0.1350184192127851	-1.3827183262208056	-0.2475516444097570
2.3828858834769000	8.3624262767228501	-3.9149614366722654
1.1203304624604822	6.8180892773745256	-2.9547348727194711
2.9303484468979986	3.1377772239239583	-3.4833759048762083
-5.7809861494774957	1.2270227883380174	-0.5338059170867684
-5.3256949697389304	2.8565610896897744	-5.8842882579532034
0.8336142476092937	1.7053305219720272	0.3879362341452419
2.9342568435106857	-3.3499481301444947	0.3730101276053401
2.3851843377047288	1.5126393224952375	-0.3805579018793752
1.2938683222579992	5.8563172215717270	-5.4611363540864382
-4.9747514722785962	3.5539074478619157	-3.9911296856541187
0.9438312679993452	1.9248983974771381	-2.4761579622143799
-0.0175423317642707	-1.7892093843610639	-3.0876619466888062
1.8251605390100583	-2.9225727983734102	1.1194316905036534
3.9419693267327611	6.1496917241364120	-5.1447435486338691
-4.7207049394822107	3.8923265054845979	-3.8589942037191785
-3.2907010385328359	1.2200787162966193	-2.7515952306232250
0.5421118906827449	2.5861196313863104	-2.1033711248032443
0.5366932693320811	6.6119667171162035	-3.9146003547248314
2.7047980586424698	-1.4273420841208531	0.8213492243109792
-3.5523890660219295	3.5859433590751788	-3.0423280489799982
0.3249557901071962	-4.1918219049681511	0.7289294644715207
2.0904205265535345	-1.1057869337507622	1.6162115996339792
-1.2456880238879324	-3.7024781250598342	4.4503074438537578
-0.3112841426919597	1.8940411955229099	2.1680785021099274
2.0349758699814715	6.4414254534076800	-4.9720398428624080
-5.7895924086056922	3.0938815466920033	-6.1490330891939404
0.3902002301245382	-2.9810448998405588	0.3676411250465272
3.4301453244193443	2.7485083821464849	-1.4203776795845384
-7.0792038432378046	4.9722733904274428	-5.5563734937293301
2.7061676337969618	2.6268459732688685	0.3488131502835546
1.0392779236111986	2.9815145147973445	-1.4618784804097265
2.6128552408917822	0.4515118542979388	-2.0922483909637837
2.7200118101867861	-1.0589176597917800	-1.6032074775572784
0.2054022069293702	4.9323225969718276	-4.2727755267973109
2.8043902959525155	-0.3186764017280443	-0.6960678626771262
3.2207028430699465	6.7959727542815802	-2.1233921073544915
2.2809529851582435	0.4950975554701187	-2.1912603185229371
0.4550035057130839	-1.0452279648437197	-0.2799476559737202
2.6221513015265110	0.8124575240863217	-0.4852031927631097
-6.4518888700654333	2.6593729887595803	-2.8945286708849411
2.4345621464612224	-1.2407844868099855	-0.9717549842359314
2.4460721490600799	2.7063132178843290	0.0972750891369553
-5.5467248190110237	3.0930253826743668	-5.0614156229062015
1.8996704532879505	2.8897024517966243	-3.6199016611960797
1.7236822626350030	-0.2096852939450580	2.0497741699833947
2.2039235348242130	-3.4972066800561028	1.7343177206665235
0.7289187286750555	0.7978390408545990	0.5400199570280955
-0.8956403779215931	-0.8597853779003338	-1.8483627094483357
0.6650731268243510	7.6373207067581488	-4.5568064307239808
-4.1621475695465220	1.6095176378442053	-4.7758650080131106
0.8616862304699557	2.0085351993566292	-0.3457017788010739
2.3725239897686010	-2.1867795552510700	1.4358806303645635
1.7385708761206260	1.8566907583387104	-0.6654436985541166
3.3578010009875920	-1.3440280190621734	0.6457747039021826
1.7128062174417000	-5.2396938917308793	2.0417864884798362
3.4699008650396923	-0.5079896659022538	-1.9701588617773849
2.4643019663392423	7.5397992417923501	-3.3577795754379616
-1.8005457864965084	-1.3804373649456845	3.4901965780643298
-0.4876443206654344	-2.4379532404827846	3.9105349569867078
0.5405990758409613	0.7464747224848423	-2.3507448861222890
-6.7390037371776854	3.4935030657578654	-5.6960540560696931
-0.2485671816241450	1.5008415072043644	-0.3544657545057177
-7.2201408357915362	3.3376493706789065	-4.7727604222476812
0.8298058949651087	6.2411366662408412	-5.9544482486257504
3.9371137391892179	3.5665494275762222	-4.7401370972150207
-2.2848777116487984	4.2572266930293914	-3.2935151317462581
0.9664125393026048	-2.5864957506691248	1.4960854722877759
0.5658209387339785	1.3291134575822672	2.8789959036428230
2.9049781567001522	0.2258216813517755	-0.2022096090148240
-6.0956801010878374	3.3760890517056854	-5.5547116727375263
2.4796639142250969	1.4522327904423620	-0.4042781123546613
1.0038681305249710	-0.5955808799474940	0.9929969189286079
-4.8864128171485310	5.5917377919465796	-4.2241077766819259
-8.5932424497594972	2.7555733969572094	-5.5169590476621106
-0.7399434800775954	6.1496074827448268	-3.6132346569525828
1.0201120758814253	2.6519684142279627	-1.6327723996393662
1.3821573484348195	0.3634484774014326	0.0897049760811777
1.8771769563345737	-3.3022381660979576	-0.9899299481635674
0.2790758634988022	0.3590396274296690	-1.7582624647279799
1.0963509692672002	5.4835019128807261	-4.5846235209197665
2.1751916732291994	3.7396576294130419	-4.8860754762965168
2.2252003392038406	1.9595665008367309	0.2750935227865459
2.3830796440780553	5.7350467607964459	-5.0962583386084308
-0.4047278187560148	-2.3058654874039535	3.1465251793002156
3.5780445367238274	2.6513149677979806	1.3184940688750864
-3.1824945844231447	2.9339868334965531	-4.2953384761445195
2.2284343930386621	8.3599422721021401	-1.7535278760437119
0.3226602440016001	5.9460707025495827	-2.5124290575070285
-1.4703481602860795	-2.3356916027720218	-1.2446921085324738
0.0816223827261363	0.1725404671020002	-4.2017512496515561
-4.4542703443927660	4.1922100584432833	-2.6826498656014786
3.0203852602097454	0.2220460892563354	0.6463979277456045
0.7308020347787598	-4.9983395225237333	3.6898912167883515
-5.3937501077962855	3.6887669895073874	-6.0422164968415562
1.7974400705328348	5.4525351911710827	-3.5706081565459522
