0.3951480970125409	-0.5123614276195514	-1.8144520774959898
2.1081115770463086	-1.1897889477093866	-7.9790220769040179
-1.0112880008366858	-0.9543636042608283	-0.0791717319978993
1.4849374931187289	11.0586075108992397	-4.5133471982502709
10.3572246386636699	18.5198203736858815	11.6859495078386111
2.6073674240636509	9.4005694882158934	-4.9114731227381334
0.9323716488322193	4.9341852085219919	-5.1293852657354222
5.6829220974199917	4.2784483949349559	-3.1527940995304835
4.3571888073001990	-4.2694798602591506	-6.7290727247615827
2.8523703140767482	-2.1097605342150665	-12.5255814540861969
-1.2276911584216470	-0.0218677858135252	-0.8298742944738666
0.2282082266416330	-2.0341873738134297	-5.5816563206187837
12.5331936157815864	19.5727431321719436	9.2109059814159178
4.3228592392642904	5.6503725842575365	-9.5656044612970792
5.1964572022311213	-0.1574354264228131	-10.7821080195432195
12.2117239370964921	22.4160698984654339	7.0414269574841377
11.1306594289538197	17.9543036328121168	8.8992374749067320
-4.1124450629326113	1.0848247367304700	-4.2617453935112266
4.3715454038697033	3.8225482841803902	-1.5546397625799977
3.8792358559391085	0.6325124739859984	-6.8885733582470383
6.5757644501518371	-2.2700306895256901	-9.8484684219566621
-2.7975872952706036	2.0976604736771396	-3.7632666973013880
4.1619501486276445	4.5324279429638716	-2.7980377122141231
-0.8865271617964903	0.8484567533339065	-2.8056673328670558
7.5117284086108889	-2.4110784736542845	-11.3620999859643490
-0.1056566123110141	-2.7243287744136486	-4.9092892741086240
11.6273315074203154	18.1832912130825690	14.5582057028087561
-3.6749745697075693	-1.4050765338543001	1.5604173300703521
12.4280360471591109	20.6845852941576922	12.4971110943850565
-1.4221465508090079	6.1738389005959977	-6.5550669557281829
3.2526192873142539	-2.1126485972236733	-10.5737568798917039
-4.0135934181228077	-1.0535667766398449	-3.6633591347830352
4.0388213196156748	2.7675598165083493	-4.4137859083322422
3.0254492248571072	2.3172703087348574	-13.1284742270910897
13.5277198503324900	21.9197874738101319	11.6192062472474156
2.8713404981118558	2.3730108565916583	-3.5639864422961449
13.2249804431030054	21.0034824251381309	9.3830776369436890
12.6461055406524547	17.9816747949205862	7.8878261839411250
1.8942086451388358	3.8464778336965129	-1.9501083779456216
3.8378506253842373	-0.5717521530975896	-0.4258911590256625
5.5016941111710818	8.4374727142851462	-3.5710516989472221
2.1430554421723431	0.8200193146122380	-2.3687363261695538
13.2244766746741771	18.4126659850119623	9.3722992185615936
13.8288370768197577	21.2006826771063537	10.0261672110984819
5.3546802713056518	-1.7119910531815861	-12.2162604006543489
2.9270117940882203	-2.4571634201169639	-5.8140956154115369
12.7041623650313831	21.6423103322247208	11.5612872852020150
6.5691560510295606	0.0540850204896277	-8.8747624997592744
-1.5571219832629544	4.4178786763453743	-4.4861320518005989
-2.9843140754453894	0.5368211359701104	-3.8313401666841820
-1.2694559161511041	0.9731948508635135	-3.1021396693718608
-0.5360972216373436	-0.9688611370149879	3.3079093649470335
8.1316632514194573	18.2386447631916973	9.2069137019346101
-1.1511699504560253	7.7430051505659767	-4.6377704898766341
3.8982516778347316	-1.1606573063446559	-10.0041986585226539
2.5098870214629003	3.2498315167758385	-2.6333562028686917
-2.5320546418495025	-1.4502895461035026	-5.7712459233564353
3.3717953537330083	4.5678121949901946	0.9589118697210275
16.2192467374773557	16.3697992317090026	11.3371649753476369
-3.1237370464965419	-3.0449901423325110	-3.2056780544540300
6.1100470783142304	-3.0235349458103418	-0.0103614554491176
3.1206965499622199	3.8356236842797564	-0.3888700119415665
-3.5213003991572362	2.2683575122535546	-2.2138598838748536
-2.7628373680567604	-1.7645502014115175	-2.0760433962583749
11.5125858487378565	17.2948299119762581	8.1700691074864906
4.0767469829083103	1.3820255624638831	-11.0530631172565350
9.9012613488362131	18.9875629171194902	11.5646647781284670
1.9004720335137364	-1.1135660313873221	-8.9816049093277481
-2.2426714224114184	6.3711700360269301	-3.5703540066996822
5.7498551320041287	1.9629114337223879	-9.9076176012681678
6.4410808914898547	1.6181454647930829	-7.9419068138140201
-3.7678846315697880	-2.8714846490839552	-5.5932901227019745
10.4327527940977092	18.1321142283202299	12.2157617372359049
12.6910920427988412	19.4027663724081734	9.1189766240334063
4.4537899111736907	-1.1490942353063904	-12.7549048502749276
0.7602864395303266	2.8158458526076005	0.8355190877554450
-2.1444712180409962	-0.9588018745842801	-2.7069891282721117
3.2437642321357876	1.1040835990183022	-9.2571234569308380
1.4739221663635129	-1.5571546372196430	-13.6209091762487127
0.7233033173217184	4.1284171519911101	-3.9991760624833224
12.3430920348618827	20.3967513848872670	10.9410300447411970
-2.2157542880611718	1.8626951768358624	-3.9058195266846538
2.1809468667758072	-5.0282344202269131	-2.9656439480119325
10.4376962891460643	20.2962732901586520	7.5112235552725748
0.7552169117434140	5.9230801013791563	-2.2678862755036282
1.6403072192061632	3.8341607180402693	-5.1029558403332755
4.1840495496770691	5.0593838585439954	-0.4389263171768627
0.0477158110482538	3.6896504404758161	-6.1777269469974385
-0.9032646550208416	-2.7267153490278115	-1.9384525877760446
5.6673722632897876	4.5421765631453557	-0.8113152070642732
4.8459155647755825	-2.1735723188592733	-11.7489572922248371
1.5668832815680265	8.2185648013494230	-1.0425649925278613
0.0167295914555228	6.4009473179854135	-1.0008892035993100
-0.0179938832300981	-1.4492480010769919	0.2581942886530966
1.7878108825151102	1.3634259983582677	-3.9068448009240702
3.3186078713689575	-0.1809503373175241	-7.1400719156613741
3.7706449261410531	-2.5289591408497767	2.2698023164390975
-2.7258821151260868	0.6626598073197121	-1.0289164568494054
5.6288053318274827	0.8994242841799285	-11.8699109225327675
4.4542629872803952	7.9374518531103533	-1.9281097390906352
