0.6250000000000000	0.7140000000000000	0.3820000000000000	0.6879999999999999	0.5600000000000001	0.5000000000000000	0
0.5990000000000000	0.4310000000000000	0.7370000000000000	0.6340000000000000	0.6800000000000000	0.7250000000000000	2
0.5180000000000000	0.5900000000000000	0.4430000000000000	0.7770000000000000	0.5600000000000001	0.2000000000000000	0
0.3960000000000000	0.3200000000000000	0.6820000000000001	0.7880000000000000	0.3200000000000000	0.5000000000000000	1
0.2190000000000000	0.3510000000000000	0.3810000000000000	0.2000000000000000	0.5600000000000001	0.2750000000000000	3
0.2620000000000000	0.2430000000000000	0.6200000000000000	0.6790000000000000	0.4400000000000000	0.3500000000000000	1
0.8000000000000000	0.7780000000000000	0.4620000000000000	0.4600000000000000	0.8000000000000000	0.6500000000000000	0
0.6270000000000000	0.6929999999999999	0.4150000000000000	0.7160000000000000	0.5600000000000001	0.3500000000000000	0
0.5930000000000000	0.5720000000000000	0.5360000000000000	0.6300000000000000	0.4400000000000000	0.5750000000000000	2
0.5020000000000000	0.6820000000000001	0.2630000000000000	0.3900000000000000	0.6800000000000000	0.4250000000000000	3
0.6510000000000000	0.4810000000000000	0.7380000000000000	0.7360000000000000	0.5600000000000001	0.6500000000000000	2
0.5050000000000000	0.6530000000000000	0.3220000000000000	0.5550000000000000	0.5600000000000001	0.5000000000000000	0
0.5740000000000000	0.6240000000000000	0.4190000000000000	0.3550000000000000	0.6800000000000000	0.6500000000000000	0
0.3110000000000000	0.2390000000000000	0.6560000000000000	0.4320000000000000	0.3200000000000000	0.4250000000000000	1
0.4470000000000000	0.5770000000000000	0.3420000000000000	0.3540000000000000	0.6800000000000000	0.4250000000000000	3
0.2000000000000000	0.2000000000000000	0.5820000000000000	0.4200000000000000	0.3200000000000000	0.2750000000000000	1
0.5500000000000000	0.7130000000000000	0.2900000000000000	0.5679999999999999	0.8000000000000000	0.3500000000000000	0
0.7150000000000000	0.4870000000000000	0.8000000000000000	0.7650000000000000	0.6800000000000000	0.8000000000000000	2
0.5350000000000000	0.6110000000000000	0.4240000000000000	0.6810000000000000	0.5600000000000001	0.5000000000000000	0
0.3200000000000000	0.2610000000000000	0.6790000000000000	0.8000000000000000	0.4400000000000000	0.4250000000000000	1
0.3020000000000000	0.3390000000000000	0.5000000000000000	0.3210000000000000	0.3200000000000000	0.5000000000000000	1
0.7790000000000000	0.7450000000000000	0.4920000000000000	0.5490000000000000	0.5600000000000001	0.7250000000000000	0
0.5970000000000000	0.6560000000000000	0.4120000000000000	0.4790000000000000	0.5600000000000001	0.4250000000000000	0
0.5470000000000000	0.6520000000000000	0.3670000000000000	0.5570000000000001	0.6800000000000000	0.5000000000000000	0
0.6370000000000000	0.5930000000000000	0.5570000000000001	0.6360000000000000	0.5600000000000001	0.5750000000000000	2
0.4710000000000000	0.4270000000000000	0.5750000000000000	0.3870000000000000	0.4400000000000000	0.5000000000000000	1
0.6240000000000000	0.7310000000000000	0.3330000000000000	0.4300000000000000	0.5600000000000001	0.5000000000000000	0
0.4300000000000000	0.4060000000000000	0.5620000000000001	0.4310000000000000	0.3200000000000000	0.4250000000000000	1
0.3270000000000000	0.5330000000000000	0.2580000000000000	0.2220000000000000	0.5600000000000001	0.3500000000000000	3
0.4060000000000000	0.2930000000000000	0.7010000000000000	0.5390000000000000	0.3200000000000000	0.4250000000000000	1
0.3320000000000000	0.5470000000000000	0.2480000000000000	0.2740000000000000	0.5600000000000001	0.4250000000000000	3
0.7500000000000000	0.7780000000000000	0.4130000000000000	0.5140000000000000	0.5600000000000001	0.5750000000000000	0
0.5890000000000000	0.6760000000000000	0.3900000000000000	0.6500000000000000	0.5600000000000001	0.4250000000000000	0
0.7150000000000000	0.6370000000000000	0.5850000000000000	0.6810000000000000	0.5600000000000001	0.5000000000000000	2
0.4700000000000000	0.6240000000000000	0.3170000000000000	0.5150000000000000	0.5600000000000001	0.5750000000000000	0
0.6210000000000000	0.4810000000000000	0.7060000000000000	0.7460000000000000	0.4400000000000000	0.7250000000000000	2
0.5560000000000000	0.6160000000000000	0.4380000000000000	0.6590000000000000	0.4400000000000000	0.5000000000000000	0
0.6050000000000000	0.7030000000000000	0.3520000000000000	0.4590000000000000	0.6800000000000000	0.5000000000000000	0
0.4860000000000000	0.3510000000000000	0.7110000000000000	0.5340000000000000	0.3200000000000000	0.6500000000000000	1
0.5040000000000000	0.6290000000000000	0.3480000000000000	0.5150000000000000	0.5600000000000001	0.4250000000000000	0
0.2000000000000000	0.2180000000000000	0.5730000000000000	0.5800000000000000	0.2000000000000000	0.3500000000000000	1
0.6750000000000000	0.6820000000000001	0.4690000000000000	0.5730000000000000	0.4400000000000000	0.5750000000000000	0
0.6010000000000000	0.5850000000000000	0.5050000000000000	0.4110000000000000	0.6800000000000000	0.5750000000000000	0
0.3960000000000000	0.4210000000000000	0.4990000000000000	0.3660000000000000	0.3200000000000000	0.5000000000000000	1
0.4860000000000000	0.6780000000000000	0.2450000000000000	0.3110000000000000	0.5600000000000001	0.5000000000000000	3
0.4140000000000000	0.4220000000000000	0.5240000000000000	0.4350000000000000	0.5600000000000001	0.6500000000000000	2
0.7490000000000000	0.7590000000000000	0.4480000000000000	0.6120000000000000	0.5600000000000001	0.4250000000000000	0
0.6490000000000000	0.7290000000000000	0.3710000000000000	0.5110000000000000	0.5600000000000001	0.5750000000000000	0
0.5430000000000000	0.6970000000000000	0.3090000000000000	0.6070000000000000	0.5600000000000001	0.5750000000000000	0
0.7290000000000000	0.7040000000000000	0.5080000000000000	0.6630000000000000	0.6800000000000000	0.6500000000000000	0
0.6480000000000000	0.6600000000000000	0.4510000000000000	0.3640000000000000	0.8000000000000000	0.7250000000000000	0
0.6500000000000000	0.7440000000000000	0.3490000000000000	0.4950000000000000	0.6800000000000000	0.5750000000000000	0
0.5930000000000000	0.5280000000000000	0.5860000000000000	0.5420000000000000	0.5600000000000001	0.5000000000000000	2
0.3520000000000000	0.5980000000000000	0.2000000000000000	0.2550000000000000	0.5600000000000001	0.4250000000000000	3
0.4840000000000000	0.3630000000000000	0.7030000000000000	0.6310000000000000	0.4400000000000000	0.6500000000000000	2
0.4050000000000000	0.5730000000000000	0.3090000000000000	0.4610000000000000	0.5600000000000001	0.3500000000000000	3
0.5230000000000000	0.6000000000000000	0.3970000000000000	0.3620000000000000	0.5600000000000001	0.5750000000000000	0
0.7050000000000000	0.8000000000000000	0.3420000000000000	0.5770000000000000	0.5600000000000001	0.5000000000000000	0
0.7190000000000000	0.7080000000000000	0.4710000000000000	0.4750000000000000	0.5600000000000001	0.5750000000000000	0
0.5160000000000000	0.5600000000000001	0.4460000000000000	0.3990000000000000	0.5600000000000001	0.6500000000000000	0
0.5330000000000000	0.7490000000000000	0.2100000000000000	0.4320000000000000	0.5600000000000001	0.4250000000000000	3
0.5700000000000000	0.5530000000000000	0.5230000000000000	0.4980000000000000	0.5600000000000001	0.8000000000000000	2
0.5639999999999999	0.6700000000000000	0.3490000000000000	0.4030000000000000	0.5600000000000001	0.6500000000000000	0
G3
0	32	0.09936297097007513	18	0.14325501736413976	48	0.1566141756036151	
1	10	0.1887697009586019	17	0.20819942363032617	35	0.2721929462715741	
2	7	0.22247471766472698	32	0.2863564212655271	18	0.316712803656562	
3	19	0.17156631370988887	29	0.2623280389131135	54	0.2675499953279761	
4	28	0.25695524902208167	30	0.31120732639190873	53	0.37011349610626193	
5	19	0.16563514119896178	29	0.26348054956675643	40	0.27217457632923764	
6	50	0.2280131575150873	51	0.2401561991704566	49	0.2612316979235101	
7	32	0.11108105148944167	0	0.15753729717117787	46	0.19175505208468435	
8	24	0.1313544822227244	36	0.13919410907075055	41	0.1629785261928701	
9	14	0.14692515101234377	60	0.15627859738300698	44	0.16389630868326474	
10	35	0.14848905683584904	1	0.1887697009586019	17	0.21381534089021773	
11	39	0.09207605551933686	34	0.09651942809610922	48	0.1089862376632939	
12	42	0.1356723995512721	56	0.1540616759612851	62	0.15433729296576382	
13	29	0.159420826744814	15	0.20484628383253625	27	0.22558147087028227	
14	9	0.14692515101234377	55	0.18531864450184177	44	0.20737646925338474	
15	13	0.20484628383253625	40	0.21454603235669492	5	0.3069902278575004	
16	23	0.21605554841290237	9	0.2360148300425208	37	0.23611437906235186	
17	1	0.20819942363032617	10	0.21381534089021773	35	0.2851210269341776	
18	32	0.12199590157050359	36	0.12468359956305405	0	0.14325501736413976	
19	5	0.16563514119896178	3	0.17156631370988887	29	0.30236567265481706	
20	43	0.13261221663180206	27	0.20601456259206533	13	0.2288296309484417	
21	31	0.17859451279364663	58	0.18271836251455414	49	0.19354069339547172	
22	39	0.12153188881935473	26	0.14360013927569842	37	0.16216658102087492	
23	37	0.12567418191498203	11	0.13488513631975912	39	0.15661417560361518	
24	33	0.12827314605949286	8	0.1313544822227244	52	0.14650255970460033	
25	27	0.15573053650456609	43	0.16210490430582286	45	0.21231815749012142	
26	47	0.11941105476462385	37	0.12941020052530636	22	0.14360013927569842	
27	43	0.12328828005937956	25	0.15573053650456609	20	0.20601456259206533	
28	30	0.0930053761886914	53	0.12218019479441009	14	0.2466596845858682	
29	13	0.159420826744814	27	0.21054690688775266	38	0.24599593492576258	
30	53	0.0752728370662352	28	0.0930053761886914	14	0.20919130001030153	
31	58	0.10366291525902603	47	0.11989578808281798	57	0.13093509842666323	
32	0	0.09936297097007513	7	0.11108105148944167	18	0.12199590157050359	
33	24	0.12827314605949286	8	0.21008569680013917	46	0.21259115691862632	
34	11	0.09651942809610922	48	0.1385135372445596	39	0.15697770542341352	
35	10	0.14848905683584904	54	0.227050655141094	8	0.271884166512138	
36	18	0.12468359956305405	8	0.13919410907075055	32	0.16461773901982743	
37	51	0.1031309846748299	23	0.12567418191498203	26	0.12941020052530636	
38	54	0.15498709623707385	29	0.24599593492576258	25	0.2881076187815935	
39	11	0.09207605551933686	22	0.12153188881935473	55	0.15165421194282735	
40	15	0.21454603235669492	13	0.24815317850069943	5	0.27217457632923764	
41	8	0.1629785261928701	58	0.1631563667161046	47	0.17530829986055993	
42	12	0.1356723995512721	59	0.17748239349298847	56	0.18647788072583832	
43	27	0.12328828005937956	20	0.13261221663180206	25	0.16210490430582286	
44	9	0.16389630868326474	60	0.16953170794869024	53	0.1874619961485528	
45	59	0.1919062271006338	25	0.21231815749012142	61	0.2607048139179636	
46	57	0.14731938093815083	0	0.1820933826364923	31	0.18355108280802918	
47	26	0.11941105476462385	31	0.11989578808281798	51	0.12395967086113129	
48	11	0.1089862376632939	34	0.1385135372445596	0	0.1566141756036151	
49	21	0.19354069339547172	24	0.2096187014557623	33	0.2187189978031172	
50	12	0.1670389176210143	42	0.22329128957485112	6	0.2280131575150873	
51	37	0.1031309846748299	47	0.12395967086113129	26	0.15921997362140214	
52	24	0.14650255970460033	8	0.17945751586378317	33	0.2146788298831536	
53	30	0.0752728370662352	28	0.12218019479441009	44	0.1874619961485528	
54	38	0.15498709623707385	35	0.227050655141094	10	0.2616543521518418	
55	39	0.15165421194282735	14	0.18531864450184177	11	0.21887210877587857	
56	59	0.10509043724335723	62	0.12724386036269106	12	0.1540616759612851	
57	31	0.13093509842666323	47	0.13783686009192167	46	0.14731938093815083	
58	31	0.10366291525902603	47	0.12898449519225166	41	0.1631563667161046	
59	56	0.10509043724335723	62	0.15436644713149292	12	0.15660459763365822	
60	9	0.15627859738300698	44	0.16953170794869024	26	0.17135635383609213	
61	59	0.20296551431216092	45	0.2607048139179636	12	0.27059563928489316	
62	56	0.12724386036269106	12	0.15433729296576382	59	0.15436644713149292	
