0.2280000000000000	0.5080000000000000	0.2440000000000000	0.3170000000000000	0.3710000000000000	0.4000000000000000	0
0.5890000000000000	0.4820000000000000	0.5870000000000000	0.3670000000000000	0.5430000000000000	0.6000000000000000	2
0.3100000000000000	0.3250000000000000	0.4920000000000000	0.4260000000000000	0.2860000000000000	0.4000000000000000	0
0.7330000000000000	0.4910000000000000	0.8000000000000000	0.8000000000000000	0.5430000000000000	0.6000000000000000	1
0.6330000000000000	0.6350000000000000	0.4660000000000000	0.2000000000000000	0.8000000000000000	0.3000000000000000	3
0.2540000000000000	0.2000000000000000	0.5380000000000000	0.3930000000000000	0.2860000000000000	0.6000000000000000	1
0.4950000000000000	0.7650000000000000	0.2580000000000000	0.2840000000000000	0.5430000000000000	0.5000000000000000	0
0.2660000000000000	0.3510000000000000	0.4300000000000000	0.4280000000000000	0.2860000000000000	0.4000000000000000	0
0.4880000000000000	0.5170000000000000	0.4700000000000000	0.3520000000000000	0.3710000000000000	0.6000000000000000	2
0.3680000000000000	0.7000000000000000	0.2000000000000000	0.2600000000000000	0.4570000000000000	0.6000000000000000	3
0.8000000000000000	0.6180000000000000	0.6860000000000001	0.5440000000000000	0.4570000000000000	0.6000000000000000	2
0.3920000000000000	0.3990000000000000	0.4960000000000000	0.3970000000000000	0.4570000000000000	0.3000000000000000	0
0.4030000000000000	0.6690000000000000	0.2470000000000000	0.2080000000000000	0.5430000000000000	0.3000000000000000	0
0.6490000000000000	0.5840000000000000	0.5340000000000000	0.2720000000000000	0.4570000000000000	0.7000000000000000	1
0.4680000000000000	0.5350000000000000	0.4240000000000000	0.2780000000000000	0.4570000000000000	0.4000000000000000	3
0.6610000000000000	0.5290000000000000	0.6210000000000000	0.4470000000000000	0.6290000000000000	0.3000000000000000	1
0.2000000000000000	0.4650000000000000	0.2520000000000000	0.3010000000000000	0.2860000000000000	0.4000000000000000	0
0.5310000000000000	0.5290000000000000	0.5020000000000000	0.3800000000000000	0.3710000000000000	0.6000000000000000	2
0.2740000000000000	0.3190000000000000	0.4630000000000000	0.4120000000000000	0.2860000000000000	0.4000000000000000	0
0.5380000000000000	0.5030000000000000	0.5970000000000000	0.6590000000000000	0.3710000000000000	0.6000000000000000	1
0.4500000000000000	0.4260000000000000	0.4970000000000000	0.2720000000000000	0.4570000000000000	0.4000000000000000	1
0.3900000000000000	0.5560000000000000	0.3560000000000000	0.3610000000000000	0.3710000000000000	0.5000000000000000	0
0.5860000000000000	0.7400000000000000	0.3670000000000000	0.3390000000000000	0.4570000000000000	0.5000000000000000	0
0.3550000000000000	0.5570000000000001	0.3210000000000000	0.3410000000000000	0.4570000000000000	0.3000000000000000	0
0.6170000000000000	0.6320000000000000	0.4920000000000000	0.3870000000000000	0.4570000000000000	0.5000000000000000	2
0.4650000000000000	0.6540000000000000	0.3130000000000000	0.2160000000000000	0.5430000000000000	0.5000000000000000	1
0.3890000000000000	0.4930000000000000	0.4020000000000000	0.3360000000000000	0.4570000000000000	0.3000000000000000	0
0.4840000000000000	0.4840000000000000	0.4830000000000000	0.2970000000000000	0.4570000000000000	0.4000000000000000	1
0.4120000000000000	0.6700000000000000	0.2520000000000000	0.2050000000000000	0.5430000000000000	0.4000000000000000	3
0.7300000000000000	0.5610000000000001	0.6460000000000000	0.4170000000000000	0.6290000000000000	0.6000000000000000	1
0.4070000000000000	0.4620000000000000	0.4320000000000000	0.2720000000000000	0.3710000000000000	0.4000000000000000	3
0.4060000000000000	0.6510000000000000	0.2820000000000000	0.3140000000000000	0.5430000000000000	0.5000000000000000	0
0.2040000000000000	0.3340000000000000	0.3840000000000000	0.4000000000000000	0.2000000000000000	0.5000000000000000	0
0.5170000000000000	0.5390000000000000	0.4860000000000000	0.3950000000000000	0.3710000000000000	0.6000000000000000	2
0.3800000000000000	0.6230000000000000	0.2790000000000000	0.2920000000000000	0.3710000000000000	0.5000000000000000	0
0.6980000000000000	0.6500000000000000	0.5580000000000001	0.4590000000000000	0.4570000000000000	0.6000000000000000	2
0.4810000000000000	0.5120000000000000	0.4830000000000000	0.4170000000000000	0.3710000000000000	0.5000000000000000	0
0.3170000000000000	0.6000000000000000	0.2350000000000000	0.2520000000000000	0.4570000000000000	0.4000000000000000	0
0.6260000000000000	0.5170000000000000	0.5790000000000000	0.3260000000000000	0.4570000000000000	0.8000000000000000	1
0.3500000000000000	0.3750000000000000	0.4710000000000000	0.3640000000000000	0.3710000000000000	0.4000000000000000	0
0.6800000000000000	0.4730000000000000	0.7160000000000000	0.5980000000000000	0.3710000000000000	0.5000000000000000	1
0.4670000000000000	0.6100000000000000	0.3740000000000000	0.3370000000000000	0.4570000000000000	0.4000000000000000	0
0.4320000000000000	0.5860000000000000	0.3530000000000000	0.2900000000000000	0.4570000000000000	0.5000000000000000	0
0.6080000000000000	0.6899999999999999	0.4150000000000000	0.2780000000000000	0.5430000000000000	0.5000000000000000	1
0.3250000000000000	0.5170000000000000	0.3110000000000000	0.2490000000000000	0.3710000000000000	0.3000000000000000	3
0.6300000000000000	0.5380000000000000	0.5710000000000000	0.3470000000000000	0.3710000000000000	0.6000000000000000	2
0.3990000000000000	0.5639999999999999	0.3630000000000000	0.3890000000000000	0.3710000000000000	0.5000000000000000	0
0.5679999999999999	0.8000000000000000	0.2950000000000000	0.3050000000000000	0.4570000000000000	0.7000000000000000	0
0.3340000000000000	0.4960000000000000	0.3620000000000000	0.3870000000000000	0.2000000000000000	0.3000000000000000	0
0.5460000000000000	0.5780000000000000	0.4790000000000000	0.3930000000000000	0.4570000000000000	0.5000000000000000	0
0.4750000000000000	0.6700000000000000	0.3230000000000000	0.3060000000000000	0.6290000000000000	0.6000000000000000	0
0.3210000000000000	0.4420000000000000	0.3890000000000000	0.3560000000000000	0.4570000000000000	0.5000000000000000	0
0.5180000000000000	0.5500000000000000	0.4640000000000000	0.3250000000000000	0.4570000000000000	0.7000000000000000	2
0.4420000000000000	0.6530000000000000	0.2980000000000000	0.2420000000000000	0.4570000000000000	0.2000000000000000	3
0.7960000000000000	0.7040000000000000	0.5820000000000000	0.4190000000000000	0.4570000000000000	0.6000000000000000	2
0.4190000000000000	0.4950000000000000	0.4230000000000000	0.3140000000000000	0.4570000000000000	0.5000000000000000	3
0.4740000000000000	0.6040000000000000	0.3750000000000000	0.2960000000000000	0.5430000000000000	0.4000000000000000	0
0.4840000000000000	0.6340000000000000	0.3700000000000000	0.3480000000000000	0.3710000000000000	0.4000000000000000	0
0.3850000000000000	0.5160000000000000	0.3830000000000000	0.3540000000000000	0.5430000000000000	0.6000000000000000	0
0.5620000000000001	0.6660000000000000	0.3980000000000000	0.2890000000000000	0.5430000000000000	0.6000000000000000	0
0.3780000000000000	0.5580000000000001	0.3360000000000000	0.3250000000000000	0.2860000000000000	0.4000000000000000	3
0.6000000000000000	0.5610000000000001	0.5290000000000000	0.3490000000000000	0.4570000000000000	0.4000000000000000	2
0.4690000000000000	0.5950000000000000	0.3810000000000000	0.3110000000000000	0.5430000000000000	0.5000000000000000	0
G3
0	16	0.10088607436113273	37	0.16759176590751707	44	0.16912421470623304	
1	45	0.18723514627334267	29	0.198743553354568	49	0.20199257412093147	
2	18	0.0486723740945518	7	0.08037412518964046	39	0.12493998559308385	
3	40	0.300960130249839	10	0.3264138477454656	19	0.3589470713071776	
4	43	0.3440697603684462	56	0.3461040306035167	15	0.3553800782261155	
5	18	0.24606300006299198	32	0.24822771803326074	2	0.2489297089541543	
6	25	0.14446452851824904	31	0.14964290828502363	22	0.17665786141578868	
7	18	0.049325449820554104	2	0.08037412518964046	39	0.14364539672401616	
8	33	0.05856620185738534	17	0.061652250567193465	36	0.12028299963003913	
9	34	0.17531115195560149	31	0.17572990639046043	6	0.20418129199316964	
10	54	0.18399184764548682	35	0.18718172987767803	29	0.2355037154696291	
11	26	0.14629422408283926	39	0.14645818515876816	20	0.17239199517378992	
12	28	0.1005783276854413	53	0.15142654985173504	37	0.17785668387777848	
13	38	0.1412763249805147	52	0.16132575739788113	45	0.1639115615202295	
14	27	0.08184741901856162	41	0.10773578792583267	56	0.1221392647759106	
15	61	0.24979391505799337	29	0.3119455080619049	24	0.3199531215662695	
16	0	0.10088607436113273	44	0.20430124816065126	60	0.2190091322296858	
17	33	0.027874719729532732	8	0.061652250567193465	36	0.12049481316637659	
18	2	0.0486723740945518	7	0.049325449820554104	39	0.13603308421115795	
19	40	0.22123742902140228	33	0.2894028334346435	36	0.2913588852257642	
20	27	0.07308214556237383	30	0.12151543111885012	14	0.13255187663703602	
21	46	0.03127299154222378	42	0.12292273996295396	34	0.12360825215170704	
22	43	0.12808200498118388	59	0.16403962935827426	24	0.17479702514631076	
23	26	0.10880257349897572	44	0.13586758259423037	41	0.1678630394101096	
24	49	0.09034378783292185	61	0.13469595391102138	35	0.16255768207008858	
25	31	0.11855378526221759	28	0.13002692028960772	62	0.13094273557551792	
26	23	0.10880257349897572	11	0.14629422408283926	14	0.14782760229402359	
27	20	0.07308214556237383	14	0.08184741901856162	30	0.1305181979648815	
28	12	0.1005783276854413	25	0.13002692028960772	31	0.15224322645030877	
29	1	0.198743553354568	35	0.21917344729688398	10	0.2355037154696291	
30	20	0.12151543111885012	14	0.12863125592172384	27	0.1305181979648815	
31	25	0.11855378526221759	62	0.13005767951182276	42	0.13384319183283105	
32	7	0.15629779269074784	18	0.17001764614298126	2	0.2026153992173349	
33	17	0.027874719729532732	8	0.05856620185738534	36	0.11188386836358491	
34	21	0.12360825215170704	42	0.13018832512940628	46	0.14250263155464887	
35	54	0.12122705968553393	24	0.16255768207008858	10	0.18718172987767803	
36	33	0.11188386836358491	8	0.12028299963003913	17	0.12049481316637659	
37	28	0.15433405327405877	34	0.15946786510140532	0	0.16759176590751707	
38	13	0.1412763249805147	52	0.189681311678299	45	0.21990452473744151	
39	2	0.12493998559308385	18	0.13603308421115795	7	0.14364539672401616	
40	19	0.22123742902140228	10	0.237985293663285	3	0.300960130249839	
41	57	0.09164060235506968	56	0.09572356031824143	14	0.10773578792583267	
42	62	0.10035437210206641	55	0.1180084742719776	41	0.12021231218140678	
43	59	0.11446396812971313	22	0.12808200498118388	24	0.1692660627532879	
44	23	0.13586758259423037	26	0.16708680378773189	60	0.1676782633497855	
45	17	0.1254272697622012	33	0.1493284969454926	13	0.1639115615202295	
46	21	0.03127299154222378	42	0.1373681185719598	34	0.14250263155464887	
47	59	0.21506510642128815	22	0.2241963425214604	6	0.236135554290327	
48	60	0.16642115250171777	7	0.22214859891523062	44	0.2267333235322942	
49	24	0.09034378783292185	36	0.1287206277175496	61	0.1328194262899821	
50	59	0.14455102905202719	31	0.15576584991582715	25	0.1610962445248181	
51	55	0.12382649151130783	21	0.16207097210790097	58	0.16434110867339308	
52	8	0.14195069566578392	17	0.14991664350564948	33	0.15133406754594286	
53	12	0.15142654985173504	23	0.1926525369674638	44	0.22315689547939135	
54	35	0.12122705968553393	10	0.18399184764548682	24	0.23737944308638015	
55	42	0.1180084742719776	14	0.12368508398347798	51	0.12382649151130783	
56	41	0.09572356031824143	62	0.10181846590869456	14	0.1221392647759106	
57	41	0.09164060235506968	46	0.15445063936416709	14	0.15896225967191077	
58	55	0.14897315194356328	62	0.158587515271537	51	0.16434110867339308	
59	43	0.11446396812971313	50	0.14455102905202719	62	0.15640652160316085	
60	21	0.13809055000252551	46	0.15008997301618784	34	0.16059887919907784	
61	49	0.1328194262899821	24	0.13469595391102138	27	0.15557956163969613	
62	42	0.10035437210206641	56	0.10181846590869456	31	0.13005767951182276	
