0.6470000000000000	0.6879999999999999	0.8000000000000000	0.8000000000000000	0.4570000000000000	0.6500000000000000	0
0.4920000000000000	0.4950000000000000	0.4880000000000000	0.4610000000000000	0.2860000000000000	0.6500000000000000	2
0.7910000000000000	0.8000000000000000	0.5800000000000000	0.6710000000000000	0.4570000000000000	0.7250000000000000	0
0.2180000000000000	0.2640000000000000	0.6810000000000000	0.7640000000000000	0.2000000000000000	0.2750000000000000	1
0.2740000000000000	0.2630000000000000	0.4060000000000000	0.3330000000000000	0.3710000000000000	0.5750000000000000	3
0.3870000000000000	0.4230000000000000	0.7160000000000000	0.7030000000000000	0.2860000000000000	0.4250000000000000	1
0.7950000000000000	0.7620000000000000	0.2330000000000000	0.3180000000000000	0.7140000000000000	0.7250000000000000	0
0.7380000000000000	0.7600000000000000	0.6230000000000000	0.7100000000000000	0.4570000000000000	0.5750000000000000	0
0.7650000000000000	0.7450000000000000	0.3560000000000000	0.4160000000000000	0.7140000000000000	0.7250000000000000	2
0.6050000000000000	0.6080000000000000	0.4060000000000000	0.4760000000000000	0.6290000000000000	0.5000000000000000	3
0.4470000000000000	0.4450000000000000	0.3640000000000000	0.3920000000000000	0.3710000000000000	0.6500000000000000	2
0.6879999999999999	0.6970000000000000	0.4730000000000000	0.5720000000000000	0.5430000000000000	0.7250000000000000	0
0.5679999999999999	0.5730000000000000	0.4970000000000000	0.4820000000000000	0.5430000000000000	0.7250000000000000	0
0.3830000000000000	0.3620000000000000	0.2460000000000000	0.2000000000000000	0.3710000000000000	0.8000000000000000	1
0.5960000000000000	0.5870000000000000	0.3390000000000000	0.3750000000000000	0.6290000000000000	0.8000000000000000	3
0.2000000000000000	0.2000000000000000	0.4340000000000000	0.4500000000000000	0.2860000000000000	0.5000000000000000	1
0.6170000000000000	0.6400000000000000	0.6200000000000000	0.6540000000000000	0.4570000000000000	0.5750000000000000	0
0.6050000000000000	0.6020000000000000	0.4030000000000000	0.4540000000000000	0.4570000000000000	0.6500000000000000	2
0.6620000000000000	0.6830000000000001	0.5540000000000000	0.6570000000000000	0.4570000000000000	0.5000000000000000	0
0.3540000000000000	0.3830000000000000	0.5440000000000000	0.6390000000000000	0.2860000000000000	0.2000000000000000	1
0.3240000000000000	0.3330000000000000	0.5760000000000000	0.5040000000000000	0.3710000000000000	0.4250000000000000	1
0.8000000000000000	0.7810000000000000	0.3710000000000000	0.4590000000000000	0.8000000000000000	0.7250000000000000	0
0.7250000000000000	0.6950000000000000	0.2000000000000000	0.2760000000000000	0.8000000000000000	0.8000000000000000	0
0.7080000000000000	0.7080000000000000	0.4370000000000000	0.5220000000000000	0.6290000000000000	0.5000000000000000	0
0.6660000000000000	0.6540000000000000	0.3360000000000000	0.3980000000000000	0.7140000000000000	0.6500000000000000	2
0.5930000000000000	0.5710000000000000	0.2030000000000000	0.2430000000000000	0.7140000000000000	0.7250000000000000	1
0.6850000000000001	0.6879999999999999	0.5010000000000000	0.5380000000000000	0.5430000000000000	0.8000000000000000	0
0.5850000000000000	0.5639999999999999	0.2230000000000000	0.2460000000000000	0.7140000000000000	0.8000000000000000	1
0.5100000000000000	0.5000000000000000	0.3370000000000000	0.3250000000000000	0.4570000000000000	0.6500000000000000	3
0.3250000000000000	0.3080000000000000	0.2730000000000000	0.2550000000000000	0.3710000000000000	0.6500000000000000	1
0.5370000000000000	0.5290000000000000	0.3420000000000000	0.3480000000000000	0.5430000000000000	0.8000000000000000	3
0.7600000000000000	0.7330000000000000	0.2270000000000000	0.3450000000000000	0.7140000000000000	0.6500000000000000	0
0.6879999999999999	0.7080000000000000	0.5770000000000000	0.6610000000000000	0.4570000000000000	0.5000000000000000	0
0.7760000000000000	0.7630000000000000	0.3970000000000000	0.4890000000000000	0.6290000000000000	0.6500000000000000	2
0.5250000000000000	0.5280000000000000	0.3550000000000000	0.4480000000000000	0.5430000000000000	0.4250000000000000	0
0.5390000000000000	0.5320000000000000	0.2830000000000000	0.3740000000000000	0.4570000000000000	0.5750000000000000	2
0.6300000000000000	0.6450000000000000	0.4830000000000000	0.5930000000000000	0.5430000000000000	0.5000000000000000	0
0.6020000000000000	0.6220000000000000	0.6320000000000000	0.6220000000000000	0.5430000000000000	0.6500000000000000	0
0.4800000000000000	0.4640000000000000	0.3070000000000000	0.2750000000000000	0.2860000000000000	0.7250000000000000	1
0.6560000000000000	0.6610000000000000	0.4690000000000000	0.5280000000000000	0.5430000000000000	0.5750000000000000	0
0.2370000000000000	0.2600000000000000	0.5730000000000000	0.6150000000000000	0.2000000000000000	0.2000000000000000	1
0.7510000000000000	0.7350000000000000	0.3380000000000000	0.4260000000000000	0.8000000000000000	0.7250000000000000	0
0.7140000000000000	0.6970000000000000	0.3390000000000000	0.3830000000000000	0.7140000000000000	0.8000000000000000	0
0.5330000000000000	0.5130000000000000	0.2210000000000000	0.2300000000000000	0.6290000000000000	0.7250000000000000	1
0.6650000000000000	0.6570000000000000	0.3830000000000000	0.4210000000000000	0.5430000000000000	0.7250000000000000	3
0.5290000000000000	0.5100000000000000	0.2440000000000000	0.2520000000000000	0.5430000000000000	0.7250000000000000	2
0.7630000000000000	0.7530000000000000	0.3830000000000000	0.5040000000000000	0.6290000000000000	0.7250000000000000	0
0.6800000000000000	0.6600000000000000	0.2200000000000000	0.3300000000000000	0.5430000000000000	0.7250000000000000	0
0.6889999999999999	0.7000000000000000	0.4610000000000000	0.5930000000000000	0.5430000000000000	0.4250000000000000	0
0.6850000000000001	0.6820000000000001	0.3890000000000000	0.4860000000000000	0.6290000000000000	0.6500000000000000	0
0.6909999999999999	0.6660000000000000	0.2390000000000000	0.2910000000000000	0.7140000000000000	0.7250000000000000	0
0.7010000000000000	0.7110000000000000	0.5669999999999999	0.6100000000000000	0.5430000000000000	0.6500000000000000	0
0.6660000000000000	0.6500000000000000	0.3270000000000000	0.3610000000000000	0.7140000000000000	0.6500000000000000	2
0.5400000000000000	0.5410000000000000	0.3720000000000000	0.4350000000000000	0.5430000000000000	0.5000000000000000	3
0.4290000000000000	0.4190000000000000	0.3260000000000000	0.3310000000000000	0.2860000000000000	0.5750000000000000	2
0.5890000000000000	0.5940000000000000	0.4270000000000000	0.4860000000000000	0.4570000000000000	0.5750000000000000	3
0.6870000000000001	0.6670000000000000	0.2950000000000000	0.3310000000000000	0.7140000000000000	0.7250000000000000	0
0.7360000000000000	0.7260000000000000	0.3310000000000000	0.4610000000000000	0.6290000000000000	0.7250000000000000	0
0.7540000000000000	0.7410000000000000	0.3820000000000000	0.4560000000000000	0.6290000000000000	0.7250000000000000	0
0.5950000000000000	0.5760000000000000	0.2390000000000000	0.2820000000000000	0.7140000000000000	0.7250000000000000	0
0.6870000000000001	0.6870000000000001	0.4400000000000000	0.5110000000000000	0.6290000000000000	0.5750000000000000	3
0.6050000000000000	0.5910000000000000	0.3130000000000000	0.3410000000000000	0.5430000000000000	0.8000000000000000	2
0.7350000000000000	0.7170000000000000	0.3140000000000000	0.3920000000000000	0.7140000000000000	0.7250000000000000	0
G3
0	7	0.24190700692621545	16	0.2500899838058294	37	0.27144981119905026	
1	10	0.17856931427319755	55	0.2417064335097434	54	0.24189667215569544	
2	7	0.17400862047611323	51	0.1814717608885747	11	0.22330248543175704	
3	40	0.19966722314891852	19	0.2829699630702877	5	0.2977985896541486	
4	29	0.1844559568027013	15	0.19174983702731013	54	0.24897791066678984	
5	20	0.2801695914977212	19	0.2949474529471308	3	0.2977985896541486	
6	31	0.09195651146058116	62	0.1328984574778805	50	0.1442116500148307	
7	32	0.1238789731956154	18	0.1577973383805949	51	0.17299421955660838	
8	62	0.06343500610861483	41	0.09008884503644173	58	0.09817331613019903	
9	53	0.13764810205738393	60	0.14481367338756385	23	0.15390256658028803	
10	54	0.13789488750493983	28	0.1400285685137144	38	0.1767427509121661	
11	26	0.08749285685128819	51	0.12755391017134673	39	0.16362151447777273	
12	17	0.15764199947983404	44	0.18215927096911655	26	0.18892061825010004	
13	29	0.1803718381566258	38	0.20496097189465123	45	0.2848455721965852	
14	61	0.0965660395791398	30	0.1223887249708893	44	0.16350535159437446	
15	4	0.19174983702731013	20	0.26266899322150683	29	0.34779304190854654	
16	18	0.11774548823628019	37	0.12140016474453409	32	0.13110301293257903	
17	55	0.08686195945291592	44	0.14537881551312767	12	0.15764199947983404	
18	32	0.042965102117881515	16	0.11774548823628019	36	0.1378441148544254	
19	40	0.19398711297403234	3	0.2829699630702877	20	0.2837234569083071	
20	15	0.26266899322150683	5	0.2801695914977212	19	0.2837234569083071	
21	41	0.08182297965730659	8	0.10950342460398223	62	0.1531502530197062	
22	50	0.12947586647711617	6	0.15894338614739537	56	0.16522409025320736	
23	60	0.08146778504415096	39	0.13781872151489424	48	0.13806882341788818	
24	52	0.038288379438153324	56	0.1113777356566383	62	0.1219631091765046	
25	59	0.05334791467339653	27	0.07840280607223195	43	0.12116930304330376	
26	11	0.08749285685128819	51	0.18117670931993438	44	0.18600806434130757	
27	25	0.07840280607223195	59	0.08614522621712714	43	0.1357018791321623	
28	35	0.11316801668316016	10	0.1400285685137144	45	0.16571059109181888	
29	13	0.1803718381566258	4	0.1844559568027013	54	0.2111208184902664	
30	61	0.09673675619949217	14	0.1223887249708893	45	0.15770225109363534	
31	6	0.09195651146058116	62	0.12760877712759416	50	0.13392161886715676	
32	18	0.042965102117881515	7	0.1238789731956154	16	0.13110301293257903	
33	46	0.07946697427233526	58	0.08892131353055911	57	0.11719214990774766	
34	53	0.0804798111329792	9	0.17089763017666448	35	0.2019108714259834	
35	28	0.11316801668316016	53	0.15730543537970965	17	0.18889415025352166	
36	39	0.10477595143924959	48	0.11231651704001502	18	0.1378441148544254	
37	16	0.12140016474453409	51	0.14863041411501213	18	0.21101184800858935	
38	54	0.17499428562098823	10	0.1767427509121661	28	0.20115168405956735	
39	60	0.10081170566953024	36	0.10477595143924959	23	0.13781872151489424	
40	19	0.19398711297403234	3	0.19966722314891852	20	0.32418204762139435	
41	21	0.08182297965730659	8	0.09008884503644173	62	0.09852918349402888	
42	62	0.08468766143896059	56	0.1090596167240652	8	0.10912378292562999	
43	45	0.09183681179135082	25	0.12116930304330376	59	0.1344098210697417	
44	49	0.13530336285547373	17	0.14537881551312767	57	0.1466356027709505	
45	43	0.09183681179135082	30	0.15770225109363534	28	0.16571059109181888	
46	58	0.05029910535983716	57	0.0775306391048081	33	0.07946697427233526	
47	61	0.15741982086128806	50	0.1768615277554731	56	0.186989304506969	
48	36	0.11231651704001502	23	0.13806882341788818	18	0.1636581803638303	
49	60	0.09423375191511803	57	0.11895797577295933	58	0.12172099243762342	
50	56	0.06894200461257274	22	0.12947586647711617	59	0.1318976876218837	
51	11	0.12755391017134673	37	0.14863041411501213	39	0.16272061946784735	
52	24	0.038288379438153324	56	0.09098901032542334	62	0.1265108690982715	
53	34	0.0804798111329792	9	0.13764810205738393	55	0.154457113788909	
54	10	0.13789488750493983	38	0.17499428562098823	29	0.2111208184902664	
55	17	0.08686195945291592	39	0.1410744484306071	53	0.154457113788909	
56	50	0.06894200461257274	52	0.09098901032542334	62	0.09426558226627568	
57	58	0.05634713834792322	46	0.0775306391048081	8	0.10524732775705044	
58	46	0.05029910535983716	57	0.05634713834792322	33	0.08892131353055911	
59	25	0.05334791467339653	27	0.08614522621712714	50	0.1318976876218837	
60	23	0.08146778504415096	49	0.09423375191511803	39	0.10081170566953024	
61	14	0.0965660395791398	30	0.09673675619949217	47	0.15741982086128806	
62	8	0.06343500610861483	42	0.08468766143896059	56	0.09426558226627568	
