0.4880000000000000	0.6090000000000000	0.7810000000000000	0.8000000000000000	0.6800000000000000	0.3330000000000000	0
0.5050000000000000	0.5080000000000000	0.4440000000000000	0.4140000000000000	0.5600000000000001	0.6670000000000000	2
0.7280000000000000	0.8000000000000000	0.7760000000000000	0.7560000000000000	0.5600000000000001	0.4670000000000000	0
0.3850000000000000	0.4260000000000000	0.5290000000000000	0.5290000000000000	0.5600000000000001	0.2670000000000000	1
0.4980000000000000	0.4790000000000000	0.3550000000000000	0.3200000000000000	0.8000000000000000	0.7330000000000000	3
0.2000000000000000	0.2000000000000000	0.2310000000000000	0.2430000000000000	0.2000000000000000	0.2000000000000000	1
0.6560000000000000	0.6520000000000000	0.5120000000000000	0.4800000000000000	0.5600000000000001	0.6670000000000000	0
0.6550000000000000	0.7540000000000000	0.8000000000000000	0.7980000000000000	0.6800000000000000	0.4670000000000000	0
0.7200000000000000	0.7000000000000000	0.4920000000000000	0.4530000000000000	0.5600000000000001	0.7330000000000000	2
0.6820000000000001	0.6909999999999999	0.5820000000000000	0.5610000000000001	0.5600000000000001	0.3330000000000000	3
0.5980000000000000	0.5940000000000000	0.4350000000000000	0.4270000000000000	0.8000000000000000	0.6670000000000000	2
0.8000000000000000	0.7970000000000000	0.6170000000000000	0.5750000000000000	0.6800000000000000	0.5330000000000000	0
0.5120000000000000	0.5220000000000000	0.5270000000000000	0.4880000000000000	0.5600000000000001	0.4670000000000000	0
0.5930000000000000	0.5710000000000000	0.3530000000000000	0.3330000000000000	0.8000000000000000	0.8000000000000000	1
0.5760000000000000	0.5750000000000000	0.5260000000000000	0.4730000000000000	0.5600000000000001	0.4670000000000000	3
0.5520000000000000	0.5530000000000000	0.4120000000000000	0.4170000000000000	0.8000000000000000	0.6000000000000000	1
0.3180000000000000	0.3260000000000000	0.2930000000000000	0.3210000000000000	0.8000000000000000	0.4000000000000000	0
0.4360000000000000	0.4170000000000000	0.2330000000000000	0.2360000000000000	0.6800000000000000	0.4670000000000000	2
0.4720000000000000	0.4630000000000000	0.3400000000000000	0.3300000000000000	0.5600000000000001	0.6000000000000000	0
0.4150000000000000	0.4060000000000000	0.3090000000000000	0.3050000000000000	0.5600000000000001	0.4670000000000000	1
0.4510000000000000	0.4260000000000000	0.2000000000000000	0.2000000000000000	0.5600000000000001	0.4000000000000000	1
0.7200000000000000	0.7240000000000000	0.5730000000000000	0.5400000000000000	0.5600000000000001	0.6670000000000000	0
0.6650000000000000	0.6490000000000000	0.4880000000000000	0.4540000000000000	0.6800000000000000	0.4670000000000000	0
0.6810000000000000	0.7080000000000000	0.6600000000000000	0.6220000000000000	0.5600000000000001	0.3330000000000000	0
0.7290000000000000	0.7060000000000000	0.4800000000000000	0.4440000000000000	0.5600000000000001	0.6670000000000000	2
0.5900000000000000	0.5730000000000000	0.4400000000000000	0.3950000000000000	0.6800000000000000	0.7330000000000000	1
0.6770000000000000	0.7000000000000000	0.6290000000000000	0.6080000000000000	0.5600000000000001	0.6000000000000000	0
0.6090000000000000	0.5870000000000000	0.4160000000000000	0.3750000000000000	0.5600000000000001	0.6670000000000000	1
0.6090000000000000	0.5980000000000000	0.4840000000000000	0.4480000000000000	0.6800000000000000	0.5330000000000000	3
0.5800000000000000	0.5700000000000000	0.3890000000000000	0.3860000000000000	0.8000000000000000	0.6000000000000000	1
0.7230000000000000	0.7020000000000000	0.5020000000000000	0.4650000000000000	0.6800000000000000	0.6670000000000000	3
0.4780000000000000	0.4620000000000000	0.2580000000000000	0.2760000000000000	0.8000000000000000	0.4000000000000000	0
0.4120000000000000	0.4270000000000000	0.4220000000000000	0.4200000000000000	0.6800000000000000	0.4670000000000000	0
0.5920000000000000	0.5629999999999999	0.3060000000000000	0.2950000000000000	0.5600000000000001	0.5330000000000000	2
0.4930000000000000	0.4850000000000000	0.3670000000000000	0.3650000000000000	0.5600000000000001	0.5330000000000000	0
0.4990000000000000	0.4780000000000000	0.2780000000000000	0.2780000000000000	0.5600000000000001	0.3330000000000000	2
0.5940000000000000	0.5770000000000000	0.4130000000000000	0.3950000000000000	0.5600000000000001	0.4000000000000000	0
0.4810000000000000	0.4600000000000000	0.2650000000000000	0.2630000000000000	0.6800000000000000	0.4670000000000000	0
0.5060000000000000	0.4780000000000000	0.2300000000000000	0.2260000000000000	0.8000000000000000	0.4000000000000000	1
0.4790000000000000	0.4550000000000000	0.2550000000000000	0.2470000000000000	0.5600000000000001	0.4670000000000000	0
0.4510000000000000	0.4310000000000000	0.2470000000000000	0.2520000000000000	0.6800000000000000	0.4000000000000000	1
0.7910000000000000	0.7730000000000000	0.5590000000000001	0.5210000000000000	0.5600000000000001	0.4670000000000000	0
0.6400000000000000	0.6270000000000000	0.4880000000000000	0.4480000000000000	0.5600000000000001	0.7330000000000000	0
0.6650000000000000	0.6410000000000000	0.4190000000000000	0.3990000000000000	0.8000000000000000	0.6670000000000000	1
0.6700000000000000	0.6770000000000000	0.6100000000000000	0.5590000000000001	0.5600000000000001	0.4000000000000000	3
0.6790000000000000	0.6580000000000000	0.4470000000000000	0.4210000000000000	0.6800000000000000	0.5330000000000000	2
0.5810000000000000	0.5659999999999999	0.3770000000000000	0.3660000000000000	0.6800000000000000	0.6000000000000000	0
0.5440000000000000	0.5200000000000000	0.3030000000000000	0.3010000000000000	0.5600000000000001	0.6000000000000000	0
0.5840000000000000	0.5830000000000000	0.4700000000000000	0.4600000000000000	0.6800000000000000	0.4670000000000000	0
0.6140000000000000	0.5850000000000000	0.3430000000000000	0.3270000000000000	0.6800000000000000	0.6000000000000000	0
0.5060000000000000	0.4760000000000000	0.2270000000000000	0.2220000000000000	0.5600000000000001	0.5330000000000000	0
0.4930000000000000	0.4800000000000000	0.3550000000000000	0.3430000000000000	0.6800000000000000	0.6000000000000000	0
0.5590000000000001	0.5260000000000000	0.2560000000000000	0.2450000000000000	0.5600000000000001	0.6670000000000000	2
0.5330000000000000	0.5080000000000000	0.2940000000000000	0.2930000000000000	0.5600000000000001	0.6670000000000000	3
0.4850000000000000	0.4640000000000000	0.2480000000000000	0.2570000000000000	0.8000000000000000	0.3330000000000000	2
0.5560000000000000	0.5300000000000000	0.3310000000000000	0.3130000000000000	0.6800000000000000	0.5330000000000000	3
0.7290000000000000	0.7050000000000000	0.5010000000000000	0.4590000000000000	0.5600000000000001	0.6000000000000000	0
0.6280000000000000	0.6030000000000000	0.4010000000000000	0.3730000000000000	0.5600000000000001	0.5330000000000000	0
0.5480000000000000	0.5220000000000000	0.3110000000000000	0.2940000000000000	0.5600000000000001	0.6670000000000000	0
0.5440000000000000	0.5140000000000000	0.2620000000000000	0.2570000000000000	0.6800000000000000	0.6000000000000000	0
0.5880000000000000	0.5659999999999999	0.3910000000000000	0.3690000000000000	0.5600000000000001	0.4670000000000000	3
0.5710000000000000	0.5420000000000000	0.3040000000000000	0.2930000000000000	0.6800000000000000	0.6670000000000000	2
0.6380000000000000	0.6020000000000000	0.3310000000000000	0.3120000000000000	0.5600000000000001	0.8000000000000000	0
G3
0	7	0.2592971268641441	23	0.3282910294235894	2	0.35832666660465007	
1	27	0.1391474038564859	18	0.15960889699512368	34	0.164191960826345	
2	7	0.1555152725618934	23	0.24503265088555037	26	0.2716670756643138	
3	12	0.2589015256810976	32	0.2801071223657121	14	0.31910343150771664	
4	13	0.1488321201891581	61	0.17715529910222838	51	0.18067650649710937	
5	20	0.5352448038047638	19	0.547245831414	35	0.5633897407656622	
6	42	0.08268615361715644	24	0.10278618584226183	8	0.10901834707974607	
7	2	0.1555152725618934	0	0.2592971268641441	23	0.2927866117157682	
8	24	0.06854195795277512	42	0.10848963084092408	6	0.10901834707974607	
9	44	0.07494664769020692	23	0.1004738772019872	41	0.196697737658571	
10	43	0.08796590248499704	15	0.09441927769264069	29	0.09584362263604192	
11	41	0.16029036153181508	26	0.21132912719263292	21	0.21736145012398134	
12	14	0.0844452485341833	48	0.16534206966165624	36	0.18942808661864266	
13	4	0.1488321201891581	25	0.1741120328983612	10	0.18385592185186747	
14	12	0.0844452485341833	48	0.13354025610279474	28	0.15087411971574186	
15	29	0.05062608023538845	10	0.09441927769264069	46	0.13869390758068642	
16	31	0.21759136012259309	40	0.2235866722324924	17	0.22785741155380485	
17	40	0.07322567855609124	37	0.07501333214835881	39	0.13527010016999322	
18	34	0.08583705493549967	47	0.10316491651719596	53	0.11713240371477066	
19	39	0.11303539268742334	34	0.1537693077307692	37	0.15928590647009544	
20	39	0.1065269918846862	40	0.13906113763377603	17	0.14690132742763082	
21	26	0.12113628688382354	6	0.12884486796143643	56	0.12913558765886343	
22	45	0.08604068804931769	28	0.1007223907579641	48	0.10619322012256724	
23	9	0.1004738772019872	44	0.10972693379476159	41	0.2338439650707283	
24	8	0.06854195795277512	56	0.07180529228406503	6	0.10278618584226183	
25	27	0.1424394608245903	10	0.14251315728731853	46	0.1504293854271831	
26	21	0.12113628688382354	6	0.1931502006211746	56	0.20325845615865523	
27	42	0.1320227253165151	57	0.1371203850636367	1	0.1391474038564859	
28	48	0.07447147104764348	22	0.1007223907579641	45	0.10294658809304956	
29	15	0.05062608023538845	10	0.09584362263604192	46	0.12231516668017912	
30	24	0.12400403219250575	56	0.13773525329413674	8	0.13788763541376722	
31	38	0.06575712889109439	54	0.07073188814106408	40	0.1295646556743003	
32	34	0.18636254988596823	51	0.19358977245712125	19	0.20209898564812243	
33	47	0.09320407716403817	60	0.13069812546475182	55	0.13316906547693422	
34	18	0.08583705493549967	47	0.12847957036042734	51	0.1397927036722589	
35	39	0.142741024236202	20	0.14719035294474975	40	0.1582371637764024	
36	60	0.07619711280619497	57	0.14194717327231285	14	0.15385057685949702	
37	17	0.07501333214835881	40	0.08170067319184096	39	0.12159358535712318	
38	31	0.06575712889109439	54	0.08006872048434395	40	0.14352351723672324	
39	50	0.08327664738688752	20	0.1065269918846862	19	0.11303539268742334	
40	17	0.07322567855609124	37	0.08170067319184096	31	0.1295646556743003	
41	11	0.16029036153181508	44	0.17997499826364768	56	0.1826608879864543	
42	6	0.08268615361715644	8	0.10848963084092408	27	0.1320227253165151	
43	10	0.08796590248499704	29	0.1335065541462292	15	0.1592953232207399	
44	9	0.07494664769020692	23	0.10972693379476159	41	0.17997499826364768	
45	22	0.08604068804931769	28	0.10294658809304956	48	0.14510685717773653	
46	49	0.06424173098539608	55	0.10646595700034815	29	0.12231516668017912	
47	58	0.06798529252713419	53	0.06999285677838853	33	0.09320407716403817	
48	28	0.07447147104764348	22	0.10619322012256724	14	0.13354025610279474	
49	46	0.06424173098539608	61	0.10423051376636311	55	0.10591506030777673	
50	39	0.08327664738688752	47	0.141017729381805	37	0.15087080565835126	
51	55	0.11150784725749127	18	0.12459534501738015	46	0.12709445306542685	
52	53	0.06890573270780885	58	0.07458552138317462	47	0.10047387720198722	
53	58	0.02666458325194679	52	0.06890573270780885	47	0.06999285677838853	
54	31	0.07073188814106408	38	0.08006872048434395	40	0.14546477236774544	
55	49	0.10591506030777673	46	0.10646595700034815	51	0.11150784725749127	
56	24	0.07180529228406503	6	0.11484337159801603	21	0.12913558765886343	
57	60	0.08626123115281863	33	0.13418271125595882	27	0.1371203850636367	
58	53	0.02666458325194679	47	0.06798529252713419	52	0.07458552138317462	
59	61	0.0951945376584182	55	0.11307519621915318	47	0.13436145280548287	
60	36	0.07619711280619497	57	0.08626123115281863	33	0.13069812546475182	
61	59	0.0951945376584182	49	0.10423051376636311	58	0.12401209618420292	
62	27	0.1730577938146676	58	0.18141940359289024	53	0.1981918262693999	
