0	35	0	35	1.0
0	96	0	96	1.0
0	28	0	28	1.0
1	20	1	20	1.0
1	30	1	30	1.0
1	45	1	45	1.0
1	19	1	19	1.0
1	99	1	99	1.0
1	29	1	29	1.0
1	39	1	39	1.0
1	15	1	15	1.0
2	8	2	8	1.0
2	4	2	4	1.0
2	95	2	95	1.0
2	38	2	38	1.0
3	33	3	33	1.0
3	8	3	8	1.0
3	2	3	2	1.0
3	95	3	95	1.0
3	38	3	38	1.0
3	24	3	24	1.0
4	87	4	87	1.0
4	60	4	60	1.0
4	75	4	75	1.0
4	38	4	38	1.0
4	95	4	95	1.0
4	23	4	23	1.0
5	60	5	60	1.0
5	78	5	78	1.0
5	87	5	87	1.0
5	61	5	61	1.0
6	24	6	24	1.0
6	7	6	7	1.0
6	52	6	52	1.0
6	23	6	23	1.0
6	75	6	75	1.0
6	38	6	38	1.0
6	8	6	8	1.0
7	24	7	24	1.0
7	52	7	52	1.0
7	23	7	23	1.0
7	75	7	75	1.0
7	6	7	6	1.0
7	38	7	38	1.0
8	95	8	95	1.0
8	38	8	38	1.0
8	2	8	2	1.0
8	75	8	75	1.0
8	24	8	24	1.0
8	31	8	31	1.0
8	4	8	4	1.0
9	29	9	29	1.0
9	82	9	82	1.0
9	99	9	99	1.0
9	91	9	91	1.0
9	15	9	15	1.0
9	57	9	57	1.0
9	18	9	18	1.0
9	93	9	93	1.0
10	80	10	80	1.0
10	60	10	60	1.0
10	26	10	26	1.0
10	5	10	5	1.0
10	77	10	77	1.0
11	71	11	71	1.0
11	88	11	88	1.0
11	93	11	93	1.0
11	62	11	62	1.0
11	84	11	84	1.0
11	15	11	15	1.0
11	29	11	29	1.0
12	64	12	64	1.0
12	14	12	14	1.0
12	65	12	65	1.0
12	74	12	74	1.0
13	68	13	68	1.0
13	73	13	73	1.0
13	59	13	59	1.0
13	58	13	58	1.0
13	48	13	48	1.0
13	44	13	44	1.0
13	51	13	51	1.0
14	16	14	16	1.0
14	43	14	43	1.0
14	50	14	50	1.0
14	47	14	47	1.0
14	22	14	22	1.0
14	64	14	64	1.0
15	29	15	29	1.0
15	19	15	19	1.0
15	82	15	82	1.0
15	45	15	45	1.0
15	99	15	99	1.0
15	62	15	62	1.0
15	20	15	20	1.0
16	63	16	63	1.0
16	72	16	72	1.0
16	14	16	14	1.0
16	47	16	47	1.0
16	43	16	43	1.0
17	41	17	41	1.0
17	55	17	55	1.0
17	43	17	43	1.0
18	39	18	39	1.0
18	57	18	57	1.0
18	99	18	99	1.0
18	30	18	30	1.0
18	82	18	82	1.0
18	1	18	1	1.0
18	19	18	19	1.0
18	9	18	9	1.0
19	99	19	99	1.0
19	29	19	29	1.0
19	82	19	82	1.0
19	30	19	30	1.0
19	15	19	15	1.0
19	45	19	45	1.0
19	1	19	1	1.0
19	20	19	20	1.0
20	1	20	1	1.0
20	45	20	45	1.0
20	91	20	91	1.0
20	93	20	93	1.0
20	19	20	19	1.0
20	29	20	29	1.0
20	30	20	30	1.0
20	15	20	15	1.0
21	81	21	81	1.0
21	25	21	25	1.0
21	56	21	56	1.0
21	67	21	67	1.0
21	70	21	70	1.0
21	94	21	94	1.0
21	54	21	54	1.0
22	43	22	43	1.0
22	74	22	74	1.0
22	72	22	72	1.0
22	14	22	14	1.0
22	41	22	41	1.0
22	16	22	16	1.0
23	52	23	52	1.0
23	75	23	75	1.0
23	24	23	24	1.0
23	38	23	38	1.0
23	7	23	7	1.0
23	95	23	95	1.0
23	68	23	68	1.0
24	6	24	6	1.0
24	75	24	75	1.0
24	7	24	7	1.0
24	23	24	23	1.0
24	52	24	52	1.0
24	38	24	38	1.0
24	95	24	95	1.0
24	8	24	8	1.0
25	70	25	70	1.0
25	21	25	21	1.0
25	81	25	81	1.0
25	97	25	97	1.0
25	67	25	67	1.0
25	27	25	27	1.0
25	89	25	89	1.0
25	86	25	86	1.0
26	80	26	80	1.0
26	59	26	59	1.0
26	58	26	58	1.0
26	10	26	10	1.0
26	5	26	5	1.0
26	13	26	13	1.0
27	70	27	70	1.0
27	97	27	97	1.0
27	89	27	89	1.0
27	81	27	81	1.0
27	25	27	25	1.0
27	67	27	67	1.0
27	21	27	21	1.0
28	96	28	96	1.0
28	0	28	0	1.0
28	84	28	84	1.0
28	54	28	54	1.0
28	35	28	35	1.0
28	62	28	62	1.0
29	15	29	15	1.0
29	82	29	82	1.0
29	19	29	19	1.0
29	99	29	99	1.0
29	45	29	45	1.0
29	20	29	20	1.0
29	30	29	30	1.0
29	1	29	1	1.0
30	99	30	99	1.0
30	19	30	19	1.0
30	1	30	1	1.0
30	39	30	39	1.0
30	82	30	82	1.0
30	18	30	18	1.0
30	29	30	29	1.0
30	20	30	20	1.0
31	95	31	95	1.0
31	87	31	87	1.0
31	38	31	38	1.0
31	61	31	61	1.0
31	78	31	78	1.0
31	8	31	8	1.0
31	75	31	75	1.0
31	4	31	4	1.0
32	44	32	44	1.0
32	58	32	58	1.0
32	48	32	48	1.0
32	13	32	13	1.0
32	92	32	92	1.0
32	59	32	59	1.0
32	51	32	51	1.0
32	46	32	46	1.0
33	3	33	3	1.0
33	8	33	8	1.0
33	24	33	24	1.0
33	6	33	6	1.0
33	95	33	95	1.0
33	38	33	38	1.0
33	66	33	66	1.0
34	82	34	82	1.0
34	57	34	57	1.0
34	99	34	99	1.0
34	29	34	29	1.0
34	15	34	15	1.0
35	0	35	0	1.0
35	96	35	96	1.0
36	51	36	51	1.0
36	77	36	77	1.0
36	73	36	73	1.0
37	86	37	86	1.0
37	69	37	69	1.0
37	97	37	97	1.0
37	79	37	79	1.0
37	89	37	89	1.0
37	88	37	88	1.0
37	28	37	28	1.0
37	71	37	71	1.0
38	95	38	95	1.0
38	75	38	75	1.0
38	8	38	8	1.0
38	31	38	31	1.0
38	23	38	23	1.0
38	24	38	24	1.0
38	52	38	52	1.0
38	4	38	4	1.0
39	18	39	18	1.0
39	30	39	30	1.0
39	99	39	99	1.0
39	57	39	57	1.0
39	1	39	1	1.0
39	19	39	19	1.0
39	82	39	82	1.0
39	20	39	20	1.0
41	55	41	55	1.0
41	22	41	22	1.0
41	43	41	43	1.0
41	17	41	17	1.0
41	74	41	74	1.0
42	47	42	47	1.0
42	64	42	64	1.0
42	14	42	14	1.0
42	50	42	50	1.0
42	53	42	53	1.0
43	22	43	22	1.0
43	14	43	14	1.0
43	72	43	72	1.0
43	55	43	55	1.0
43	16	43	16	1.0
43	50	43	50	1.0
44	58	44	58	1.0
44	32	44	32	1.0
44	48	44	48	1.0
44	13	44	13	1.0
44	59	44	59	1.0
44	68	44	68	1.0
44	51	44	51	1.0
44	92	44	92	1.0
45	20	45	20	1.0
45	1	45	1	1.0
45	19	45	19	1.0
45	15	45	15	1.0
45	29	45	29	1.0
45	93	45	93	1.0
45	30	45	30	1.0
45	79	45	79	1.0
46	51	46	51	1.0
46	92	46	92	1.0
46	36	46	36	1.0
46	73	46	73	1.0
46	13	46	13	1.0
46	68	46	68	1.0
46	44	46	44	1.0
47	53	47	53	1.0
47	16	47	16	1.0
47	14	47	14	1.0
47	63	47	63	1.0
47	42	47	42	1.0
48	44	48	44	1.0
48	13	48	13	1.0
48	68	48	68	1.0
48	58	48	58	1.0
48	32	48	32	1.0
48	59	48	59	1.0
49	89	49	89	1.0
49	69	49	69	1.0
49	67	49	67	1.0
49	97	49	97	1.0
49	96	49	96	1.0
49	79	49	79	1.0
49	54	49	54	1.0
50	65	50	65	1.0
50	14	50	14	1.0
50	43	50	43	1.0
50	47	50	47	1.0
51	46	51	46	1.0
51	73	51	73	1.0
51	36	51	36	1.0
51	13	51	13	1.0
51	92	51	92	1.0
51	59	51	59	1.0
51	68	51	68	1.0
52	23	52	23	1.0
52	75	52	75	1.0
52	24	52	24	1.0
52	7	52	7	1.0
52	38	52	38	1.0
52	68	52	68	1.0
52	95	52	95	1.0
53	47	53	47	1.0
53	63	53	63	1.0
53	16	53	16	1.0
54	96	54	96	1.0
54	67	54	67	1.0
54	49	54	49	1.0
54	28	54	28	1.0
54	0	54	0	1.0
54	81	54	81	1.0
55	41	55	41	1.0
55	43	55	43	1.0
55	17	55	17	1.0
56	66	56	66	1.0
56	21	56	21	1.0
56	67	56	67	1.0
56	81	56	81	1.0
56	54	56	54	1.0
57	18	57	18	1.0
57	99	57	99	1.0
57	39	57	39	1.0
57	82	57	82	1.0
57	30	57	30	1.0
57	34	57	34	1.0
57	9	57	9	1.0
57	19	57	19	1.0
58	44	58	44	1.0
58	32	58	32	1.0
58	13	58	13	1.0
58	59	58	59	1.0
58	48	58	48	1.0
58	73	58	73	1.0
58	51	58	51	1.0
58	80	58	80	1.0
59	73	59	73	1.0
59	13	59	13	1.0
59	80	59	80	1.0
59	58	59	58	1.0
59	77	59	77	1.0
59	68	59	68	1.0
60	77	60	77	1.0
60	4	60	4	1.0
60	73	60	73	1.0
60	5	60	5	1.0
60	87	60	87	1.0
61	87	61	87	1.0
61	78	61	78	1.0
61	31	61	31	1.0
61	83	61	83	1.0
61	95	61	95	1.0
61	4	61	4	1.0
61	38	61	38	1.0
62	84	62	84	1.0
62	15	62	15	1.0
62	29	62	29	1.0
62	71	62	71	1.0
62	88	62	88	1.0
62	11	62	11	1.0
63	16	63	16	1.0
63	85	63	85	1.0
63	53	63	53	1.0
63	47	63	47	1.0
64	12	64	12	1.0
64	65	64	65	1.0
64	14	64	14	1.0
64	42	64	42	1.0
64	50	64	50	1.0
65	50	65	50	1.0
65	64	65	64	1.0
66	56	66	56	1.0
66	7	66	7	1.0
66	31	66	31	1.0
66	24	66	24	1.0
66	67	66	67	1.0
67	81	67	81	1.0
67	54	67	54	1.0
67	49	67	49	1.0
67	89	67	89	1.0
67	56	67	56	1.0
67	21	67	21	1.0
68	13	68	13	1.0
68	73	68	73	1.0
68	48	68	48	1.0
68	52	68	52	1.0
68	23	68	23	1.0
68	59	68	59	1.0
68	51	68	51	1.0
69	79	69	79	1.0
69	89	69	89	1.0
69	97	69	97	1.0
69	49	69	49	1.0
69	37	69	37	1.0
69	88	69	88	1.0
69	86	69	86	1.0
69	71	69	71	1.0
70	25	70	25	1.0
70	81	70	81	1.0
70	27	70	27	1.0
70	21	70	21	1.0
70	97	70	97	1.0
70	86	70	86	1.0
70	89	70	89	1.0
70	37	70	37	1.0
71	88	71	88	1.0
71	11	71	11	1.0
71	93	71	93	1.0
71	79	71	79	1.0
71	84	71	84	1.0
71	62	71	62	1.0
71	69	71	69	1.0
71	15	71	15	1.0
72	16	72	16	1.0
72	22	72	22	1.0
72	43	72	43	1.0
72	98	72	98	1.0
72	63	72	63	1.0
73	77	73	77	1.0
73	59	73	59	1.0
73	13	73	13	1.0
73	68	73	68	1.0
73	51	73	51	1.0
73	60	73	60	1.0
74	22	74	22	1.0
74	41	74	41	1.0
74	43	74	43	1.0
74	72	74	72	1.0
75	23	75	23	1.0
75	52	75	52	1.0
75	38	75	38	1.0
75	24	75	24	1.0
75	95	75	95	1.0
75	7	75	7	1.0
75	4	75	4	1.0
76	80	76	80	1.0
76	59	76	59	1.0
76	10	76	10	1.0
77	73	77	73	1.0
77	60	77	60	1.0
77	59	77	59	1.0
77	36	77	36	1.0
78	61	78	61	1.0
78	87	78	87	1.0
78	83	78	83	1.0
78	31	78	31	1.0
78	5	78	5	1.0
79	69	79	69	1.0
79	88	79	88	1.0
79	89	79	89	1.0
79	97	79	97	1.0
79	49	79	49	1.0
79	45	79	45	1.0
79	71	79	71	1.0
79	37	79	37	1.0
80	59	80	59	1.0
80	26	80	26	1.0
80	76	80	76	1.0
80	77	80	77	1.0
80	10	80	10	1.0
80	73	80	73	1.0
81	67	81	67	1.0
81	21	81	21	1.0
81	25	81	25	1.0
81	89	81	89	1.0
81	56	81	56	1.0
81	97	81	97	1.0
81	54	81	54	1.0
82	99	82	99	1.0
82	29	82	29	1.0
82	19	82	19	1.0
82	15	82	15	1.0
82	30	82	30	1.0
82	57	82	57	1.0
82	45	82	45	1.0
83	94	83	94	1.0
83	78	83	78	1.0
83	61	83	61	1.0
83	54	83	54	1.0
83	87	83	87	1.0
83	28	83	28	1.0
84	62	84	62	1.0
84	28	84	28	1.0
84	71	84	71	1.0
84	69	84	69	1.0
84	88	84	88	1.0
84	0	84	0	1.0
85	63	85	63	1.0
85	98	85	98	1.0
86	37	86	37	1.0
86	69	86	69	1.0
86	97	86	97	1.0
86	89	86	89	1.0
86	79	86	79	1.0
86	28	86	28	1.0
86	70	86	70	1.0
86	88	86	88	1.0
87	61	87	61	1.0
87	78	87	78	1.0
87	31	87	31	1.0
87	4	87	4	1.0
87	95	87	95	1.0
87	38	87	38	1.0
88	71	88	71	1.0
88	79	88	79	1.0
88	93	88	93	1.0
88	69	88	69	1.0
88	11	88	11	1.0
88	62	88	62	1.0
88	45	88	45	1.0
88	84	88	84	1.0
89	97	89	97	1.0
89	69	89	69	1.0
89	49	89	49	1.0
89	79	89	79	1.0
89	67	89	67	1.0
89	81	89	81	1.0
89	37	89	37	1.0
90	92	90	92	1.0
90	46	90	46	1.0
90	6	90	6	1.0
90	51	90	51	1.0
90	52	90	52	1.0
90	24	90	24	1.0
90	23	90	23	1.0
91	20	91	20	1.0
91	93	91	93	1.0
91	1	91	1	1.0
91	9	91	9	1.0
91	45	91	45	1.0
91	29	91	29	1.0
91	15	91	15	1.0
91	30	91	30	1.0
92	46	92	46	1.0
92	51	92	51	1.0
92	90	92	90	1.0
92	44	92	44	1.0
92	32	92	32	1.0
92	48	92	48	1.0
92	68	92	68	1.0
92	13	92	13	1.0
93	88	93	88	1.0
93	20	93	20	1.0
93	91	93	91	1.0
93	71	93	71	1.0
93	45	93	45	1.0
93	11	93	11	1.0
93	15	93	15	1.0
93	29	93	29	1.0
94	83	94	83	1.0
94	78	94	78	1.0
94	21	94	21	1.0
94	61	94	61	1.0
94	54	94	54	1.0
94	81	94	81	1.0
94	28	94	28	1.0
95	38	95	38	1.0
95	8	95	8	1.0
95	31	95	31	1.0
95	75	95	75	1.0
95	23	95	23	1.0
95	4	95	4	1.0
95	87	95	87	1.0
95	24	95	24	1.0
96	54	96	54	1.0
96	0	96	0	1.0
96	28	96	28	1.0
96	35	96	35	1.0
97	89	97	89	1.0
97	69	97	69	1.0
97	79	97	79	1.0
97	49	97	49	1.0
97	37	97	37	1.0
97	81	97	81	1.0
97	67	97	67	1.0
97	86	97	86	1.0
98	72	98	72	1.0
98	85	98	85	1.0
99	82	99	82	1.0
99	19	99	19	1.0
99	30	99	30	1.0
99	29	99	29	1.0
99	15	99	15	1.0
99	18	99	18	1.0
99	1	99	1	1.0
99	57	99	57	1.0
