-1.0354754413644853	-3.2425208627598674	-0.1487060018025950	2.3613550098547540	-2.7660253926474683	0.1278285275806645	-1.6321775644244072	-1.1359583506774167	4.2973716372750932	2.4071665256019306	0.2192687718223904	-1.1698158581681153	-3.6834720697646528	-1.9039747198562060	1.2232362030492410	-0.5301661730868064	0.0873127491792813	0.1457928620239352	2.5271027958791299	2.1044916233234003	-0.1575752953358173	2.8119451308014822	-1.3538524386334823	-2.4717128020320063	2.2486359027196401	3.5818811043909813	-0.8633683637996949	2.7754856152761986	0.5850523656953326	2.2502948927612207	0
-1.2186038146972149	0.3676046939648187	-0.7852376838118061	-0.6223928347091912	-1.5409364768715459	-1.2413889461650989	-0.6997704894145346	-1.9376767890224063	1.4320697250422452	-1.2007474259084008	-0.6530097420687165	1.5537359716939019	0.7093174074791585	0.8036658285289253	2.6734648042808344	1.0880760413608723	-4.1022237340400629	3.8985684217385774	2.6669338598156784	-0.4294145792389490	-0.5444811549885504	-1.4953879541316430	1.5370435765425421	2.8129376609296695	0.7454480414033875	-0.0963192227314922	0.1461190801698591	-1.0041440424902153	2.3759753801500052	3.4224849023774295	1
1.5505379888611992	2.5963966539760008	2.0042318190921780	1.6273327208578912	2.6454225118396155	0.7866746638465133	-3.4022441033610469	2.0435070540464984	1.7932206700117428	-0.8944334077307238	-1.4601521039614229	-2.3503495669269800	-3.5178071431100717	0.1932680358145571	0.8539578179564163	-1.1318387112733916	0.6210581343611472	3.5242541890209456	-1.2673031258115728	-0.3934288689626737	0.1363173702448330	1.8026865327323658	1.3979953826285954	-2.9714339249862758	2.8586885411905136	-3.0735648867371888	-1.5526038791152816	-2.5465243425748065	0.2791987700719052	-2.7797863745084683	3
1.5952764355441109	2.3786328783514632	0.6691633979511769	0.5893343643831378	3.2882694939437380	1.2291933662823415	-3.5472295885296146	1.9898567667662668	-0.3848448229997179	-0.4825653418881699	-0.1079162442038542	-3.0593607225632651	-1.8362611663928436	0.4398093901045636	-0.3180533356687398	-0.4027171917193688	2.9408610876208283	2.6119676820748365	0.9935289150743596	-0.2559322769159189	0.8310499337710939	1.9233309727528298	2.1510595732175228	-2.3252955280552201	0.1175695817934281	-1.4413286596768815	-3.0343336985408120	-1.3433327348682544	-0.0046521731469351	-1.2672797966060920	3
2.8498020392101999	-0.3476913587136688	2.1477048713907432	-0.1480245387798742	-1.0737405411227847	-1.5208103309704428	0.7497056627096976	2.4277921342955300	1.2975974631268232	-1.5042760227907421	-1.9459601112710407	-1.3172195533752629	-2.8506679530312975	1.9183802528219478	5.3227635483458426	-2.6609498955922994	3.1015463815825282	-0.5876101751061868	2.3143532247364647	-1.5530635188772772	0.7580836024423113	1.8254344012530508	-1.4079593700308743	-2.6927391601368793	-2.5402421705427338	0.0556420097384773	1.4700241471849478	-2.3489701916312895	2.4113060312243642	0.8451755681065851	2
-4.5113377967205546	1.1994770481862003	-2.2434230274510201	1.4151816548483853	-1.1691438156442131	0.0576052453940886	0.7469753622915528	-1.9571789482498265	-0.6548469001263483	-2.9860052292349413	0.1273886913503822	-0.8446969698504585	2.1591674428495411	0.4787516741631908	2.5577146448917785	0.6317653887474489	-3.1791251230600568	1.6517975812836889	1.9886924234910965	-0.5842967384589393	0.2456956065429046	-0.8229658431442491	1.2840929610956009	2.6221977974681328	0.3498864661068908	-1.3541745850502283	2.6208312413812873	0.9309312199278414	2.5528441661840757	4.4038908035374398	1
3.5281214568245804	1.0204402265106047	3.9602473281143409	0.4899843089101577	1.1239758160369056	-1.3841952928590140	-0.5971497442132647	2.8010082489163697	2.4815198249395389	-1.4260060857453483	-1.6867202904759018	-1.2585799527772681	-3.0437771851377904	1.3536185744105460	0.6292256063105306	-1.6492721658090499	-1.7889940188302149	-3.0440180882678760	2.4626452614184942	-0.8944317865212386	-0.5272716792907188	1.2445412946774208	-2.4191440739390648	-0.8661059954449293	-1.2111818058971866	1.4512429767657764	1.2605067007718720	-1.7423513189796742	0.3724842852434849	1.5663422385035579	2
-1.9206463075014928	2.3683502501389371	0.3484600286253818	-1.8375997148939276	-0.9760803394606375	-3.5311601743103598	1.2920494832962381	-2.4792560551629128	-0.1937443442736588	3.8546621487379724	-1.4886974910640522	-0.4686353523786897	-1.8899207196110384	0.0656945270130439	-0.4590524583109525	-2.5415792635163590	1.1001059407973885	-2.9826240823657528	-1.9567321218321438	1.6887866844388688	-1.6719605187742965	-2.7738543205712753	-3.6902457613946069	1.1492579250702339	2.4281580077722600	1.9841481588364096	-1.5947639296065588	4.0845414467179673	-0.4452525042129373	-0.3222474624537917	4
-2.3835539470966234	-1.3660329609014019	-0.8935285859690636	2.8701545546991616	-4.1678397840059116	-0.7044966723828432	-1.9720075582259879	-0.3241731236647756	1.7791186460256034	2.7313904829706743	2.9250525460628154	0.4868620259541470	-1.6678975386603239	-0.5553343248222093	1.4265631689854490	-0.4471025919523713	-0.1042833850068702	1.9366662142322724	0.3036930277643707	1.4988170290099854	-1.8042765757207180	0.6537211317002420	0.0570685201862677	-2.5749848666103734	0.2280079300566650	2.9242297828966137	1.9707874439627073	2.7427259956576746	1.6883919696974590	0.8300626743415505	0
-1.3024617941863774	1.6670903993157187	-0.5062046880753935	-0.8126524917611293	-1.7352316111383166	-0.7906905476242828	-0.1598517992659967	-2.7433306135782178	0.1396043177444658	-2.8808970671062073	-0.2962389727082178	1.3157660152009660	0.4165056262161008	-1.7415117539202840	1.9757861393808054	1.1873653768475072	-1.7694467903997282	2.7686188264707425	2.3361990610136667	-2.2613042277879325	-0.8166552952817244	-1.8794415553483801	-0.0463802265829654	1.3554224536967316	0.2834398727722642	-0.1976428500272229	1.6569726738116566	-1.4264778716413140	2.4439616452509254	1.8388603847250877	1
-1.5485960646776205	-2.9825031774296269	-2.5267350800464068	1.2075965725153508	-3.7398921607909248	-2.0228325205434805	-1.9581336613261677	-2.0981403069635056	3.2860815049555536	1.0441811208623455	-1.1281002434088172	-1.3560885420962854	-1.1535703225057823	-1.7952155817602309	2.1121068347483423	-2.0800437844129429	0.5929965494215569	0.4701144163566894	1.9599149789237345	2.3664160231625964	0.8974873029528636	-0.2401607354278135	0.4030825861141349	-1.0551374002448008	0.7562625367930235	2.6539547940933246	0.9285867537984126	1.7840294475087335	1.5583497578273688	1.1855852153245423	0
-1.0657831733219041	-2.1425316289991203	-2.1038768484968795	2.0634146113966687	-2.9987769603194270	-3.3660783775737961	-1.9208977097424704	0.1602095499777583	3.0069683827293798	2.8735252352220977	-0.0874183350644361	-0.4272864584439367	-1.6122028221231144	-1.5712977141976261	3.2969732416277240	-1.1933664418621310	-0.2262970271788489	-0.0380376544859042	1.3894276605347176	1.8821744362006088	-0.0899923049145443	-0.5736968696594373	0.0930029298863080	-1.5936715322423403	0.7573076468868707	0.4398496864174288	0.8387806863376575	2.4736918371068439	0.6411064058608458	1.1786240762571254	0
-1.1442826998920925	2.2437740711650496	-1.9992674486398605	0.3025649968648002	0.2211377167713531	-0.7764388175218746	1.0488579102185567	-3.8517180032614924	-0.6285968280142153	-0.9770226780785165	-0.9328414788712778	1.1362290948731253	1.1020742063009215	-1.1623878285905309	0.2660992019682831	1.1597647439950978	-3.7575205175159718	3.0817906344495474	1.0959202338423824	0.5202526871042643	0.6662205635929366	-0.3246451241906604	2.4419085135202412	1.5746913856821037	-0.6459012895929961	-0.7548941631486539	1.1535707496170369	0.3381297697709875	1.3683495778589012	4.1342998027432829	1
2.2621406524231022	-2.4190186683554700	3.3481208990740656	-0.1597796707088559	-1.4850512076907907	-1.8125004079650526	-0.0949331169550311	2.0591848290321599	0.5482294664302526	-2.1068972403462447	-0.6968785508681989	-0.7199427300037584	-1.2880092401248628	2.6624615597418089	1.9172644174524169	0.3018198588148702	1.1809070896199894	-1.0775539213302969	3.4641772753215334	-1.3180646232960380	0.5642954740147055	-0.4595539393833190	-2.4247948564374662	-0.2415598208034235	-0.6059521116995068	2.3237570452510594	2.9321229432060889	-2.0524873295593085	2.9143764210049667	1.3444290820550568	2
-2.2976037899641928	-0.4259045216882938	-2.8286322973211817	2.0156747105749635	-1.7961386624163089	-0.5173442967128629	0.6327731480353994	-3.1358555434302415	0.2737375390977641	-1.5952762442108070	-2.0991902103759528	2.0970512356688884	0.1275511555091831	0.3385482827457149	-0.9119606166127201	0.9549288987729154	-3.1986471108840808	0.5168514778031752	1.9690999862705203	-0.5487634267019770	1.4073478245673312	-1.7891669387020777	2.3405311940180220	2.5184053467356895	0.1984948153333237	-1.1063092600121662	2.9178999076686125	1.7381457086366940	2.6198242324834893	2.9928000625684117	1
0.5609566235787244	-4.8827525173464306	-1.5769968707457311	2.6997594641038942	-1.7301049868128935	-1.1425238428114499	-3.4859442305114583	-1.1085353601554335	2.8293768976335927	0.8726317940996828	1.1449367670328665	-0.9816215743422987	-1.6315652943899619	-0.4183769929343892	0.8121441136929626	-1.8992129319597824	-0.6710446808539627	-0.5514111329315707	1.1573975146311941	0.6374234113718054	-0.9401787378498054	-0.0982551101240373	1.4492655804602701	-0.4983769084289202	1.1972209931597737	1.3276502163803519	1.4598151012540495	1.4525175139635886	0.5222578450750934	1.8157994620110200	0
-1.3084638466163698	2.1398237490982659	4.0818258595795651	-1.4413489445751084	0.0487491648806457	-0.5650006546865010	1.5670285720702908	-1.4211671863835054	-1.9637107543526007	2.4108037029222960	0.3291902909841199	-0.1098205481396306	-1.3976239846418221	-1.3588551265870952	-3.1016860473370995	-2.4690708263467549	1.3188257188626036	-2.2081196519631243	-3.7012178287450528	2.1659012882015918	-3.2426278389468424	-2.7557569845655352	-4.0907134918462766	2.2268909358925679	2.3967320459712815	0.7299627324408319	-3.2070348018152410	3.0675962903795915	-0.5566019304482848	-2.1820434936968054	4
0.2230903142769790	2.8085454067699822	1.1810665227626602	0.6032055055759207	1.2448888892125418	-0.2608800331181066	-2.1890196695241659	-0.0249135745182212	1.9642313256285340	-0.9213447237962843	0.4468656362494351	-1.1077979189834404	0.1910397789673016	0.1520106399649788	0.0879784519924959	-2.0905937589277412	2.8006790658550287	2.8223437965556091	0.6605396490457665	1.6258562221237718	0.8413641559350523	2.3769888481330219	1.8180358163763040	-3.0777361416501376	2.7555047535375086	-2.3698921952061101	-2.7782738440597412	-2.2334705439876781	4.7441902509915916	-1.4177723386957646	3
0.3246156107632061	0.2279833151418784	-1.9742110143431857	0.5914889205095264	-3.1427266453426199	-1.3393913850190686	-1.5797826232580761	-4.2922636577828301	2.8685001779476704	0.9177019451994408	0.5921962082770061	-1.4397667477616070	-2.8420334229878184	-3.8441990082100181	2.3782292451064322	1.2439916753673250	-0.0121697191600726	0.1604160112127529	0.2321165942155510	1.4943064688442065	-0.8068557261395132	-1.0494764300065236	1.2278491015130089	1.1123339709896722	1.6315904372417700	3.7333748036271843	-0.4465061484212487	2.1961845911503382	0.0635824980998482	0.1125770501867802	0
-2.2422401039268034	0.1430577908987579	0.3554536325338689	0.1417252419434497	-0.6354558482958199	-2.0063710159851791	-0.1022578350791220	-3.4851488347979003	1.2634646197551025	-0.3302476725539611	0.9487026524920730	-0.1983880999297528	1.2399185025496073	0.0497305127682087	2.0028230597300571	0.5952585912183418	-0.8285859270028104	3.8632758617703931	1.8751971436370756	-0.2515123231042549	-1.2998744359015015	-1.6906647548517728	0.5924787307090347	1.6238624454235340	-0.4396273774944198	-0.7983339245851023	1.8433895966399025	-1.3794192765564937	2.6376916947034319	2.5880170888531571	1
0.4823705724136240	3.5653178706272861	0.7595615942028675	1.0292123815941956	3.1175217427875870	0.0469154987706745	-4.6847546513955116	0.4810390347454521	0.4007665070963744	1.6101317694596451	-0.0756626510981058	-0.5717643949752500	-1.6795067496205052	0.7659474868542254	-0.0035088306543783	-2.7905124463581457	2.1297412731796213	3.8990250900701682	0.9548722288164551	-0.9791349175747848	0.2886831942268497	4.2254970778120668	2.8520221334725182	-2.3493312106054876	2.0744105472452365	-2.3765669050042373	-2.6670339875714291	-1.1697133109190254	1.8552832178685561	-2.0348030234030188	3
-0.6996408396583651	3.2702287522140914	1.1372453843227828	-2.3443814981979911	-0.3765365011410028	-2.5267575089969245	0.7601888670952736	-0.5021373789798216	-0.2887826332920539	1.2869878183006911	2.4154476816895638	1.6181939508955854	-3.8427505390520347	0.9498834221270627	-1.9108450673830719	-3.5414323877677156	-0.2776133319531154	-3.7278896797727308	-4.1887831271045792	2.0592194441369389	-1.0104655772290361	-3.6414637329809638	-3.1931631153459845	1.9007079371056195	2.7602404481596556	0.2682524360876897	-0.1576015390258143	1.5704367339740151	-1.0114729864835588	-0.5032804336034303	4
-3.1785683597686791	-0.2750659350214055	-2.6732221807939158	0.3501632218468311	-1.1373860753509892	-1.9456215666884646	0.6812422525306361	-3.8931930190466293	0.2132212305084989	-3.9844496221594330	-0.7111052517479869	0.6791486269429682	-0.6147833058312187	-0.9891068556246373	3.5407925363165518	0.3245162987181701	-2.9541220896086697	3.2149694046206534	1.2736249690205854	-0.7589230628333825	2.2953332104487818	-1.2653613815261080	1.9975965194193592	4.4763659172057668	-0.2506471233927361	-0.8927256626624496	1.1436310986327338	-0.8130599248040082	4.2859750816088109	2.7834650179015155	1
-1.4353299718646069	1.3622579450374348	3.6842288197265756	-1.9960702305322102	-0.3479209053043231	-4.2989650999339091	0.0044874984454107	-1.2959483738270259	0.0945780286784351	2.5618668250103531	-0.9463067609382347	1.9372682837979625	-2.4236332278323527	0.5653413196688087	-2.8384909236575133	-2.1287977297990612	-2.3186735159791310	-1.1776237803154697	-1.9523081146097903	0.5030460967719017	-0.5772785087265067	-2.2120088211315703	-1.9377899030585886	3.5029800034119498	0.8284458966803028	3.0136872192497122	-1.3027455203996399	3.4915296268804137	0.7377969745700214	-1.4257889969244890	4
-0.7406285753213581	-2.7387021493561345	-1.8301613611980727	3.5454379328907906	-3.6958856648901919	-1.0733019332125919	-0.5398587232482401	-1.5434895050786990	1.0949119330743047	2.2244392995445432	0.8644762132830848	-0.2495652091673585	-0.4337011094224910	-1.1783928507787791	0.8414610086923140	-2.1295718882344330	-0.0913840148853085	-0.1880817667700532	1.3135008823253702	0.0539682515822919	-0.3164926479652965	1.3502374813701314	0.0340112732844859	-2.1327364186421112	-0.0555215668090051	1.5256336412914497	2.0190055452350890	1.5370702725976453	0.9391210618053734	0.7756455460670175	0
-1.1783325443021802	3.5000241832055212	0.7264480944156231	-2.5282106936797315	0.3039336276382372	-3.6828398576412367	0.5998187853998942	-1.5205046066410228	-0.6417390871592112	1.9276947342792266	0.2075013925874786	0.5768621666166305	-1.7661045669351654	-0.0275100648501315	-2.8500844349569459	-2.2850296489686022	0.3483993467327679	-3.5324154745274314	-2.0276529367057314	0.4585384984365364	-1.0193813350688368	-2.3432721410492978	-0.0625252869678430	0.6538022949448629	2.4200276777660088	3.8690134811379888	-2.5552543578629772	1.0259373161637417	-0.2270788131979702	-3.7140057031348692	4
0.6344117558860644	4.2433975834538638	2.4261181620831360	1.6481790699459835	1.8540085374029271	0.6270294225263742	-1.1622215491194561	2.3390788859675427	0.0029706769022854	-0.3785901150023621	-0.3927523433124303	-0.4228596206999620	0.7533634755383738	1.3270900641205019	0.0817653333005333	-2.3289888956583802	1.8496574751651524	3.2880156907870433	0.8756308020028936	1.1635982333328585	0.3263661926538141	3.6423732924203165	0.6842720356466860	-3.2153211840653624	2.4065033170356931	-3.3727125892807974	-2.6021363048813457	-0.3955789831040586	1.1591200355753128	-2.5066672313105087	3
2.1003706636447417	-0.2435463204900357	2.3479826362765275	-2.5926470333769203	-0.6560255552152969	0.8068057665480413	-1.4674303087920058	2.6162798092363522	2.6810391481419504	-1.9394220103805018	0.0041592119461928	-1.2133141573988426	-3.8159012897075302	3.5708806068217012	1.5978253713690527	-0.4619041379254810	2.3221871827820992	-1.0350062387698400	2.2567005910914513	-3.0070619951182556	1.2226282875024896	2.0314816475839530	-3.1547816480858550	-2.3964608885701875	-2.8083797604046437	1.2066412939235940	1.1043211105052793	-3.1366893329840275	1.8925480587089401	2.0250178353203419	2
2.0479359197818727	-0.1430955763130708	0.3195977145633719	-0.4035678781181489	-1.3314212880265230	-1.8769398143564930	-0.9619787194497883	3.4041596833702874	0.0459990841265654	-1.6390038220881549	-4.2739387573372456	-0.0635578662044181	-1.2437369482911929	0.9197847135481558	2.1891761532751342	0.2721554274259510	1.5217597615785046	-0.9822927512888764	2.7266067611277429	0.4050069045117950	0.7347798330971734	0.9010338822606865	-2.0046123413248624	-1.0798598226339597	0.4632966657225746	1.5035600967577303	1.0858187299633590	-1.2404445264604695	2.5377687775132332	2.0902103556502256	2
2.0065767735643729	3.6786262597747772	2.4511734686157407	1.8430890620349061	2.2479937320787080	0.5164940672550987	-3.2061680725200978	0.6886649865650168	0.2154016248523206	-0.7375868273483399	0.4200806636308266	-2.9161245638133733	-0.8223590229758366	0.7760737513482852	-1.4075971208846505	-2.3770848799101669	1.2516733128681692	-0.0928518790214952	0.5850838046619030	0.2332093210671684	0.5520913532567808	3.2192729660900934	2.1679171000060884	-2.3821923440088058	2.0217330398211684	-0.9654085196291535	-1.5552017901316453	-1.0138782919504230	-0.5455307170972632	-2.2427438997792191	3
-0.0277884631825331	-1.3160787695640090	-1.4037528568684685	3.1573512798732022	-2.2630972206494961	-0.5506451802194964	0.3888561094671585	-1.9444498660365652	5.3623649565843845	1.6525511430379933	0.9136272471008726	-1.6369722134674189	-2.8231203993562861	-1.8464279052788313	2.0986599292911241	0.4858016052887922	-0.4853407276769846	-0.6880435001248764	1.1000729044935746	2.1244910286209389	-1.1891963569131729	0.4258422287747636	-0.0816215321429312	-2.4288359654192959	-0.1015661865731643	2.9259810949797389	2.0684890778703737	1.9980811215266572	-0.7252491300956005	1.7212720200024831	0
-1.8145522353887062	-1.1155310172936073	-3.8939545208627240	0.6336757073601105	-4.4605295555212239	-2.1482492672505917	-2.1758558925755258	-1.6839669302999298	3.1097689781922617	2.3147162367197418	1.8020921167741060	-0.5122241623423157	-1.2720983475709482	-1.8185443020029735	2.2686911692069716	-0.7977165344378456	0.2824938109864270	-0.0193564976425958	2.8894185302269149	0.9999750144291197	0.7945462335588331	-0.6204297712968603	-0.4619765301286547	-0.2231493234955426	0.4443100699495477	1.2157288090080014	1.6466665634176216	3.0532750809576230	2.4339612248461129	1.2605599473796916	0
-0.9544419804118607	3.0441106720127582	2.7683606406978258	0.9594135306396872	3.4381475218870214	-1.3094571707464424	-4.6596457882213871	1.4685129982431808	2.9235660861465265	-0.5103876340426343	2.0052487053020673	-1.5940741792865876	0.3027272981900578	0.3173006305209035	-0.1853271835753751	-3.8966770650459868	2.9903472008287131	0.6684801708083523	1.3837820977157329	1.2571517392101530	-1.6520833344419437	1.8721926365244492	1.6922700091084297	-2.7318702460457538	2.9640565005681774	-1.9383384645421595	-3.9772357441324298	-0.6749599362638701	0.8704011273252064	-0.7999411012803632	3
1.7273374790775193	2.4559237912240723	2.6088875129905063	2.6766011591186469	2.0952409828753491	0.6074056846804400	-4.5228900533439127	1.2158067717906842	0.4495805419617642	0.4898395947432322	-1.0265074985349671	-1.1731625914157757	1.0735886188561379	0.8752242710039629	0.6548603687360091	-2.2917328321742247	3.8656576285267459	4.0425384223807432	0.5116660874133814	1.7611495379080848	-0.5354603980000112	3.1150296310114678	1.2083072758976769	-1.4943637120592583	2.8123882069007666	-3.7319794543533700	-3.8855040762925865	-0.8152527307152742	0.1090705704440126	-1.1480472508730952	3
-0.1630629143258087	2.6789033828119866	2.2231993909278085	-1.9643527348292569	-0.5663248041533812	-2.8090614274618542	1.6168731856700365	-1.5952115274456871	-0.5351438186813327	2.2646181305605833	-0.1705820217243092	3.0340877321658986	-1.2042332468349013	-0.8345023100111965	-1.8871067819478131	-2.7787105326599755	0.0271098119619991	-1.5736806773405729	-3.3679677927573985	3.1533119722473817	-2.8935006453323857	-4.1166122849059219	-1.1132544027324491	1.6787857644034341	2.0106569366798852	1.4971395218608796	-1.7424105569842199	2.8843151211155695	-0.9835692786138328	-1.9925940050355129	4
1.0268883064895475	-1.1273499257029100	1.7194559983122688	0.2126397312453387	-2.8391433987338819	-0.2929354500222630	-1.4253213760293784	1.1236318733480968	0.4805135143248032	-3.6384903013799188	-0.3835208738276261	-1.9541314608935805	-0.4139570698873793	2.5355004960894361	1.8737191344636941	0.9864731917437672	0.9708928364374938	-1.6758523920605186	1.8032667944826950	-1.3978486652200779	0.6343427417326459	1.6543950826290656	-2.9325336977496583	0.3736305263676687	2.0253310180524244	2.5315499767391505	-0.8353159394073395	-2.6628758012482163	1.5256686060726636	0.0603638342971611	2
-1.0847369128561521	0.8682433639252023	2.8315832446226796	-1.8404853458537083	-1.0742279473205867	-1.8092974765792074	1.0918498246913746	-1.3581781023343407	-0.3043842972927386	2.4191522592754029	-0.5700745887967376	0.0981861014262919	-0.3873618483015944	-0.5928873083614951	-0.3872567951903985	-0.2047860196117106	-1.3635550406956134	-1.0727274135340286	-0.8900722314266287	1.3069717707978743	-0.4939223743035850	-2.7599305109611221	-2.7397789685624856	1.2003187879439636	0.5181364732111604	2.2119101562383947	-0.9775610246036152	3.0778797092823442	0.8944269299929095	-1.7281998760423529	4
0.9105603697762965	-2.7255070906724082	-1.3893202169176426	2.3143537824770264	-2.8839292601336735	-0.9364705726298951	-2.7204128586851102	-2.0667147819536713	3.1314401719514176	1.1978378615615264	0.3122197373255123	-1.0704379774179968	-3.2832077404117426	0.0447553946129067	1.6170216447587324	-0.4521591325421154	-0.2087052856783236	1.5263374246301677	2.0198468492955763	0.9679847259375011	0.0418232739008316	1.5903741968086780	0.8904751062330346	-1.0498832591293086	1.7129664592607181	0.4888413053992062	0.1888619313385252	4.4202158771950177	-0.3578143738673619	0.0507321432290793	0
1.4610514173005713	0.1774883785005420	1.3561255012116846	-1.8859453445669190	-1.8255784865877565	-0.8974665041969146	-0.8630072979930143	4.0472628668558315	0.7198751155199004	-1.7764034220487164	-1.5308409837889994	-3.7545475414356937	-3.0016756459529290	-0.4361614051177991	0.7902392364183148	-0.1614468598668988	1.2739438812462980	-1.3052837546919935	1.0827900326753703	-0.4240347014939545	0.1243784758863892	2.3807583098671330	-3.1112957999668938	-2.4495600575625467	0.1647777436611684	0.8506819795027447	1.5210905258337071	-1.8071368710504949	0.2271186820899065	0.9728074863153223	2
1.1546790058588521	-0.9364588373269733	4.6913645259543024	-0.5151586685716013	-0.9584586878735775	-2.1303332371454471	-0.6797523333959603	3.5070859948286004	0.7387863828872978	-3.1910407340509295	-0.4976627033350510	-0.9975263856273645	-0.1994451454645494	1.7224507589461480	2.7298434070522033	-0.8696458088145178	1.0529820758855954	-2.7259950614383919	1.2049046609295331	-2.0086534859299228	-0.9259543209889762	-2.2521547943452886	-2.4284226031300511	-1.0233456743695175	0.0013994765813439	2.4749788527045911	0.7788224943840626	-0.0386590379853247	1.5285380893251270	1.9463789078285307	2
3.7585820401479970	-0.6369309278664161	4.4869311657930027	-3.5892824437598394	-1.2973356654729296	0.0816597132353551	0.1086915392512660	1.3015321185528501	0.9106029397726011	-1.1150980567912994	-2.9741077330527634	-2.9649466942687326	-0.8931899060202901	2.2345211518340267	3.2060312883652817	-0.8212000187295438	1.7437008325012058	-1.4156774940008172	3.1515663951013360	-1.7624144362206104	1.5025655348698168	-0.0072417419525217	-2.2338674205066820	-1.3054377682359390	-0.0092238784070052	1.6672078913017403	1.5166445763232876	-1.4785514970566871	1.8817703020514254	0.3618744411147182	2
2.1691479654853705	-0.8034844305498062	1.3156354508641830	-0.8096006784772050	-1.1085496293002854	-2.2605807172138674	-1.9148010861776528	2.6248751446203986	1.0466805133939809	-1.0121112616024082	-0.5168273931117089	-0.3998153614044314	-0.9143287549647862	1.7259167973783902	3.3280513706073376	-0.3930136334797827	0.9777611308094181	-1.7669368878104790	2.6210000848893698	-2.6055963370998150	1.1189988079391839	0.6094594639184600	-2.1633665987380444	-0.6526202339393578	-0.3204342790705567	-1.1536454753554750	2.2291477944695428	-0.9763687231762987	2.1492411579016206	3.0861502501331044	2
1.8325866105138469	-2.9651912047491678	2.1302984746553055	-0.9839189221110556	-0.4938118473127096	-0.8679464500328873	-0.9902895219594000	3.4075785195989101	0.3200900345154392	-0.1596258020267007	-2.2925112041462965	-1.2944155981066774	-1.2210605093818891	2.6779580988154765	4.8209395390107099	-0.2560028085325278	1.9770359737011303	-1.6053356083317116	1.7836455038428767	0.1970446537656394	1.6900414647003352	3.0978068074488192	-1.2849342657324838	0.1375355187831580	-1.6428979285027543	2.4825726210668306	3.8218757105745365	-4.3473548069525885	1.9358213639845299	0.3323982913638167	2
-3.6649892338473746	-0.7773997772969546	-1.9751384977050819	0.3715052723524441	-2.3238945039944929	-0.2127536170692882	1.4096789283764324	-3.7080480272127265	0.3244068664885701	-2.2903418633196382	-0.3149534052069801	0.0569235222540669	0.3785933837605944	0.2782657890272606	3.2089246356212300	1.7293269374670375	-2.6037588131944873	0.5757477481835536	0.3723616811913837	-1.7182830461587377	1.6491688472536228	0.6752449589476754	3.5341021367720091	2.7224449536831026	-1.1552927973179408	-0.3019325687871376	2.1188243268215183	-1.3982529587343013	0.5984710354611886	1.7346230413916093	1
-2.3773240413763275	2.9415826017893782	3.8257548895345206	-1.9994172390227691	1.1751591082156683	-4.1359089445572472	0.3290167240134724	-1.4036311526073160	1.5523147852904691	1.6225905405497687	0.5044139148298148	1.5894546103370948	-1.3660373976114926	-0.3072365815693225	-2.7225488175976968	-2.2347713707122461	0.9606912145878943	-2.2753282080851593	-3.3088022058577766	2.5610802950082299	-0.5280179662844051	-3.4937732776376844	-0.5784635978707942	0.0824548161093526	-0.1452531865007649	2.9157148492621632	0.7615644501238987	4.4804253821268389	-1.0765083225602781	-1.1663064416847655	4
-0.7336708701969127	-2.5618930268651017	-0.9337344165706187	1.3253770165801821	-4.2904046067533930	-0.0964149070188305	-1.1808939174623712	-2.4500533599781313	2.3432070931711877	1.9336170268219206	0.9583572437752456	-1.2302181573745510	-1.5472741818252094	-1.7013346715221223	1.8736769918964908	0.4350628960590904	-2.0388805329923638	0.4545468479156767	2.6209142226511091	0.5146751512211858	-1.4050533096642288	0.8171100943327190	-0.2597062670410595	-1.6975497877539174	0.2231016119522570	2.3976446556349944	0.2819976868983998	2.3850853170058257	-0.0557224822602950	1.5688899935050091	0
-2.6091072190555913	2.6418994948871974	2.0579344230014298	-4.4455226620481891	-1.1998302318214609	-2.7755478201402322	0.5296498520227045	-0.1600152799736001	0.0129217849908169	3.4689319917831489	-1.0655705777568145	0.2060568958346071	-1.8076909306207762	0.6591248107096002	-0.4964081168264376	-1.9532685911574810	0.3993856619916301	-3.0489436967590544	-2.2905570934464987	2.2823187953251609	-2.3014773457285207	-3.9486943350331316	-4.0487634554167844	1.5306731193504419	3.2470129426523271	2.2715459174357733	-1.5792303996981154	3.6212937421273645	0.2739235883183375	-2.1215505701174102	4
0.4795124042709672	1.4288280777971216	1.9875827658430980	0.3815649684894742	2.2305919008353090	1.2839637205791052	-4.0240234677303768	1.6466147529232078	0.9924913800208633	-0.8212326015205662	1.7633853206156473	-1.7331310890761156	0.5845425811982494	1.3148032743667082	0.4541627815975306	-1.1376807773035988	3.2379968290312027	1.2814918698994384	0.8016005249196844	0.0144709857333440	-0.1582283255396050	2.6455421498002289	1.6335249848880704	-3.2468759180098283	2.4379722427752304	-3.1160573471875717	-2.1742538033975292	-0.4810454377221771	2.0629725107764627	-2.3615961198834392	3
0.7271460094246198	2.6377413756729942	0.2080962694143391	1.0007184374057085	1.9719847216681987	-0.7268413585540944	-3.5304747819102342	2.3566918936296508	1.3620329359908947	-0.2783682982890736	0.8954525290141835	-2.8315289979332214	-1.0343294563376872	0.9034860841650277	0.0005901351117115	-3.7687834825686086	2.4245291463807845	0.9446061749215120	-1.1052289680983018	1.8285671778037482	0.7726239991087760	2.2250984252633286	0.6939083323439940	-2.7743229319127654	2.9758576772666694	-1.8032422074843999	-1.1060293868120095	-1.1122425161424188	1.0758308799518617	-2.3540457713602003	3
-2.2997677246986550	1.5802985662490767	-2.5489058657996329	1.8935048408945909	-1.6137412389039247	-0.1500171831008739	0.2530367904778550	-2.6064273084920804	0.3996938319738585	-1.8558362706908789	-1.1030892024084789	0.6520116747816815	-0.1477904527940431	-1.6936262910401916	2.4739540525103378	0.1823511904880796	-0.9409252970185140	3.1437220633552547	1.3762298853356991	-0.8009814852037773	-0.8346815537024987	-1.5417911720526489	1.6205269300117244	1.8076850099102799	-1.2451054678335929	-0.4566663065168463	2.8086740058877004	-0.3156224583582759	2.1890743091515330	3.6677801333319158	1
-2.0330893438523985	1.9987729786150497	2.8862559439357436	-0.4629484089593676	-1.6554185970182029	-4.1613882540711478	-0.0878571067981273	0.1411468477332445	0.1377337381369966	2.2016886810595966	-0.2187341377366137	0.5384016304821371	-4.1674833043982558	-0.1635318456858940	-2.0774783179952987	-4.0037833514701680	0.5024164517221446	-2.8678371589580069	-1.2700511755908350	2.9178733933439260	-2.2467529054923063	-2.1723199513166414	-1.5629046450820776	1.3063644050893704	2.3507053440280954	2.4946886883101493	-0.0492087114655237	3.9986955855741888	-1.0853273332544973	-0.2701298773750824	4
-1.9284933491159399	3.1599039523286159	3.2699342990285372	-3.1546523138644602	-1.8082965129747621	-1.5492199346367792	3.4044536998607091	-0.6202638327036891	0.8461602720075574	0.9134766420234259	-0.7042978630217925	1.0894843376433232	-2.3117441392083662	-2.3105913562161033	-0.1144057388083122	-2.2704186614248481	0.0669721305452838	-2.7504737218634379	-2.4821278741790977	0.7338725150150365	-2.4014741299014792	-4.0269357765310119	-0.5412570611437726	1.5673760820500005	2.5774955206219174	1.2169672228685902	-1.5601186469838659	1.3087831557959735	-0.3939503296779724	-1.7493511633002325	4
-2.5951857089659196	0.4014548847953718	3.1685384447131204	-1.7948128609935525	-1.3722809144611605	-3.4306052495079755	0.8818598061914148	-0.5764935760576000	0.0997514186503745	1.0978640648016440	-1.7382838405557979	-0.6061825724543264	-1.3936868518125434	1.2273302443996823	-1.6649050298401686	-1.9970100393928312	0.3014708767251481	-2.1047004924224741	-1.6672228150182826	1.9309854719277018	-0.5151610091575913	-3.6643599568154692	-2.1425599610636330	2.4718634108716167	1.3818138032171186	3.5565932463709249	-1.0927845201148916	2.0297384081563346	-0.7520304454281023	-1.9143538513258380	4
-4.4972942491690464	0.8095582906274472	0.2983379338068013	0.6950362021718470	-3.5547715900417134	-1.9835030074074504	-0.9587841943039830	-2.8703862797208828	-2.1208953596220810	-1.9293429619194815	-0.6962220945678320	1.4585686743669786	0.4301092740910291	2.0186882802289974	0.5385914868060993	0.6372137611730603	-2.7303847533379426	2.6911511795576302	1.4990460058523776	0.0190125599595019	2.5577577016148618	-0.3916399121482973	0.8329082606728833	4.6715203507441512	-1.0138288132223061	-1.5207251225907112	1.6383400395519363	-1.2210224578990498	3.7461293088458660	4.4092946940096818	1
-1.8855024929427038	3.0155035594479154	1.5811762541471981	-2.1011675229174722	-0.4006739264768333	-3.7703595216625212	0.3888473666503222	-1.4925110348309181	-1.5209390927629021	3.3243321273929851	1.6787184147403942	0.7185384053052581	-0.2047765623547098	0.8109659199906365	-1.8217425095401769	-2.4096795378296521	0.1430731518631771	-1.1275524286089311	-1.5652742231541521	1.4078263159789812	-3.0513610335621788	-5.3523670139089070	-1.1255217729957752	0.8727154876918796	2.5521992085878811	1.5622277363354795	-0.2178093446047566	3.5192202354555873	0.4427141314836593	-1.8011144366187719	4
1.2891972362129602	-0.9069365441862087	3.4652980323249789	-1.8955499717407487	-0.5680161740825230	-1.5779709262998600	-1.0202538870806284	1.3755474503817946	0.6375845779596949	-2.8795872224510966	-2.8937094126794172	-0.3173588393496742	-0.9919435334019230	2.5494329341685980	2.9161373966292099	0.9287232749055170	0.1972994198473395	-0.2949274440264347	3.4604928417601943	-3.1888348493173009	1.0607209567983400	0.4686112748003399	-1.7857824188839813	-1.6253439592525729	-1.5225520070022442	1.9644378125188844	3.5030733587759149	-2.7830353231261191	1.6237380103676511	0.8190260305768929	2
-3.8380074495233032	2.0632901256629190	-0.9575743212134442	0.8419990994975227	-2.5326709010483874	-0.5987491363749157	-1.9518521355842684	-3.0354167446619851	-1.6263297339834593	-0.1539621090413881	-0.4035569091937840	1.2067663009180567	1.4515337859390431	0.1564999737011014	2.3362974443045825	1.0760360201893944	-3.8470549772179865	3.8708558400409134	1.6168805514420854	-2.9785724084383784	-0.3907851799922576	-0.8951023823745643	1.4936461485015409	2.2278002022863110	-0.4957933234907500	0.6144930907429935	3.3542431888006359	-0.3105711247554895	3.2690533655487095	4.5023566902910730	1
-1.0726715360966550	-3.5293392330035505	-4.4862400268397824	1.5714206661511365	-3.1489145306843755	-0.8217560617730717	-0.4133411525728223	-0.7451703091756010	4.5641942873509755	1.9272007093004202	-0.3431478673408398	-0.3450199446169644	-2.6664052986729807	-1.7927463738617857	1.7701970193269814	-0.1094908842122009	-0.0338357783646730	0.2101830430870003	2.6289255192413470	1.6982771666493439	0.1762714420764519	1.0349957341825875	2.8206588095962286	-1.8486409392787762	1.3907782912336766	1.9335674584204439	0.0426110006752115	2.6974901131828597	-0.5362371532409016	0.8586013412902265	0
-1.0058312720300209	3.1362375364151771	1.6671723659971605	-2.0681450663753180	-0.1079992472139861	-1.4270610637559640	0.2947082034538590	-1.5265451537651948	-0.4343053989916407	2.2521857269549796	2.2601831944126394	1.2306725719372151	-1.2560037374615827	0.6749656567222242	-2.2384962376621385	-2.9735650695659457	-1.3772513209641990	-3.8092328365372179	-4.2839681230626612	2.0816100383751666	-1.8469888591076935	-3.3525671857103876	-1.9620944332381958	1.8570954331778142	1.2906155844288008	0.9523833086356807	-1.0801088153765803	3.9694265477415120	-1.0017573356718663	-3.0198157780021471	4
-2.2665804919256591	-1.4274845985172979	-0.7088776816331002	2.2765240044386985	-0.8084612689256128	-0.0767893462226219	1.3598799058644544	-3.8985252442187224	0.1244117373776230	-0.1109403376450131	-1.7728530370638318	0.8286779226068520	0.2838657056151566	-1.2296808287400851	1.6555869917599351	-0.0712366460273518	-2.8142381737303577	2.4766911544890311	0.8542319235625657	-1.4633174193924732	-0.2807825090974806	-0.3882609536440274	0.7291248807175743	1.1582686417126831	-0.2677530002101710	-0.8706096558396555	1.2100964999426616	0.6545410809918454	1.4502743801402771	0.9710115574007021	1
-0.6729063106442734	1.6200403443234088	1.7394682325025306	2.3271339207935231	2.8094589332672659	0.2270228037136204	-2.6500847966436476	-0.5088371701131265	0.5066501610027309	-0.0360628312760430	0.2242035385042561	-2.4249843998120264	1.4651251062017066	-0.5392689238212272	1.0856603103532585	-3.8118774249411951	3.6160078356994290	2.3912539702285476	1.3374555942450579	-1.0795364511690799	0.8670343642852087	2.0375877376693037	-0.7156608892182139	-0.9001826443770560	2.4114804436345891	-1.8341704360965814	-2.4622923841525712	-1.5347669581604413	1.8896664985754326	-1.2888400073160067	3
3.1623380022164720	-1.2981050998511385	3.1464345792420128	-0.5337363848099751	-1.4157222250736752	0.0546490070823162	-0.3954544382699371	3.4124026594345791	2.3719779240817322	-0.7304143587831025	-2.5950112882992808	-0.7135061739256882	-1.6223934271117439	1.7629011000837118	3.5248257367519114	0.0853094082472242	1.3809076791028432	-3.1268430617228753	1.6158920969635890	-1.1028031788700905	1.8238117675925773	1.7799249061566793	-2.6298109544258610	-2.6271279703319061	-2.1601106300367423	-0.6233048021320564	0.7432843613919004	-0.9689336457170112	0.8763620845707286	1.5779703153501614	2
-1.5079931639127431	0.3739047831745321	-3.4202130991783348	1.3690011040837911	-1.3371294417013462	-0.9184915646042446	-0.0154748390172302	-3.4709037390196418	-0.4119528478982423	-3.0668876261949309	-1.2985753654016319	0.7860740608244963	0.8567645720781373	-0.7449516992798069	2.3119170749875564	-0.0158038002032254	-2.0488123717166355	0.8357914098031767	1.1028650447796864	-0.7888133271163826	-1.5166984481835406	-2.8894862860841011	3.2202819493516008	1.0612879194356093	-1.0939473512127913	-0.1584518747529407	1.9600588072448002	-0.8209734230035705	1.7466694957744733	3.0510570131442329	1
1.3248266489900229	-1.4317389257782422	-1.1655130660975377	1.0777980091253641	-3.0428469872262016	-1.1485781681287872	-0.7021595064805772	-4.3623443890042886	4.2944995093817404	-0.5891566690410439	1.2316892683995047	-1.0793627785363755	-0.7158974934074700	-3.0669789980535240	2.6150988744472974	-0.2841248305383798	-0.2383356121955872	0.9995018723803999	3.9290047346307224	1.9914207187816466	-0.8013278571765159	-0.7261889010058438	0.5128644100815910	-1.2008549587952841	1.8552403559890205	2.9116296220558597	1.1645610434377076	3.8376369394945122	0.1800997723983937	0.2708511976000358	0
-2.6953580927373983	-1.7891567598275451	0.2350439795284545	1.0805349909731350	-2.2919305276023256	-0.5798945943308604	-1.4103308299007851	-3.8222715952884871	-1.0610469950173504	-1.6390705288651541	-0.9187887796980077	1.6599159558843426	1.2694982763947640	-1.7321208735874389	2.2058651675185423	-0.9427023838277870	-2.3954351620590515	1.9841034291818835	3.4939998482680927	-0.1610231542163388	1.6619824220666812	-2.1031308278600993	1.3126462467204814	2.1999486534602264	0.1131258594393302	1.7488237107810454	0.9872614274063710	-0.9086362447295729	1.7963544294185390	0.3659499711402303	1
-0.7556510539079985	3.2486835056676200	1.8622239372648153	-2.0647087536479569	-1.5140017844380254	-3.4329791376631906	-0.1656737844234989	-1.2762213027975191	0.3241044808837525	2.6109759659519356	0.7122894744490554	-1.2655855512364369	-0.4042396305986835	-0.6836891350333307	-1.1597015365729644	-0.8482757761718367	0.7985836686317006	-2.9162771740017277	-4.1771937571548383	1.5378689057010699	-2.2735954480347580	-2.2902998451556220	-2.4730200822408639	1.5432968084858534	0.1440161787813601	0.6324364870672154	-1.6281210262595081	3.5207368636581506	0.5614295994245394	-2.3494849369617334	4
-1.3343296661674482	1.4775832334024193	2.7131164050612955	1.0429390691290266	2.4307199343360368	-0.7392427877607939	-3.1540357775486312	2.4457473999085133	0.7552490990252693	-0.3630470663431467	-0.8167143611836909	1.1969837305824973	1.1536069109424418	-0.3321986722878876	-0.0743846775714005	-2.4591064171612138	2.6680887214548985	1.8751589589691544	1.1455720771796334	1.9582271432437990	1.1760711224013771	1.4634159529239659	1.8246653096509442	-2.9521197299924591	2.5897164291601422	-1.5800347058032922	-2.5503746702788046	-0.0145617533959599	-1.1040695708541981	-1.6513619477042998	3
3.0632977491086733	-0.0391547108320459	1.9997204508683273	-1.2870281252279898	-2.5329298131028075	-1.0409811430660538	-0.4347163739857126	3.7202818584548658	2.1473841650035550	-2.5172644069292138	-2.1504941522516070	-3.2235428319638082	-3.1324851246899472	2.2187012385287908	2.6494315045009973	-0.3722075041024406	1.3152539219443287	-1.4930412077118471	2.3264031750641623	-0.5579731163814559	1.7454949550328935	1.2392773960904484	-1.0604758934426659	-0.8904875225900464	0.4379686380463685	1.0560263031646500	2.4739659630155297	-1.5438551186261988	3.4275814100382958	2.8331262033020903	2
-1.9213457565361531	-2.7218637986403200	-0.9980426502347189	1.6025010965634294	-3.0783606692894923	-1.2051119784092157	-2.3376305891443563	-1.1955831400328414	1.8054018016334734	1.5165531916828090	0.9711482694283529	-0.2290455375510366	-1.8901665451660921	-3.6901564929593373	1.3557421141922847	-1.2946702380602702	0.2349195030110503	-0.4818116829732825	2.1754690070810456	1.4190540654368529	-0.3503394292819201	-0.5445399725738367	0.7947458466725092	-2.2629307129330019	2.4112270229704338	1.8742025034790040	1.1312150266620156	1.7419791186187066	-0.6196586692690182	1.4747598535086925	0
1.2933783726555035	2.4083355078326072	3.2629938683513284	2.9912973340366982	1.1991094559821991	1.1441050069809080	-4.3277861635537205	1.5622075635073136	-0.1443006082331101	0.4246420257237998	0.9269191856170120	-2.6345309626338427	-0.5700923098837293	1.3989027099527886	0.7886514405947332	-1.9187378980899437	2.2820968225972424	3.6594534878014668	1.0513130067984660	0.1375451642312472	2.7089007573308437	1.6693764338620909	0.7823447730693173	-2.1839356250792044	2.5596399466386006	-2.1796003737594489	-1.5091728650099012	-0.5078586967384924	2.7808238275919832	-1.0849932605012094	3
1.2157058090216275	0.1750210187673413	0.9151312143804202	-1.7647185841309194	-0.8779866168962569	-0.7527086895286781	-1.1203331096221398	3.9211147643387521	1.3027088159276639	-1.2412726621694998	-1.4927627410181770	-2.5791612575586771	-1.3421050344724272	2.3638257906290026	3.7511541593308344	-0.1425511850570903	0.8303971135024950	-2.0488005110073493	1.5064863876203347	-0.9015288362168800	1.5567269500980023	1.5964825645345642	-1.7301576173945836	-1.3178022861644736	-0.3319818921004866	2.2744776809515574	0.0802794837119027	-1.5789181174920963	-1.5146409725063421	-0.6626691230206812	2
1.4107941486916959	2.6049072688665738	3.1089074437045525	0.0882099411667716	2.8199571201168765	0.7449924483751583	-2.9173337714477237	1.5206025431648973	-0.0991655183561522	-0.8901492804734442	0.1657584087670350	-2.3957131293678162	0.1764142526688417	-0.0548483935708431	-0.3496327479884982	-1.2855825107255563	1.4988869463322894	1.3764968819075898	1.4183207006561900	-0.4915225158877501	-0.5511038146715987	3.5607317203129978	1.8824835876859216	-2.2365103165706168	1.5754268923526986	-2.1143680318437252	-0.6081883551895246	-1.5428980132713903	0.0185837249645813	-1.0744380703623668	3
-1.6225547109702294	-2.5607526634721531	-1.4712126096314138	0.7107263403813697	-2.7179894739169024	0.1246681969281573	-0.8071711971544278	-2.3666019980020105	-0.1670870378651661	-2.7362887863334984	-0.9395017549324564	0.6376058056923717	1.1769559360934372	-0.3622431110743172	2.5685171031669674	0.0092686444804616	-3.7301343216546594	3.0598980349459062	2.2782492145648368	-3.3317119261824932	-0.8936702784836911	1.8695240940439510	1.6839513384733535	1.7022356131906822	-1.7433951766407336	-0.1430033372898075	1.4530233342971604	-0.1698981420031259	0.9102107546323317	2.7875114045560627	1
2.2471682435992646	2.5312053346488343	1.8374432103611278	1.1629288890044096	3.4579810406985367	1.0332224003522736	-2.5965542791925205	0.2869003704503590	2.4132969815719250	-1.4046504039034566	0.2899345843220796	-2.1527581942065082	-1.7463545895517094	2.0037761053970660	-2.1302609266204682	-4.3936254959920875	1.0154951206203853	1.7638909341491698	0.9519932236624044	1.3472473275675603	1.0311112989289757	3.7050862167505021	1.3313604561405978	-3.5742579519629722	2.1768966716477838	-1.7828354778955673	-0.5879408662651209	-1.6429019149300552	1.9026530087531230	-2.7266273682917648	3
-1.0408028427818310	-2.9532106982705320	-0.7531883103396029	2.5855645649606238	-3.3698382753117375	-2.8065445430088163	-2.7780505573677532	0.2081749961504198	4.5376134185959867	2.1711698584424886	-0.2095696384261700	-2.0071841894932034	-3.1690540913760756	-2.7053675677071323	3.0703213176995168	-1.7256745280274424	-0.3424470304101889	1.2017415663129962	0.6228560476991173	0.7534541538541752	-1.6211987554546810	-1.1828557284649150	-0.1826724605270483	-2.5371749175422647	0.4771130765104221	-0.3634315540612394	0.9894814302510948	2.7952018953977271	-1.6335407978739225	1.4001763488034487	0
-1.4534741104685007	1.6631833225756729	1.3446847946096894	-1.4275691932086199	-0.2744713545022763	-3.8258402782894270	0.5667321050554244	-0.3998322559671688	-0.0994036995018193	2.7210682008085008	0.3991516494709568	1.5692260472683497	-3.4616863175772359	-0.2569224656162270	-3.3021364206359598	-3.0140480740288593	0.8514247215947728	-3.3098354818313922	-1.5515112800545487	3.0979687368597917	-5.3009967035771259	-2.9305113100986495	-1.0667878788096101	0.5300839694022150	1.6465252702727144	2.1723935924297404	0.0840091966637975	2.2439198422403317	0.3821410172598970	0.3792949415058751	4
-0.8891454717327962	2.4434636504518115	3.5280945910291939	-2.0814564047701003	-0.6628609449165122	-1.0881894251721145	1.4211611017997230	-1.0892224172328180	0.4917928388699579	2.8657670858569455	0.5995431029942320	0.7395257561331398	-2.3888703961133788	0.1347305323895408	-2.5641139342228474	-2.2275629341729388	0.9290585382587802	-1.3634227892738884	-2.2166424173457631	2.1904281155891017	-1.6838037032727000	-3.5532920872636788	-2.0151277804208547	0.3580839977305224	0.4726618217950034	1.4326630025236773	-1.5044495541056193	1.8516150464070380	-1.1437709178537125	-0.5235045083347147	4
-0.2253168378865396	3.0667147522822256	2.2699895428872918	-2.3975649234740173	-1.2309211473939519	-4.2254883244356947	0.1684705336521017	-0.7077779121018304	-0.8272302776686009	4.1662513210457561	0.8094301119687229	-0.5482235553350039	-1.8646001400238092	-2.0958528847394318	-1.4300113332254831	-2.1103975164171760	0.9173413927842373	-1.2272900502150461	-3.2827396139566836	0.1775463389140970	-1.8818698995996266	-2.2831914914643039	-1.6189938587713528	0.7116958686452701	1.1901661333018350	0.2573452549053543	-2.1782780497128078	3.5686711320996221	-1.6269343831284495	-0.9445250946639121	4
2.4891799655485389	-0.7434513640895809	2.4802531693513830	-2.1484586598640778	-2.2101502279427061	-2.5407169008338819	-0.5141859824024924	2.3855288421908911	1.6955629936434669	-0.8734536579700091	-0.4512252629719704	0.6923469041340735	-2.0116803449484677	2.7398244333909849	2.7690187347924393	-1.0958679584831226	0.9387348709526017	-1.4628289583301310	3.4655924291360671	-1.9863722731652902	1.2312757242253478	1.9290875581058655	-1.4993529646428341	-0.2948494790941719	-1.6456401926441508	1.7068528980241457	2.9345965072862685	-3.0962684132180636	1.1894836213601128	0.8455457497388943	2
-2.4180127078767297	-0.8063641750233488	-2.0814994794627748	0.6915146817082101	-2.1743055177636861	-0.1250043502524696	1.1528428027823781	-1.8920756426398531	-1.5752637771839353	-2.4319266032600528	-1.1718171166870048	1.0602674909447520	0.5258108699862621	-1.3297315760221124	2.6806449953495908	-0.6843644456122002	-3.5805638508507953	1.5875518508763378	3.9542769199610093	1.3597880164229292	-0.1857433687346054	-0.7941358179355753	2.0939143855994735	2.2537518203728477	1.5737305882939066	-0.1723457212782801	2.0196432005859037	1.2093556381008150	4.3852595478740142	2.0416128435909391	1
-1.2112888091015479	-2.6032193385171221	-0.8120478517150127	3.1980949076205363	-3.6367927679456873	-2.7212884924848759	-0.9564945753383128	-1.0734265134496941	2.9543989325669076	2.3485124058106490	1.1051703955956709	-0.5279847188144315	-2.1683847424551921	-0.6755032924980632	2.2662226056990109	0.2509734933677782	-0.4210184846407719	0.3757812908007117	-0.3971989117787404	2.3896848498331837	-0.3863750683163725	-0.2284733868788109	-0.0282437697554998	-1.5750223914378181	2.4050586060351020	1.4022321361005299	1.6535986609952307	0.9748927354059751	0.1056747238000822	1.2619612038081256	0
-2.2294315343593292	-0.7523413610171693	0.1088292618812916	-1.0665206299295327	-2.8246791420471311	2.2356707439191719	0.8388133942966918	-2.0022258047240111	0.5245510560797393	-2.0974820411250801	-0.4827800212700917	1.0492792781834002	-1.1308509345302855	-1.3522538159272677	1.5208043758464791	-0.6930893555442210	-2.4385420305410195	4.1051819470150033	1.9513337116786929	-2.0603443127639434	-0.3493546083861899	-0.4445306996841318	0.8445757843639707	1.7930577170379700	-0.1815049237505004	-0.5454817713776922	2.9971492157901753	1.6717665010856717	2.2966674107206670	3.0416290284981558	1
0.9246293594525704	2.6583823601773600	0.1743832932873890	1.0637620108346981	2.3903678539780264	-0.6413857253300007	-2.9408891395263930	0.9920801284460183	-0.0456035418151342	1.6957244488466245	-2.6151388303790832	-2.7498788772674372	-1.8384115372567083	-1.5160606571307231	-1.7883779502857393	-1.2210426237160483	2.6888786067681960	3.8485310887151494	-1.3132789390182595	1.8061731426884151	0.4162862267558647	3.3365681099704605	1.1156106555049847	-2.2092276434422073	2.8373107939300084	-1.5790436261357628	-1.9218302086291517	-3.4536612407510110	0.7031246146319565	-1.6509479362313304	3
-3.0191711192244952	-0.4063255346142256	-0.8697193008589447	1.2489721507279401	-0.0117767602510519	-0.6722923832174676	-0.4425452484501735	0.5796009849057224	0.0007941574575307	-1.7883381667644551	-1.8952279062199244	0.9313086435482212	2.4331413494358456	-0.4636939417215893	2.1803867476978498	-0.1200791350337181	-1.8736062802008819	2.5241003543267553	2.2589871915633797	-0.0454284234168767	0.2963581548119827	-0.3449523870698131	1.6686851327487431	1.6916489902705891	-0.8581363227185392	0.1894626819802904	1.8768069764052828	-1.4904820168927273	2.6805595917898097	2.7561859008650260	1
0.6684285954844008	2.8753958954219767	1.1576394349105374	1.1070987544202919	1.2318225899880790	-0.7059700376719974	-2.5290215552050817	0.3849282918397183	1.0882605022443745	-0.8492335404066131	-1.3115152792943923	-1.3952139005370334	-1.2942371225764058	1.8762902454728962	0.5177513397206412	-2.9490421084758043	3.8874044916665529	1.3427534619944803	1.5096111299450419	1.0775902513695303	0.2946656676333472	3.2455985483335166	2.1746934095044907	-1.7863610648846229	1.2442942421755698	-2.6309609126839231	-2.4119040071621765	-0.8209175904347050	2.2117155652126295	-1.1789036295460866	3
-0.1245706205950667	4.6242610985528678	2.9310330633576482	-1.0346021194399446	-1.2119204056805235	-3.0437796014219596	0.2840309122769465	-1.7148198074540999	-0.3437118339240441	1.0033632145060947	-0.0616280021155948	1.9996527000830069	-3.6942216323056609	-1.5376684665191562	-1.2064114924598739	-2.2267879718663197	0.1364668912359304	-2.0163174490537834	-3.4762883646189855	3.4686715732660169	-3.3739422192234167	-2.8458375899897659	-0.4856997521166544	0.6761244718937715	1.2351985156896190	0.5026340916732077	-1.0800565924598937	2.2602618012202877	0.8092263969015241	-1.0000055790421842	4
-0.4802823161471224	1.5580442039799591	3.1374133479184430	0.9495078636295671	2.3681231880383580	0.2348144340292481	-2.8010304974316971	1.3835146689756659	0.3084262302938545	-0.5586577796976918	0.9436501309389255	-2.6215878481499812	1.5521734172404593	1.3154419665719526	0.8961484179844729	-3.4329878252863320	1.7419836405030567	3.4710526933179020	-0.5896196433013174	2.5555416013449372	2.4412415918145709	3.4623816950451003	0.6907900369017367	-1.5767560756023520	1.1528183649009844	-2.4665511102239934	-2.4335897442272505	-1.9111392289362854	0.7271491334686586	-2.4262890529175714	3
4.7812150600766987	-1.5834519998857322	1.9354898168390000	-1.0503687850907935	-0.2731791465048349	-2.0916290656579157	-0.5890130265909721	0.4072641061074664	1.5337902762528535	-3.0223120394444676	-2.1895776795311130	0.1053135124118456	-0.9119041738035626	1.4880853971366492	2.4664786753166870	-1.7536496591833757	0.7079121829985457	-3.3836220829948864	2.4226034731024222	0.5275991271147069	-0.1696871648057661	1.7362357907494954	-4.3164128475872054	-2.4912440097447752	-1.0958088663520773	0.0538947350694217	-0.4762478113143267	-1.4948560080089055	1.6551257185328034	2.6282794962497453	2
0.7145318556815522	1.8414772254858216	1.1412292007865421	-0.2695762991443873	1.9022230328034273	1.6417148454114854	-1.8785193413482126	2.5553302860823592	1.9032122262552755	-1.1474107605046260	-0.7222255359731018	-1.3106643779394254	0.1262731195687093	1.1080551049644325	-0.4621117781107862	-1.9034162261493992	3.1899491342980650	3.0260401174204903	-0.0286207778319632	2.1336891468159087	0.9842745473472044	2.0840011082358179	0.4621519937845356	-2.1694953377845625	4.6860519405594738	-2.5084069351237464	-1.6859001201150674	-3.0946449743311306	1.5334801986747415	-3.9920944302509809	3
2.0026295270400607	-0.1148505011825997	4.1689991773236947	-0.4694537971086087	-3.1429533576167881	-2.3494499165682212	-2.3542046255993103	1.7203475028151614	1.9825283501682629	-3.2196798311371797	-0.9598838762356212	-2.3721917262903034	-2.7425098070758218	3.5320062279426949	1.4082962909766126	0.9697623468505072	2.2347836660768676	-1.4266550975466161	3.8115585991627485	-1.5499243553151192	0.9686135374837874	2.8132868626441452	-3.2740464592776384	-1.8797716326209721	-0.9085947108138224	3.2947285978326972	2.8740021887250755	-2.8823313866635960	1.9316538199668094	1.4317919007650348	2
2.4437748311822860	2.4234236208321205	2.8060505464838679	1.2801279187927399	4.1193443232076783	-0.2661493070683116	-3.3348098737616767	2.3769031203723445	1.6084052965054125	-0.7778156494571251	0.6138684356293961	-0.3633936715698862	0.0758672344263949	2.0655374262940400	0.1381825467046444	-1.1624683120233148	2.2178279763268418	2.5797245260591102	0.9168575141078170	2.9614820722214450	1.5308233296758327	2.5029491059859006	0.5300646355834158	-2.6640260165718304	2.5296230403304154	-1.7547135646402174	-3.4849460467178832	-1.9067864269663555	2.2825388323972464	-1.6902937676644976	3
-1.1489767019012356	-2.5431578564438078	-2.6263841961893402	1.9165106604031867	-1.5527597553000441	-1.1692773495985613	-2.2444890976766634	-0.5038944853943492	4.5470894412659861	0.4265625936806769	1.0466392245902478	-0.8159607045681126	-2.6829304351539687	-0.3270629190345895	1.0887667958209022	0.6074184397091325	-0.4603802281660631	0.8768576056485585	1.4436498221060416	0.4082272784487635	-0.5238463452723783	-0.2195099310796033	-0.2024375265758532	-2.4424046580344156	1.0034061115452411	1.7048129957769020	2.3711020474918829	2.9154748787771831	1.1583229439049638	1.7584167213467534	0
-3.5603072704318430	-0.0829022844177392	-1.2395676293922731	0.4203245629841201	-0.7124709457761740	0.3553171375265081	0.0247399918704758	-1.5776123206647223	-1.1880296115388946	-0.1859382110642820	0.0002566281039408	1.2107903470908470	1.6178821872004168	-2.2801389593127879	2.3542297081178849	1.9599217991772195	-1.6861731598435339	3.9678651028276302	1.3217696027416264	-0.7650761450922556	-0.5880780658832866	-1.9739421803112562	-0.1134571471538832	1.1377851416301992	0.0891788221475528	1.4656192918074284	1.7246437927550440	-0.2726147488026340	3.4939408013748023	2.1766068951415951	1
-1.5012466125562356	2.3834550819137470	2.7548584066729265	-2.2836603759880401	-2.2027328186703761	-1.9639105703887056	2.6578133964948210	-0.5127810485096640	-1.0157944235543994	2.2113904720340920	0.5554627741211360	-0.2211703557675920	-1.9096747129171223	-0.9680835990366539	-1.6382145340099161	-2.1232389726085228	-2.7065860281271150	-2.1685333099852597	-0.6431298458202501	3.1622168624283771	-1.8587466663743115	-2.7968335463078895	-3.5520947949162416	-0.8289622504393135	0.7077909240020286	1.5857539794636990	-0.1239014431406731	3.5798150381747558	-1.0294868875586545	-0.2493470177853492	4
-1.3979454110519001	0.2251553653551998	-1.5990572449202094	0.7314635345841356	-1.4336614083112518	0.0901482432489307	-1.1634092624897441	-1.0078312350011056	-2.1581828917664696	-2.9358707052504296	1.2608712060996745	0.6831438569673218	2.5396027328713129	-0.4954989515475740	2.6758569537666954	0.4249300732997958	-2.6407548278382329	2.3717692494858031	3.1100344110946718	-1.7781030358306946	0.7501908208617545	-2.3506612441875565	1.1050886668809063	2.4381417844392432	-1.1673071538963518	-0.2187555492467481	0.3347533273428906	0.3628355783306578	2.5730152079440982	2.2589265076875407	1
0.1922927498497087	-1.4662677538541788	-0.9533502191976402	2.1717214153064748	-2.3663612331425954	-2.5421882370899009	-2.6131435348324223	-2.3512889258993397	4.4909957840804129	2.7173767028607045	0.4689114898337948	-2.0386818953372456	-1.9065920480696203	-0.9393985098430974	2.1627272109185016	-1.1577338721874715	-0.5563033401109486	0.4443076501849176	0.7488079053049383	2.5070464335051494	0.5008453176424464	1.0395197775082039	-0.4068556301333831	-3.2849026148434195	0.0365615464061776	2.5146859171895986	2.7288731879084294	1.1804643216416226	0.2447482507521056	0.5234775464584112	0
3.0983873980287120	-1.2048822564977582	3.9000094024736631	-3.5954888712396382	-1.7890265717745684	-2.4753998754168407	-2.1397996573593296	2.6524342058819039	1.8568486605517629	-1.4600943116873759	-3.0037165621582571	-0.9321338783667705	-0.8994397103675549	1.1189334889029987	0.7237842989657828	-0.0251856792199351	-1.2172307341231545	-0.9884574292515897	2.4312412979381803	-1.8439007345408795	2.3935607480297967	2.0344179135069727	-0.0690067209602812	0.6212136761442462	-1.2228994766202272	0.5532901591245251	2.5010117021818332	-0.9344605725092465	1.8220039663728347	1.9992237781181941	2
-2.3230372180797789	-2.1292281760958796	-3.2061885545958870	-0.0494796710696161	-3.1570677535751748	-1.5888803673699088	-1.7671337158989040	-0.6213926501854821	1.8131011073954066	2.8004636669620790	1.6640692386641720	-1.1642154733063284	-1.9831162555493365	-3.7856919790676171	2.6396282155611930	-0.4952418407226882	-0.5729614899637960	-0.3495820292645495	2.4458786126413701	-0.0320957318405015	-1.4995506506480547	0.3924259165229406	-1.5469391170343836	-1.2667329836256165	0.6633407143159460	4.1183242535364837	1.5625691033128506	2.9276622395357141	-0.5457091262651755	1.5408747552722706	0
2.2816700174314239	0.6032903521660353	2.9016156983504349	-0.1981730663463149	-2.6642280249882440	-2.8527621258960636	-1.2930695863423203	1.8093980422157130	3.9841120567878510	-2.0755468501145704	-0.7985413558096615	-2.1616055180144347	-2.9007558268542599	3.6564469675985198	1.7685170342284242	-1.0159331376692671	2.6464966783254882	-1.1129445803737543	3.1164546936208328	-1.5044566133686195	0.3672298760555487	1.0006543208686962	-2.5051560516103786	-1.1050217798114925	-2.4202767297561829	0.7458032886448063	1.8511043435135190	-2.0471484008344318	0.9051630142864432	3.6151855360795473	2
-0.7489576477681057	-3.6836380259232735	-2.7674748244414626	1.0276556986500380	-2.4211407041401127	-1.8426731892412527	-1.4867393066619683	-3.6596690823022762	2.6542172702131972	2.8003841982495827	3.4657541510289875	-0.6158235173617974	-4.0273676126926370	-3.4154705863849584	1.6922584340171338	0.0722790532164435	-1.2017164045307966	-1.7956076993711152	0.0315568663089658	0.3625965973188874	-0.5320794279617653	0.0213185937393737	0.0904162964857337	-0.8484652389950290	0.8130384791653205	0.9243034954617388	0.4419451524805498	3.2245590485280879	0.4966217629961958	1.7997803833261250	0
G4
0	45	6.279268704517692	30	6.7765541108445735	68	6.87056921888049	37	6.8759372976699416	
1	9	5.912955084458192	19	5.922770783921724	83	6.626964319743897	12	6.805811622322618	
2	3	6.678015675154633	48	6.967446793549813	82	6.982888942051575	71	7.06706133260901	
3	71	5.500331432541827	29	6.05691076531956	47	6.337252502981737	20	6.542588666951741	
4	61	6.366980181397505	78	6.795686209794865	67	7.146432529265472	41	7.278162851466603	
5	49	6.195897448913495	94	6.562437475107565	83	6.654809284444683	79	6.7366996893481375	
6	61	7.579770542846914	87	7.701593680191495	78	7.940555809696041	98	8.03818075349501	
7	46	5.11058063365337	65	6.444817329627908	77	6.536880065645418	50	6.651707623771018	
8	24	5.914787642994782	80	6.072812393124025	45	6.505827463690207	91	6.643674266066302	
9	49	5.679259852191572	19	5.705563068483914	1	5.912955084458192	92	5.979230271980509	
10	11	5.129810203371525	31	5.372480756082061	68	5.624664410706406	95	6.110821631496788	
11	80	4.812659734355218	10	5.129810203371525	74	5.147951239745151	31	5.514410712551545	
12	49	6.248971210296454	14	6.795909937851508	1	6.805811622322618	62	6.8367927310146674	
13	55	5.2768540982390295	78	5.517738695483155	41	6.183540731509763	39	6.271258604314367	
14	12	6.795909937851508	62	6.83104906716959	59	6.860145536452627	79	7.041382110186684	
15	91	5.931598816708134	24	6.205067954617698	68	6.241569992139112	37	6.286362041281581	
16	76	6.171940936671093	34	6.5029306135443266	58	6.8856678818604955	65	7.059207265848218	
17	84	5.401739455114163	47	6.025366490917104	90	6.366290498184245	88	6.4635164309458	
18	63	6.6719971992825675	45	7.542057489644597	99	7.796101585345267	10	7.882374899355728	
19	9	5.705563068483914	1	5.922770783921724	49	6.232586894333396	92	6.348694235541098	
20	84	6.128360169926574	3	6.542588666951741	26	6.736487246613667	33	6.749013686482576	
21	58	5.516628474665685	76	6.724744559610509	34	6.908146046730072	85	7.243788963588968	
22	49	7.005775723426532	43	7.046663563540867	5	7.178316920164869	1	7.287430771936047	
23	52	6.0085263250086545	36	6.165583715910689	50	7.1956826884663965	34	7.262217647275186	
24	45	5.842876445848611	8	5.914787642994782	68	6.079826129807865	80	6.176541280360921	
25	34	7.107797567379758	58	7.228096841458144	52	7.306542586003298	54	7.331283018928664	
26	33	5.924142954729908	84	6.135102499283096	90	6.181554454304967	47	6.214339008530561	
27	98	6.476228462732917	78	6.743292640963968	89	7.0994801222477	61	7.112043741127639	
28	67	6.304489036411124	41	6.485564698491967	13	6.8437366350897335	38	7.132514764102791	
29	71	4.459420483613918	73	5.746261388126949	48	5.864584728393988	3	6.05691076531956	
30	95	5.506085871979664	91	5.958043573966281	45	6.1085359013606135	80	6.163332464442918	
31	10	5.372480756082061	11	5.514410712551545	97	6.372616797017772	91	6.639081053967824	
32	47	6.438895660175019	48	6.8096367741937325	66	6.969619575148495	84	7.285789976740603	
33	26	5.924142954729908	84	6.567854453938593	90	6.608014576544753	47	6.68641361756483	
34	85	5.269497969799012	76	5.391513381993406	58	5.621537634684677	54	5.874633579426889	
35	13	7.168206238477185	70	7.419964833929605	89	7.807815832424347	28	8.009222660396292	
36	52	5.741247406185608	93	6.099525379257894	23	6.165583715910689	76	6.250440841562124	
37	91	6.135563776068777	15	6.286362041281581	45	6.2885941708264355	57	6.521876841402601	
38	70	6.30583869960322	67	6.707028169549578	28	7.132514764102791	61	7.585683073529225	
39	13	6.271258604314367	41	7.414278787867178	55	7.968699489767046	40	8.073148602613541	
40	55	6.550788354814789	13	6.741313793494834	67	6.8191537902759105	61	7.07804108208467	
41	78	5.968871877493631	13	6.183540731509763	61	6.410722258778831	28	6.485564698491967	
42	78	6.589636017877886	13	7.290023536413719	4	7.639008084630895	55	7.661228090305513	
43	22	7.046663563540867	72	7.060349638409369	62	7.15442841700384	59	7.210965388101133	
44	76	6.470822489985083	34	7.024614526775019	50	7.093236204288734	58	7.329980532586066	
45	68	5.823299458253498	24	5.842876445848611	97	5.9139908536496755	30	6.1085359013606135	
46	7	5.11058063365337	52	6.3905445550781	54	6.63888578525451	65	6.734295168109985	
47	71	5.411019125943265	17	6.025366490917104	48	6.051328017114045	84	6.094113510580189	
48	29	5.864584728393988	47	6.051328017114045	73	6.144091094799753	84	6.163045564975199	
49	62	4.738065286193318	9	5.679259852191572	5	6.195897448913495	19	6.232586894333396	
50	75	5.357764308443059	52	6.631402186545609	7	6.651707623771018	76	6.732578167096793	
51	34	6.299135634335498	76	6.504657469928841	85	6.892539936183508	46	7.356614101729329	
52	36	5.741247406185608	23	6.0085263250086545	46	6.3905445550781	76	6.4991409878624955	
53	56	7.408972012852324	22	7.64882371020665	5	7.755473400023081	1	8.296066249304946	
54	34	5.874633579426889	58	6.471291699113911	46	6.63888578525451	76	6.755761885607762	
55	13	5.2768540982390295	78	5.72647583517461	40	6.550788354814789	41	6.929638180873513	
56	49	6.736235121437274	92	6.791264797712098	5	6.875102439754979	1	7.139567920785792	
57	10	6.1527868552016365	11	6.490465970431078	37	6.521876841402601	91	6.54008613930113	
58	21	5.516628474665685	34	5.621537634684677	65	6.024279517603267	54	6.471291699113911	
59	49	6.3894728717139095	72	6.780533690069326	92	6.852003019053205	14	6.860145536452627	
60	86	6.746002076063455	69	6.770782112345514	84	6.907727535156598	47	6.927024444655157	
61	4	6.366980181397505	41	6.410722258778831	87	6.857098897024601	70	6.946661933530085	
62	49	4.738065286193318	9	6.644260469622315	14	6.83104906716959	12	6.8367927310146674	
63	18	6.6719971992825675	45	6.682044328170995	10	7.178500044313178	30	7.267440951739946	
64	59	6.886610758677994	94	6.922672138104856	79	7.079134537744838	9	7.2488086938407825	
65	77	5.21444762850323	58	6.024279517603267	7	6.444817329627908	36	6.511334548864546	
66	26	6.628386871570158	32	6.969619575148495	33	7.098830606754911	47	7.176823289650271	
67	28	6.304489036411124	41	6.542046574810537	13	6.627999426743133	98	6.629763294359275	
68	11	5.596720574965471	10	5.624664410706406	80	5.811089092413385	45	5.823299458253498	
69	47	6.230124097249245	86	6.6354848569072855	33	6.754252053410832	60	6.770782112345514	
70	38	6.30583869960322	61	6.946661933530085	35	7.419964833929605	78	7.488008267921212	
71	29	4.459420483613918	47	5.411019125943265	3	5.500331432541827	26	6.3069587214328235	
72	59	6.780533690069326	81	6.854016206754413	43	7.060349638409369	94	7.309597813044802	
73	29	5.746261388126949	48	6.144091094799753	84	6.866274655180527	71	6.954868732095272	
74	11	5.147951239745151	80	6.5668692360283005	68	6.695871191631345	91	7.047593223626373	
75	50	5.357764308443059	85	6.566746045987189	34	6.71638939722319	76	6.763636409674585	
76	34	5.391513381993406	16	6.171940936671093	93	6.21906659858101	77	6.2390812365908435	
77	65	5.21444762850323	76	6.2390812365908435	7	6.536880065645418	34	6.751804213771381	
78	13	5.517738695483155	55	5.72647583517461	41	5.968871877493631	98	6.548732929788356	
79	5	6.7366996893481375	14	7.041382110186684	64	7.079134537744838	83	7.118095238861077	
80	11	4.812659734355218	95	5.753240804461407	68	5.811089092413385	8	6.072812393124025	
81	9	6.714955029807995	49	6.720550972550871	72	6.854016206754413	59	6.924249654891588	
82	2	6.982888942051575	3	7.2623489466577285	20	7.312419578227977	48	7.3549064844830285	
83	92	6.251142628508206	49	6.293933474995381	94	6.465341833170253	1	6.626964319743897	
84	17	5.401739455114163	47	6.094113510580189	20	6.128360169926574	26	6.135102499283096	
85	34	5.269497969799012	76	6.406730177391648	75	6.566746045987189	51	6.892539936183508	
86	26	6.241947034852239	90	6.512047716638332	48	6.5162054689273035	69	6.6354848569072855	
87	61	6.857098897024601	41	7.671203875876023	6	7.701593680191495	28	7.71163277404992	
88	48	6.308562906285888	17	6.4635164309458	26	6.538782645571175	90	6.566352073836748	
89	98	5.943714588438394	13	6.5161707570032394	78	6.787268800375741	55	6.930401051724171	
90	26	6.181554454304967	47	6.306431809023515	17	6.366290498184245	86	6.512047716638332	
91	15	5.931598816708134	30	5.958043573966281	11	6.1262668612820885	37	6.135563776068777	
92	9	5.979230271980509	83	6.251142628508206	49	6.2780101082933255	19	6.348694235541098	
93	36	6.099525379257894	76	6.21906659858101	50	7.26951022022668	7	7.416930011475103	
94	9	6.321731333358745	83	6.465341833170253	5	6.562437475107565	92	6.677307832493045	
95	30	5.506085871979664	80	5.753240804461407	11	6.000615686917788	10	6.110821631496788	
96	78	6.679781978587574	55	6.985050422128254	41	7.1716801355506785	67	7.312567844777023	
97	45	5.9139908536496755	68	5.9540811777192415	31	6.372616797017772	11	6.971682983870127	
98	89	5.943714588438394	27	6.476228462732917	78	6.548732929788356	67	6.629763294359275	
99	45	6.922032757106638	68	6.971016596069223	97	7.14664344479983	31	7.401587130510131	
