-0.8427323655488141	-1.4507006969971918	0.8767085404987880	1.2559233930159337	-4.6338166541796317	1.9509173668092314	-0.9910160961386842	-1.1876115269683603	-0.1915230368275491	5.3713911230678697	2.0519708207561851	-4.0605076270386142	-4.1165331665943485	-2.1128191694474623	-2.4188823045782173	-0.6336150656711690	-3.8704177740802708	-3.0014936638874450	2.1429765861432215	-3.1879895751137912	-0.1281002084264462	2.8576636122971246	-4.1631342534084670	-2.8467650591365783	4.2090693876878991	2.8226527948175972	-2.2729270076252055	3.7651064087499102	0.6865154565789695	0.0809172477192539	0
-0.3815468409394507	-2.6137851147456082	-5.5329530172093140	-3.0227355493309727	-1.0802443311584404	-0.5901848571208701	-4.5110887895115681	-1.2613239862508250	2.5158707401350249	-0.3195146601676200	-1.0080951130812719	5.3122056960495483	2.4303586192615461	-1.7912320238590878	5.1190844050663866	4.1942442556466384	-4.3677213678581737	1.2766729866529385	2.8552936740139243	1.0095936281620863	0.3698459300780443	-4.0986423118822941	0.5869978744710564	4.8198845866764017	-0.1148133600259631	4.1884101397712659	-3.5902524324463752	-0.8735960274989676	-1.2383977847332548	6.5915834750661473	1
0.5111663260713255	0.6081083959107565	1.2621540405236340	2.5148951892684250	5.4238018570785833	2.8701108348041107	-2.1775335905458442	2.3095670752232764	4.3214431987949311	-0.9453710674944565	0.7275159285484567	-1.2092826185365859	-4.1368276892110165	-0.5975216530757115	-1.3741261829988258	-3.1359101563353953	-1.2137231919988216	2.2411094593523093	1.0397207999763616	-1.3218112312525279	2.0425024584585874	0.1004964654439873	1.3777768370076453	-4.2489995978384911	0.4060718971378385	-0.7890843898153639	-3.9586875175899134	0.2085004715070893	2.5964435049816883	-0.6080058405177295	3
0.5559047727542372	0.3903446202862189	-0.0729143806173671	1.4768968327936718	6.0666488391827063	3.3126295372399390	-2.3225190757144119	2.2559167879430451	2.1433777057834704	-0.5335030016519027	2.0797517883060257	-1.9182937741728709	-2.4552817124937887	-0.3509802987857050	-2.5461373366239819	-2.4067886367813727	1.1060797612608595	1.3288229524062003	3.3005528408622942	-1.1843146392057731	2.7372350219848482	0.2211409054644513	2.1308410275965728	-3.6028612009074354	-2.3350470622592470	0.8431518372449434	-5.4404173370154432	1.4116920792136414	2.3125925617628482	0.9045007373846468	3
3.5503483346006566	-3.1213514812853989	1.5706255039512178	2.2964413156280772	-0.5410631225193154	-0.6715023980226629	-2.0795442980323910	5.0333730669576440	0.0390008322551350	0.5573819007561327	0.4471157811658157	-3.5861659447394274	-2.3751131444785734	-0.7541735651163823	2.6525569111539582	-0.9837737792745846	5.3143774722366093	2.0417017553983783	0.6561210456715427	-2.2866378351700547	1.0040491349233136	0.0857620115446609	-2.9541374583049143	-2.9143179495049161	-4.2511501668608629	2.6483063142757945	2.1946041504535319	-3.8819552717503125	-0.2005804806672251	1.0997016564983042	2
-3.6742808229627903	-1.7819127605242264	-6.9911383608485282	-0.9851610597733962	-0.7084516699311076	0.7088093344383171	-3.0643429378054812	-1.2808261454782452	0.4289541149664315	-2.1047724634941605	-0.2276966796621731	2.9137727545051879	3.8802086546319288	-2.1161461782248221	5.0033342456773298	3.7379336030332149	-3.4446227568781671	-0.9700978538019500	2.1770522376893426	0.8547114689420960	1.1600226916094993	-3.4262202008948996	0.3340472590241153	4.6291447232148659	-0.5103749353224600	2.9305547774525298	-1.1155402712349467	1.0614792349190889	-1.0615289986991843	7.5729893762261575	1
4.2286677522150367	-1.7532198960611254	3.3831679606748155	2.9344501633181093	1.6566532346403748	-0.5348873599112340	-3.4263997049553532	5.4065891815784841	1.2229231940678507	0.6356518378015266	0.7063556019609547	-3.5275263441414326	-2.5682223765850662	-1.3189352435277841	-2.0409810308813539	0.0279039505086649	0.4238370718238662	-0.4147061577633107	0.8044130823535722	-1.6280061028140163	-0.2813061468097164	-0.4951310950309691	-3.9653221622131047	-1.0876847848129660	-2.9220898022153157	4.0439072813030936	1.9850867040404561	-3.2753363990986974	-2.2394022266481044	1.8208683268952770	2
-0.8274794354679742	5.1344053222505934	-1.1667912049749090	-4.5499325325634583	-5.6314096558543438	-0.9571112316491766	0.1701367386493189	-5.5894063120921036	-1.6304318269196809	0.8315105743259850	0.7474709130862858	-3.8022747919669992	-1.1988429387877213	-0.5031734038192988	-0.9394085081091559	-4.1852949606121888	0.3531005484541985	-1.6863467718283707	-6.2068372767792210	3.1053410939531565	-2.3173571364161658	-3.7542760186348909	-5.4945510646075792	0.7782724319987964	-0.1959171380547149	2.6647483533884149	-6.7717605291941574	1.7588089510105513	-4.2384139182672982	0.3333379376333765	4
-2.1908108712809522	0.4257872048612736	0.1318859563323194	1.7647229378603413	-6.0356310455380751	1.1185921668457237	-1.3308460899402650	-0.3758262999557191	-2.7097760280770387	5.6956150804366130	4.7577545949966105	-2.4038297429163524	-2.1009586354900196	-0.7641787744134652	-2.2155553386420093	-0.5505514845367339	-4.0620139082664215	-1.2106203116791077	-0.0804331819715377	-3.7936641694272062	-1.7748014888113470	0.6994396131958842	-2.7522132945887168	-2.9500371237149454	2.1884414150249247	2.1650014733232297	0.5612288001371970	3.7323467891313862	1.7898550605810959	-1.3393149707004164	0
-0.4654048204286132	-1.3142994093947080	-5.2539200214729016	-3.2129952063829110	-1.2745394654252111	-0.1394864585800542	-3.9711700993630306	-2.0669778108066366	1.2234053328372454	-1.9996643013654265	-0.6513243437207730	5.0742357395566122	2.1375468379984883	-4.3364096063082966	4.4214057401663567	4.2935335911332730	-2.0349444242178389	0.1467233913851036	2.5245588752119126	-0.8222960203868972	0.0976717897848703	-4.4826959130990307	-0.9964259286544510	3.3623693794434644	-0.5768215286570864	4.0870865124755351	-2.0793988388045772	-1.2959298566500665	-1.1704115196323346	5.0079589574138055	1
-1.3558529888619493	-1.1906830116669513	-1.5013205377450238	0.1021649556765305	-5.6076834223230883	-0.1997436813149136	-1.3169721930404448	-2.1497934832544492	-1.2028131691470885	4.0084057183282837	0.7046018055249774	-4.2467803109667841	-1.5866314193354780	-2.0040600313514867	-1.5300116728791160	-2.1834926769973055	-3.3647339738379944	-2.6771721095546908	1.5757887691878261	-2.9260651752745952	0.9269623898622346	-0.1944422539321708	-2.4061992286608493	-1.4301896573493726	2.7166960217612828	1.8947264845199401	-0.4809718900270977	2.7736502409824451	1.6598128487110058	-0.9837924297174245	0
-0.8730400975062329	-0.3507114632364448	-1.0784623061954965	0.9579829945578484	-4.8665682218515904	-1.5429895383452292	-1.2797362414567475	0.1085563736868147	-1.4819262913732623	5.8377498326880364	1.7452837138693584	-3.3179782273144358	-2.0452639189528101	-1.7801421637888817	-0.3451452659997343	-1.2968153344464937	-4.1840275504384010	-3.1853241803972843	1.0053014507988092	-3.4103067622365826	-0.0605172180051734	-0.5279783881637949	-2.7162788848886765	-1.9687237893469121	2.7177411318551301	-0.3193786231559552	-0.5707779574878529	3.4633126305805555	0.7425694967444827	-0.9907535687848414	0
-0.3072257261343283	-0.7376157375453771	-6.7469827820373682	-2.0977777177569812	0.6818298624844585	-0.1252347284776461	-2.7624603898784770	-3.1753652004899111	0.4552041870785644	-0.0957899123377357	-1.2879268498838330	4.8946988192287719	2.8231154180833089	-3.7572856809785442	2.7117188027538348	4.2659329582808638	-4.0230181513340826	0.4598951993639084	1.2842800480406280	1.9592608945052996	1.5805476486595313	-2.9278994819413109	1.4918628114487555	3.5816383114288364	-1.5061626910223467	3.5298351993541042	-2.5828007629991969	0.4686777847622350	-2.2460235870243590	7.3033983754320007	1
2.9626869478135589	-5.1926787909272001	2.7710415316345403	2.2846861836990957	-0.9523737890873214	-0.9631924750172727	-2.9241830776971196	4.6647657616942748	-0.7103671644414357	-0.0452393167993699	1.6961973415686575	-2.9888891213679232	-0.8124544315721387	-0.0100922581965213	-0.7529422197394675	1.9789959751325850	3.3937381802740703	1.5517580091742684	1.8059450962566115	-2.0516389395888157	0.8102610064957079	-2.1992263290917089	-3.9709729447115061	-0.4631386101714603	-2.3168601080176359	4.9164213497883766	3.6567029464746730	-3.5854724096783315	0.3024899091133775	1.5989551704467759	2
-1.4605468162064286	-3.4072943303987202	-7.5763476307186899	-0.3846680040468180	-1.3354465167032035	0.1338597923313656	-3.1785451520616346	-2.4595027406586603	1.3575385541905440	-0.7140434784700265	-2.4542755813885080	5.8555209600245348	1.8485923672915705	-2.2563495696422979	1.5336589841728316	4.0610971130586808	-3.4641447447021916	-2.1050439572824637	2.1574598004687662	0.8902447806990583	2.3216749096339262	-4.3924212964527278	1.3904854919465364	4.5253522724824222	-0.6617665860960269	3.1784201024905920	-0.8184716049476215	1.8686937236279415	-0.9945489323997707	6.1618986352571294	1
0.7536996993943956	-3.0909323515837550	-0.5515823284443482	1.5943278472650739	-3.5978962483450569	0.6805649964171170	-2.8447827622257353	-1.1601885364463771	-1.6595177764690494	3.8368563915656217	2.9776388159666611	-3.8723133432127979	-2.0646263912196576	-0.6272214425256450	-2.8299743939344957	-2.0026618245441448	-4.6287752041135146	-3.6986976588429510	0.7732713048952857	-4.6550577870653864	-0.9107036509404347	-0.0525366286283950	-1.3600162343147144	-0.8734291655334923	3.1576544781280331	0.5684219068069680	0.0502564574285391	2.4421383074373000	0.6237209359587303	-0.3535781830309468	0
-0.2152969745828512	4.9058788212099218	2.5665746259792743	-4.1536817622446396	-4.6065801515130609	2.0090482879746823	0.4451158274233715	-4.5313174433126964	-3.4003982369986225	-0.6123478714896915	2.5653586951344582	-3.4434599877279402	-0.7065462038185046	-1.9277230574194375	-3.5820420971353029	-4.1127865234425851	0.5718203265194135	-0.9118423414257422	-7.9513229836921306	3.5824556977158801	-3.8880244565887114	-3.7361786826291512	-5.8950187950592490	1.8559054428211303	-0.2273430998556933	1.4105629269928373	-8.3840314014028401	0.7418637946721756	-4.3497633445026453	-1.5264580936096372	4
-0.8162813485128947	0.8202571487047379	0.4389887441941163	1.4907679739864546	4.0232682344515105	1.8225561378394906	-0.9643091567089632	0.2411464466585569	4.4924538544117221	-0.9722823835600171	2.6345336687593148	0.0332690294069538	-0.4279807671336432	-0.6387790489252898	-2.1401055489627461	-4.0946652039897451	0.9658977394950599	1.5391990668869728	2.9675635748337008	0.6974738598339176	2.7475492441488067	0.6747987808446434	1.7978172707553539	-4.3553018145023534	0.3028881094848335	-0.0854116982842852	-5.1843574825343728	0.5215542700942177	7.0614349859013750	0.7540081952949742	3
0.5173586865788773	2.0198034809045540	-0.9487964720418027	-0.5139426963292939	-5.0105179068747834	0.4836974542094983	-0.9386211549723531	-4.3439168340737737	-1.6203944961549717	3.8819265426653793	2.4248982572108009	-4.3304585166321061	-3.2750945198175141	-4.0530434578012740	-1.2638892625210261	1.1405427827829624	-3.9699002424196239	-2.9868705146986274	-0.1520096155203574	-3.7981747295929851	-0.7773806392301421	-1.0037579485108812	-1.5814327132619757	0.7372817138851002	3.5920239222100294	2.9741464940538007	-1.8560647922467590	3.1858053846240497	0.1650455889834851	-2.0568005948551864	0
-1.4051831301690392	-2.8383320178116689	-4.3922617008636395	-2.2586174726783317	-0.1747637025827145	-1.3551669269409503	-3.9135761351761560	-2.8087960320263190	2.3472656348478820	0.5509850931868197	0.5936172814795175	3.5600816244258935	2.9609597143319952	-2.5451673396198045	4.4484426605156084	3.7014268055041075	-1.0940835608209210	1.2413804266847541	2.0635569578353214	1.1874958842967804	-0.3855473508349068	-4.2939191126024241	-0.3575669713624510	3.6308093711702667	-1.2998887789237705	3.4863954379176558	-1.8929819159763315	-1.2488712615652462	-0.9766814701798281	5.7571156615418744	1
-0.5570010903762497	1.5770296125620418	0.0174838156343236	1.9167748500047295	5.8959010880265552	2.1303516697282716	-3.4600441385803089	0.7470990559222301	2.9289890358795629	1.5591941096959123	2.1120053814117741	0.5693025534151441	-2.2985272957214500	-0.0248422020360431	-2.2315928316096203	-4.7945838914201495	0.2949599468196524	2.6158803604015319	3.2618961546043894	-1.9075172798646389	2.1948682824406038	2.5233070105236886	2.8318035878515682	-3.6268968834577029	-0.3782060968074386	-0.0920864080824124	-5.0731176260460611	1.5853115031628704	4.1725279527783394	0.1369775105877200	3
0.3935260323751535	6.0362838243257473	-0.3780058492775080	-5.0567143158675218	-5.0318658175347091	0.0472914336642587	-0.3617238775516456	-3.6122876359090128	-1.7254701159380756	-1.7361637561112964	4.6516160858399020	-1.7154454886927244	-3.1516727582287176	0.3810154912947201	-2.3912011171812750	-5.1851480848635463	-1.0246187242963054	-2.4316123692353484	-8.4388882820516571	3.4757738536512273	-1.6558621948709051	-4.6218854310445794	-4.9974684185589568	1.5297224440341819	0.1361653023326808	0.9488526306396949	-5.3345981386134120	-0.7552957617334011	-4.8046344005379193	0.1523049664837379	4
-2.3415113860109149	-3.2564557437318320	-7.4209375141914240	-2.0501794927749506	-0.6766939296378838	-1.2944174776442363	-3.1300760475663978	-3.2168402162750480	1.2970222456012785	-3.1032168564186522	-1.0661906227605420	4.4376183512986147	1.1062579059511690	-3.5840047080126505	5.9864121371021035	3.4306845130039356	-3.2196197234267805	0.5930739695350145	1.4619847832188311	0.6800851445676528	3.2096602955153766	-3.8686157392767586	1.0475508173478736	6.4833128429524995	-1.1109085248220867	3.3920036998403083	-2.5927404139835000	-0.6825119098127610	0.6716019167255509	5.9525635905902332	1
-0.3421630998310883	4.1283130171490905	2.1689775861262848	-4.7084030482017418	-5.0032502216980292	-1.7249161572727258	-1.1174252462015084	-4.4060986307562171	-1.3421094539675869	-0.4612847494016343	1.2898616432121031	-1.3963711557903473	-1.7325554470090356	-0.0035266111635339	-3.3188469734557167	-3.7725134268948914	-3.0656789083223215	0.1186535302219125	-6.2024132695568674	1.9196005062861898	-1.2226751263683757	-3.1924305191951854	-3.7420952062715607	3.1319945103405122	-1.7956292491466721	3.6942874138017174	-6.4797421199872378	1.1657971311729973	-3.0553644394843391	-0.7702035968373209	4
-0.5478854995056869	-0.9468819835934590	-0.8047468188966898	2.4400063160519703	-5.5636769264223558	0.7497869060159750	0.1013027450374828	-1.5951426813696425	-3.3939827410283376	5.1886638970104819	2.6971782622168794	-3.1402569780378577	-0.8667622062521867	-1.3872373003700349	-2.8006574989351440	-2.2330207808187956	-4.0491145381448606	-3.3353682926814332	0.9293746725894618	-5.2385129468548994	-0.2870175610559256	1.3959559628657736	-2.7752705414904986	-2.5077886757466832	1.9049119181592542	0.7664053317180657	0.6094469014095787	2.5266910660713569	1.0405841526890103	-1.3937320989749493	0
-0.0851656722686616	6.2660792553171767	-0.7888031391846677	-5.2405435113492622	-4.3513956887554688	-1.1087909149800534	-0.5220939592470251	-4.6306548635702134	-2.0784265698052331	-1.0954568401327609	2.4436697967378169	-2.7567772729716795	-1.0750267861118479	-0.5963779956824742	-3.3304404847551492	-3.9287453460644319	-0.3986060456104221	-2.2361381639900495	-6.2777580916528093	1.8750929079508243	-1.6647779527107058	-3.3236938391129138	-1.8668305901808153	0.2828168018734253	-0.2040474680609661	4.5496136756899936	-7.7322509574505762	-1.2997951795436742	-4.0202402272523301	-3.0584203030477011	4
-0.4049599069038093	2.2551093253886192	1.6840403835145921	2.5357415383565174	4.6323878826418952	2.7104655934839714	0.0624889636957466	2.6051389071443207	2.5311932056854736	-0.4295277747660948	1.7949156891974494	0.7182073276904322	0.1343429294374290	0.5363003752302333	-2.1463186676547088	-4.3330603407203840	0.0148761488051836	2.0048709611184070	3.1826547277908279	0.2352158710430043	2.2325512808675683	1.9401832251319380	0.6640534900257360	-4.4928868569175782	-0.0461133270169820	-1.0882320923589726	-5.0082199433559769	2.3594458309778372	3.4763647704850964	-0.3348866973197699	3
2.8009169590351983	-3.0172064430617658	1.7709032688370021	-0.1481811789689687	-0.1233481366118276	1.6561136994958212	-4.2966802695340940	5.2218607418984666	1.4224425172702622	0.1222359131663731	2.3972351043830491	-3.4822605487630076	-3.3403464811548060	0.8983267888833710	-1.0723812658228318	1.2152719783922339	4.5350182734361804	1.5943056917347254	0.5984684120265293	-3.7406363114110333	1.4685938199834920	0.2918092578755631	-4.7009597363598949	-2.6180396779382242	-4.5192877567227727	3.7993055984609114	1.8289011137738633	-4.6696744131030510	-0.7193384531826492	2.2795439237120609	2
2.7484822151723294	-2.9167556988848009	-0.2574816528761534	2.0408979762898030	-0.7987438694230538	-1.0276318814087131	-3.7912286801918769	6.0097406160324018	-1.2125975467451229	0.4226541014587200	-1.8808628649003891	-2.3325042575685826	-0.7681821397384687	-1.7527691043901743	-0.4810304839167503	1.9493315437436658	3.7345908522325857	1.6470191792156890	1.0683745820628210	-0.3285674117809827	0.9807453655781758	-0.8386385074477034	-3.5507904295989023	-1.3014386120019965	-1.2476113305955545	4.0962244012950473	1.8103987332319431	-2.7734296065794926	-0.0741177343783561	2.3447364440419447	2
0.9672051107744992	1.6903380017095329	1.7090956900471967	2.7306515304454400	5.0263730773176762	2.5999302382126959	-1.9814575597048951	0.9547250077417949	2.7436241536355088	-0.7885244871120727	2.6077486961407064	-1.7750576154229791	-1.4413795690767814	-0.0147159375419834	-3.6356811218398928	-4.3811563249721708	-0.5831080134917996	-1.3759966086901314	2.8921077304498373	-0.6951730412226858	2.4582764414705354	1.5170828988017149	2.1476985543851383	-3.6597580168610211	-0.4308836042315067	1.3190719772926713	-3.9612854286062769	1.7411465221314728	1.7717140178125201	-0.0709633657884803	3
0.1649546126331380	0.4757413961986665	-0.3783383145670856	2.0519196630343819	-4.1308884821816596	1.2724436590090704	1.0300175777528815	-1.9961030423275088	0.8734702824817422	4.6167757405039325	2.7463292960346672	-4.5276639823379181	-3.2561814961859818	-2.0552723548700875	-1.5434585783363342	0.3823527127044296	-4.4430712509365362	-3.8353300260362566	0.7159466947576663	-3.1679901698162527	-1.1597212700038018	0.4715607102704058	-2.8909033469179155	-2.8038882225238679	1.8588672983950951	2.1667527854063549	0.6589304340448634	2.9877019150003687	-0.6237860392119636	-0.4481056250394837	0
-1.6218091595730351	0.6762891484690683	-2.8685399785613410	-0.4717559094787100	-6.3283208170533873	-0.3251604280220248	-1.5346944242898028	-1.7356201065908734	-1.3791256959103804	5.2789408341856809	3.6347941657079006	-3.4029159312128150	-1.7051594444006439	-2.0273887515942288	-1.3734273384204867	-0.9011654270222083	-3.6752367122731249	-3.1666430235539758	2.5052923204910065	-4.2925061840080723	0.8240213204682041	-0.5747112898012179	-3.2712583449036394	-0.5982015806001146	2.4047435549178071	0.4565004994346173	0.2371079195921113	4.0428958744313341	2.5354243157297498	-0.9088176976622753	0
-1.9938136432017344	1.0558224139475139	2.0262828621292819	1.8469759990502210	6.2165268671259897	0.7739790002111548	-3.4349352754061844	1.7345730194199589	5.4517886149297148	-0.5613252938063671	4.1929167378119470	-0.4530072308961934	-0.3162932479108870	-0.4734890583693651	-2.4134111845306170	-5.9007485101079906	1.1555658744687443	-0.6146645588602839	3.6908060235036673	0.3287693769202988	0.2541017537718107	0.1700025692360707	1.6720514634874797	-4.0094359188979691	0.5114398565155023	0.3461420323796653	-6.3833193826070609	2.0800648778180255	3.1876458622349899	1.3718394327103756	3
0.6879658162876456	0.4676355331588280	1.8668097344219623	3.5641636275291808	4.8736203281143169	2.6908418556380371	-3.2981795405287100	1.4818667929674623	2.9778030707449528	0.4389019349794995	1.1611605339749125	-0.0320956430253816	0.4545680727551931	0.0844345821136944	-1.5732236322192330	-4.2958042772362290	2.0308763021667771	2.7593936927121070	2.8186900132013157	0.8327671756182307	1.3707246902137431	1.4128395637230893	1.1880887302767269	-2.7719293849114739	0.3597715628480915	-1.4474989574315451	-6.2915877147672177	1.9397720833666217	2.4263153053537958	1.0237332831176436	3
0.9301039577077097	5.4449584549236425	0.7079481573275177	-4.6766855524987880	-5.2216541205470879	-0.2350124848006709	0.4949604410231174	-4.7053617843748778	-1.9718313013273545	-0.7585334438514042	2.0655863824260292	-0.2995517074224112	-0.5131554660115842	-1.4033702408435396	-2.3674628317460167	-4.4224262297558061	-0.7198955803811911	-0.2774033668031908	-7.6180729477044764	4.5698663817616696	-3.5388972629742548	-5.0970339829695375	-2.9175597059454215	1.3078002713319965	-0.6134182091470897	2.1777397164128849	-6.9194071565718183	0.5585826254081536	-4.7767306926681936	-1.3370086049483447	4
1.7274346018800042	-3.9010100482746402	1.1423766308727434	2.6571055856532904	-2.3064659801304126	0.5563724829255170	-4.2545713367714670	3.7292128060102110	-0.7780831165468851	-1.5768323778330440	2.0095550186092304	-4.2230778522577452	0.0615977386653448	-0.1370533218488941	-0.7964875027281904	2.6636493080614820	3.1837239270915747	0.9534595384440467	0.1450346154177731	-2.1314229815128556	0.8803082742136483	-0.0852773070793242	-4.4787117860236982	0.1520517369996319	0.3144230217342954	5.1242142812764673	-0.1107359361387554	-4.1958608813672393	-1.0862179058189256	0.3148899226888802	2
0.0084299591773664	3.6342984360368584	1.3163320110223888	-4.5528181635232396	-5.7295572637142929	0.7647514660819759	-0.0300629199555447	-4.4683283592635314	-1.7410717799387605	-0.6039993151365846	1.6660938153536005	-3.2354533381620181	0.3037159325217229	-1.1617552391938379	-0.8676128449886020	-1.8485017167075406	-2.1105604330388035	0.2235498970033536	-5.1401773863737059	2.7235261803121622	-1.1393189919454541	-3.7403522090247376	-4.5440842717754579	0.8293332948725261	-2.1059386726158147	2.8925103507904000	-6.1545576241912130	0.7521472135749283	-2.8987344840614511	-1.0726144759551848	4
1.1033034455919677	-0.9336869249097326	-0.3639056746162597	1.2089221656382061	-4.7517205216658374	0.8866182665986718	-2.0792513903993872	-2.1183679582446149	-1.3574545021512245	4.1620624590274655	2.1449217862593071	-3.9611297462884960	-3.7162688372414383	-0.1640890549783491	-2.0250968628687258	-0.5556080251264781	-4.1664358089378757	-1.6209491012812123	1.6357206395596680	-4.3244964724996908	0.0712983608102025	1.6360926783043208	-1.9188067085419500	-1.4249355162338806	3.6733999442289775	-0.2703870041741778	-1.2206967124869852	5.4098366706687298	-0.2563512829837250	-2.1186455018128876	0
2.1615977126910280	-2.5961717440711882	0.7790461337721593	0.5585205098410326	-1.2929010679842872	-0.0481585712491347	-3.6922572587351028	6.6528437995179459	-0.5387215153517879	0.2852545014981585	0.8622349086478571	-6.0234939327998589	-2.5261208374002049	-3.1087152230561292	-1.8799674007735696	1.5157292564508160	3.4867749719003793	1.3240281758125718	-0.5754421463895516	-1.1576090177867322	0.3703440083673916	0.6410859201587431	-4.6574738882409337	-2.6711388469305835	-1.5461302526569607	3.4433462840400617	2.2456705291022914	-3.3401219511695182	-2.3847678298016826	1.2273335747070413	2
1.8552253012493087	-3.7101189598987032	4.1142851585147771	1.9293071858363504	-0.4257812692701082	-1.2810253041976671	-3.5090022941380488	6.1126669274907144	-0.5198102479843905	-1.1293828105040546	1.8954131891018053	-3.2664727769915292	0.2761096630881748	-0.9501030589921822	0.0596367698603189	0.8075303075031970	3.2658131665396768	-0.0966831309338265	-0.4533275181353889	-2.7422278022227005	-0.6799887885079738	-3.9918271840536788	-3.9746006914040910	-1.2449244637375543	-1.7095085197367852	5.0676431572419087	1.5034024976526466	-1.5716441181043477	-1.0833484225664622	2.2009049962202498	2
4.4591283355384537	-3.4105910504381463	3.9098517983534773	-1.1448165893518878	-0.7646582468694603	0.9309676461831351	-2.7205584214908223	3.9071130512149645	-0.3479936910990872	0.9465598667555755	-0.5810318406159070	-5.2338930856328973	-0.4176350974675660	-0.4380326661043035	0.5358246511733973	0.8559760975881709	3.9565319231552869	1.2136344365037481	1.4933342160364140	-2.4959887525133881	1.7485310673508192	-1.7469141316609116	-3.7800455087807219	-1.5270165576039758	-1.7201318747251344	4.2598721958390575	2.2412245795918717	-3.0115365771757103	-0.7301162098401639	0.6164005295064373	2
2.8696942608758271	-3.5771445531215362	0.7385560834246576	1.6348651759307467	-0.5758722106968162	-1.4112727842660875	-4.7440510469197417	5.2304560772825130	-0.2119161174777073	1.0495466619444667	1.8762484993251476	-2.6687617527685963	-0.4387739464120620	-0.9466370205599399	0.6578447334154531	1.2841624828379321	3.1905922214634992	0.8623750426940864	0.9627679058244478	-3.3391706533925927	1.3649643404201863	-1.1302129257899298	-3.7095446870120843	-0.8741990233073945	-2.0313422753886856	1.4390188291818422	2.9537277977381269	-2.5093538032953218	-0.4626453539899686	3.3406763385248235	2
2.5331329059043037	-5.7388513273208979	1.5532191072157802	1.4605469322968960	0.0388655712907597	-0.0186385170851073	-3.8195394827014884	6.0131594522610250	-0.9385065963562491	1.9020321215201741	0.1005646882905600	-3.5633619894708422	-0.7455057008291650	0.0054042808771464	2.1507329018188255	1.4211733077851871	4.1898670643552114	1.0239763221728537	0.1254133247779547	-0.5365296625271383	1.9360069971813376	1.3581344177404293	-2.8311123540065237	-0.0840432705848788	-3.3538059248208834	5.0752369256041483	4.5464557138431205	-5.8803398870716119	-0.6760651479070594	0.5869243797555358	2
-2.8279322600896104	-3.7587895860073814	-6.7228538311025900	-2.0288374422693374	-1.8632023582813875	0.4384504719749405	-2.4016393717206013	-3.0316952244411457	1.4082078815813497	-1.4091090975788574	-0.6700387762195352	3.8153932466097134	2.0996345955429820	-2.3166320633607524	5.6545442364067817	4.8354951517528031	-2.8692564470125976	-2.0461476869020854	0.5607214953896293	-0.2792748387577024	2.5634959323202176	-1.9280093988029752	2.5840564347005235	4.7293918794298353	-2.0155541987472914	3.9827967937156203	-1.6175471857947157	-1.2677049437430536	-3.0159021294220714	4.9037216140803270	1
-1.2841571693428089	5.7076376739010346	2.3105036559342298	-4.7117500566923001	-3.4801702081780377	-1.5618600018960640	-0.7928960206334468	-4.5137814095365068	0.1156273026444472	-1.4005610338622188	2.7405823189801533	-1.7441848292512150	-0.6749596167881755	-0.8761045124016653	-3.2029048673959002	-3.8784870678080758	0.2136858222447042	-0.9790508975477772	-7.5589073608048540	3.9776347045225178	-1.1734145839262742	-4.4741949757013000	-2.3827689010837663	-0.2885306769620850	-2.7693283323277398	3.5963150438141689	-4.4154321494636992	2.1546928864194230	-4.8696697366146386	-0.5107210415975973	4
-0.5409277943812415	-0.7700728611024261	0.0916801257307642	0.2199453997413618	-6.1581958682855564	1.7266739322097364	-0.5397324491766482	-2.5017065362690749	-2.1456875809314546	4.8978416242878593	2.7910592927090403	-4.1209099262450497	-1.9803352786549051	-1.9101791211133783	-1.7684415157309674	0.3316140034747278	-5.9966110562519157	-2.6927396779957036	2.2367880129152007	-4.7778060472160053	-1.3755782227548581	0.8628285758283614	-3.0689880818160438	-2.0726020448584892	2.1835350969205165	1.6384163460616104	-1.1275609569271106	3.3747061104795373	0.0457406086233418	-0.6004876515369577	0
-1.5159403470220727	5.4079545669988534	0.5426831894011390	-7.1578554797177203	-5.8551595482151670	-0.2014988774790489	-0.5922628926242148	-3.2701655369027911	-1.4237656976552051	0.4457804173711610	1.1705978263935235	-3.1275825437537028	-1.1166131497974590	0.0902568798772574	-0.9767641666246409	-3.5969842882533110	-0.3476197303515600	-1.7526663862216723	-6.5406622483935761	3.6988732048394484	-2.9468739633703898	-4.9291160330967472	-5.8530687586297567	1.1596876262790043	0.6229377968253522	2.9521461119877785	-6.7562269992857136	1.2955612464199486	-3.5192378257360231	-1.4659651700302421	4
-0.5598592585189065	-0.5594601802681227	1.2455049872745541	1.2691274369000081	5.0089712460742772	3.3673998915367025	-2.7993129549151741	1.9126747740999859	3.5207139088040518	-0.8721702612842990	3.9510533531255270	-0.5920641406857214	-0.0344779649026954	0.5240135854764396	-1.7739212193577114	-3.1417522223656027	1.4032155026712338	-0.0016528597691978	3.1086244507076186	-0.9139113765565101	1.7479567626741495	0.9433520825118504	1.6133064392671204	-4.5244415908620441	-0.0146444012774447	-0.8315768502657468	-4.5803374418721603	2.2739793763597187	4.3802172456862465	-0.1898155858927004	3
-0.3122256533652539	0.6494531176077498	-0.5339815091542048	1.8882809058162424	4.7503640669071672	1.3565948124035030	-2.3057642690950315	2.6227519148064289	3.8902554647740830	-0.3293059580528063	3.0831205615240629	-1.6904620495428273	-1.6533500024386321	0.1126963952747592	-2.2274938658435306	-5.7728549276306129	0.5897478200208157	-0.3385385547471242	1.2017949576896325	0.9001848155138941	2.6788090873225303	0.5229083579749501	0.6736897867230439	-4.0518886047649811	0.5232410332139943	0.4812382894374250	-3.5121130252866410	1.6427822979394771	3.3930756148616448	-0.1822652373694615	3
-1.4627107509408908	-1.4010912424613500	-7.2966211991971415	-0.5068378737271906	-1.1530490931908193	0.5011869059433547	-3.5582815096191789	-1.9300745057204991	1.4834948470666385	-0.9746035049500978	-1.4581745734210341	4.4104813991373284	1.5732507589883444	-4.2885241434282042	4.9195736532958900	3.2885194047738455	-1.2064229308366246	0.5218266282696158	1.5645896995339450	0.6380267221972580	0.0796455313640960	-4.1450455298032995	0.6704812279402388	3.8146319356570126	-2.1053668692629435	3.8280630559859117	-0.9276975067285336	-0.1850744433670286	-1.4252988557317270	6.8368787060206335	1
-0.9399224718188799	4.7648280507267060	1.3710047103354528	-3.1752812266288988	-6.3107479134119089	-1.5873393114099645	-1.2097698514450466	-2.9690034091959463	-1.2989537445090251	-0.8214628933523909	2.0174342664137246	-2.7952378091061725	-3.4764055235749387	-0.7323997765182368	-2.5578343677935020	-5.6474990485659982	-0.2445889406210455	-1.5715598484206248	-5.5201563305379127	4.3344278028582144	-2.8921495231341754	-3.1527416493802569	-3.3672099482950499	0.9353789120179328	-0.2733698017988795	3.1752888828621546	-5.2262053110531230	1.6729630898667729	-4.8784887473088574	0.3854555227120855	4
-0.8353264770824214	5.9259590244402718	1.7546830654282464	-5.8669851315339914	-6.4636258293684685	1.0248290080244040	2.2825409552137899	-3.7304140896328803	-0.5905272106384647	-2.1096749323885620	1.5318705411285454	-2.2441551019449868	-1.6206663583850487	-2.8794592870484461	-0.5947617886065153	-3.9141343585206783	-0.6800332617979064	-1.4541964113260557	-6.7322330291261752	2.1504269245293246	-3.0468707475433483	-5.0073574745946274	-2.3455623643567449	1.1963905889785629	-0.0465796252050574	1.8975674174205954	-6.7371152465714648	-1.0169493399114424	-4.1871117437323324	-1.0937657632130644	4
-1.5020188369324010	3.1675099569070277	1.6532872111128296	-4.5071456786630835	-6.0276102308548669	-0.8565563068467923	-0.2400529384555043	-3.6866438329867908	-1.3369360639956476	-1.9252875096103435	0.4978845635945401	-3.9398220120426357	-0.7026090709892259	0.6584623135673395	-2.1452610796383720	-3.6407257364886614	-0.4455345156180419	-0.8084231818850920	-5.9173279699653598	3.3475398814419899	-1.1605576267994604	-4.6447816548790852	-3.9468652642766053	2.1008779178001791	-1.2422613426098563	4.2371934409229297	-6.2697811197024897	-0.2959940875510814	-4.5451918594824630	-1.2587684512386699	4
-3.6602372754112822	-2.1718315180829793	-4.4493773995907064	-1.7053065124499345	-3.0940794443286079	-1.3322989183632217	-4.7701024944010175	-2.1940334769493015	-1.0370943445293013	-1.0481101961787007	-1.0513074655803871	5.2170383987226252	2.1511504858734170	-0.5762095721590157	2.9842110875916510	3.7433819754588260	-2.9958823871560529	0.0692557444719912	1.6874058200506232	1.4580207673605372	3.4720847866814566	-2.9948942698989480	-0.1171374413986024	6.6784672764908839	-1.8740902146516567	2.7640042399120466	-2.0980314730642977	-1.0904744429078024	0.1317561439626060	7.5783932666983995	1
-0.7923356209091852	5.7815586315595713	0.0659250205469073	-4.8135003405870034	-5.0560032428705393	-1.1963105790013380	-0.7330653779965970	-4.6026612917601089	-2.9576265754089244	0.3011805529809977	3.9148868188907322	-2.6151010342830516	0.4863012184686075	0.2420979891582937	-2.3020985593383800	-4.0533952349254818	-0.6039322404800131	0.1687248819284510	-5.8153793781012295	2.8243807254932696	-3.6967576512040479	-6.3327887119725235	-2.9298270762087473	0.5017299946204420	-0.0718759372390938	2.2428279308874846	-5.3948059441923544	1.1934877397481714	-3.3504472825707010	-1.1455290365316038	4
1.9897435316034169	-3.6805966667579391	2.8882186648854535	0.5489158826672029	-0.0353387554790537	-0.7286629933520801	-3.8495038478227168	3.9811283830439090	-0.6210120529119934	-0.8179292989042217	-0.5006335202425607	-2.5863052307138390	-0.5163887248491988	-0.1231208837697322	0.2459307594373255	2.6058993912232316	2.4101305105014204	2.3343844864781307	1.8022606626952724	-3.9224091656100786	1.3066864892793424	-1.2710611149080500	-3.3319605071580209	-1.8469227486206097	-3.2334600033203733	4.5571021170562016	4.2276533620444994	-4.3160204032451421	-0.9881485015239382	1.0735521189686121	2
-3.0009504757655390	-0.9180996830475077	-5.7052896546109526	-1.5583436151242589	-2.0719787553352820	0.0524549526693128	-5.7631704356813014	-2.3590639418904038	-0.5425287188906796	0.7272706566993927	-0.7586422802063391	4.9652360252737031	3.1725749977214308	-2.4383978786869118	4.7819170450901343	4.1822042344751598	-4.1125526110360973	1.2489604049552745	1.8052403656403311	-1.5395642010373431	0.5235419050743372	-3.4983567401252151	0.5436004464300552	4.2347471280330442	-1.3560547249201007	4.8992224532457520	-0.3821283238155981	-0.1800231097642420	-0.3453197993345505	7.6714552629797907	1
-0.8799284602809838	-1.7375190672408749	-3.4608254845383994	0.4659890493123162	-5.0167057922165395	1.0013327774554952	0.2278203157129006	-0.7968234854665446	0.0752996132483332	4.8914253067663589	1.4895541815929549	-3.2357117134874636	-3.0994663955026764	-2.0015908234530411	-1.8719214883004769	-0.2129397767965635	-3.9915663016242249	-2.9371034828243796	2.2447993095054386	-3.5942040317878474	0.2057465289858229	1.0807142156782299	0.0113769948212441	-2.2236931963833482	3.3512117762019358	1.1743391488470598	-1.3669476431502989	3.6871109066565713	-0.4347740623572647	-1.3107763037517404	0
0.0873356000034977	5.9022926085268335	0.1519211323968697	-4.7804778840448492	-4.7633285636076925	1.1469878789052192	-0.8272045411930602	-4.6366954106943856	-1.8709928816376626	-0.7709658474570078	4.4963515985629776	-2.1029668676510944	-0.5649259566382652	0.1060977258898816	-2.7188522874603418	-4.6172807666617759	-2.1242567133073891	-2.5129555259998355	-8.5340732780097390	3.4981644478894545	-2.4923854767495626	-4.3329888837740027	-3.7663997364511683	1.4861099401063766	-1.3334595613981741	1.6329835031876860	-6.2571054149641796	1.6436940520340961	-4.7949187497262269	-2.3642303779149789	4
-1.4295235181678949	-4.4088744072277244	-5.4565930150306086	-0.1238187101830830	-0.3477691232125073	0.5744147428216069	-2.4514383942325795	-3.2221724414471407	1.2082127524704027	0.7702924280957677	-2.1279384080763872	4.5871476469624985	2.0049069173975442	-3.8245786811280977	4.1012065925454868	3.0349315682584139	-3.0797358075484684	-0.1452042805966078	1.0425917377608112	-0.0243092119914379	0.6335445759691142	-2.9915153113946782	-0.2209208213539113	3.1652155674594158	-1.1280144016395215	3.4141197066631026	-2.5262750126735725	0.7850890959830927	-2.1640987847429827	4.1401101300894201	1
-1.7122779734341471	-0.3682479137418355	0.9973904539339866	3.2146963892040570	5.5878382785062346	2.3104589746712176	-1.4253742838284449	-0.2427771489363484	3.0348726897859191	-0.0870004910397758	2.4118715710141356	-1.2839174514216323	0.8461045601007617	-1.3300586127114957	-1.1424236906019836	-5.8159488700031989	1.7812265093394601	1.1081092405599113	3.6444795200329922	-2.0079188134589341	2.7732194524989628	0.3353976703809252	-0.7358794348391640	-2.1777483172292715	-0.0411362004180860	0.4503100608252435	-4.8683760226272028	1.2202578559214545	4.2069112334852159	0.8829405266747321	3
3.8628842976069286	-4.0717652224228686	2.5693552118024874	1.9107294695979764	-0.8830448064702059	0.9039569400300962	-3.2247043990120257	6.0179835920966935	1.1133812932100440	1.3312435647637724	-0.2019353958624244	-2.9824525652898530	-1.1468386185590198	-0.9096527178546183	0.8546190995600269	1.7624855245649389	3.5937387697569241	-0.4975311312183099	-0.0423400821013329	-1.8363774951628682	2.0697773000735795	0.0402525164482894	-4.1759890426999009	-2.8487067596999429	-3.8710186263548714	1.9693595024052608	1.4678643646604845	-2.5019187258360343	-1.7355244273208608	1.8324964037418805	2
-0.6709361901549789	-2.6074850255358948	-8.1679284325758417	-1.0313416105379904	-0.8764372959882407	-0.2672874755600159	-3.8267931391142640	-2.7945509362480605	0.6718481671945375	-2.1856548604541501	-1.6536607364141871	4.5445437851801422	2.5778057838605251	-3.3398495516678199	4.7575366757731086	3.0903644140825404	-2.3143100055347459	-1.7861040252824623	1.2912248589779318	0.6501948802846527	-0.6023713631169458	-5.4927406438347521	2.2702362472801152	3.0682348451823422	-1.9542087526421419	4.1262774877498174	-1.7763127053714338	-0.6904254080123229	-1.8677036691087867	6.2201555858329503	1
1.5175697248056941	0.3600812399844333	-0.1400985237961547	-0.0276336077134562	-4.9106382487583655	0.6745106710997797	-0.0609980381948543	-4.4139975652952321	-0.1943951647209019	2.3750679284248948	3.0643913173332993	-3.9700545474068747	-1.1489585902371657	-3.2758234476447798	-1.0270196331801609	-0.3875737231227423	-4.1960661354551387	-2.1477846535309801	3.5448785248948140	-3.3010604796555452	-0.7718527702671452	-0.6804704195102014	-2.2964174046933934	-1.5759072158998562	3.8156738409572801	2.1524013124824757	-0.2449976003878027	4.8272577329682242	0.2815628632820306	-1.8985264474419310	0
-1.8583011189796341	-4.7705465685379718	-4.5126713538690533	-1.3198077236486465	-1.8312383818892202	0.0713094947133683	-5.2216491299978189	-3.1459187925169054	0.0227540200754293	-0.7578377631243733	-1.2738741507105629	5.4183856802399895	2.9905394881771517	-4.3270187259754520	4.6514847683040941	2.1634658304579788	-2.6609327958771622	-0.6377920059037554	3.6823596624663386	1.2779850531846964	2.5763095071332760	-4.7063851856107508	0.3626005446489957	4.2068955792069591	-0.7471355419900205	6.0335530732838034	-2.7491100852098631	-0.7780882297383256	-1.8180187354647210	3.5350485438289478	1
0.3375158181255202	6.0147385777792763	0.3469727036645245	-4.7770415713174881	-6.1693311008317320	-0.8589301950020074	-1.2875865290704183	-4.3863715597267099	-1.1125830017622693	-0.4121756084600519	2.9484578785993936	-4.5992249908247471	0.2868381502246338	-1.2525570658656733	-1.6400575863711682	-2.4919914732676669	0.0515782762885104	-1.6199998634643455	-8.4272989121019162	2.9544233152153581	-2.9189920656766271	-3.2707215432192376	-4.2773253854538362	1.1723113154144158	-2.4800589670456148	1.3130366816192209	-6.8051176258471067	1.1950043679507347	-3.2317318146298213	-1.6938995368745653	4
-2.3737013289573219	-0.5107050246628251	1.9710386264927515	1.9305015375395604	5.2090992795750051	1.3441933831968034	-1.9293252647334285	2.7118074210852914	3.2834716278084577	-0.4139847261068795	1.3709536713261887	2.3380506789728912	0.5345863648414970	-1.1229883611781561	-2.3024686785266426	-4.4631778622232172	0.8333073950949297	0.5920142293005182	3.4525960029675677	1.0298447809539448	3.0822562106151317	-0.2387741143644126	1.8044467640299942	-4.2296854028446749	0.1370997851074671	0.7044457911185327	-4.9564583087534366	2.7404630606859359	1.2131751640555852	0.5204185862864390	3
3.7638440444991299	-2.8128148334037761	1.4226410834288019	1.1574377291799618	-2.0002523944993382	-0.1916732101182739	-3.2639663347278010	6.3258627911169807	0.8887875341318667	-0.4556064833823390	0.2425817401852495	-5.4924892233279730	-2.6569303161372231	-0.4538525794095394	-0.0207751326908872	1.3049686122152742	3.5280850125984098	1.1362707227927182	0.6681709959992403	-1.2915474326742336	1.9914604875138959	-0.5003949936179415	-2.6066539817167058	-1.1120663119580831	-1.2729393582717605	3.6486906077019672	3.1985459662841138	-3.0768401987452219	0.8156948981467065	3.0876522916938094	2
-1.7286026807204820	-0.9300436328776445	0.0273718920666640	0.4970694797246091	-4.9461519308216557	0.6179768608193512	-1.6964691208586333	-1.2472363163237850	-2.6834928724691687	4.4807777891487479	2.8038503183621475	-3.1197373064215359	-2.3232276419957878	-3.8990009425505932	-2.2863763934351735	-1.3981191306446328	-3.7228110202485016	-3.6290982088846624	1.7913427973451372	-3.8734271330003387	-0.3208643423725492	-0.4988214910781945	-2.0145359681024750	-2.6379829700375739	4.3716605079386932	1.1149741939056197	-0.2783436171634948	2.7315999120924181	-0.5181955783853813	-0.6946177915332743	0
0.2540067098656298	0.4200472497673629	2.5209160897827845	3.8788598024472321	3.9774888012211673	3.2275411779385053	-3.1030756507385178	1.8282675846840917	2.3839219205500783	0.3737043659600671	3.1145872181268919	-1.4934640142434485	-1.1891128559846740	0.6081130210625201	-1.4394325603605087	-3.9228093431519477	0.4473154962372736	2.3763087581328306	3.3583369325864005	-0.7908371980586070	4.6150858455445984	-0.0328136334262876	0.7621262274483672	-3.4615012979314201	0.1070233025859255	0.1048801231623759	-3.9152565034845326	2.2471661173434034	5.0980685625017665	1.0867872734895294	3
1.9162521044120842	-2.5986391038043886	0.3380518469408949	0.6797472702770322	-0.3453091982927876	0.0965992434191019	-3.9495830703642283	6.5266956970008660	0.0441121850559756	0.8203852613773750	0.9003131514186795	-4.8481076489228414	-0.8665502259197031	-0.3087280273093276	1.0809475221389500	1.5346249312606246	3.0432282041565761	0.5805114194972161	-0.1517457914445872	-1.6351031525096578	1.8026924825790047	-0.1431898251738257	-3.2763357056686235	-1.5393810755325104	-2.0428898884186157	4.8671419854888747	0.8048594869804868	-3.1119031976111193	-4.1265274843979309	-0.4081430346289621	2
0.3714224859018223	0.6166190108013294	2.3668296651360086	0.9757724095773055	5.5983364653558443	2.8284286193327555	-1.6926232586325209	1.7866625643416754	2.4290570104270364	-0.9410869402371770	2.3534264412769144	-1.2546461809774221	-0.4426062934321031	-0.8456380824611117	-2.5777167489437405	-3.2896539557875601	-0.3358943800276795	0.0933521522389535	3.7253446264441243	-1.4199048781776042	1.3550812735421556	1.8585416530246193	1.8622650420649716	-3.5140759894228326	-0.8771897516999765	0.1701124650780996	-3.0142719936641562	1.2121268008105055	2.3358284598743646	1.0973424636283720	3
-0.7854977372124652	-5.5421424721825794	-6.2189279430289224	-1.6896163742404118	-2.2572973282037969	0.7758722859723859	-4.6184894972514616	-1.6902491952304293	0.9167139772276136	-1.8550560205927176	-1.2945871259450117	4.3960755300480177	2.8979971478758246	-2.9571409634623302	5.0141367039525191	3.1154368587662273	-3.9956319554727697	0.4380025998602672	2.4666090287630826	-1.8927037187814579	0.0206568065829037	-0.7337302637066996	0.7339056364018679	3.7091825389374149	-2.6036565780700842	4.1417260252129502	-2.2833481783190734	-0.0393501270118786	-2.7041624102509285	5.9566099772447805	1
1.2077965808093909	0.5429170765835900	1.0953654317925838	2.0504913574149435	6.2363603859375054	3.1166585713098707	-1.3718437663773178	0.5529603916271371	4.9415195103551133	-1.4555880636671894	2.4776026168319594	-1.0116912458161140	-2.3653751356526542	1.2129864165067974	-4.3583449275757102	-6.3976969410540914	-0.8192862057395836	0.4807462044805335	3.2590171494503388	0.4188649652777061	2.9372963871427302	2.0028961494621234	1.3111419105196478	-4.8518236248151876	-0.2757199724048913	0.5016450190262576	-2.9940245047397527	1.1121228991518406	4.2198977436629068	-0.5548468343010260	3
-0.8480597669661598	-1.1613905325078564	0.2722262319617801	1.4801329481218035	-5.2376295368439010	-0.9834557037802494	-2.1368890890820302	0.1565218198594762	0.0487187444933443	5.1353944559084272	1.6231324105076246	-4.8978759583637022	-3.6021151882057714	-2.9142120172983876	-0.5717971899279415	-1.8291234206118050	-4.3001775536697409	-1.9455449595983838	0.2387298379632089	-4.5390270445830163	-1.5917236685453098	-1.1371372469692727	-2.9919542753020325	-2.9122271746468367	2.4375465614786815	-1.1226598636346234	-0.4200772135744155	3.7848226888714387	-1.5320777069902856	-0.7692012962385182	0
-0.3603072384349821	4.4292383946873288	-0.1705664389906014	-4.1399020108781510	-4.9298006708959825	-1.2517913356282437	-0.5551806395914949	-3.5099825128963600	-1.5360911821478411	-0.3020833736034867	2.6353200536212951	-1.7644133923199601	-2.7706085367539188	-0.8257903964485696	-3.7824924704341631	-4.6577637711246895	0.1044193292515827	-2.0135581712940098	-5.8016164350016259	4.5145231463740796	-5.9463933212189950	-3.9109330081622646	-2.8710931820225825	0.1590984763307774	-0.9775498755542604	2.8529937869817457	-5.0929874029238018	-0.0818126534670842	-3.4110203967944637	1.0348803415930430	4
0.2040214003007224	5.2095187225634678	2.0128433574289031	-4.7937892224396315	-5.3181902613102183	1.4858595174890687	0.2992483571528037	-4.1993726741620092	-0.9448946437760641	-0.1573844885550419	2.8357115071445707	-2.5941136834551699	-1.6977926152900613	-0.4341373984428021	-3.0444699840210507	-3.8712786312687686	0.1820531459155901	-0.0671454787365062	-6.4667475722928405	3.6069825251033896	-2.3292003209145689	-4.5337137853272944	-3.8194330836338271	-0.0129014953409152	-2.1514133240319717	2.1132631970756828	-6.6814461536932175	-0.4741174493003779	-4.9369323319080731	0.1320808917524534	4
0.8678500341469790	5.8327698243938819	0.7547383092870010	-5.1098977411435484	-5.8862504637876585	-1.6514393817745114	-0.9534422109948175	-3.8179281690310214	-2.2639177603146230	1.1430997466337687	3.0455985161190613	-3.8818629949233134	-1.1735223592004917	-2.6647208155717745	-1.9103673830236865	-3.7541132135130062	0.1703360004410472	0.0689872603223360	-7.5328447689037610	1.5941007484283851	-2.5272665172414959	-3.2636131895279190	-3.4232991619843252	0.3407103755738325	-1.4339090125251399	0.9379454494573596	-7.3552746493004069	1.2429386363922061	-5.4200957971828103	-0.2889396945767440	4
3.1897262609389956	-3.5171114866613111	1.9031738019118576	0.2960071945438738	-1.6774728093392368	-1.6914089678861020	-3.3434359431445806	4.9911097748530056	0.4369663627717786	1.1882042655768656	1.9418506294648861	-1.5765994872300912	-1.5361255363957436	0.0672706154526548	0.0988120976005549	0.5813081578345922	3.1515659616066829	1.1664829721744343	1.8073602500711452	-2.7199465894580679	1.4772412567063502	0.1894151683974756	-3.0455310529168740	-0.5164282684622087	-3.3565481889622797	4.2995172025614625	3.6591765105548526	-4.6292534933370870	-1.4224028905314765	1.1000718381306134	2
-1.5809557341189655	-3.7877539837337757	-6.8292148128602834	-1.7088280329135714	-1.7136133720505806	0.5261997387917590	-2.6584754973146558	-1.2157228398682718	-0.4914627620911556	-1.5506938375192720	-1.5269024876995601	4.8187372153003984	2.2468520817686497	-3.9246294284101255	5.1262645961351421	2.4218037686735654	-3.8460614846689056	-1.0343435842093012	4.1426367341592556	2.7987962238239645	0.7285837163319893	-3.3973901756862257	1.1438686835279879	4.2606987461195800	0.7134691868645557	4.1123836412244774	-1.7167283120303303	1.3399036530920625	0.7708863829907542	5.2107114162796568	1
-1.0185457332858767	-0.8113991727544465	0.2133666905863703	2.0926632907817160	-5.5045840294778507	-0.8981996532563090	-0.3153331070525898	-1.1250796897406377	-1.5344957415357345	5.3127370032765882	2.9378724445294653	-3.4186764876849307	-2.6014458392848878	-0.8843477420893189	-1.3758959019284474	0.1475246007834156	-4.3787490079003240	-2.7715052351106682	-0.7813251215146488	-2.9027963486040078	-0.3568999814070015	-0.1827549053831685	-2.8375255845304843	-1.9500746485423903	4.3654920910033610	0.6430038265271456	0.2440400171697203	1.9645135288796864	0.2071378146837191	-0.9074164412338412	0
-1.3923745606015649	-3.7337311697275961	-4.6388860715162163	-3.4668633445513142	-2.3639869963340256	2.8868748329634002	-2.9725049058003421	-1.3258730019524299	1.6083520711725190	-1.2162492753842993	-0.8378653922826469	4.8077490025390466	0.5901902772521022	-3.9471516683152803	3.9664239766320311	2.4130788587415450	-2.7040396643591302	1.4832865119293643	2.1396935258769387	-0.6213361053629081	0.5649724766804048	-3.0477850574347825	-0.1054699177075149	3.8000046427847027	-1.0417663251798510	3.7392475911250660	-0.7392222968260587	1.8023145160769192	-1.3177057541625929	6.2107276011868731	1
-0.1147423033373033	0.6700941021121156	-0.5676944852811550	1.9513244792452320	5.1687471992169947	1.4420504456275967	-1.7161786267111903	1.2581401496227964	2.4826189869680544	1.6447867890828918	-0.4274707978692036	-1.6088119288770431	-2.4574320833576531	-2.3068503460209917	-4.0164619512409816	-3.2251140687780522	0.8540972804082272	2.5653863590465131	0.9937449867696748	0.8777907803985610	2.3224713149696190	1.6343780426820820	1.0953921098840347	-3.4867933162944231	0.3846941498773333	0.7054368707860621	-4.3279138471037832	-0.6986364266691152	3.0203693495417401	0.5208325977594084	3
-2.1821141454667310	-3.3877153433246523	-5.6174346342564530	-1.1513705638938414	0.4489153854620536	-0.0210882941732393	-4.2538635485472067	1.2559537876773037	1.0845951725503105	-0.9071054010236743	-2.2503132772324799	4.6897783679038678	4.1541825612182333	-3.0585917941096024	4.6260063484834015	2.9860890792520478	-2.1391039140189925	-0.0977950807588837	2.4473470057616256	1.3935797839841586	1.2106852398785775	-2.9482067448204639	0.7186394306772574	3.6985959160173216	-1.7183977241478898	4.4741920444830487	-1.8595645362109512	-1.3599340019014798	-0.9338135730934503	5.9252844735537433	1
-0.3709430673054729	0.8871076373567324	0.4155616563419935	1.9946612228308258	4.0102019352270473	1.3774661332856000	-1.3043110423898789	0.6509883130164964	3.6164830310275629	-0.9001712001703459	0.8761527532154874	-0.2541469521466393	-1.9132576686773506	1.0855005565826277	-1.7103326612346008	-4.9531135535378077	2.0526231653065841	0.0596087323258441	3.8166350557329762	0.1492078890796762	2.2008507558471013	1.5434084810451381	2.1544748638835407	-3.0639267377368382	-1.2083224018771053	-0.3464804157620982	-4.8179876456368085	1.9341072236471908	4.5289603001224128	0.9928769044446522	3
0.9685962514384518	7.3903161706645237	1.4157818297573574	-3.7469349371094758	-5.8672497220742299	-0.4697306587607764	-0.8378818323699728	-4.8249700643832911	-1.7803993165700662	-2.0197883599058928	2.1745404020347436	-1.3339867395053029	-3.0031438514823439	-2.1065363973514986	-1.6867675422580772	-3.8705036689621495	-0.6105385011072597	-0.7200401385164013	-7.7263935195660629	4.8852259827803044	-4.0193388368652858	-3.8262592880533814	-2.2900050553296269	0.3051389788223339	-1.3888766301373558	1.1832342862252130	-6.2570531920474917	-0.0654706944871282	-2.9839350171528363	-0.3444201789550161	4
-1.5196539789369961	-0.4302440540852852	2.3953355693498990	1.8370703320401010	5.1465025332773262	2.3182506049868454	-1.5763199846164944	1.6495746901524440	2.8366487590770428	-0.6095954394614246	3.1313181634488050	-1.4805208997595871	0.9331528711395145	0.5246522776816840	-1.3319355829707691	-5.4370592703483354	-0.0927976858569122	2.1879079636492658	1.7174042824866169	1.6271592390550831	4.3474266800283257	1.7601916277567218	0.6705714912807866	-2.8543217484545673	-1.2997982791516907	-0.1820706133021686	-4.8396733827018821	0.8438855851456104	3.0443938683784419	-0.2545085189268326	3
5.4817613554671549	-4.3571121224574618	1.3584104493994746	1.3940970693171582	0.2594982720986344	-1.2423211327101358	-3.4182629873330606	3.0128450387695809	0.2751936453811652	-0.9606541158975928	0.2034982129057434	-2.1636328789523191	-0.4363493652508385	-1.1844684208016809	-0.2037279618751975	-0.0764735428656609	2.9207432736526266	-0.7543101524903211	0.7643712940375003	-0.2059751891780708	0.0762783676752363	-0.0034365989588945	-5.8625909358612454	-2.7128227991128120	-2.8067168626702061	2.6465590396067391	0.2483321919542574	-3.0278410881279285	-0.9567607933587858	2.8828055846414644	2
-0.3248398071083215	-0.1468110325794227	0.3991514222179982	0.6179861692661466	4.6806023780423960	3.7251510163690824	-0.6538088285330099	2.8213903072591373	4.4314347550384641	-1.1983484202683587	1.4654424965367778	-0.1695974295490312	-0.4927474265322355	0.3172654160741639	-2.6901957790660282	-3.9074876712114031	1.3551678079380962	1.7428953877518540	2.2784031479559710	1.2053067845260546	2.8904596355609589	0.3818110409474393	0.4419334481635856	-3.4470610106367783	2.2334352965067987	-0.2239264382019215	-4.0919837585896985	-0.3396201602492348	3.8507249335845248	-1.8203138962602421	3
2.7031758224305173	-2.8885106237543297	3.5919198098841694	1.9750120572993430	-2.6102759390133188	-1.5001419836204413	-5.1834545863413988	4.3259284354772758	0.7239317192965746	-1.1580219075903049	1.4331920162012353	-4.6411381176544682	-2.2669549985230977	0.8594524100043648	-1.2619103462152719	2.6469384631682220	4.4476147567309487	1.2026568329579492	2.1533264200978266	-2.2834986716078971	1.2145790699647898	1.0736144729357553	-4.8202245475516783	-2.1013504219890091	-2.6195027071319514	5.8873929023700144	3.5985821919936596	-4.4153164667826186	-0.6802326919247799	1.6863179891567539	2
1.4044031683924123	0.4351353627668761	2.0639727679153239	2.1676903872032738	6.8977236684466465	1.8172868638892856	-2.1100993609464740	2.6429631415491226	4.1366278252886008	-0.8287533092208579	2.8015364681392758	0.7776732768205079	-0.5431533116745499	1.2747477374037715	-2.0899014542505978	-3.1665397570853187	0.3830466499668730	1.2965797963904739	3.2238814398957514	2.0330997099315908	3.4370084178895870	0.8007590386975221	0.5098460899624657	-3.9415916894240457	0.0770063962777403	0.5297669322816074	-5.8910296851925148	0.8482383871155403	4.5997835673070302	0.4814867663262412	3
-0.9562336260855644	-0.7513376906811322	-1.6009696538879572	0.8110790435643664	-3.4205510168322077	0.6538114896300056	-1.6033276293909404	-0.5555476616852928	0.0581947671633438	3.3907871911466154	2.8793412735240427	-3.7066524734386119	-3.1159915319836644	-0.5359073686258453	-2.5533517118065561	0.5039695471247698	-4.4181107514256146	-2.2704289202628214	1.0595236123701333	-4.8842539199884278	-0.4943712583630075	-0.1737914495839608	-3.0117193413508376	-2.8174569151389877	2.9638395965135005	0.9455846862035182	0.9615434036663726	3.9050956722508947	1.2597860347886007	-0.4109609236952134	0
-2.7232502966740788	-3.0642920931281661	-5.9872829627897817	-1.9800181516376614	-0.2517788000630685	1.0065212265707366	-3.7865783082265581	-0.9012595178931411	-0.1042285964461149	0.6952945546764988	-0.3548287429086145	4.9692600714464934	3.3389233989828044	-4.8750368117008005	4.7998493089034362	5.0660900134629854	-1.9516707936616444	1.3459696677419912	1.5101294169398718	0.6739320623087797	0.3262490191833082	-4.5771965380619068	-1.0635028492253689	3.1447320673769319	-0.7710825792817979	5.7503486543101863	-2.0117277198611898	-0.1420667338113866	-0.1204323635084577	5.3457054678303129	1
-0.4080797405227170	5.1495101540254034	1.2396071730726357	-4.9959931936575712	-6.8580621350640820	0.6101383722724776	1.5359006518479017	-3.6229313054388550	-2.4524819062004211	-0.8117611023778954	2.7916311782714738	-3.5548097953559017	-1.2185969320938050	-1.5369515298689969	-2.1185705838081192	-3.7669546697043530	-3.4535914204703051	-0.8722559994478776	-4.8932350007673273	4.5787712719426645	-2.5041432840161804	-3.7772552443715055	-5.3564000981292139	-1.1999477435107511	-1.9162842218249463	2.2663541740157043	-5.3008980427282708	1.2540825424673399	-4.8226483016130146	0.4062383823018187	4
-0.5608884372941358	-2.7562344433552268	-6.3467725783177178	-1.6688791800376459	-0.9729692625981463	0.7413523322931592	-4.9747275625867786	-0.3314784322295243	-1.0743818766736899	-2.0546379395096488	0.9057858350871193	4.4416135813229687	4.2606439446537001	-3.0903968039355867	5.1214765545522472	3.5310982875855617	-2.9062524616563437	-0.2501261855998358	3.2983942252929177	-0.3390948284296593	1.6645179059283493	-4.9539156019382080	0.1550429648094207	4.4450887101859760	-2.0275685553257023	4.0659738132560097	-3.4016181852733434	0.4933835933219053	-1.0413579569391618	5.4280250803762584	1
0.3850358256653799	0.3255524119084967	0.0720643231037428	1.0662897984676545	-4.2341524946747588	-0.7190993978613340	-1.9719820665466994	-2.4029421021902833	0.0021011099777706	5.6816013003266432	2.3016135387675893	-4.9293736642077448	-2.3396531448993159	-1.1482429594343531	-1.4793912967089566	-1.2611827647718341	-4.5140338633704999	-2.7029788757264623	0.3646816955690300	-2.7854347649320421	0.5303204045518174	1.0852382590038463	-3.2161374449083677	-3.6599548719479911	1.9969950313744369	1.7554576076162145	1.3193145440829190	2.1700851151153340	0.3462113416357425	-1.6459000985835557	0
3.7989336934191686	-3.9785423790694883	3.3229300350341378	-1.1510230168316866	-1.2563491531710991	-1.6260919424690607	-4.9690496181014181	5.2580151385440184	0.5982520296800746	0.6015636118594989	-0.6106406697214006	-3.2010802697309355	-0.4238849018148307	-1.5536203290353314	-1.9464223382261017	1.6519904370977798	0.9956003565309266	1.6408545012529756	0.7730091188732584	-2.5774750508336570	2.6395262805107991	0.2947455237985828	-1.6151848092343211	0.3996348867762094	-2.9338074729383563	3.1459544636618424	3.2255917054504173	-2.4674456526282693	-0.7898825455187546	2.2537498665099132	2
-2.1302941422641077	-0.3374080103332040	-2.1807740122945041	-1.1549112879084364	-5.0248590151073387	0.2342084718586581	-1.1259722476131810	-0.6730458264764256	-2.6757935667072354	5.7646882644280177	3.4967712875979666	-4.0549072421768280	-2.4161773523790320	-3.9945364286588729	-1.0024902920662653	-0.5986907333070508	-4.5306920132233479	-3.4968685551759293	2.0617524029054617	-5.3245769302776935	-1.4700755637386838	0.4381443980185828	-4.3562209318093679	-1.6417852407301883	2.6237741992842052	3.3590959439630996	0.1530104594873403	3.9172830330094262	-0.4442460353815387	-0.6285028897696963	0
2.9822163128218806	-2.1703697704056948	2.3245363309109095	2.2462927880616368	-2.1315506063847747	-2.0034541929482836	-4.1223195470844090	4.4149789748778279	2.7255154259161625	-0.0138889265676956	1.5945345366271950	-4.4305519093785994	-2.4252010183015358	0.9838931496601897	-0.9016896029634602	0.6612429786484477	4.8593277689795693	1.5163673501308110	1.4582225145559109	-2.2380309296613969	0.6131954085365511	-0.7390180688396937	-4.0513341398844185	-1.3266005691795293	-4.1311847260743120	3.3384675931821235	2.5756843467821033	-3.5801334809534548	-1.7067234976051462	3.8697116244712664	2
-0.5562145719524345	-1.8918178601605979	-1.7420602821400797	-0.0777759181887823	-4.2889319656722762	-0.0195843500126858	-0.8455778383762453	-3.7113222585932197	-1.8346774038894449	5.7646087957155210	5.2984561999627822	-3.5065152862322968	-4.4604287095223327	-3.6243150359762142	-1.9498600736103244	-0.0311698393679192	-5.1594469277903485	-4.9428942252824957	-0.3525693434269426	-4.9298846011183040	-0.5026043410523942	0.0670370752350160	-2.7188655182892507	-1.2235174960996011	2.7734719641335799	0.1650751858883548	-0.9676134913449606	4.2141798420017995	0.5980848538798327	-0.3695972617158418	0
G4
0	45	6.279268704517692	30	6.7765541108445735	68	6.870569218880489	37	6.8759372976699416	
1	9	5.912955084458192	19	5.922770783921724	83	6.626964319743897	12	6.805811622322619	
2	3	6.678015675154632	48	6.967446793549813	82	6.982888942051575	71	7.06706133260901	
3	71	5.500331432541827	29	6.05691076531956	47	6.3372525029817375	20	6.542588666951741	
4	61	6.366980181397505	78	6.795686209794864	67	7.146432529265471	41	7.278162851466603	
5	49	6.195897448913495	94	6.562437475107565	83	6.654809284444684	79	6.7366996893481375	
6	61	7.579770542846913	87	7.701593680191494	78	7.940555809696041	98	8.03818075349501	
7	46	5.11058063365337	65	6.4448173296279085	77	6.536880065645417	50	6.651707623771019	
8	24	5.914787642994782	80	6.072812393124025	45	6.505827463690207	91	6.643674266066301	
9	49	5.6792598521915725	19	5.705563068483914	1	5.912955084458192	92	5.979230271980509	
10	11	5.129810203371525	31	5.372480756082061	68	5.624664410706406	95	6.110821631496789	
11	80	4.812659734355218	10	5.129810203371525	74	5.147951239745151	31	5.514410712551546	
12	49	6.248971210296454	14	6.795909937851508	1	6.805811622322619	62	6.8367927310146674	
13	55	5.2768540982390295	78	5.517738695483155	41	6.183540731509763	39	6.271258604314367	
14	12	6.795909937851508	62	6.831049067169591	59	6.860145536452627	79	7.041382110186683	
15	91	5.931598816708134	24	6.205067954617698	68	6.241569992139112	37	6.286362041281581	
16	76	6.171940936671094	34	6.5029306135443266	58	6.8856678818604955	65	7.059207265848218	
17	84	5.401739455114163	47	6.025366490917103	90	6.366290498184245	88	6.4635164309458	
18	63	6.6719971992825675	45	7.542057489644597	99	7.796101585345267	10	7.882374899355728	
19	9	5.705563068483914	1	5.922770783921724	49	6.232586894333396	92	6.348694235541097	
20	84	6.128360169926574	3	6.542588666951741	26	6.736487246613667	33	6.749013686482576	
21	58	5.516628474665685	76	6.724744559610509	34	6.908146046730072	85	7.243788963588968	
22	49	7.005775723426532	43	7.046663563540866	5	7.178316920164868	1	7.287430771936047	
23	52	6.008526325008655	36	6.165583715910689	50	7.195682688466397	34	7.262217647275187	
24	45	5.84287644584861	8	5.914787642994782	68	6.079826129807865	80	6.1765412803609205	
25	34	7.107797567379758	58	7.228096841458144	52	7.306542586003298	54	7.331283018928663	
26	33	5.924142954729907	84	6.135102499283096	90	6.181554454304968	47	6.214339008530561	
27	98	6.476228462732917	78	6.743292640963968	89	7.0994801222477	61	7.11204374112764	
28	67	6.304489036411124	41	6.4855646984919675	13	6.8437366350897335	38	7.132514764102792	
29	71	4.459420483613918	73	5.746261388126949	48	5.8645847283939885	3	6.05691076531956	
30	95	5.506085871979664	91	5.958043573966281	45	6.1085359013606135	80	6.163332464442918	
31	10	5.372480756082061	11	5.514410712551546	97	6.372616797017772	91	6.639081053967823	
32	47	6.438895660175019	48	6.809636774193733	66	6.969619575148495	84	7.285789976740603	
33	26	5.924142954729907	84	6.567854453938593	90	6.608014576544753	47	6.68641361756483	
34	85	5.269497969799012	76	5.391513381993406	58	5.621537634684677	54	5.874633579426888	
35	13	7.168206238477185	70	7.419964833929605	89	7.807815832424347	28	8.009222660396292	
36	52	5.741247406185607	93	6.099525379257893	23	6.165583715910689	76	6.250440841562123	
37	91	6.135563776068777	15	6.286362041281581	45	6.2885941708264355	57	6.521876841402601	
38	70	6.30583869960322	67	6.707028169549578	28	7.132514764102792	61	7.585683073529225	
39	13	6.271258604314367	41	7.414278787867178	55	7.9686994897670465	40	8.073148602613541	
40	55	6.550788354814789	13	6.741313793494834	67	6.8191537902759105	61	7.07804108208467	
41	78	5.968871877493631	13	6.183540731509763	61	6.410722258778832	28	6.4855646984919675	
42	78	6.589636017877886	13	7.290023536413719	4	7.639008084630895	55	7.661228090305513	
43	22	7.046663563540866	72	7.0603496384093685	62	7.15442841700384	59	7.210965388101133	
44	76	6.470822489985083	34	7.024614526775019	50	7.0932362042887345	58	7.329980532586067	
45	68	5.823299458253498	24	5.84287644584861	97	5.9139908536496755	30	6.1085359013606135	
46	7	5.11058063365337	52	6.3905445550781	54	6.6388857852545105	65	6.734295168109986	
47	71	5.411019125943266	17	6.025366490917103	48	6.051328017114045	84	6.094113510580189	
48	29	5.8645847283939885	47	6.051328017114045	73	6.144091094799753	84	6.163045564975199	
49	62	4.738065286193318	9	5.6792598521915725	5	6.195897448913495	19	6.232586894333396	
50	75	5.357764308443058	52	6.631402186545608	7	6.651707623771019	76	6.732578167096793	
51	34	6.299135634335498	76	6.504657469928841	85	6.892539936183508	46	7.356614101729329	
52	36	5.741247406185607	23	6.008526325008655	46	6.3905445550781	76	6.4991409878624955	
53	56	7.408972012852324	22	7.64882371020665	5	7.755473400023081	1	8.296066249304948	
54	34	5.874633579426888	58	6.4712916991139116	46	6.6388857852545105	76	6.755761885607762	
55	13	5.2768540982390295	78	5.726475835174609	40	6.550788354814789	41	6.929638180873513	
56	49	6.736235121437273	92	6.791264797712096	5	6.875102439754979	1	7.139567920785792	
57	10	6.152786855201636	11	6.490465970431078	37	6.521876841402601	91	6.540086139301129	
58	21	5.516628474665685	34	5.621537634684677	65	6.024279517603267	54	6.4712916991139116	
59	49	6.3894728717139095	72	6.780533690069325	92	6.852003019053205	14	6.860145536452627	
60	86	6.746002076063456	69	6.770782112345513	84	6.907727535156598	47	6.927024444655157	
61	4	6.366980181397505	41	6.410722258778832	87	6.857098897024601	70	6.946661933530085	
62	49	4.738065286193318	9	6.644260469622315	14	6.831049067169591	12	6.8367927310146674	
63	18	6.6719971992825675	45	6.682044328170994	10	7.178500044313178	30	7.267440951739947	
64	59	6.886610758677995	94	6.922672138104856	79	7.079134537744838	9	7.2488086938407825	
65	77	5.21444762850323	58	6.024279517603267	7	6.4448173296279085	36	6.511334548864546	
66	26	6.628386871570158	32	6.969619575148495	33	7.09883060675491	47	7.176823289650271	
67	28	6.304489036411124	41	6.542046574810537	13	6.627999426743133	98	6.629763294359274	
68	11	5.596720574965471	10	5.624664410706406	80	5.811089092413385	45	5.823299458253498	
69	47	6.230124097249245	86	6.6354848569072855	33	6.754252053410832	60	6.770782112345513	
70	38	6.30583869960322	61	6.946661933530085	35	7.419964833929605	78	7.488008267921212	
71	29	4.459420483613918	47	5.411019125943266	3	5.500331432541827	26	6.3069587214328235	
72	59	6.780533690069325	81	6.854016206754414	43	7.0603496384093685	94	7.309597813044803	
73	29	5.746261388126949	48	6.144091094799753	84	6.866274655180528	71	6.954868732095272	
74	11	5.147951239745151	80	6.5668692360283	68	6.695871191631344	91	7.047593223626373	
75	50	5.357764308443058	85	6.56674604598719	34	6.71638939722319	76	6.763636409674585	
76	34	5.391513381993406	16	6.171940936671094	93	6.21906659858101	77	6.2390812365908435	
77	65	5.21444762850323	76	6.2390812365908435	7	6.536880065645417	34	6.751804213771381	
78	13	5.517738695483155	55	5.726475835174609	41	5.968871877493631	98	6.548732929788356	
79	5	6.7366996893481375	14	7.041382110186683	64	7.079134537744838	83	7.118095238861077	
80	11	4.812659734355218	95	5.753240804461406	68	5.811089092413385	8	6.072812393124025	
81	9	6.714955029807995	49	6.720550972550872	72	6.854016206754414	59	6.924249654891588	
82	2	6.982888942051575	3	7.2623489466577285	20	7.312419578227977	48	7.3549064844830285	
83	92	6.251142628508205	49	6.293933474995382	94	6.465341833170253	1	6.626964319743897	
84	17	5.401739455114163	47	6.094113510580189	20	6.128360169926574	26	6.135102499283096	
85	34	5.269497969799012	76	6.406730177391647	75	6.56674604598719	51	6.892539936183508	
86	26	6.241947034852239	90	6.512047716638332	48	6.5162054689273035	69	6.6354848569072855	
87	61	6.857098897024601	41	7.671203875876022	6	7.701593680191494	28	7.711632774049919	
88	48	6.308562906285888	17	6.4635164309458	26	6.538782645571175	90	6.566352073836748	
89	98	5.943714588438394	13	6.5161707570032394	78	6.787268800375741	55	6.930401051724171	
90	26	6.181554454304968	47	6.306431809023515	17	6.366290498184245	86	6.512047716638332	
91	15	5.931598816708134	30	5.958043573966281	11	6.126266861282089	37	6.135563776068777	
92	9	5.979230271980509	83	6.251142628508205	49	6.2780101082933255	19	6.348694235541097	
93	36	6.099525379257893	76	6.21906659858101	50	7.26951022022668	7	7.416930011475103	
94	9	6.321731333358746	83	6.465341833170253	5	6.562437475107565	92	6.677307832493045	
95	30	5.506085871979664	80	5.753240804461406	11	6.000615686917788	10	6.110821631496789	
96	78	6.679781978587575	55	6.9850504221282534	41	7.1716801355506785	67	7.312567844777023	
97	45	5.9139908536496755	68	5.9540811777192415	31	6.372616797017772	11	6.971682983870127	
98	89	5.943714588438394	27	6.476228462732917	78	6.548732929788356	67	6.629763294359274	
99	45	6.922032757106638	68	6.971016596069223	97	7.146643444799831	31	7.401587130510131	
