-1.0983927949706460	-0.3218613946538419	2.9216631253491987	3
-1.8623041827941060	-0.6850986456799891	-1.5952867344076880	0
0.7399046286428710	2.8796656423091065	2.2013334257111206	2
-3.1405472217015413	2.3320501354410674	3.3156734066216051	4
-0.6035502947277751	3.1847831813594372	1.7358227061422757	2
0.5168518377738687	0.7396588632894980	-2.3677996575091540	1
-2.0966215957465937	-1.1725292424765039	-1.5247328658837327	0
-3.2368818482866333	1.9213581851439858	2.9680919470871436	4
2.1178666581981167	1.5346690694996530	-2.6124730589342615	1
-0.6118311317282725	-0.4897454700686439	-0.6713460111707674	0
-1.1591314147097189	0.2264349641562034	-0.5598122170441120	0
-2.9955496701442828	1.5142144258597283	3.2162524206489165	4
-3.0007339288354919	2.8158513454651821	3.5827495595422336	4
1.5935945744420805	0.8055198875004064	-2.9169641092757796	1
-2.1254550547465310	2.0222142717851073	2.7285195315843929	4
-1.5979774095403365	-1.0843880782580415	-0.3460734071366629	0
-0.9601684966119760	0.3790172310767583	-1.0742785111808433	0
-1.0103255870209085	-0.9518838110923760	-1.5628808287499667	0
-1.7122650388194121	-0.2942640643035593	1.5068860626988514	3
-2.3705148037707855	-0.7435370356056543	-0.5166219013898595	0
0.7783381067946027	0.8620136240712439	-1.8941678479244539	1
-1.0811412702268024	-0.2355270635302548	-2.1660878298437645	0
-1.9523569279591924	0.5089108129433704	-1.8214303973680583	0
-1.1927202317864207	0.3467870012513496	2.1279508888949712	3
1.3564514931727645	2.4854401504357964	1.8727804063955427	2
-1.6067376472578376	2.2557989381428145	2.6863082889783954	4
1.3194504119576229	1.8175455889060670	-0.7887276062091768	1
-0.6917992783407880	3.0397628085871418	1.9263021936334774	2
-0.5418972764123327	-0.0331820465616786	-1.5148596320188337	0
0.5126681668109041	2.3488234764372828	1.4377555707291805	2
-1.4791065865421198	2.5198000268519900	1.5638062703835591	4
-1.9295754259761400	-0.3819146276009869	-0.8883009807930516	0
-0.9583072007245668	-1.2632770017186159	-1.6776009877616116	0
-1.6673438499384097	-1.4832153876914052	1.9325900533731288	3
0.3080410280124560	3.1028084081203646	2.0845626988366588	2
-1.5071124357226529	-0.4686874557428879	-1.1017164640952224	0
-1.5085398670466996	4.6507981873458224	1.4124924078010384	4
0.0417502798050951	2.3315559997955306	1.0302044616375818	2
0.0317417926330674	3.0612052600445918	1.8910104005479698	2
-1.2805322378383375	3.0371247184179291	1.9363136741265126	4
0.9109540218315464	1.9001196445358290	-2.5096544249045021	1
-2.3469677253461523	0.0430670612972349	-2.0144004857310192	0
-0.6900849282509496	2.2409401404427287	0.6200845999307483	2
-1.5227813560659496	-0.1017825151325442	-1.1413959006449033	0
1.7248034264747183	0.6566021772316269	-2.7860561823464667	1
-2.5601807366272875	3.0606970052465368	1.7030403295561527	4
-0.7645111482341782	-0.4249617152833985	-1.4057918455022984	0
-1.3049589537182986	-0.6543339519123939	-1.4025572401632742	0
2.1439481649932044	1.7494117425902216	-1.0468796741716466	1
-2.0200475034417096	2.5985126333278514	2.0295329197709604	4
-1.6987113458239613	-0.1415632858399602	2.9665216779869739	3
0.1096391030762038	0.1567490388642120	2.8308150092113245	3
-2.9394472560142058	2.0444733847124739	3.1626695362941057	4
-0.7710700852263890	0.0484998646173494	2.5390676480667294	3
-1.4359253704078514	-0.6193761509745583	-0.3025652171446023	0
-2.2620142035054602	1.1480533556058932	-1.6461827060415906	0
-2.4305723057986581	-0.6843078973793578	-0.6430726657165251	0
-0.2210691914029049	1.8139184595989184	1.7607546364609576	2
-0.0622781456064785	0.8572123841097721	1.7064064595461244	2
1.1839766612484386	2.6531108904492466	2.2789816829788561	2
-1.3111466294788603	0.5620071084421709	2.5931857057853800	3
-1.9640969784146254	1.4301917603753993	2.7208020328711551	3
-0.3319219292723750	3.3299772980257796	1.2202932391437096	2
-0.2136152507631575	2.1754070333009601	1.8882680923018551	2
2.3796070457501206	1.4050061318014899	-2.4743210142185879	1
-1.1354022263479411	0.8038821298711234	3.0752342253717901	3
0.1797283385464057	2.6140438779729629	1.0703226542765734	2
-2.7592949267146363	0.6159060426245334	-1.8256912343472627	0
-0.1544180437306193	1.2944346804924933	-0.3359746475217074	1
-0.7661579917695631	-0.1936986279186958	-1.9024013379253943	0
-1.2155388669008307	3.2333713773520767	2.1721942458918262	4
0.3260028331044922	2.3053598750793567	2.7876659238389534	2
0.0998289202974698	2.5993003820407194	1.4988958097729372	2
-2.5611075179796536	1.9862884665843150	3.0582453655303943	4
-1.0717191027338286	1.1013222385536019	2.0023922162705512	3
-3.2119210138523551	3.4106801106417577	2.6281622838823937	4
-1.6302879443976264	1.0361305882417928	2.7444833144348380	4
-1.6512209506556754	-0.0661413267797900	-1.6623101998846506	0
-0.1661948280209368	3.2424535267182120	2.1697134722445068	2
0.3070058377827102	2.6442647617119319	1.5194967057534785	2
-1.4740016015819615	0.0687549138221294	-1.6728188438863358	0
-1.9630368137741208	2.5201105062940554	4.1062325195827007	4
0.2327241170140706	1.4679113466396885	2.1185121311036332	2
1.4509103958598857	0.4925735749749419	-1.3236239428052323	1
-1.5877982321465685	-0.3683804580952784	3.4347414521020507	3
1.7133463852922020	3.3800582892796323	0.8705836209912011	2
1.4408912918323329	-0.0353342016132059	-1.7651363327153138	1
0.7596695939759720	1.0959408735320055	-1.1391841394340765	1
-1.5061653961016042	1.5392022410382342	3.6175964842473318	4
-1.1059517233819858	-0.0973574860434472	3.0485230821366067	3
-2.1557503593012655	-0.2004429845291318	1.3317441984319482	3
2.0295609219992543	1.4358671907186389	-2.3350015595377815	1
1.8772329736918918	3.9280059814736346	1.5153225601323601	2
0.6291505730117657	2.5675921098479937	1.6772925185766143	2
-2.9689487696547943	1.7843471785554181	4.0485598409699097	4
-1.3537086697913496	1.8183871245319003	3.0985315343466970	4
0.2014902988690925	0.5878381840683848	-1.1521131847686132	1
-1.7847467851555214	2.7751507241817284	2.6525473567604458	4
-0.1899804488685608	-0.0391268108695494	2.0609667904066655	3
-1.3949042900302491	0.9114470422910796	-2.4582797382337018	0
1.9771309253805822	1.1268085692471501	-0.8552014169115035	1
1.4658552290764399	1.7529422148460179	-1.0157739059426816	1
-2.6790134389318752	-1.0030051902830770	1.4015009207431945	3
-1.5129461629272964	2.2836300505437088	2.1476308698543893	4
1.4787473213227169	2.0669626535673431	1.5688825744261063	2
0.9140712831941752	1.5000440194540041	-0.1522298810088552	1
-2.5017716241491508	2.4052137902512576	4.5205009056463812	4
-1.6348591794850886	-1.8652306411514108	-1.9350403357175676	0
-2.2120762912954985	-1.9616146561893297	-1.2706927210841190	0
0.9776996146055499	1.2827393210977049	-0.0506069691518622	1
0.7011435880381307	1.3656341831589003	-1.7167030467349822	1
-1.3193163071389833	2.9877758922232056	3.4508278127220220	4
-1.3735049840602889	-0.1651757556420885	2.5086061189772835	3
1.7557193209297461	1.4330527149168046	-2.3844258793865309	1
1.2170857365291101	1.8458046385085416	1.1968378655355432	2
-1.5206127636136224	0.0323768283528804	1.1831984532803173	3
-2.0891642183734378	0.2081818719456016	-1.1021384781242167	0
-1.3684095980183648	1.1008858687520724	3.0681560350823847	3
-1.9379930141796611	1.9372612599807684	1.8023250620089017	4
1.5574315798157177	2.2086184577447323	-1.8638121822068687	1
-1.0151533198207285	-0.3560174128183245	-2.4325661681270261	0
-0.8911068228212224	0.8435994853362816	-1.3486533070833693	0
1.1661606499815325	0.4253465221387672	-1.5304036557145255	1
1.0917702920430472	2.8307804125599749	2.4667399388720312	2
-2.2116587148657976	1.9741544891133329	3.4898768550652104	4
0.2516531972511948	2.0586739469082307	-2.2543218572541752	1
-1.7489365988188468	1.7194376425553353	2.6239703681565683	3
-2.5953513286773768	3.0541638975563172	3.8891719433098313	4
-1.9652795744193623	3.7532834510398123	2.3470977147176870	4
0.7333120886732090	2.9260528278363194	1.9001777626508123	2
-0.2944090695258474	2.7958754735921483	1.6729176142628805	2
-0.6811183267939795	0.7500038600027034	3.3323834141270483	3
-1.9789886794712865	0.1601192867430466	-1.2448059257007775	0
-1.6217540690246783	1.1482336297897529	2.5877894228794975	4
-2.9297106177764527	3.1607362346637489	1.9448083180638225	4
-1.3756814695321202	0.9234376350805897	1.9099120040639013	3
1.9955342493403552	1.4305832508786576	-1.9449892766480505	1
-1.2459186470695256	-0.8407185118186158	-1.2185190532616390	0
0.4125794480972366	2.6446609066533049	-1.6093117333265516	1
-0.1530717417018159	3.0758451200420818	1.7883690244705883	2
1.7238829841729642	0.6929077940554242	-2.8758313924670347	1
0.2295577025946738	2.5577017740995855	2.7768245452128868	2
-1.7245034611671128	-0.7925827825501139	0.7132683874951735	3
-0.6433238886655570	0.8491424146580562	-0.6242390391042881	0
-1.3990031112343253	1.6652891415957076	4.1754762776525851	4
2.1572105859120225	0.5634061982098068	-2.6389148535744633	1
-0.7497447985440233	3.8982216874576183	2.4022516105139351	4
-0.8191842881691748	0.1881843086556327	3.3687986345280878	3
-1.1448144056116849	-1.3624425406411840	3.0692763268572509	3
3.0424784369900353	0.8773324262229516	-2.4084470602572852	1
1.3319782266617943	1.0578243922562920	-1.0805797138001738	1
-1.6254034757785276	2.8753830863040739	4.1434847423561516	4
0.6797045130394684	3.0875305760104905	1.8205010232157837	2
-0.9036094454917487	-0.1391007329021645	1.9854860522908020	3
0.4337667853561886	2.0972365076758175	0.7727742024259309	2
-0.3089295725630119	-0.6969076186459081	-1.1428917775352971	0
2.1201032948445997	0.4551367216814229	-0.8676836724859645	1
0.5038817432483581	1.8294486787986055	2.1598526483739704	2
-1.7301480003156740	0.5907930516824659	2.2099170355259639	3
-2.4553393731346760	0.5745691265685524	-2.6697793478772458	0
-3.1128489902798178	-1.5156749460032111	-1.7395838907839698	0
0.2616695101602872	0.9651870796907003	1.2735552356584734	2
0.9818851819129863	1.0624892660537757	-1.8092227467500104	1
-0.9675785245577879	0.0974681243759970	2.1398491542388052	3
-1.6950271811756754	2.5699163587768421	3.5189348987708322	4
0.1478174747978349	1.0122106458381952	-1.7175981716775262	1
-1.7771796493308847	1.2516489535379756	1.2453419573053655	4
-0.4773379777536507	1.0021933204672848	3.1207086826852368	3
-2.3923016044617174	1.6664843456385836	3.5113505968070435	4
-1.7699202130717442	0.6892636571672066	-2.0094257074642945	0
-1.0945584631757406	2.5973513856287989	3.2551510226842169	4
0.1591423747544762	1.2559750294433438	-2.2120599928749969	1
0.9487657350866843	1.3991730506898750	-3.0096775520927461	1
-1.5964391569351866	0.8807576990857603	1.8657760847922829	3
2.5470816088017418	0.1715707149851913	-0.7581491146734523	1
-1.1566840432554597	-0.6568297199738012	3.0656733091801258	3
-2.5050955940175506	0.1659048159663396	-0.5525327144832598	0
-0.2048113833242483	1.5781128668681772	1.6376867476860593	2
1.7725470089979631	1.1896988025692716	-2.0070199791573766	1
1.9683252698667020	1.9452641178302323	-1.0517745292278966	1
-1.6083636486385433	-0.5300412419743848	1.6029231542801021	3
0.1508024045717455	2.1966664071444422	0.6037459538312804	2
-0.4311262683667088	1.3202027896695148	3.0389476129799675	3
-1.4189727561605285	-0.4612133503370278	-2.6931488663315695	0
0.4878751013183825	3.0252328544054468	2.5640690347937696	2
-2.1978011988451267	-0.3143664022301118	2.0314757653604549	3
0.1922600794595168	1.0767210683346529	-2.1434558925100426	1
-2.5864244602618012	1.6499844389418699	3.0064831769769582	4
-3.1431234068296678	1.9957516885202113	1.4573564518146576	4
0.8000159804687410	0.7757431019423547	-0.8076921968891572	1
-1.6247605910303913	0.0196045137776118	3.2930760318623227	3
1.0567481512415351	0.9141488248635067	0.6141797505252311	1
0.6138149353105049	1.5201858336115361	-2.6315731347856035	1
-1.2616228862174592	2.2243101838697932	2.5193905128232026	4
-0.4295618332242959	-0.2571374013476305	-1.6988625823226999	0
1.1433148311752297	1.3650420714562554	2.0585269540413282	2
2.2878223598346787	0.9457399846639194	-2.0572475791329712	1
-1.3328195937695198	3.6092200327101649	3.0510498291983179	4
-0.3816610514972074	-0.4971740485305409	0.8010052151716542	3
-2.1110275177390454	-0.5848251226074567	-1.4225926229208243	0
-0.7771989479687860	1.7162208743913836	2.8203385223496795	2
-1.9236945571544009	0.0487360449304009	-2.0351717963044900	0
-1.0494644707317318	2.8463486544022083	3.2474165834738686	4
-2.1279154169707266	1.1405575800673284	1.7129276313891375	3
-1.5207228711071643	-0.3565395589076753	-1.2725746530437407	0
-3.8274595732276633	1.6443088699752249	2.5372424693784872	4
-1.9988192132760101	-0.7431484762534145	-1.1576328339226740	0
-1.6719538850572910	-0.3298588098656392	1.0076127099916359	3
-2.7819896316280102	-0.3352493440447202	-1.7456531045779424	0
-0.3185289578477855	2.0005741324951050	2.2297685026247880	2
1.3591383524024516	1.4511782791301953	-1.1979694817777784	1
-0.4837869937227544	0.1334355753046355	1.9530748832203098	3
-1.8258535476419981	0.0167037626233630	-1.0128430642160100	0
-2.6241421047995983	3.1251331702822025	2.1014293564883095	4
0.1498567045829620	2.5100945696976207	2.8355088100227559	2
0.0722580511011972	0.5782168354902560	2.2968065073133399	3
1.6758813234233076	1.2092616260276854	-2.6781360691325986	1
-2.0440280507389770	1.4706524030644026	2.5306252307059740	4
-2.5048280765462394	2.0327986467608423	2.8526347626786825	4
1.1549396245231207	2.3675711427211565	0.7118955842560564	2
-2.3062586524710231	2.9125095673026609	4.1936604967112068	4
-0.8920898989261945	1.5250780120704945	1.0091507851653960	2
-1.5033305876559622	-0.6870887162717626	-2.3694067037805433	0
-1.8194195951272576	-0.2982374708956066	2.8316525567515685	3
-2.1031079934994721	-1.6973994500695377	0.3363211572269835	0
-2.1726573058484986	3.4951018460861523	2.3532112040207216	4
-2.1391601156351712	-0.1435108208328110	1.6334683673952761	3
-2.2602108501359295	1.4508102882179430	-1.3834071689745748	0
-1.6130452278378744	0.6328628955603989	-0.3202722301802972	0
0.2839673282537561	1.0166558061604949	-1.4043878413459501	1
-0.3206195898759505	2.1416054216991656	1.1188344979682845	2
0.8413711491797844	1.6377388095785510	2.1389254573076144	2
-3.4066413465996361	-1.1393174798146293	-1.8092935006156159	0
-2.5007250462620019	1.9376100854126967	2.8992535549933094	4
0.7445704209237091	2.2003848640660606	1.6965759062131225	2
-2.9885242922110056	0.5017273689290987	-1.4138316155951989	0
-1.9260799510024316	-0.6959826908611044	-0.7470266102022400	0
0.6708966036266203	0.9871933530027102	1.8301313508853028	2
0.7800116297600314	2.6999900715087857	2.1873699465767875	2
-0.0682012650645163	1.8966953086959539	2.6871325252182121	2
-0.2179542254748061	1.2164779707163151	2.0992313367671405	3
0.4092346225898854	3.3440590953707900	-1.5545584963361379	1
1.3598223504413711	0.6450421975749100	-2.4309779914091671	1
0.8961320909948025	1.6701886771013346	-2.2108585778764116	1
-2.7972821057796367	3.0109400128468149	3.5910405257417439	4
-0.3178966834806353	2.1427677052318956	1.8432676364129312	2
1.3339199957125027	1.5155441312448206	1.5251339860827509	2
-1.2516680307583505	2.2035599750674413	2.3612244430665998	2
0.1387095727312588	0.8846616037543521	-2.0189062780842475	1
0.9522723829163978	3.0821741454069520	1.8126524217330835	2
1.3502804219251165	0.2611859736614865	-1.7971893081207138	1
1.1141469090081728	0.7470903145172961	-2.2787172161750657	1
-1.1770805666396911	-0.6032091838389290	3.0390177871723263	3
-0.2499625319791772	2.4041590586944070	1.4839695683941896	2
-0.8195453734317001	-0.3105892998633415	1.1805030203262719	3
-1.9869355186301834	0.3957999759061236	-2.7788014646514974	0
1.0232821619127053	0.8102294718346242	-1.4838587715168112	1
-1.6710068553657778	0.6394294190917134	2.1979653594763322	3
0.0173609259090064	0.6503962793404202	-1.7810254126588489	1
-1.1156897781423329	0.1230374908878808	2.8829394397112136	3
-1.9161485297738801	-0.6056420834066329	-2.7384541199403696	0
-2.4929047230295445	-0.6282254449623667	-1.8521254088918275	0
-1.7330124107382825	1.1029206597458354	2.1773589303655774	3
0.2353272024506604	1.3075409827374671	-0.5051491670297721	1
-1.9230306055477877	3.0133874032703383	2.5693425851122447	4
-1.6497306851529567	2.5011849533961641	1.9535855243762452	2
0.7360254066854286	1.4029292279765426	-1.2834819265665400	1
-1.9629754533701878	-1.3443982464382112	-0.2831098009145017	0
-1.8905836194866403	1.6314900917563744	2.5810604002017428	4
1.2188330167966668	0.8371582026865412	-1.6725267390160652	1
1.8097745280532687	2.3263037384535501	1.2764251085980698	2
-0.2835300799860914	1.7247835060842824	1.6487796595699018	2
0.9888059263513119	2.6178048511364431	1.2353373148109665	2
-1.1689430690830034	-0.1436579691410198	2.7206781620984213	3
-1.6206994357351945	-1.1092855756538944	2.2450601032751427	3
-0.7916271804138926	0.2953356220231577	2.6491757611620921	3
-2.3396877649211452	2.2789389099657371	2.2438176223998010	4
-1.2854985257223848	-0.0971419571127550	2.5067795692640122	3
-1.3297009826207395	0.2793074752342421	0.8561395133347232	3
-1.6718675591222893	-0.6896175388330859	1.2529232996653152	3
0.8107241419373098	2.4372068621411733	2.2684031367945336	2
2.2709332346074067	0.5428052909589325	-1.3686770506346755	1
1.3627202874729551	1.5769888647973009	1.6203594309989553	2
-0.5797608875359243	0.2818615627939849	1.9781775479473229	3
0.2237860860510386	0.2962838841226687	1.6474948772291360	2
-1.5234191660160168	-0.9932633044759938	-0.6583621248672112	0
1.3794890499140682	-0.0068710675592256	-1.1588726409147878	1
-2.3786911392485810	3.1333812181811211	2.2772494080315049	4
-2.3635459261447136	-0.4402617470212575	2.6817878744180641	3
-1.9058657931962677	0.7031815177640318	2.4468066123870194	3
-1.6488981693649818	0.5136231096380539	1.6337385866059011	3
0.0001981088732481	0.5682156912427936	-0.8146707930423215	1
0.8804970202951312	0.6099505369593965	-3.5759964439920706	1
-0.2835225935432308	2.2712568940067190	1.9069769588314940	3
0.9647776818177841	0.7435489883277404	-0.9863865750493269	1
2.2689939071900058	1.6604149627894438	-1.1323501406645908	1
-2.7502171645570890	1.0792541070792416	-0.2021330717190846	0
-0.4892187716822136	0.2837864385010259	2.6282719660181559	3
1.0625994822587486	1.8879530412072254	2.2353289389170605	2
-2.6790011152437989	-0.2790126074816729	-1.2744555349600475	0
0.9041355841632464	1.2705049614191359	2.0622692002277536	2
-1.8151044038400168	1.7052243898567574	2.9891638784738936	4
-1.4989557043737665	1.3389805937248787	3.7896427211563148	4
-1.3086797526094753	3.4549586038866260	3.2494584637841664	4
-0.1015328472419863	-1.0173518968183637	1.0774556906170374	3
-0.9687365882240520	-0.0446781685486706	1.9421233071489148	3
-0.9475550478006252	2.2186051231242101	1.7030848723839807	4
-0.2287941574158021	1.2380273335550975	3.0594410129948915	3
2.0719224734912394	0.9201829743948992	-1.0838333343970796	1
-3.1527475936366072	0.1559324382335889	-2.5516399972271619	0
-1.4552029407444786	-0.1028099067300619	-1.8253023788221794	0
-2.3686345215849283	3.3642209138223631	2.4829172640900512	4
-2.5343719779857370	1.9484169700115488	3.6773016142205743	4
-2.0763713504666916	2.7245309883103852	3.6201440856261686	4
-1.1212909276089307	2.5372830345691657	3.2473499876229934	4
-1.1627613962630725	-0.4951225076786736	2.4893007100200273	3
2.1149673188047675	1.6004070467144174	1.6546880408049678	2
-1.3398594503521910	0.3013365831942783	2.6545877759282455	3
1.7764809884164663	1.8873810764553076	-2.1984322396710807	1
-1.5079325778826065	0.0693300040138402	-1.3790991503028527	0
-1.3941935092416922	-0.7464391539665153	3.7308118204286465	3
1.6695480751245189	0.2393121076843875	-2.8137126897347122	1
-0.1411150010720614	0.3271460417304975	1.2537668465894838	3
-1.4221464160977613	2.3166582720062383	2.1255556108975102	4
-1.7008274210257157	-0.3229721707956857	-1.6844364396329283	0
1.3423414852385969	1.8030123960975835	-1.7141078644017171	1
0.1784542932308650	1.3326503898581403	1.6823151635794218	2
0.0886577739634675	2.1288743982774281	1.6532385614394736	2
1.8995463267801402	1.0307898743751149	-2.3769901726148670	1
-1.4211537926515909	0.1844258723422139	-1.6064322526128603	0
-2.6144469380260933	-1.3938061691656456	-1.5904530899563261	0
-2.8006148102685198	1.7852559748225054	2.0357009325387296	4
-1.7014287665861763	3.1622149988502928	3.1638149428701077	4
-3.5183274822298580	2.9458279002962380	2.3569285924008780	4
1.5274382604623336	2.0440615390686352	-0.5003557357209865	1
-0.6275943551208165	-0.1172770860788451	-0.7064555455750164	0
1.0731207195816053	2.4281135931686144	1.4311098301202587	2
-1.1833469774113330	2.1994618120991714	2.1017239124043767	4
-0.7892054018882984	2.9061355393884720	1.7234261647074238	4
-0.1611427617290120	2.7272892420998236	1.4072862327105360	2
1.3773920035506255	-0.1606231779740073	-2.2763643472325494	1
0.3124016886510265	1.3348881203263299	0.4898950074754806	2
-2.1905206055521687	-0.2126810019249065	1.7007225976324407	3
-2.1684118864991091	-0.0002535015399816	-1.7030539703278524	0
1.9402866359844861	2.1251928585511850	-1.4428644504987922	1
0.3549358989656179	3.7830021015970940	3.3395601129225359	2
-1.5450292235454062	-1.0319396019751967	-1.5006082793172779	0
1.4034844938536986	2.2829648283618189	-1.4211929753919708	1
-1.7945310646015673	0.0654484697274611	-1.0630083697177370	0
-1.6522183917738231	-0.3186015025969865	3.0970603256556957	3
0.3830244167210189	1.6515564933161477	1.7179374602707889	2
-1.3846425065674994	0.8556800046996083	2.6854061570740679	3
0.9808189022166492	-0.1303435215542414	-0.3163584000252266	1
-2.8973417862070878	3.5067494782673840	3.8280788816821305	4
0.0010957055304495	1.9641062925147086	-2.3008387746805594	1
1.6411340099408991	1.3646253832000808	-1.5088785043654971	1
-2.9281661080030994	1.9915666476044911	2.7016307054376156	4
-2.2807755208390947	2.4398958127587993	1.9857504344609376	4
0.6804668516876416	2.5401953225560572	1.3860718712850073	2
-0.9525091995163177	-0.4750862913954763	1.9171593846067396	3
-2.7219112983260469	-0.4756262077396065	-0.7187902043865600	0
1.8957490403550903	1.3588200006104070	-1.8062073657785434	1
-1.9319600720524464	-0.2045951071245972	3.5660751419608205	3
1.1294982060298635	1.3953027869282633	-2.2578478197610927	1
-3.4778452416514742	2.7894548771455874	2.9195475730308966	4
-1.5156697890539548	0.8623578130836483	1.4183827076724245	3
0.4554733485199844	0.0262990207472442	-1.9647362266537360	1
1.4653575063582911	0.2162788782285773	-1.8936328237318212	1
-0.6281585370498258	0.7598323468644859	2.5934223240124541	2
-1.4926016863421663	1.1351530871996827	3.1827217356113850	4
-3.1554149189777458	0.0389130900289005	-1.1935708586539824	0
-2.1506656568763027	1.3408751690784155	-0.6077016853731576	0
-1.6935868727261862	2.7798854220474536	3.5419550203115908	4
-0.8924611255302182	-0.1163682871439641	2.7495876013236478	3
2.1115289465036367	1.6128442711812259	-0.6612552417818387	1
-0.3937643578241380	0.5415423042028827	2.0938059894638008	3
1.1393517578212591	2.6277955226840786	2.1662920107090597	2
0.2591658667066616	3.2480445995206613	1.5117883210092697	2
0.9502461049807852	1.0283556346846632	-1.6399974008333471	1
0.9729669981923876	2.7584370712144155	2.1823147068056783	2
-1.9068450380170197	-0.2092769215779043	-1.4067652149822572	0
-0.8674767809694313	1.6127416662059049	1.9646528307342586	2
-3.1606569008740677	0.7656402074795913	-2.5364677680085892	0
1.8020849507774024	1.7851875429285511	-1.7622678836683254	1
-2.2732458337916470	1.3538681456209494	-1.6074468024581412	0
-3.0725111078320850	0.7761930239659819	-0.6035608728517693	0
1.9169234993935200	1.9397393651156702	2.2750942995765224	2
1.8989269530272761	1.6816173763779758	-2.3096785056368327	1
1.8638134173609493	1.8164191842759068	-1.6041575134709345	1
-1.9756579735456019	0.9437756235658714	2.3014888498893620	4
-1.6931580892718241	-0.6509918205746010	-1.2561194157479392	0
-1.7284400881816377	-0.2720763669515358	-1.6124390404937143	0
-2.1181716528500547	0.3407270041096156	-0.8019734095016697	0
-2.3002895983328151	1.6986259365686029	2.9185138734104688	4
0.6895640598603123	2.3687917724087177	1.3840319014628466	2
0.3586423143297410	0.8910269545392160	1.9228373283822966	2
-1.7511442620281605	1.9446284163636940	3.7355964300443270	4
-1.3797609640166644	0.7830422615585825	3.0055175018850595	3
-1.7142425571363613	-0.0774245228793386	-1.7293996222587169	0
-1.5562547502128803	1.8755962191837450	2.1691942323442666	4
-2.2214859957474644	1.7499028458313974	3.2288565625911634	4
-1.0883948421817697	1.3921243706909945	1.8901674211192696	3
-2.0108280674516088	2.9617812270854209	3.0264109927643856	4
-1.1544709380552927	-0.2026728014815237	-2.4874248146715034	0
0.4748597713937316	1.8270233855194875	2.1758785792999209	2
-0.4638700750152944	-1.0154011747569802	1.6362859704330723	3
-1.5650442457813756	-0.8152500875995795	-0.4237621468557471	0
-1.3844983630920185	0.4352820599350534	2.3880017230487294	3
-2.4096641001909980	-0.4985827376507028	-1.7084122955873582	0
1.4548263275913094	0.6782853365291039	-2.6804362492815659	1
1.6016730213675223	2.4036521063676166	1.6482599139110334	2
0.3176301331020448	1.5202534228076230	1.9507026177505897	2
-0.7126823518539616	-0.1595569146395370	2.6319004984958854	3
-1.5016693359127966	-0.6772558961256224	2.6916159896111100	3
-1.0377898660172122	3.4356952847981779	2.8031631601061626	4
0.2668582222763014	0.1048663704860808	1.6033456042922722	3
-1.9982577718324608	-0.1594249366177655	2.7604549539906231	3
1.7044925919125729	0.7852248127567619	-1.7292046615511754	1
0.1894663604345775	3.4837355387821538	1.5332445744223853	2
-1.2544159685548055	1.3192974329023053	-1.6507214483667068	0
-1.6738145172479695	0.2666225039213860	2.1289387511356539	3
-0.1174598366179714	3.4793287881748087	2.2243687010997100	2
-0.1809474996309084	1.6381803766468721	1.0208682223931222	2
1.6229681767289315	2.2300382729249364	-2.0354973829262093	1
0.6393974411634773	3.0142195799847862	1.0653272133344047	2
0.1606579537317638	3.0461715809279908	2.5521480214012349	2
-0.0553921136702471	0.6188278040394350	-1.0016828539213143	0
-1.7280998931812057	0.4115520322627180	2.5683308208938493	3
-0.6258526924169814	-0.5062420687655148	2.6336325251153063	3
-1.3117352972940974	0.2061933399646081	1.3294072555080354	3
0.6452161593832252	2.3248706793319847	2.1256994981575499	2
1.7341963414078023	0.3981117932408806	-1.4794274966280998	1
1.6999281834160718	1.6397635522657477	-1.3554411627693177	1
-0.2479887195056073	2.0756603232026798	1.6719645864284765	2
-0.7915465312490430	-1.1753314661736196	2.4205034780750747	3
0.7557347974378218	0.5577249948174465	-1.9719232282700370	1
-1.8388997347631388	0.9671485574201806	2.5212393497591248	4
-1.6809750470926836	0.1775217252306582	-1.6446045873972523	0
-1.1938183451255309	0.2195082307247735	2.7794088539682633	3
-0.9021880637018571	2.4889686775908233	1.9040737530456577	4
-3.3053489906600277	3.4385792179073338	1.9683811416092771	4
-1.5566360722149208	3.0675547582771241	3.0079179894823707	4
0.1094242972603377	2.5445351932020901	1.7932017593905072	2
-0.6672625734992303	2.0933512361468325	2.3682849300925208	4
-2.0040396683220743	3.2082972244225743	2.6765661300080703	4
-2.1643988088386275	-0.0941619425237211	-2.5874844057594415	0
2.2668668129654073	0.2036134313056055	-0.0687531206400926	1
1.9956799571468891	2.4404098741682207	1.6650761487579804	2
-1.1508120385538532	-0.3159690705924987	2.1872331718146905	3
-2.2848787084973905	-0.3478683465899929	2.9245149528377259	3
-2.7859227726266993	1.8880385310798267	3.3822422616003158	4
-1.6758443733803952	-0.8462140439276606	-1.2426559731448243	0
-2.7395982524014633	3.1311477057159083	1.9647473299344760	4
-1.0339897167380774	-0.4391251662073715	3.1483420413596823	3
0.1210937349383293	2.2996829422807767	1.7122835482584651	2
1.8377611608337918	2.0785919321651298	-1.5279700731128369	1
0.0607407477797341	2.4022982456711364	2.4096557448835738	2
-1.7756947993971177	2.3434409591787344	1.9102933527346184	4
-0.0765662390057864	1.6368644973747817	-1.8644459707861922	1
0.2006780362540318	2.5782716710729159	1.5256468574258202	2
2.0583362132668817	1.4213783950096568	-2.2398708018573159	1
-2.2034126864909949	0.0148378836934515	-1.8382796304576012	0
-3.0900011012270259	1.6478847062575110	1.6853862065276501	4
-2.2056611711506866	0.8107780488666232	-1.5312814702604971	0
1.8087956647760328	-0.1874829721853133	-2.0033764037787920	1
-0.8140484200934501	3.3186427840557537	3.0615446693912873	2
-1.4745113485598584	2.8019940962306427	3.0718905461002572	4
-1.3864522953243523	-0.3777795899734129	2.7736881427458817	3
-3.1338725011559205	2.3210950623723541	2.7209535667176703	4
-0.9449195970276453	0.2332052105477601	2.8238446490145912	3
-1.8191062478477993	0.9185770804014646	2.4043003373509153	3
-0.9612969844720525	-0.0862240295125129	-0.1424695285126916	0
-1.1514309077312346	0.5995035171172692	1.3373868346773035	3
-1.7422762347897691	1.8362271443746896	3.1220814979799330	4
-0.5664883559731608	2.4766408675108447	2.1157685468544667	4
-2.8358371734994692	2.0902094735345509	3.1765338707985822	4
0.7060750552600281	1.2923503550084627	-1.6061055459438283	1
0.3533051663183843	1.7381643939456488	-1.1026023759597545	1
-1.8734286765912922	-1.2315165676961277	-1.4905651499430341	0
-0.5476641149018632	2.1898054156739457	1.1018114685420586	2
-2.7540531549040224	3.1836378317590621	3.4362763417052151	4
-0.8454114290848551	0.5472892568746265	2.6952732436346079	3
-0.2729089018061563	3.5948542312420750	1.3077417251201735	2
1.1467746594177171	2.6282907703990519	-0.1820158785030015	1
-1.4057776400549060	-0.6384635881246578	-1.0434692825964584	0
0.6595446619597971	2.1058479205235501	2.0064902812460148	2
-2.3573419528339352	-0.3323705632774334	-2.1020180055495277	0
-1.8648208035579610	0.0091192401217849	-1.5616222017500934	0
-1.0330365567740052	0.2444693338042107	1.6796446911649301	3
-1.6564665727894363	0.4218248161005647	-1.1284967178434335	0
-1.8190342741093333	0.2958063107871351	2.9751243089691339	3
0.8667846049668610	1.0204747867977666	1.8984260716983112	2
1.6583680834899690	1.2932847576557378	0.1045832382563425	1
-3.3997403473484753	1.9783610965710261	2.4160256819542827	4
-1.2026876791735848	0.7667846767334690	0.9422598058893406	3
-1.7630253370941495	3.3440268595145142	3.0590683187763639	4
-1.6764039910713895	3.0309251045971113	2.9254322294625594	4
0.8969734491310652	0.9575268220886508	-1.5387022714202883	1
-1.3154374852379438	-1.1435646664497299	-0.8716628872541726	0
-1.6849119470214542	-0.5015829389038950	-1.0154969525291473	0
G3
0	89	0.25797788861872495	453	0.2632145124579506	273	0.2777206465042688	
1	199	0.3189691723627026	390	0.380536655947179	324	0.4063963562153145	
2	238	0.18462627394433317	379	0.2633935196972398	129	0.30477855232558865	
3	52	0.38282080415549186	475	0.41315242908125016	7	0.5465904402111477	
4	27	0.2551494205022935	338	0.33506119057615513	139	0.4664327856291903	
5	435	0.49687337234161505	186	0.5189420627868597	248	0.5345502385748275	
6	478	0.2333709847222548	1	0.5454090988146868	330	0.5669441870625579	
7	52	0.3761450880533297	356	0.4138069958341529	468	0.48112147703488534	
8	91	0.30749007670754525	64	0.32311993956967805	460	0.3939683905834875	
9	335	0.3744514063129935	155	0.5975122761284541	471	0.7514427916556325	
10	471	0.5577356253459436	16	0.5723138638538877	335	0.6497490938784137	
11	450	0.45960910032931834	187	0.47939552501500776	7	0.5344070373502318	
12	244	0.28199463215815623	480	0.4664468965180901	127	0.561268743356479	
13	140	0.1770549454049008	44	0.237758559501754	409	0.302308924526465	
14	218	0.39930002410801074	393	0.41397388594588524	233	0.4208747338973387	
15	406	0.2820556533203838	285	0.33374675922928637	267	0.45254091004592883	
16	121	0.543955618029811	10	0.5723138638538877	319	0.6991904528602544	
17	32	0.33590526427092854	137	0.4317949121089425	47	0.4483842019148099	
18	180	0.27497181555810896	226	0.4700946999156043	279	0.4716284673300335	
19	56	0.1520025992003281	360	0.4859297591320815	236	0.5028618934680076	
20	162	0.29805631184575443	435	0.31487835533697706	378	0.34903386728194236	
21	120	0.2998050010332782	403	0.3312311889553669	69	0.41290997778401745	
22	169	0.3180448710115153	437	0.4633942379761957	463	0.4893600593064674	
23	407	0.33501740761125337	163	0.3361402377258679	488	0.4867712276423708	
24	410	0.34239207582559134	376	0.3918499827285122	59	0.4720810542712935	
25	193	0.38465215965885236	247	0.4842342911206176	103	0.5474895206526764	
26	101	0.2777732684010709	334	0.42157651321263995	210	0.550707772787046	
27	4	0.2551494205022935	338	0.2617305543700459	130	0.5306635047709203	
28	194	0.31085742464043103	46	0.4636205633994572	69	0.4756543021565639	
29	394	0.18594924700355453	358	0.2597128932523492	93	0.34468219464137795	
30	265	0.4258954928496207	457	0.48899937320128667	323	0.6000611261752595	
31	499	0.3005986325487681	236	0.3443971754981201	212	0.43030870269324756	
32	17	0.33590526427092854	346	0.655046672707743	137	0.6870460275989119	
33	274	0.489527055220175	180	1.0102969269310662	279	1.0448755455809318	
34	38	0.33990378281784855	152	0.45617510540153994	425	0.4935235907802843	
35	499	0.20032120008920984	204	0.2048289907378471	484	0.20611989251910204	
36	128	1.3739108202114412	146	1.4566278260155647	482	1.6287339335248765	
37	66	0.31693345577869747	230	0.4186268361103752	181	0.46038508555564106	
38	139	0.21190946193399582	34	0.33990378281784855	78	0.38691761673669495	
39	70	0.31365033643369056	338	0.5512543119234083	27	0.58882398631522	
40	243	0.37731538216765803	192	0.49749925551812385	363	0.6049861044400394	
41	461	0.22896176823027012	343	0.36151834172638986	486	0.3856654824085047	
42	479	0.5049348711410742	230	0.628588484941355	221	0.8394266445069355	
43	204	0.2865541027350422	319	0.29326236601396594	348	0.3285707098803817	
44	140	0.09684282822790434	13	0.237758559501754	409	0.29071182222134667	
45	452	0.3250299989389001	213	0.40860358877881653	134	0.45278244306902016	
46	28	0.4636205633994572	194	0.4756537614211136	69	0.5478196013614419	
47	137	0.26850515119576085	484	0.3733101086642332	204	0.39003979477269385	
48	295	0.17567602311920247	179	0.2631074187205487	374	0.41037529510252285	
49	357	0.30831039691085416	457	0.3728107794500469	265	0.3903526995623719	
50	349	0.2248209587738536	223	0.23938872482957113	416	0.3640200470325253	
51	297	0.6448200829786567	215	0.6813204288283894	98	0.849002652771598	
52	475	0.11410109022574437	450	0.3102479848909012	7	0.3761450880533297	
53	412	0.23519075007729473	275	0.27106139870160095	373	0.2936595696559751	
54	406	0.26405866544787854	15	0.4943580873205992	285	0.5234865875724994	
55	384	0.20972922432091706	463	0.36073895100982545	227	0.4008939949773397	
56	19	0.1520025992003281	360	0.3662780389540487	236	0.5152235043404195	
57	271	0.1561563254895876	177	0.26648508238573015	433	0.2776997247762639	
58	395	0.474510041781443	326	0.5334545856583446	161	0.5513264011305955	
59	376	0.12381927187334332	379	0.2548787683195109	123	0.27444787531540954	
60	407	0.25207177849743745	317	0.2693394940095968	351	0.3164648883859774	
61	217	0.21022192086341124	268	0.25583775338826087	126	0.37327408240761517	
62	482	0.28511324918420455	4	0.6005280441231013	418	0.627236704519707	
63	245	0.11817353331698621	293	0.12010101606026452	433	0.24066189599089696	
64	8	0.32311993956967805	91	0.37801402641046505	460	0.3980576602494624	
65	397	0.2549625743517296	117	0.3775629178558124	351	0.4655852875182	
66	37	0.31693345577869747	72	0.4362066452049223	459	0.45720746996745065	
67	235	0.48498579060763414	463	0.656629685063267	41	0.7305952375113605	
68	263	0.4250801690625281	143	0.7213948202461589	291	0.8834309111238813	
69	194	0.3984337798855561	21	0.41290997778401745	28	0.4756543021565639	
70	39	0.31365033643369056	27	0.6101232136938176	414	0.6860404080986788	
71	141	0.27036204003281417	214	0.2742857917063032	456	0.4718609085288869	
72	459	0.10643481302992135	79	0.2129987499801445	442	0.29951175126844337	
73	233	0.17690116874142656	218	0.21818866238453927	475	0.31665143262927076	
74	401	0.31215118931142366	135	0.36412723357661253	381	0.5519864293626953	
75	333	0.6193062382387078	440	0.6669470014444998	364	0.7358952862976401	
76	133	0.19285459445898986	351	0.31047416116208265	436	0.31323356687926895	
77	398	0.09273631431167173	80	0.2229666455176558	391	0.2255197740992754	
78	421	0.24793584435977145	38	0.38691761673669495	139	0.41635821646473214	
79	459	0.12529370996025385	72	0.2129987499801445	442	0.35199276750638203	
80	329	0.14345675674086444	77	0.2229666455176558	310	0.23030220521505856	
81	151	0.4915308791262094	220	0.5286037313751203	313	0.5393648267188196	
82	411	0.1952146441158718	404	0.43690049321204744	157	0.4538113475639186	
83	431	0.33682146982813577	122	0.3582732812835396	286	0.5307437715954761	
84	349	0.34735636532958647	362	0.40313961766602385	190	0.414689818617678	
85	92	0.8618548525609689	272	1.1131192378889836	270	1.1333156458665798	
86	367	0.2835825907989648	250	0.31170809633792956	464	0.4639625065433973	
87	266	0.34003345236685284	294	0.43542676093443333	497	0.4445509375349091	
88	302	0.2640844473690681	396	0.4881690440798002	144	0.5819033645546776	
89	0	0.25797788861872495	259	0.27583821019926985	273	0.3370369949473469	
90	226	0.3074963114976436	342	0.370815045771724	18	0.48595915169056964	
91	460	0.10043805875012161	113	0.27828026725382854	387	0.2794631364953895	
92	85	0.8618548525609689	249	1.2881725955752947	152	1.4945257493904078	
93	358	0.2969737527459327	29	0.34468219464137795	394	0.35940666814782024	
94	312	0.594649943458242	450	0.6987342332771628	168	0.7968734984440324	
95	473	0.3896891320834067	301	0.4874967815981734	88	0.6087821242316173	
96	426	0.29929619920207706	291	0.3934093996233105	229	0.5043109316126942	
97	264	0.28775365205411235	496	0.38939035485805035	402	0.47509757855078016	
98	211	0.3574083470731999	283	0.5116799635141821	375	0.6162652965589824	
99	169	0.6256775048678928	255	0.8480135905837848	419	0.9155486339488594	
100	308	0.32241607859161253	374	0.5402857119004438	295	0.6683795317466463	
101	26	0.2777732684010709	210	0.3683004106970787	432	0.42775390468921964	
102	90	0.9606124842603057	342	0.9760999861119489	226	1.041144119753597	
103	323	0.0991099111860103	265	0.3220151197962228	337	0.34325990764719416	
104	410	0.3671120774125505	114	0.5057617205709768	282	0.5061486471662898	
105	109	0.24818765622047373	263	0.7888618185303184	492	0.8140516552999825	
106	220	0.6343492574453851	81	0.6892421540786993	94	0.909097466352995	
107	478	0.8099797050630965	108	0.8853401750687326	6	0.9281228240913371	
108	330	0.7658689893107125	478	0.8343076834948812	6	0.8369719063555482	
109	105	0.24818765622047373	492	0.6982154189367781	191	0.7642309910737025	
110	476	0.13276537959344978	162	0.4234059260200996	378	0.42625419566409056	
111	202	0.3663301862995838	372	0.43772259687835674	466	0.44965968091282527	
112	277	0.11125228418044385	273	0.29543720765782616	467	0.3400536760080759	
113	91	0.27828026725382854	387	0.2964455880946201	460	0.3355733060190534	
114	246	0.48010476934036933	104	0.5057617205709768	282	0.5223426643853321	
115	429	0.308575743527903	207	0.43005714257717453	278	0.4520946833235909	
116	132	0.18655471601313922	392	0.32940660548396644	348	0.3297160669336983	
117	369	0.17240422500641842	397	0.32415582361714446	65	0.3775629178558124	
118	457	0.4505328072009669	399	0.5330287680561239	357	0.6354417422370551	
119	423	0.18501260001243003	455	0.45637867345966066	347	0.474487987562994	
120	403	0.21432088017101403	21	0.2998050010332782	183	0.49197526872780184	
121	16	0.543955618029811	419	0.6704679221786555	143	0.7656390390882148	
122	83	0.3582732812835396	250	0.36335018979864936	256	0.4131774117305982	
123	59	0.27444787531540954	379	0.3166156886555134	376	0.36569908249947114	
124	400	0.34426293446639394	168	0.3574267649907201	312	0.3740779469943131	
125	354	0.27181964888826027	458	0.6615545456738676	40	0.724576955330515	
126	268	0.17216246834162865	301	0.37141149006389623	61	0.37327408240761517	
127	244	0.362666079323198	220	0.4431182730019446	480	0.49705552530719976	
128	225	0.3312108684518083	311	0.5766383799754641	444	0.6380139252052411	
129	152	0.1878755389286367	249	0.282804104563245	2	0.30477855232558865	
130	339	0.30499837837196264	139	0.3341979522508882	253	0.43717114318973965	
131	167	0.3872107262917415	65	0.5247879901783724	147	0.5796805035906737	
132	116	0.18655471601313922	348	0.2757490283559144	212	0.31277012368047324	
133	76	0.19285459445898986	436	0.2904702322380374	470	0.35405968094557694	
134	452	0.19343152976737982	213	0.3452098550062081	45	0.45278244306902016	
135	173	0.22913645029550297	74	0.36412723357661253	262	0.4810690346244301	
136	361	0.18538465633889012	460	0.3016354255626159	178	0.33406052572345846	
137	47	0.26850515119576085	484	0.31161574736633735	451	0.4306378082780674	
138	241	0.701546100552132	125	0.8861805883519266	477	1.0401940880790532	
139	38	0.21190946193399582	130	0.3341979522508882	78	0.41635821646473214	
140	44	0.09684282822790434	13	0.1770549454049008	409	0.33284315029075995	
141	214	0.10982958586514009	71	0.27036204003281417	456	0.43296922386731845	
142	207	0.5509206050168445	279	0.5519056113386986	180	0.9348273212980001	
143	68	0.7213948202461589	16	0.7238395680321804	291	0.7275332557025039	
144	302	0.515107098191656	88	0.5819033645546776	396	0.6289102486382104	
145	44	0.466167365515074	140	0.5105613774624173	328	0.594510647234821	
146	414	0.6764840756803946	421	0.7790364969685672	70	0.8437514088762702	
147	89	0.5160873064493774	469	0.5610802935658673	259	0.5729038057454223	
148	175	0.7057218451517256	252	0.7605208573422361	434	0.7620465566893182	
149	196	0.8351804980849069	64	0.849810213338144	145	0.9671423103883591	
150	210	0.4113943489826904	294	0.49242016310862874	256	0.5650048702471553	
151	81	0.4915308791262094	372	0.6128676741359416	220	0.6837102848030053	
152	129	0.1878755389286367	249	0.2727334515296785	2	0.4380242040934657	
153	305	0.12262745632933823	163	0.2896287875081859	359	0.3463322320785842	
154	181	0.3442756083779957	37	0.5242641541909084	66	0.6481978645827922	
155	46	0.5921364641564713	9	0.5975122761284541	194	0.719064337949518	
156	308	0.5150826002239061	174	0.5241354596843394	281	0.5304995887999111	
157	404	0.03324135015103632	485	0.3523457119633759	231	0.3887026117718342	
158	257	0.0774984762504869	289	0.31563361935700773	420	0.33884729288140375	
159	255	0.5130754350864701	445	0.733907427554982	382	0.7428007473232627	
160	232	0.4825125083256609	330	0.5343188188844774	261	1.0883763616930235	
161	58	0.5513264011305955	326	0.5559125248829729	395	0.6606592804485519	
162	378	0.17550884217092466	20	0.29805631184575443	497	0.3023382949276839	
163	305	0.24352088270022187	153	0.2896287875081859	23	0.3361402377258679	
164	372	0.21123211880516424	313	0.42375978882141285	466	0.5498508542419258	
165	248	0.32731985427554566	229	0.3415512451635549	258	0.3898096482267625	
166	365	0.49987808548273543	203	0.5949733057624347	173	0.7450945945120189	
167	182	0.3315877215852498	307	0.34805953471571593	131	0.3872107262917415	
168	400	0.3404988953321319	312	0.35666473879494726	124	0.3574267649907201	
169	22	0.3180448710115153	99	0.6256775048678928	437	0.6347326185884611	
170	314	0.06620942230318538	202	0.25316581436097646	466	0.468857373187163	
171	186	0.19476983217369953	248	0.41904596052566906	165	0.55139987368093	
172	192	0.519421873132352	40	0.7088020480135924	363	0.773257493602679	
173	135	0.22913645029550297	262	0.4063157693213081	257	0.4173121069286578	
174	156	0.5241354596843394	446	0.7448583114015934	281	0.766040074381001	
175	252	0.06325896707236789	453	0.26321719125157755	0	0.3692432553768279	
176	392	0.49243638578709653	116	0.6905452585709623	360	0.6972895072786729	
177	271	0.16682914105833807	57	0.26648508238573015	326	0.4573140080407581	
178	361	0.2900110788391165	136	0.33406052572345846	328	0.4222070797889667	
179	48	0.2631074187205487	295	0.4219396873437017	344	0.4314068187303998	
180	18	0.27497181555810896	279	0.3898682333766575	207	0.6312774741519738	
181	154	0.3442756083779957	37	0.46038508555564106	66	0.626685311946862	
182	307	0.21934235376149813	167	0.3315877215852498	200	0.569549433763164	
183	222	0.40366435622182123	403	0.423233756469063	120	0.49197526872780184	
184	425	0.32810303641297484	2	0.46506539107685313	34	0.5179619548567163	
185	342	0.34610776592853737	226	0.4370815658085557	288	0.6828080196179975	
186	171	0.19476983217369953	248	0.2350895598688705	165	0.4330029308358681	
187	393	0.3032783422410255	233	0.3187022025314954	73	0.3412047343441904	
188	462	0.4193220549119327	331	0.7043457408030451	493	0.9925731104891357	
189	294	0.24518270732029965	87	0.4626460329519817	150	0.6610758523844256	
190	50	0.3715932181876509	349	0.3918665556197974	84	0.414689818617678	
191	109	0.7642309910737025	341	0.8640138358108038	492	0.8748595337135333	
192	40	0.49749925551812385	172	0.519421873132352	243	0.5283981149133621	
193	247	0.1598317112928579	25	0.38465215965885236	337	0.42566412649469904	
194	28	0.31085742464043103	69	0.3984337798855561	46	0.4756537614211136	
195	300	0.2572119394233277	231	0.4147257134624829	491	0.46992326202347995	
196	328	0.510124580539876	460	0.5587906856247535	178	0.572317572518078	
197	303	0.2524783290346573	414	0.42261232720913744	495	0.5054391129247804	
198	254	0.6087488250078226	304	0.6522895599674905	322	0.9707518264042763	
199	1	0.3189691723627026	206	0.3284214939466	408	0.42227294801445114	
200	182	0.569549433763164	443	0.5988871066085056	95	0.6482227656814261	
201	461	0.34374095215247263	398	0.3915140503255423	343	0.4154380787511278	
202	170	0.25316581436097646	314	0.3173020669729749	111	0.3663301862995838	
203	166	0.5949733057624347	262	0.6107874864235936	173	0.6110037993720951	
204	35	0.2048289907378471	43	0.2865541027350422	499	0.33776408754067866	
205	493	0.5560828497928606	7	0.7817733972666404	356	0.9779264762108921	
206	199	0.3284214939466	390	0.3340975586756515	451	0.3495199459956497	
207	115	0.43005714257717453	279	0.43543499621239456	18	0.5021611850320236	
208	408	0.4082780629435943	261	0.4251369563731184	299	0.4855886681751269	
209	443	0.38653528470989135	63	0.39773855657851503	245	0.4118280362979722	
210	101	0.3683004106970787	150	0.4113943489826904	432	0.42011836960576215	
211	283	0.17852564474676166	98	0.3574083470731999	375	0.44097666764884413	
212	348	0.07664008279330077	132	0.31277012368047324	116	0.33759450027466054	
213	452	0.17902031459700263	287	0.30203790707247563	134	0.3452098550062081	
214	141	0.10982958586514009	71	0.2742857917063032	456	0.4482326787718785	
215	375	0.50963822179356	395	0.565437055378173	58	0.6667163720635646	
216	113	0.3777859617199755	328	0.4154119050460844	13	0.47625343384122926	
217	61	0.21022192086341124	268	0.22794223370888428	126	0.39709743775371	
218	233	0.10607077291090772	73	0.21818866238453927	393	0.39730019700209157	
219	272	0.6034969426449711	114	0.7150324750165314	336	0.7263806529403333	
220	127	0.4431182730019446	81	0.5286037313751203	106	0.6343492574453851	
221	422	0.7201756419675757	479	0.7543723510614575	494	0.8221643185030998	
222	183	0.40366435622182123	260	0.5596858071398486	120	0.5932237105325162	
223	416	0.23732069391181135	50	0.23938872482957113	349	0.3143441107840863	
224	267	0.7265959609523914	15	1.0471877531246059	142	1.0507729574605638	
225	311	0.26899916270641105	128	0.3312108684518083	287	0.4231571192919366	
226	342	0.10929567860451221	90	0.3074963114976436	185	0.4370815658085557	
227	384	0.2444615454046943	55	0.4008939949773397	463	0.659153808960593	
228	10	0.6546761172371817	392	0.7566585164252966	489	0.8364504209083985	
229	165	0.3415512451635549	96	0.5043109316126942	476	0.5430215923986106	
230	479	0.23272782234674325	37	0.4186268361103752	253	0.4552476818007838	
231	298	0.34762446452004475	300	0.38036332010626267	157	0.3887026117718342	
232	160	0.4825125083256609	330	0.8603648059517021	208	1.0201791175991215	
233	218	0.10607077291090772	73	0.17690116874142656	393	0.3125040032557025	
234	485	0.3349828849863487	394	0.3592636099583555	29	0.37788972355081873	
235	67	0.48498579060763414	370	0.5390402017519876	463	0.8498126013698841	
236	31	0.3443971754981201	499	0.40991413053750664	206	0.4196582925973618	
237	491	0.21010457347581862	395	0.3396249632188597	300	0.4342279016859755	
238	2	0.18462627394433317	379	0.20167642755314677	280	0.276703182935519	
239	209	0.5316357897761662	71	0.5766372890030724	456	0.5909769337115741	
240	82	0.5164314668443353	58	0.554633381367025	177	0.586494620712404	
241	138	0.701546100552132	347	1.4602192342809774	125	1.4719767820122696	
242	409	0.26899866985278204	251	0.3065184894419476	44	0.509338139816202	
243	363	0.3636344113470234	40	0.37731538216765803	192	0.5283981149133621	
244	480	0.23589241512042342	12	0.28199463215815623	127	0.362666079323198	
245	63	0.11817353331698621	293	0.14747856608358162	433	0.1968127513245154	
246	282	0.11693073781650219	114	0.48010476934036933	104	0.5717965372278829	
247	193	0.1598317112928579	337	0.26837489950465915	323	0.3120799626607441	
248	186	0.2350895598688705	165	0.32731985427554566	258	0.35523660065355467	
249	152	0.2727334515296785	129	0.282804104563245	2	0.48701404470044396	
250	367	0.1567186468972034	86	0.31170809633792956	122	0.36335018979864936	
251	242	0.3065184894419476	435	0.5083709443310218	20	0.5233097890780277	
252	175	0.06325896707236789	453	0.24361927001224887	0	0.31483402062229016	
253	339	0.3437766731273112	433	0.37849364850821005	72	0.4008203947466402	
254	198	0.6087488250078226	429	0.7290320220911306	359	0.7664210581038995	
255	159	0.5130754350864701	445	0.5551199130874037	201	0.8230661425660655	
256	497	0.201638810247618	269	0.2730584101459662	378	0.2780153954310642	
257	158	0.0774984762504869	289	0.3480589316684052	470	0.3774002781699453	
258	248	0.35523660065355467	165	0.3898096482267625	186	0.5862579571731446	
259	438	0.16164547258678125	469	0.2116402029399863	89	0.27583821019926985	
260	183	0.5197075858679413	222	0.5596858071398486	445	0.58824483862861	
261	408	0.2106886133261837	486	0.410309255981682	208	0.4251369563731184	
262	470	0.3047902659833794	389	0.315614081770418	436	0.38457760205367536	
263	68	0.4250801690625281	477	0.7458590075206426	105	0.7888618185303184	
264	444	0.23674711236505516	97	0.28775365205411235	496	0.43351135250354256	
265	457	0.20645662477729457	103	0.3220151197962228	323	0.33973284551879607	
266	87	0.34003345236685284	476	0.34236049783451517	110	0.4362203578469175	
267	15	0.45254091004592883	285	0.6762542301910589	406	0.6768530877481316	
268	126	0.17216246834162865	217	0.22794223370888428	61	0.25583775338826087	
269	256	0.2730584101459662	378	0.33129072586487274	162	0.35440677632442547	
270	410	0.4330705826374924	447	0.445680008292495	104	0.5122188782389258	
271	57	0.1561563254895876	177	0.16682914105833807	433	0.35343354386557374	
272	336	0.2853395091069786	358	0.3518765840551826	394	0.41672927439532137	
273	277	0.24799500370767288	0	0.2777206465042688	373	0.27932552251905485	
274	33	0.489527055220175	413	0.6326373117974727	315	0.8040876793257161	
275	469	0.24055763011182052	481	0.26172190854086164	53	0.27106139870160095	
276	357	0.30980066260450606	49	0.5002151489138427	14	0.5888455949779398	
277	112	0.11125228418044385	273	0.24799500370767288	467	0.4002365939948608	
278	115	0.4520946833235909	429	0.4792189462107138	494	0.5110607654905331	
279	180	0.3898682333766575	207	0.43543499621239456	18	0.4716284673300335	
280	430	0.24571658213783107	238	0.276703182935519	379	0.37003082223646017	
281	308	0.5129864926833619	156	0.5304995887999111	431	0.5668230430135933	
282	246	0.11693073781650219	104	0.5061486471662898	114	0.5223426643853321	
283	211	0.17852564474676166	375	0.3397038901911955	163	0.4588476522743669	
284	415	0.20110950188062873	322	0.537705345209818	58	0.632411338657585	
285	406	0.29741974099097934	498	0.33368262493766626	15	0.33374675922928637	
286	83	0.5307437715954761	122	0.6085690971617285	86	0.6100295478977777	
287	213	0.30203790707247563	311	0.30933374801061236	225	0.4231571192919366	
288	449	0.27136968543624757	416	0.46743262527013935	223	0.5819826304336371	
289	470	0.23607043552807305	436	0.28231769940902546	389	0.28960960668083224	
290	365	0.43098010313562807	173	0.4374713194240743	429	0.548460960025738	
291	426	0.20155736086380818	96	0.3934093996233105	143	0.7275332557025039	
292	172	0.9737812284699395	13	0.9904943769668756	409	1.0660918630218772	
293	63	0.12010101606026452	245	0.14747856608358162	433	0.3078172995413283	
294	189	0.24518270732029965	87	0.43542676093443333	150	0.49242016310862874	
295	48	0.17567602311920247	179	0.4219396873437017	374	0.4989875632692607	
296	385	0.5973806872436962	371	0.7696710276638755	176	1.0084995892758075	
297	275	0.3033499595567366	53	0.377832429970847	481	0.44810279588574664	
298	231	0.34762446452004475	485	0.5121508545762486	195	0.5578618033999171	
299	208	0.4855886681751269	408	0.5559423889524404	370	0.5784368525491519	
300	195	0.2572119394233277	491	0.30125529810185353	231	0.38036332010626267	
301	473	0.2003316187566239	126	0.37141149006389623	61	0.4121405278944409	
302	88	0.2640844473690681	144	0.515107098191656	369	0.6402648738266481	
303	197	0.2524783290346573	332	0.49727800971277253	495	0.5049595720117125	
304	198	0.6522895599674905	405	0.6660205354088378	254	1.0127557002456937	
305	153	0.12262745632933823	163	0.24352088270022187	488	0.39577239408693293	
306	439	0.33992814678939587	337	0.46354868639111174	474	0.6181440642568319	
307	182	0.21934235376149813	167	0.34805953471571593	131	0.7192090233566245	
308	100	0.32241607859161253	281	0.5129864926833619	156	0.5150826002239061	
309	382	0.6099477990446182	159	0.8219439208460387	67	0.9451890414997757	
310	80	0.23030220521505856	77	0.2575540629846847	398	0.27738651605687875	
311	225	0.26899916270641105	287	0.30933374801061236	444	0.441295238149177	
312	168	0.35666473879494726	124	0.3740779469943131	450	0.39240716066480913	
313	372	0.3945904201424438	164	0.42375978882141285	81	0.5393648267188196	
314	170	0.06620942230318538	202	0.3173020669729749	466	0.47499750269045343	
315	448	0.3514022464454169	467	0.38037243663392545	112	0.3919826753724477	
316	386	0.7343512120514823	282	0.7533939612467313	104	0.7936073320871325	
317	438	0.20881615169035694	60	0.2693394940095968	407	0.3016656209444285	
318	387	0.26402167753862316	423	0.40930172878588	383	0.44870750676867754	
319	329	0.26918015506037113	43	0.29326236601396594	80	0.29567363812186365	
320	84	0.5177536376076757	175	0.7119338706926777	252	0.7390749885073203	
321	44	0.42184006257880485	140	0.461042364935004	409	0.5065229847558077	
322	284	0.537705345209818	415	0.5814255851394949	58	0.7014757275348741	
323	103	0.0991099111860103	337	0.2670732708167734	247	0.3120799626607441	
324	391	0.09239300687399024	398	0.24999060195526854	77	0.26251181844993055	
325	383	0.4626026015403378	119	0.4828989633449334	432	0.5321280246197941	
326	411	0.35580421292077713	350	0.38055089839483225	177	0.4573140080407581	
327	454	0.18361361806075696	433	0.34134039222303225	63	0.38571122355592297	
328	216	0.4154119050460844	178	0.4222070797889667	113	0.4272667670528008	
329	80	0.14345675674086444	437	0.26270112038126664	319	0.26918015506037113	
330	160	0.5343188188844774	6	0.5669441870625579	478	0.765129779243423	
331	462	0.47469537398430023	188	0.7043457408030451	276	0.706745455014057	
332	495	0.21868137880387997	441	0.23287195100362817	496	0.27329396951656715	
333	364	0.585347291389207	75	0.6193062382387078	440	0.6626709744628044	
334	26	0.42157651321263995	101	0.5951460500458603	179	0.712884963607385	
335	9	0.3744514063129935	10	0.6497490938784137	471	0.6560502759696586	
336	272	0.2853395091069786	394	0.3909617896949744	358	0.41081357301167154	
337	323	0.2670732708167734	247	0.26837489950465915	103	0.34325990764719416	
338	27	0.2617305543700459	4	0.33506119057615513	439	0.46843016942229027	
339	72	0.3047616802167099	130	0.30499837837196264	253	0.3437766731273112	
340	464	0.5112269405409613	86	0.5301731509960267	367	0.5443128776128029	
341	422	0.7856921593616838	154	0.8221466957474394	109	0.8587684287853405	
342	226	0.10929567860451221	185	0.34610776592853737	90	0.370815045771724	
343	461	0.1404947866145296	487	0.3350497561417857	41	0.36151834172638986	
344	455	0.14115979029255596	388	0.3566578013376889	179	0.4314068187303998	
345	184	1.0923705762097866	425	1.0957558752147942	421	1.2486100661478818	
346	451	0.34372369513623374	478	0.38441908180375045	137	0.45343905184387706	
347	119	0.474487987562994	455	0.4916969115022514	344	0.559926947991821	
348	212	0.07664008279330077	132	0.2757490283559144	43	0.3285707098803817	
349	50	0.2248209587738536	223	0.3143441107840863	84	0.34735636532958647	
350	411	0.2751300187031614	326	0.38055089839483225	82	0.46559186730725693	
351	76	0.31047416116208265	60	0.3164648883859774	397	0.328285461546805	
352	286	0.9402199634459729	189	1.0464662277076928	294	1.101309763375337	
353	480	0.5276760353686597	127	0.5475073574716817	244	0.5585930073271556	
354	125	0.27181964888826027	458	0.5509602974864332	171	0.7309653257786821	
355	432	0.3204696314903159	361	0.39149325410409114	210	0.4285759850841868	
356	468	0.3889440439078763	7	0.4138069958341529	218	0.4513506308131874	
357	49	0.30831039691085416	276	0.30980066260450606	457	0.5197151576913571	
358	394	0.17165691852216075	29	0.2597128932523492	93	0.2969737527459327	
359	153	0.3463322320785842	448	0.37092068756441143	305	0.43143675989126684	
360	56	0.3662780389540487	19	0.4859297591320815	299	0.5909840532703752	
361	136	0.18538465633889012	178	0.2900110788391165	355	0.39149325410409114	
362	84	0.40313961766602385	190	0.46815115643078997	349	0.5578779112023027	
363	243	0.3636344113470234	162	0.5777706298350598	40	0.6049861044400394	
364	333	0.585347291389207	468	0.6140991301426642	3	0.6927515629963296	
365	290	0.43098010313562807	173	0.4549978906363592	472	0.4564237888382344	
366	435	0.6104278471817411	258	0.784340198006096	5	0.8216506028647083	
367	250	0.1567186468972034	86	0.2835825907989648	122	0.5149402558495786	
368	481	0.3205417196370856	275	0.495568007952095	297	0.4971302272221278	
369	117	0.17240422500641842	397	0.4100200026817381	76	0.4699104965336407	
370	235	0.5390402017519876	299	0.5784368525491519	208	0.7643551390345806	
371	296	0.7696710276638755	227	0.7910783002180123	228	0.9343087267515374	
372	164	0.21123211880516424	313	0.3945904201424438	111	0.43772259687835674	
373	412	0.21917098161363052	273	0.27932552251905485	53	0.2936595696559751	
374	48	0.41037529510252285	295	0.4989875632692607	179	0.5324617932921212	
375	283	0.3397038901911955	211	0.44097666764884413	215	0.50963822179356	
376	59	0.12381927187334332	379	0.21215048722396634	123	0.36569908249947114	
377	418	0.2467156477304686	38	0.4800417001196268	139	0.5254420920008148	
378	497	0.1345934612002087	162	0.17550884217092466	256	0.2780153954310642	
379	238	0.20167642755314677	376	0.21215048722396634	59	0.2548787683195109	
380	487	0.2710048082190435	391	0.27941692676986873	324	0.36396590115623817	
381	401	0.3209748543042656	74	0.5519864293626953	443	0.6587792947748754	
382	309	0.6099477990446182	159	0.7428007473232627	67	0.8298885679593427	
383	388	0.17258246774212593	455	0.37716626521783864	361	0.4387401519201835	
384	55	0.20972922432091706	227	0.2444615454046943	463	0.5525537961553547	
385	296	0.5973806872436962	176	0.834874802043581	235	0.8596068040325086	
386	316	0.7343512120514823	447	0.7930924804843832	104	0.8407848291287852	
387	318	0.26402167753862316	91	0.2794631364953895	113	0.2964455880946201	
388	383	0.17258246774212593	455	0.27425862953471786	432	0.346302476647808	
389	470	0.1889804522976534	436	0.25988342021923927	289	0.28960960668083224	
390	451	0.19645036405058752	499	0.2833552233320981	35	0.3028004922722283	
391	324	0.09239300687399024	77	0.2255197740992754	398	0.22753172960116225	
392	116	0.32940660548396644	212	0.4846719993305079	176	0.49243638578709653	
393	187	0.3032783422410255	233	0.3125040032557025	400	0.3242713584821823	
394	358	0.17165691852216075	29	0.18594924700355453	234	0.3592636099583555	
395	237	0.3396249632188597	58	0.474510041781443	491	0.5249392710240571	
396	88	0.4881690440798002	124	0.5228034618977603	473	0.6230810938729509	
397	65	0.2549625743517296	117	0.32415582361714446	351	0.328285461546805	
398	77	0.09273631431167173	391	0.22753172960116225	487	0.241480628710309	
399	103	0.4108919807794188	323	0.46306058890915947	247	0.48704095995252483	
400	393	0.3242713584821823	168	0.3404988953321319	124	0.34426293446639394	
401	74	0.31215118931142366	381	0.3209748543042656	135	0.5500824583161456	
402	496	0.3561138150901768	332	0.3934227621078462	444	0.4280276244623218	
403	120	0.21432088017101403	21	0.3312311889553669	183	0.423233756469063	
404	157	0.03324135015103632	485	0.3748920186416753	411	0.4117440744433844	
405	304	0.6660205354088378	359	0.7807677260009245	434	0.8648390933432374	
406	54	0.26405866544787854	15	0.2820556533203838	285	0.29741974099097934	
407	60	0.25207177849743745	317	0.3016656209444285	23	0.33501740761125337	
408	261	0.2106886133261837	208	0.4082780629435943	199	0.42227294801445114	
409	242	0.26899866985278204	44	0.29071182222134667	13	0.302308924526465	
410	24	0.34239207582559134	104	0.3671120774125505	447	0.3960749735723741	
411	82	0.1952146441158718	350	0.2751300187031614	326	0.35580421292077713	
412	373	0.21917098161363052	53	0.23519075007729473	428	0.3573975178502298	
413	467	0.331205167092406	315	0.43469832654475005	252	0.4811743900993298	
414	465	0.36127901529783035	197	0.42261232720913744	303	0.5224288508546538	
415	284	0.20110950188062873	322	0.5814255851394949	98	0.6624596272310209	
416	223	0.23732069391181135	50	0.3640200470325253	449	0.3802343531538858	
417	431	0.46165726976815574	269	0.49170589461003705	178	0.4953907173295811	
418	377	0.2467156477304686	482	0.5262981873326242	38	0.5756780889364619	
419	121	0.6704679221786555	169	0.8895818850318129	99	0.9155486339488594	
420	158	0.33884729288140375	257	0.37915373085738946	407	0.42339521290013704	
421	78	0.24793584435977145	38	0.5551721962544316	34	0.5851190482853559	
422	230	0.5315472320776315	177	0.6201956818783056	271	0.6421028428204388	
423	119	0.18501260001243003	318	0.40930172878588	383	0.5519323780940577	
424	272	0.5550985150162387	358	0.5738142806827914	66	0.6094761938022241	
425	184	0.32810303641297484	34	0.4935235907802843	78	0.5400143771895186	
426	291	0.20155736086380818	96	0.29929619920207706	229	0.6600024674130249	
427	289	0.36251428285674137	407	0.38877205303698886	158	0.40073929097007865	
428	412	0.3573975178502298	373	0.4863406233304659	315	0.5560811755069142	
429	115	0.308575743527903	472	0.4247988541047379	488	0.4492263360572401	
430	280	0.24571658213783107	485	0.2497741224763005	238	0.4033455360226848	
431	83	0.33682146982813577	417	0.46165726976815574	250	0.5168294516983261	
432	355	0.3204696314903159	388	0.346302476647808	210	0.42011836960576215	
433	245	0.1968127513245154	63	0.24066189599089696	57	0.2776997247762639	
434	428	0.7214977897700887	148	0.7620465566893182	315	0.7779574296498819	
435	20	0.31487835533697706	5	0.49687337234161505	251	0.5083709443310218	
436	470	0.1281627993103098	389	0.25988342021923927	289	0.28231769940902546	
437	80	0.23550853632042754	77	0.24611070249662667	329	0.26270112038126664	
438	259	0.16164547258678125	317	0.20881615169035694	469	0.25320492479879864	
439	306	0.33992814678939587	474	0.3970654283569073	337	0.4493663821645106	
440	134	0.4678211074013441	452	0.6438953619305743	333	0.6626709744628044	
441	496	0.14996661802538996	332	0.23287195100362817	466	0.28523573314403405	
442	454	0.2581405769145255	459	0.284694608984419	72	0.29951175126844337	
443	209	0.38653528470989135	474	0.469926492371711	337	0.5904721351945292	
444	264	0.23674711236505516	402	0.4280276244623218	311	0.441295238149177	
445	255	0.5551199130874037	486	0.5741498319680606	260	0.58824483862861	
446	174	0.7448583114015934	156	0.8503490592253417	100	1.2468909615446249	
447	410	0.3960749735723741	270	0.445680008292495	104	0.6449305236204816	
448	315	0.3514022464454169	153	0.36481972415174685	359	0.37092068756441143	
449	288	0.27136968543624757	416	0.3802343531538858	223	0.47721990177313883	
450	475	0.29271228097529106	52	0.3102479848909012	312	0.39240716066480913	
451	390	0.19645036405058752	346	0.34372369513623374	206	0.3495199459956497	
452	213	0.17902031459700263	134	0.19343152976737982	45	0.3250299989389001	
453	252	0.24361927001224887	0	0.2632145124579506	175	0.26321719125157755	
454	327	0.18361361806075696	442	0.2581405769145255	459	0.3446427065685401	
455	344	0.14115979029255596	388	0.27425862953471786	383	0.37716626521783864	
456	141	0.43296922386731845	214	0.4482326787718785	71	0.4718609085288869	
457	265	0.20645662477729457	103	0.3590867413189677	49	0.3728107794500469	
458	354	0.5509602974864332	171	0.566983990721638	125	0.6615545456738676	
459	72	0.10643481302992135	79	0.12529370996025385	442	0.284694608984419	
460	91	0.10043805875012161	136	0.3016354255626159	387	0.31306350023713614	
461	343	0.1404947866145296	41	0.22896176823027012	201	0.34374095215247263	
462	188	0.4193220549119327	331	0.47469537398430023	493	0.8596435820700573	
463	55	0.36073895100982545	22	0.4893600593064674	384	0.5525537961553547	
464	86	0.4639625065433973	340	0.5112269405409613	367	0.5413104967285824	
465	414	0.36127901529783035	303	0.5464007247120658	202	0.5594915819277788	
466	441	0.28523573314403405	496	0.3385558804751812	332	0.43554644759123795	
467	273	0.32393402860697	0	0.3286361449814621	413	0.331205167092406	
468	356	0.3889440439078763	7	0.48112147703488534	493	0.5302200466403054	
469	259	0.2116402029399863	275	0.24055763011182052	438	0.25320492479879864	
470	436	0.1281627993103098	389	0.1889804522976534	289	0.23607043552807305	
471	10	0.5577356253459436	335	0.6560502759696586	54	0.7315421511259805	
472	429	0.4247988541047379	494	0.43212916108501337	365	0.4564237888382344	
473	301	0.2003316187566239	95	0.3896891320834067	400	0.4984925214472684	
474	439	0.3970654283569073	293	0.407242098154218	443	0.469926492371711	
475	52	0.11410109022574437	450	0.29271228097529106	73	0.31665143262927076	
476	110	0.13276537959344978	266	0.34236049783451517	378	0.3611943683232475	
477	266	0.5399766760857871	263	0.7458590075206426	476	0.7594156925172126	
478	6	0.2333709847222548	346	0.38441908180375045	451	0.4989554605758433	
479	230	0.23272782234674325	42	0.5049348711410742	253	0.5297343957431947	
480	244	0.23589241512042342	12	0.4664468965180901	127	0.49705552530719976	
481	275	0.26172190854086164	368	0.3205417196370856	469	0.3536683049493857	
482	62	0.28511324918420455	418	0.5262981873326242	377	0.6670948157770675	
483	334	0.7665303885657447	219	0.9311922970921266	26	1.027240860443902	
484	35	0.20611989251910204	137	0.31161574736633735	499	0.31214535829671924	
485	430	0.2497741224763005	234	0.3349828849863487	157	0.3523457119633759	
486	41	0.3856654824085047	261	0.410309255981682	408	0.4304527255445919	
487	398	0.241480628710309	77	0.24784495770253034	437	0.26276364948148395	
488	305	0.39577239408693293	429	0.4492263360572401	23	0.4867712276423708	
489	348	0.3877558869879562	132	0.43132137116910907	212	0.4540823524621412	
490	427	0.4326049879684026	50	0.45370009520026555	190	0.4638135344069793	
491	237	0.21010457347581862	300	0.30125529810185353	195	0.46992326202347995	
492	109	0.6982154189367781	105	0.8140516552999825	191	0.8748595337135333	
493	468	0.5302200466403054	356	0.5514769979166697	205	0.5560828497928606	
494	472	0.43212916108501337	278	0.5110607654905331	365	0.5777413288828506	
495	332	0.21868137880387997	441	0.3487831813704469	496	0.3512756337781476	
496	441	0.14996661802538996	332	0.27329396951656715	466	0.3385558804751812	
497	378	0.1345934612002087	256	0.201638810247618	162	0.3023382949276839	
498	285	0.33368262493766626	137	0.4656799997128269	484	0.5411154039371021	
499	35	0.20032120008920984	390	0.2833552233320981	31	0.3005986325487681	
