-0.8165546429338724	-0.0113212694335293	3.3297581578958360	3
-1.2139735893097334	-0.7149348694688309	-1.9302010191078878	0
0.2867585100329939	2.8799142523692538	2.0774019575742577	2
-3.2842151412251366	2.5745499916526531	3.7588200292382998	4
-0.8133521776403170	3.0659468345909251	1.4485084227751654	2
0.1066758369772378	1.0674250114886270	-2.0133246944769603	1
-0.8932257861413978	-0.4869775733016369	-2.6346789318132524	0
-3.2368818482866333	1.9213581851439858	2.9680919470871436	4
2.1178666581981167	1.5346690694996530	-2.6124730589342615	1
-0.2688344493946156	-0.2392096182070563	-1.0095981764936544	0
-0.7146684523482748	0.3471348881480633	-0.3252184010250434	0
-2.1153195095742534	2.1953919091791514	3.4902467909780626	4
-2.7789648269533300	3.1193069535299403	4.3408060195648828	4
2.4719279066444835	0.4126917843215236	-2.8245251715543125	1
-1.4224836352258516	2.4691020709421858	2.7003261660069553	4
-1.5721683988465354	-0.5443027286556957	-0.3734171285177804	0
-1.1769245188241424	-0.0247805936188021	-0.7205462768533144	0
-0.5947899158567043	-1.1043695363225949	-1.5820361298944530	0
-1.5735864626244369	-0.2783232530091195	1.2776403050921177	3
-2.1983230891638801	-0.5621022759938146	-0.4170707179703953	0
0.7783381067946027	0.8620136240712439	-1.8941678479244539	1
-1.5326003169721729	-0.4516215544979881	-2.6170914161105530	0
-2.0701450589431287	0.2105460872328205	-1.5610170773389915	0
-0.5819725801346020	0.7843103785078547	2.4347988834007692	3
1.8011185921349158	2.1464962010940973	2.7503771352794804	2
-1.3959116892675145	2.2889008360506731	2.1222305309834599	4
0.9557399234431565	1.4027529835432060	-1.2467315626958488	1
-0.6917992783407880	3.0397628085871418	1.9263021936334774	2
-1.6087402025463757	-1.1886325713801160	-2.0327747610519400	0
0.5126681668109041	2.3488234764372828	1.4377555707291805	2
-1.2539167170778778	2.3564461518899713	1.4627303158909553	4
-1.7484550674096042	-0.8286176063290711	-1.4918821298256759	0
-1.4535172192070309	-1.0530766276227137	-2.1214339941521487	0
-1.3793580856906864	-1.0782091501957307	2.0560869327920277	3
0.1824293849877552	2.6853668962722130	1.8432060317466790	2
-0.9104638477794627	-0.6481401373146983	-1.3469022602067766	0
-1.1280542370050175	4.6529064276139440	0.9624853405550401	4
-0.6799128130492542	2.4995645154936073	1.1686541409780109	2
0.5019174044012047	3.0328518105785132	2.1473766732063058	2
-1.2805322378383375	3.0371247184179291	1.9363136741265126	4
1.1841776273536047	1.6075421697666692	-2.9831908399114373	1
-3.1205520511186728	-0.1121521228757172	-2.6994187770172773	0
-1.3108345799798360	2.7101874831747121	1.3731116624448729	2
-1.6986907794544024	0.3066908961671046	-1.0175506372201459	0
1.0889959970018501	1.3686190236823468	-2.2455544392968498	1
-2.9073459634461143	3.0915553890919916	1.7106526103141992	4
-0.7645111482341782	-0.4249617152833985	-1.4057918455022984	0
-1.4503859468320024	-0.1034445815868122	-0.5992954954763248	0
2.4063974821497487	1.6560883797494053	-1.0256443995245998	1
-2.2820717733857299	2.1349651655281576	1.6865825034759054	4
-2.2176179566910026	0.0151182947385044	3.0956802947557018	3
0.5862924257276635	0.7855983544746614	2.6612141776100477	3
-3.4198723154015696	2.1178839518407235	2.9260364991968952	4
-0.9266524769902840	0.0985538703083268	2.1746968039976493	3
-0.8305677493999404	-1.2231535776785796	-0.1804766039459551	0
-3.2043491190578681	1.9654007261799680	-1.9914674183659882	0
-2.8509869150320801	-0.8868643850386285	-0.8462569404927623	0
-0.2349128553788320	1.7987775662598136	1.6513850287378853	2
-0.2965347035207315	0.9969107086560033	1.3784088568854205	2
1.5095455719654427	2.2129778360866741	2.2872552282084273	2
-1.3076018386096990	1.1430262845509698	1.9294703387497880	3
-2.4534296829428950	1.8429019433976892	2.7440432383594731	3
0.3293549683447402	3.4019853209793931	0.8798519045664055	2
-0.3469398528351400	2.3670489999090329	1.3091132380972543	2
2.5096638412049628	1.1216299405403198	-2.2188781272877298	1
-1.1833205962661917	0.5970867491761039	2.9252844816413757	3
-0.6798740131842557	1.8229020116946286	0.1079825609916091	2
-2.7232592994713154	1.2250608565998506	-0.9959275678864671	0
-0.6873726336825433	1.7251475277854431	-1.1345147115708007	1
-0.5510618575361009	0.0493966555820053	-1.7792142019849075	0
-1.5615679381544512	3.4941868148814899	2.1405242129078488	4
0.1681610416887158	2.5505173221924968	2.3670528943247766	2
0.0998289202974698	2.5993003820407194	1.4988958097729372	2
-2.7986972014097788	1.7080900110623163	3.1329194418119903	4
-0.9863069173009010	0.7638453008049709	2.1420770844528056	3
-2.9115254412381382	2.7652653837081345	2.4420522914902070	4
-1.3665725335626298	1.0588971285859103	3.0091825270501267	4
-2.3893124547348372	0.1707507956779158	-1.4991531530728828	0
-0.1661948280209368	3.2424535267182120	2.1697134722445068	2
0.8242688561803566	1.8412834591297602	1.8034446519253415	2
-1.6578885809912631	0.5404075210906940	-1.2789868729964291	0
-2.0096121817686496	2.0567956965257954	2.8118318242038658	4
0.4437462014998459	1.5738539547142563	2.2593163309513327	2
1.3524586198634154	0.1870213630114922	-0.8675948699502608	1
-1.5877982321465685	-0.3683804580952784	3.4347414521020507	3
1.7133463852922020	3.3800582892796323	0.8705836209912011	2
1.8710208868923139	-0.2046320005646347	-1.7911164637714494	1
0.9248662449732010	0.3349791078444350	-1.0041260794920794	1
-1.5061653961016042	1.5392022410382342	3.6175964842473318	4
-1.0278347157654526	0.0248730137621475	2.7114328300280155	3
-2.2295719997727721	0.1723570077434641	2.0883462008375124	3
2.3267325359427402	1.9610369057101185	-2.4078893387183427	1
1.8991506003915186	3.9572760876980286	1.5983676873927335	2
0.4369055113912674	2.6921053301740132	1.2772319379006154	2
-2.6215945192668957	1.3510705046919433	3.7786623204844334	4
-1.9851073799942724	2.0905331993715257	3.7576453540012511	4
-0.6829607058933491	0.9957283595409095	-1.7864811605101032	1
-0.8379420066776360	3.2188361610804122	3.1901293121197192	4
-0.2268090031295158	0.4690590367183484	0.9873198986142130	3
-0.8569132763773393	0.1389824482090475	-2.2802666454149976	0
1.5427224753733708	1.8049050595568215	-0.8334944458082720	1
1.4793597291936034	2.3341996583401716	-0.9907959804434152	1
-3.2838316745887108	-0.8803599367479986	2.0275428286254971	3
-1.8333924686605902	2.5157908171705392	1.4402863806453197	4
1.4950953580318593	2.5141826308621442	1.9260486351816009	2
1.2074004157753728	1.7634773070232752	0.5366483063890876	1
-2.1313734303419989	2.3322160071380500	4.3050594524026025	4
-2.2788652729938712	-1.5360611968051483	-2.0072242171080488	0
-2.2519401885820125	-1.9596977745243294	-1.4561657518117039	0
0.7777315256706859	1.3349025636870611	0.0645170299672053	1
1.0606635150554158	1.3174913652470301	-1.8215032624777945	1
-1.4854118192130319	2.6064418634108097	3.4355511244695607	4
-1.3735049840602889	-0.1651757556420885	2.5086061189772835	3
1.5271750568649787	0.9977359395926190	-2.1574171102753894	1
1.0253001836600411	1.4143829191250177	1.4377983672284262	2
-1.8191381499782584	0.4372230394575940	1.5424336392751796	3
-2.2050060476705795	-0.0299078922522765	-0.7993715075301810	0
-1.5116987484015687	1.1846678714457084	3.5616658567722244	3
-2.6689760527312485	2.7972064618333992	1.9413312032553076	4
1.3033274115552469	1.8180488622703734	-1.6887959197741687	1
-1.5938077252375233	-0.2527468453745754	-2.2050247868701258	0
-0.8304886684761629	0.8043002595743697	-1.5050382523835877	0
1.0951626969944668	0.6513148916234983	-1.4141903775102929	1
0.8342566009444429	2.6664951743948642	2.3216595261842330	2
-2.2509971795614856	1.6161320435293285	3.9544435655797381	4
-0.3306889140865147	2.2938074268009285	-2.4776430656869111	1
-1.7489365988188468	1.7194376425553353	2.6239703681565683	3
-2.2106998636730570	3.5833112898757586	3.9301805393720239	4
-1.8910507104476344	2.6258755497356510	2.0649016043166766	4
0.6503613737575296	2.0888608097168051	2.5825035792464792	2
-0.4082105040765162	2.7600620016425514	2.0394486352346304	2
0.1892713491875554	1.3186986360451307	3.6841283569764083	3
-1.7611357459153874	-0.2241893021117173	-0.5860759254622464	0
-1.4116213659647383	1.4553060276729719	2.1803852180290821	4
-3.0977376269196726	2.4518547776404143	2.3824156628147835	4
-1.3756814695321202	0.9234376350805897	1.9099120040639013	3
2.5614728761674121	0.5985331581228353	-2.1132642330042701	1
-1.5044943240787918	-0.8678992280429695	-1.2378200766398875	0
0.3729773435866087	2.9974407153508729	-0.7612911633242910	1
-0.0237751507195255	3.5990906164483802	1.7187545803693758	2
1.4147878825252276	1.1232647732335090	-2.6378229038959367	1
0.2080835179382610	2.4440235651748683	2.8636670846477741	2
-1.0159734427725469	-0.9572270292802079	1.0165018335796405	3
-1.1362014481903744	0.1169107500918295	-1.0503369946924488	0
-0.7507159022841585	1.1007041681080993	5.1652455276362952	4
2.8884368356664352	0.8006464196372554	-2.5533877789183825	1
-0.0645604267653068	3.7452282019656868	1.6216541249644352	4
-0.3623532316946917	0.2981477427161527	3.5189754371633124	3
-1.5521113341728892	-1.0386080387728898	3.3810743187610388	3
2.8355002307398016	0.1931971443643470	-2.2567060621376811	1
2.4127445512957770	1.0253384812592823	-0.5370717935313911	1
-1.3708014727129578	2.0443056395497008	3.6263219469960104	4
0.6836211788834151	3.9523624595815248	1.4926304406133966	2
-1.6226749574495003	-0.2435030733506904	2.1431513824003967	3
0.6684960473908232	2.1483821252971329	0.2965872962234246	2
-0.7224748241494025	-0.4586445841337043	-0.8260204363334338	0
2.2535634712919124	-0.7828825376678480	-1.0757275374370514	1
0.2862808244805816	1.5011114293258618	2.5581311677720309	2
-2.5599704269579435	0.9090790894243193	2.0093837046657654	3
-2.6270932386725905	1.1094223886470278	-3.0543453458424765	0
-3.0759076594857833	-0.6103769995187380	-2.0316788003968753	0
0.7009426059360537	0.6825014978915256	1.4422423126061514	2
1.1235851286160097	0.6917398945047041	-1.9952531113401983	1
-0.7781186717047737	-0.3137460944719860	2.1158692875812064	3
-1.3602572751417674	2.4105042989993386	3.7464482453870698	4
0.5392786247864438	0.7312121803354749	-1.2767991696077834	1
-1.7803663717633480	1.3738680968250545	1.5872345503287209	4
-0.7864914877360324	0.6359844692641399	3.5589546182997043	3
-2.0219748759176692	2.4799470491693936	2.7818726829443099	4
-1.5440022850225621	0.2194573554704135	-2.2277768754146123	0
-0.3257145597344986	1.9072144087888243	3.4610192753388889	4
0.6272773667671446	1.4037748283502394	-2.4362526827800393	1
0.8853910890637248	1.7603493108547581	-2.6367290648136974	1
-2.2263724074178808	1.0238238203559380	1.9236199243042256	3
2.4066304258002642	0.6984602806098248	0.5002857748305486	1
-1.0184245164657011	-0.6532579984330960	3.3635480179026764	3
-2.8164265422884434	0.0340161970799906	-0.3304859261132439	0
1.0677087231876365	0.5142665201469012	2.0663150883115633	2
1.5990378369079745	0.1095457345242510	-3.2025472849424386	1
2.9620171964580884	1.7194589120992254	-1.1265140537768934	1
-2.2830271465007401	-0.0989207655933148	1.4373391406275104	3
-0.1677071723101039	2.5495010837303616	1.4015897224804701	2
-0.1035209376741917	1.3106728319796164	3.0164530016972795	3
-1.1828934902474342	0.1190830805666006	-3.1256665066344533	0
0.5510493587134083	3.6366751712747942	2.2756135135880093	2
-2.5757791533958878	0.3587029998632949	2.5461797201139005	3
0.6429078241080084	1.3571718098401968	-1.9490680790771988	1
-2.5864244602618012	1.6499844389418699	3.0064831769769582	4
-3.6241722476443439	1.7261480395301219	1.9114191670619078	4
0.4417527067365958	1.6467483914910312	-0.1103623690136228	1
-1.5429188446341962	-0.0529995188993154	3.5645328624081500	3
1.3991741306963648	0.8949842958914512	0.6287731665722617	1
0.8035529805558476	1.4150498870766475	-2.8764206329286290	1
-0.6786279370505498	2.2438096400149949	2.9737478849698284	4
-0.3330043765442529	-0.6883393829640403	-1.7957939681354422	0
1.4145894688732361	2.3245869115020792	2.3434755570665278	2
1.9227624027373231	0.9277226785035008	-2.5114267871021143	1
-0.9313925190982076	3.6998250223050695	3.2082859812013544	4
0.0948617787365444	-0.6465436362805959	0.4650238282014336	3
-2.8303355478363885	-1.4573768597757586	-2.4414457522999315	0
-1.1325401022534620	1.9842176453113534	2.5212522405742819	2
-2.2635662455958303	-0.2667888408303737	-2.3787937039627973	0
-0.6748440666852827	2.7552953186966764	3.8266989840964989	4
-2.6178313356641021	1.3246726155798205	2.3838652715126258	3
-1.1643675075747124	0.5256552309264154	-1.1557391971291402	0
-3.4236334686454608	1.9161761911673212	2.5021063404514092	4
-1.8751144233176609	-0.9610319091082550	-0.9695498483697087	0
-1.8511645950034585	-0.0019618422887279	0.7424939788617611	3
-2.4231204678563660	-0.6776271690616864	-2.0689868471531905	0
-0.3111896292590982	2.0425789582200600	1.4490927923508006	2
1.7402672613764714	2.4585584068549902	-1.4741361921035536	1
0.0570353883233049	-0.0883563563297806	1.6925390111488363	3
-2.3250836527030154	0.0358106243619354	-0.5286287806139067	0
-2.0916784585743740	3.4771197908745575	2.5376108607879795	4
0.3263724536087810	2.8154874888256702	2.4795813053301186	2
0.4440389352675582	0.7523631350793341	1.9045633063903957	3
1.6758813234233076	1.2092616260276854	-2.6781360691325986	1
-1.8675568705077632	1.2423543381785476	2.6705525291513910	4
-2.7719097288399297	2.4214993144427721	2.8951013303656548	4
0.8588711084226716	1.6853296181957413	0.8738950883933334	2
-2.7079939757315610	2.8192125423240908	4.5242954545097414	4
-1.5041674972218710	2.7184351439681853	1.1452067199796157	2
-1.7313730716493294	-0.5181221169560540	-2.9904692022050519	0
-2.5477762017924039	-0.7017761927048369	2.5572919857687415	3
-1.8266458733012916	-2.1529088935208565	-0.6342489038460996	0
-2.1574051073431209	4.2841311896094503	2.6850377422784928	4
-2.1391601156351712	-0.1435108208328110	1.6334683673952761	3
-2.2602108501359295	1.4508102882179430	-1.3834071689745748	0
-1.1331386664611802	0.7524584535340888	-0.2528154153299200	0
-0.0815246572037223	0.9361186672227820	-1.5159069245321732	1
-0.7354302179790149	2.3554193960601002	0.9846640035213513	2
1.3901973722194712	1.1741782915878369	2.5282526679506434	2
-2.9827121575124953	-1.3213053612331844	-1.3338668327034962	0
-2.9671709116355967	1.6489243436944681	3.2150232669179699	4
0.7445704209237091	2.2003848640660606	1.6965759062131225	2
-2.7273089310922831	0.1978837374133334	-1.7652824895345351	0
-1.6241050069174006	-0.7308258205445961	0.1877411230850886	0
0.4490102213367902	1.0471140160563124	1.8975626054231225	2
1.2339406217230375	2.4431712266201311	1.8410659123742448	2
0.4587868663219365	2.7404739396454447	1.9342717373445233	2
0.8768825536484043	0.2046413773815700	2.4395422936185569	3
0.9380398061970969	2.9440300483245458	-1.9494206839490000	1
0.9568476211545569	0.5323499400763434	-2.3283198607253213	1
0.7419082771085093	1.3162371436136924	-2.0451800520238859	1
-3.2794119253427092	2.5818946508663254	3.5734802920831799	4
-0.1678192423855435	2.6057423606932870	2.0300788632850875	2
1.0351127030749827	1.3451998014172717	1.3427984320351314	2
-1.2161138454460079	1.7698146169197704	2.1777908312309524	2
0.1387095727312588	0.8846616037543521	-2.0189062780842475	1
1.2649295819465189	3.5443760440203764	1.6525865326170819	2
1.8210761855848192	-0.0883676927678354	-1.5922750009690323	1
1.2071571808522843	1.2324354784802329	-2.6584421619005973	1
-1.2377211880673173	-0.9555846561940253	2.4135030265936015	3
-0.2023828165667865	2.3296415579957839	1.5131064859701353	2
-1.2344932867959297	-0.2653875804037841	1.5953009275073660	3
-1.9869355186301834	0.3957999759061236	-2.7788014646514974	0
0.8128869363798642	-0.4774879963274732	-2.0405178011949046	1
-1.3629498705840253	0.3721110487817446	2.7043919405035819	3
-1.0437689123938729	1.2586676797660574	-1.6396661089110716	1
-1.3702161622266851	0.0647858248538618	2.4153602369243483	3
-2.3152496739148312	-1.0788299444352163	-3.1687127359427891	0
-2.8584696339936735	-0.2791086589867614	-1.9777506581887163	0
-1.3449947436051108	0.6755902806448993	1.7804504839432784	3
0.3622933537228751	1.0739471621352168	-0.4184350552034225	1
-2.3735926204484055	2.6591527625582874	3.0963319462267402	4
-1.4391609634820837	2.6863030027362322	1.5451398525587416	2
1.0314951240616557	1.6964254894225899	-1.2014657774359998	1
-2.1668142284954803	-1.6248868529369997	-0.5805991293392057	0
-1.3838157431126747	1.1113354403939000	2.4956022024223645	4
0.8467315451902608	1.3146477394407592	-2.1274073161203826	1
2.0685735482282603	1.8315079908077188	1.1627937632551346	2
-0.1882943329981533	1.6792709354733135	2.1025306634182677	2
1.0132029211217668	2.7952517716730170	0.9643799757223288	2
-1.4582129923525282	-0.7196172309956167	2.7871619064110247	3
-0.8820626600536962	-1.0982043190278195	1.7563678034071182	3
-1.3218011690381728	-0.3706192937564078	2.7947743780062799	3
-2.3898621180568624	2.4305783981464928	2.0554061101966301	4
-1.4580370441709538	0.0420348684108847	2.0567123366768412	3
-1.6142665950130288	-0.0083168963285206	1.1507642987698132	3
-1.8039697069170331	-0.8092718598111424	1.6361393308780618	3
0.4345513759388502	2.5763331745962486	1.6970504582084704	2
2.1736861789417317	0.5532564535131188	-1.4715544406582139	1
1.6203371590469486	1.5527348012129667	1.8354122209810200	2
-0.8764588828880669	0.3632843161699217	1.7888697009616732	3
-0.2593754024202878	0.6328488032460660	1.4369461105413555	2
-1.3027856268122298	-0.7837662648153032	-0.2915353207905050	0
1.3794890499140682	-0.0068710675592256	-1.1588726409147878	1
-2.2002959461049949	3.0528361144119125	2.2211618973195173	4
-2.5046365809844851	0.4912118691579115	2.5472299917438592	3
-2.3835466968659529	0.9354669284220352	2.7264588365997628	3
-1.2755178996480940	0.5408774255157266	1.7035661387676213	3
-0.2803163748816533	0.5983644678964568	-0.5019366800563972	1
1.1923827306981432	0.1562145102863075	-3.1194598188826159	1
0.1570083248212776	2.5661297677799109	1.9260303384848152	3
0.9017476888052356	0.6954068210190636	-1.6528840692574487	1
2.6193413211106691	1.9195709921938953	-1.2210665355070738	1
-2.8910448511689650	0.6014610009491063	-0.7267307505081156	0
-0.2255630341253314	0.4516145007166279	2.7612126869251084	3
1.1838462007271764	1.5959807094790697	2.1647397514693716	2
-2.2501349872008181	-0.5261061886296775	-0.7852707677086386	0
0.7397916610924324	1.7203897166880524	2.1784281763030204	2
-1.8151044038400168	1.7052243898567574	2.9891638784738936	4
-1.7353393847296226	1.2286773936184718	4.2554529084645445	4
-1.5717505028785648	3.1837498534396005	3.1434860228128230	4
0.2619246054699694	-0.1477044700207137	0.5664825782276296	3
-0.9445204489365340	0.3972207536080169	1.4503126299178821	3
-1.4148718464027406	2.6413533029558538	1.7578470997579556	4
-0.9285261669254168	0.9787083130756480	3.4277061153247153	3
1.2925370820628861	1.1349573259200643	-0.9287444552875059	1
-2.9861352737994888	0.9994135047709584	-3.1232280437082771	0
-1.8504627585849585	-0.1918358008276285	-2.1990021442331611	0
-2.7328071280593731	2.5071225320369503	2.6856469692689249	4
-2.9775483566024561	2.3824649253425703	3.7109757702804478	4
-2.1057606597895377	2.5635535516215899	3.2100581233600640	4
-1.0775191782173295	2.9350459762412329	3.0573786706476351	4
-0.3871059079732322	-0.9787874159351728	1.9619773682451509	3
2.0507111004556227	2.7649730794010994	1.7345945785454531	2
-1.1711944302902373	0.4871301311662801	3.1324399042748783	3
1.5145349355856976	2.1512015167221583	-2.2334995819332448	1
-2.3880051751941815	0.2027637297164958	-1.5334407143153224	0
-0.9297202409383571	-1.5167082279610296	3.5357499495902784	3
1.4772723975143853	0.8167357482121730	-2.7233387242701736	1
-0.5705723116532603	0.6597352422620614	0.9471631188838512	3
-1.0383934083243700	1.0972307991332995	1.7565960188156218	4
-1.9135020265027594	-0.1006429256750705	-2.3420674198948692	0
1.3423414852385969	1.8030123960975835	-1.7141078644017171	1
0.6302650137361185	1.8987668710298178	0.5913640376900235	2
0.1949309154043511	1.9081250722738348	2.0306402919480382	2
1.5638513747003857	1.5219078034473856	-2.4154196875630980	1
-1.0854681068894276	-0.1901839835190389	-1.9703178036415738	0
-2.5293740229402673	-1.1691442849242795	-2.2976780749156140	0
-2.9371899286646430	1.6394554913473063	2.1575738022605120	4
-1.6623160862921333	2.9270050095036990	2.7740810619495955	4
-2.7023173056108130	3.0116982271622996	2.1812758007517381	4
1.9018942509957477	2.5251489383050725	-0.4801215598029918	1
-0.4391303868963929	-0.5407938726787054	-1.1782788696133304	0
1.1889432173070187	2.4923544170391825	1.0004676396523191	2
-1.4515563794760711	1.9449298411421996	1.8943458595994782	4
-0.6360504389811488	2.9234904185233410	1.6333022012575096	4
0.7042466643913721	3.4310775535179436	0.4192011318507299	2
1.8477034998558763	-0.1982964651397773	-2.8688140730960692	1
0.3124016886510265	1.3348881203263299	0.4898950074754806	2
-2.1214926011073700	-0.6454457401283533	1.5796288679947046	3
-2.4613355534949721	0.1294950049462283	-1.7746970231172423	0
1.1684442314970287	2.4908491297932391	-1.5042776042033856	1
1.2772245000469713	3.6410958565052303	3.8525186157011442	2
-1.9166385160212305	-1.4071351035753712	-1.9094491122340131	0
1.4318183128598028	2.6764900827448761	-1.4252432773139849	1
-2.0694034088221098	0.3537788177895707	-1.3927571480347869	0
-1.9523306992416609	-0.5003207755854289	3.4880143979530978	3
0.6506288265087223	2.1063542718387676	1.8669297254403827	2
-2.0084674145499539	1.2724803605659396	2.0271270248867075	3
1.3268905377684561	-0.9470643912235701	-1.1792025116022649	1
-2.9221384313222147	3.8005476479653053	3.5482054083667292	4
-0.2849592658310462	2.3849823056978754	-1.2040445760369152	1
2.2599405127353727	0.4530993229601835	-1.0600006768938364	1
-3.6021012550682521	2.7170622273313985	1.8769381486965491	4
-2.1190820487842528	2.2659603068134788	2.0997005858539635	4
-0.4611653903918005	2.8868160022047489	1.3398361334068203	2
-0.9377164163492369	-0.7045507409895542	1.8567474553240815	3
-0.9764822483018171	-0.2530553256717700	-0.4487746518106223	0
1.5624998505925813	1.0951051237944007	-1.3463178239902100	1
-1.3109288824550085	0.0598970474066183	2.9380868753739557	3
0.8117161657779076	1.6230285799816575	-2.0295656799494739	1
-3.7173501620168969	3.2618634223196445	3.0105978420841177	4
-1.7022028692466296	0.6955296401156730	1.3287465377159018	3
0.4554733485199844	0.0262990207472442	-1.9647362266537360	1
2.2841068333128245	0.6370477086678753	-2.0807374061076063	1
-0.5572208633088007	0.6453000592010815	3.3034629548991004	2
-1.5990847839545823	0.9835434425935864	3.4845503684677839	4
-3.2469321849269184	0.0361565095256378	-1.1903873496831605	0
-2.4752864133209656	2.0587908320418826	-1.0148546468115232	0
-2.0572684458269999	3.0337772634969546	3.7313270716708971	4
-1.0588816211311185	0.1321449685615363	2.8467000112343150	3
2.1775908382872129	1.6015797607685682	-0.9261623428935815	1
-0.6203836410890252	0.5251200470997084	1.6224417036703451	3
1.1393517578212591	2.6277955226840786	2.1662920107090597	2
-0.4399760287011968	3.6044478871256116	0.3923143470363678	2
0.8358549659724780	1.2616933269809603	-2.0166710883313845	1
1.3369217961204301	2.2610458820829771	2.1335617645785105	2
-2.2069034207746143	0.1504824782620829	-0.3443465470930115	0
-0.5908731147410748	2.0242370771585598	2.3305860114000563	2
-2.4835059505597501	-0.0213452193872562	-3.4696213461518775	0
1.1099417173837249	1.2029755649858145	-1.1719102733637539	1
-1.6461429159249330	2.2093713614218933	0.2280909168872569	0
-2.5899346124306750	0.5585985285361935	-0.1728326209858762	0
1.7089617544751146	1.2585905334613579	2.1743631061291810	2
1.5790021500301794	2.0096607841945628	-1.8668722801061763	1
1.2799144878819431	1.5287464455119726	-1.2030844298931485	1
-1.7872433127386314	-0.3314840101817980	1.4560570261125267	4
-1.2831092732495721	-0.2627458218407646	-0.8253607747001495	0
-1.2516045859069354	-0.0598552608110079	-2.4840556978913551	0
-1.7398748051875992	0.7937307536144386	-1.0151659108737801	0
-2.4310267261218592	1.0825784978717512	2.3380450698225790	4
0.4386020144871298	2.6260867894818745	1.3134017940917677	2
-0.0061869247698788	1.1984417659658622	1.5658129201731792	2
-1.2602452915422937	2.0954904045233271	3.8171419803586852	4
-0.6072921170341991	1.0057264822967702	3.8724491010484128	3
-1.4796079507542699	-0.5501106320665563	-1.7621983964793193	0
-1.7019728120687954	2.8596376874691796	1.4980770241157697	4
-2.4956164727733006	2.2148424827943805	3.3161086965552458	4
-0.3698584924790398	0.8826429573584661	0.9973875695849654	3
-2.0108280674516088	2.9617812270854209	3.0264109927643856	4
-0.5347911251507201	0.8570772281388493	-2.4639683958476679	0
0.1221884286111862	1.7225923655377640	1.9280120602947026	2
-0.3647512160462378	-1.1171255520841259	1.2537268788087186	3
-1.1537549547389849	-0.7773854617772644	-0.3131178165085785	0
-1.7878662634633180	-0.6325466312550163	2.6470690648423982	3
-2.4869547999749928	-0.3749267268229509	-1.7307289211695522	0
2.1854354327715222	0.7196153573965800	-3.4091511634279783	1
1.1619922254015309	2.0847113608861907	1.0651590521133185	2
0.8816915881696752	1.0551977308182472	1.4608290050654178	2
-0.3314484351018655	-0.3362067844091120	2.8857427021788284	3
-0.4801000703160440	-0.5200297477053303	3.3900038572157545	3
0.0512993167478901	3.3522729987352751	1.8581530781137063	4
0.6083864274078050	0.1674706327985623	1.5870571905217670	3
-2.1121396910940438	-0.1355389407964188	2.6615631461383957	3
1.4754533438933530	0.9219498918374426	-1.6245507101565222	1
0.6132421788921927	3.3736461079380140	1.5624974986056532	2
-1.4090609595462795	1.3714253617521215	-2.5211548775645292	0
-0.4844071711661875	1.0528078432243899	2.0622310953878307	3
0.1977143584888899	3.8082240571324046	2.5947236629534465	2
-0.0825244965539343	1.2848250051811867	1.5531729221914299	2
2.0526458476760134	2.7434000127846678	-1.9473697891105517	1
0.8263323685173330	2.5508291829761292	0.3400340178984040	2
-0.0488063837555311	3.5384784102505868	2.6595958735835037	2
-1.0276620641934948	0.2330324339331378	-1.6368625863400412	0
-1.5556138302098470	-0.0736055210784320	2.7568061248085800	3
-0.7712806219698198	-0.0355672256310706	1.3950729083444773	3
-0.6696175483041107	-0.4629716320324705	1.3573551587404817	3
0.4325179916684028	2.8724729388556005	1.5018127313295246	2
1.9673068388289208	0.0219757061232029	-1.6759948286605812	1
1.9903190109572975	1.9213841708261405	-1.7325710793604798	1
-0.2479887195056073	2.0756603232026798	1.6719645864284765	2
-0.6109764516408331	-1.7699173335803366	2.4770045444485072	3
0.4170117356900315	0.8401216830011929	-1.5373176667634545	1
-2.0660578670081242	0.7157979448499763	2.7880905140486458	4
-2.0690574274570790	-0.1697787139801822	-1.2406939861669197	0
-0.5815089694128752	-0.7691538505472401	2.8601384303730790	3
-1.1444854033693694	2.4269195891719049	2.1656150396022955	4
-2.8481405682069640	2.9160826074315125	2.5743836610081332	4
-0.8829035970786937	3.1878295715404423	3.5051805626582513	4
-0.0114956137397702	2.4227289749450049	1.8854848068476731	2
-1.4312905590338525	1.7896318328028551	2.6443514697603456	4
-1.0773334545741871	3.4389879688915963	2.7204384041435858	4
-2.0735819373919808	-0.6812846522025822	-2.8851484248779458	0
1.8883226613358917	0.3957598357775401	-0.4612567227859057	1
2.0168608945784654	1.6809891465939080	2.0928621849461826	2
-1.6743410497647675	-0.7023899713509442	2.4665638589944345	3
-2.5251110939272556	-0.5709106225910711	3.0648560476790889	3
-2.6897990005446393	1.3622891763423088	3.2727224567320063	4
-1.7543106468291603	-0.6098362611234688	-1.3484688967566556	0
-3.5274019266926548	2.7885455461300857	2.2369132450119737	4
-1.2099691620293631	-0.4375056168905047	3.0432317907932966	3
-0.0527964687304964	2.4146267658559730	1.8351441145671865	2
1.6300344539930558	2.4201386532658069	-1.7974166918031358	1
-0.1513644433187439	2.8580395325089656	2.3897904652866617	2
-1.7756947993971177	2.3434409591787344	1.9102933527346184	4
-0.2664899564372170	1.3145911216368105	-1.5009202115039693	1
0.0849480765887461	2.7714144990117551	1.9943225758216412	2
2.0583362132668817	1.4213783950096568	-2.2398708018573159	1
-2.2034126864909949	0.0148378836934515	-1.8382796304576012	0
-2.7728900588493675	2.4033798877897041	0.7552194754108876	4
-1.7296243628818417	0.1032705302475635	-1.5246876178962006	0
1.8087956647760328	-0.1874829721853133	-2.0033764037787920	1
-0.8303825085457643	3.3289921257059785	3.4771407773239384	2
-1.4320580812382440	2.6203761434983877	3.4748541660824732	4
-1.3901309740752894	-0.1292749887167255	2.6247520342649695	3
-3.4834517731495374	2.6394672755996762	2.5526624319582627	4
-0.9360648173650347	0.3110721817429423	2.6270749487231635	3
-1.9872983590148259	0.7822330284760179	2.6063936702528530	3
-1.1986463679453943	-0.1940109737042838	-0.1197355887059728	0
-0.8209659297956591	0.6934138428565472	1.6452562781025764	3
-1.0317575009643951	1.3509781914133332	3.9944663852182942	4
-0.4586529871510792	1.5501771835176839	2.1410595397191430	4
-1.7597500279967528	1.5922369069128679	3.0835662729992661	4
1.0585794838018223	1.7503174227532441	-1.2230508113066527	1
0.3877733581811831	1.4959559221800303	-1.3993866246653754	1
-1.5353700874148668	-1.1746905761680284	-1.8249831381642032	0
-0.0652846640325035	2.0621600341265354	0.7845064609707239	2
-2.7540531549040224	3.1836378317590621	3.4362763417052151	4
-0.8454114290848551	0.5472892568746265	2.6952732436346079	3
-0.5827702814816705	3.9624744390807694	1.6474546203992415	2
1.2451021565351188	2.2938453475224350	-0.3675870086783783	1
-1.0947602568943062	-0.4874870003074132	-0.9197876170706016	0
1.0803909966442451	1.4618262499652901	2.8024984039624252	2
-2.1938324770031015	-0.2538058560960569	-2.2632612209490408	0
-1.1878206751554634	0.0271184434613431	-1.4695908686725616	0
-0.8517550152658420	0.0443404864552367	1.8001992609623882	3
-2.4443414077384680	0.1238965702231477	-1.1153718402673318	0
-1.4010041964911055	-0.3550829357619413	3.5065621799706164	3
0.8078156673868733	0.5910298688313811	1.6868254835906615	2
2.3506182631916568	0.9556769385352761	0.1966912198136147	1
-3.2935298337969057	1.2455580218381948	2.1841079078602443	4
-1.8716910293634381	0.2216210504253224	1.8238362142757927	3
-1.7872185970121888	3.9051055142654780	3.5262041552576497	4
-1.9614751379097526	3.3083119680179651	2.8192710429845658	4
0.7745372250263796	0.7268772837779703	-1.1812813786641427	1
-1.2584084249760632	-0.8300930020708935	0.0320492977918148	0
-2.0138763530587473	-0.8986989959599886	-1.5169689127430241	0
G3
0	373	0.5591512307620622	147	0.5812685869939554	413	0.6128748155925507	
1	398	0.35489931589869994	32	0.4563891431399868	329	0.541743950329387	
2	459	0.2437249088583073	239	0.26367331325525023	38	0.27309285483979157	
3	244	0.1855473876682373	312	0.3650072089772864	480	0.8695367496965727	
4	338	0.2930502987136616	358	0.40979635759771404	27	0.49370800886444344	
5	248	0.1856334493257301	229	0.5478003467608097	435	0.6120113263690387	
6	391	0.5775432386807245	21	0.6405928187618953	99	0.7202448303494167	
7	52	0.27180240750944895	233	0.4560035789656856	205	0.5020414388871652	
8	460	0.3939683905834875	91	0.5169806429821253	216	0.5527681895073818	
9	335	0.38523621987835455	155	0.5363227391797089	46	0.6611873068225647	
10	291	0.5319843786089286	228	0.5870661845946408	360	0.6663639423204779	
11	95	0.31536096654332435	400	0.41872208081445705	313	0.46275269425111937	
12	220	0.35883407042324095	127	0.8407368063926244	480	0.9071565418531339	
13	145	0.6304791611967726	149	0.7090707107451965	409	0.7197691071929083	
14	332	0.5221441279984282	200	0.5926614795156845	439	0.604134395134535	
15	285	0.3696139789775771	132	0.42825813247366906	406	0.48273530813287907	
16	390	0.2808713778119865	47	0.30930717352764353	143	0.3612433015811072	
17	194	0.5360085545083347	35	0.6025638824962728	335	0.7105401767933428	
18	389	0.2833863829536739	278	0.30109106064342334	254	0.4648223150328072	
19	299	0.37356588135289	132	0.5778241178541114	212	0.6212996686152004	
20	294	0.318128297394519	162	0.39800361749220403	378	0.42197049413185855	
21	222	0.4281867629411418	120	0.46162366023531654	391	0.5001379130482095	
22	348	0.2209696109357586	319	0.3191489846282734	77	0.32753417667779927	
23	481	0.4398021504901214	420	0.46948552081106293	74	0.4995909598826099	
24	59	0.5512862547634969	195	0.5888038371268092	379	0.7804239209415246	
25	439	0.29008028033937977	337	0.4163457701700795	457	0.4383231722081547	
26	383	0.2632250663543687	266	0.30664536918958446	388	0.350526137242073	
27	338	0.320119036162195	130	0.4140739686833383	4	0.49370800886444344	
28	478	0.22080514388760097	32	0.22434359375440985	346	0.3971825067557244	
29	394	0.3127692463214683	280	0.35369016730102854	234	0.37788972355081873	
30	42	0.36932922389369066	265	0.3871851038067888	306	0.44065014978377426	
31	451	0.2616618433008924	499	0.2756613986857548	137	0.35441136686056607	
32	28	0.22434359375440985	478	0.3307158214095864	1	0.4563891431399868	
33	252	0.4035393926321474	274	0.5809768529428235	359	0.6118857721392014	
34	293	0.14738924281551327	459	0.19935647799247647	239	0.29614727156390425	
35	46	0.2730911602765926	484	0.4921397314018138	335	0.5119690417735654	
36	482	1.1149949942808466	377	1.377610936990408	146	1.5457691716662956	
37	230	0.24023398674616278	63	0.3849157207337065	358	0.4765683827229469	
38	2	0.27309285483979157	239	0.364360777821949	214	0.4340774075257841	
39	306	0.454458427023792	265	0.5488678415366877	70	0.5740982224543092	
40	192	0.43969111628992946	172	0.48234757119181376	251	0.49668379639026344	
41	261	0.7857267667897249	160	0.8343247723681942	201	0.9279750119904167	
42	265	0.2159440374320056	221	0.2989754230667999	30	0.36932922389369066	
43	80	0.3530399206066808	392	0.48878383119499674	348	0.5295517460014083	
44	269	0.27488853531773827	378	0.3576325971648429	243	0.4041826836163332	
45	118	0.44347955821411517	333	0.5195191086214423	75	0.8008920834122268	
46	35	0.2730911602765926	335	0.41358419062321766	155	0.5822683875037338	
47	16	0.30930717352764353	390	0.3232087268960976	132	0.3336457435609792	
48	374	0.25538275080821826	295	0.3910984234741176	179	0.5682462304735139	
49	357	0.4630247588992953	276	0.4848059349655976	457	0.5915457213099897	
50	416	0.47146682370659776	449	0.6625194756395525	349	0.6999862946609019	
51	240	0.6863614614985841	215	0.7706238876869813	157	0.7826825845022505	
52	7	0.27180240750944895	205	0.469485832037108	468	0.6445926660746932	
53	488	0.3857423110069907	163	0.4421699096028222	283	0.47059978675315045	
54	406	0.566350486994717	498	0.6186368229291972	285	0.6545112474512081	
55	371	1.2223038273410611	227	1.235288491233854	67	1.3306577812843219	
56	232	0.6662236173276704	299	0.7034833535526185	19	0.84595585621897	
57	433	0.27795423635858585	209	0.3258518280719369	404	0.4580917227197137	
58	284	0.3706055783370872	422	0.39904572338498473	395	0.40004610062184837	
59	195	0.15695213476232908	379	0.2360745344069377	104	0.4705351633241737	
60	135	0.23073044787899946	323	0.32319643549091226	133	0.4138803893388187	
61	187	0.35182310285300467	81	0.4973125821317626	73	0.5372230616977651	
62	339	0.5946337327820768	418	0.7398648973761464	93	0.8206141672845692	
63	253	0.2528028849180915	181	0.27196510221499726	209	0.35518046405792414	
64	136	0.5361610901072394	460	0.5422051789521709	367	0.5520677151436211	
65	317	0.23484222548745315	257	0.3628694761070376	481	0.4117858243238907	
66	479	0.9448010672261925	230	1.0272446681383507	384	1.047597330961779	
67	227	0.6446061693524165	296	0.6996396914217684	371	0.870031297444489	
68	458	0.6927855230994291	258	0.7744673591070841	354	0.7759850867259044	
69	426	0.5302205565170032	99	0.5938217373211236	329	0.6160434307304191	
70	39	0.5740982224543092	213	0.662560376941614	444	0.7575159515703019	
71	214	0.3284854385672817	459	0.4411891324805	293	0.44143971990562547	
72	181	0.2890051999257133	34	0.3643896411735908	394	0.3871598517718047	
73	233	0.19653245362883193	187	0.2538150965001001	450	0.38856391806940127	
74	135	0.48060678276194746	23	0.4995909598826099	323	0.5123031768470158	
75	440	0.21041641680081777	134	0.36940183211754685	311	0.39738688249174947	
76	65	0.5038739734069779	268	0.5165383380404752	369	0.5345228799864816	
77	319	0.04692732446570904	343	0.2877738545158886	22	0.32753417667779927	
78	414	0.395517254533566	456	0.44320192025847344	130	0.5551955499485478	
79	350	0.3231775830929334	234	0.38304906790081833	300	0.402944583046094	
80	43	0.3530399206066808	392	0.37482782867547504	348	0.46595965694769514	
81	168	0.42439068509539535	301	0.43918369370838123	126	0.46589069833295255	
82	300	0.34008607328886037	157	0.34550995161338083	327	0.475330366633091	
83	286	0.35095250197057626	87	0.47261771496554783	446	0.7041538970969904	
84	490	0.20056682878340207	190	0.34398416594497433	349	0.3913185067250014	
85	249	0.9163004462713937	272	0.917059043691627	92	0.9472978625900111	
86	464	0.22185659686765227	250	0.23569002903298386	431	0.2717996102669381	
87	497	0.4555952091088616	83	0.47261771496554783	122	0.5451806472897912	
88	117	0.3589616585372377	151	0.5229999700221591	369	0.5788712999034819	
89	373	0.17540921563807477	469	0.31216651028508124	362	0.3643364467330473	
90	494	0.4477401789803633	226	0.5611244401021087	185	0.603486332382057	
91	8	0.5169806429821253	460	0.6256981084566935	432	0.7555138321692355	
92	249	0.7587242117422388	85	0.9472978625900111	316	1.2095928301071908	
93	394	0.0752966422542366	430	0.2880768254615271	29	0.3864585977276745	
94	124	0.4883636490309504	450	0.5106396533699564	233	0.7251406312408697	
95	11	0.31536096654332435	124	0.5783453797332493	106	0.6160085487903547	
96	121	0.3709707909463303	258	0.4699726666250004	458	0.5972155404887446	
97	465	0.3075175827709166	441	0.31975028330274485	314	0.39440692557974316	
98	322	0.39514958510170833	401	0.4377398471855014	284	0.47963672548494646	
99	391	0.4866699520781443	329	0.5066124108662334	69	0.5938217373211236	
100	388	0.5309692785240268	101	0.5557979693227031	476	0.6238015776510634	
101	347	0.5551282506451293	100	0.5557979693227031	210	0.563165693992091	
102	223	0.9242856604772391	342	1.267613394392343	449	1.3219056365621464	
103	399	0.3726144855284131	265	0.44213927180697143	221	0.48633919350663446	
104	238	0.28366614003913965	379	0.36353650180186103	376	0.44404760754199496	
105	219	0.4912383650785615	326	0.595300218098304	410	0.6201425880071553	
106	95	0.6160085487903547	220	0.785952481558832	124	0.8062366801426781	
107	346	0.39672425198812633	330	0.5307976050616625	108	0.6955992684922608	
108	107	0.6955992684922608	346	0.789441905262221	267	0.9412553812237724	
109	189	0.49062449111207773	341	0.6304587862647203	263	0.6884252413160636	
110	378	0.3028907147199047	269	0.3732991614952799	243	0.38940696061079977	
111	466	0.06771642782565936	164	0.3882167034582383	151	0.6045876052559397	
112	467	0.12269947941137514	259	0.2481691749051007	427	0.3211728235679696	
113	140	0.5090953658947445	162	0.5318040732676893	196	0.5354568668246035	
114	246	0.11793039048422874	411	0.3875149525848833	79	0.5969546642729601	
115	365	0.3550469506926123	494	0.35837610414663623	290	0.5763947351518754	
116	212	0.30337959528346403	489	0.42519811564277893	437	0.4825053411713376	
117	369	0.23245247606166114	88	0.3589616585372377	76	0.5849083070138424	
118	333	0.32356107059597145	45	0.44347955821411517	276	0.4746933852561031	
119	325	0.04887624986804326	387	0.3800301042888565	476	0.5304786537647639	
120	310	0.26385267426104625	324	0.3796323641574509	21	0.46162366023531654	
121	96	0.3709707909463303	258	0.5196757399864192	204	0.5577884555901672	
122	294	0.3103677530133408	497	0.403431493721525	417	0.5119724103998254	
123	376	0.34455737208359566	38	0.5244435520405695	239	0.5445362047353834	
124	94	0.4883636490309504	95	0.5783453797332493	302	0.7117799460594174	
125	354	1.2776764739597395	171	1.3082700735531083	172	1.337436537054709	
126	443	0.32594726603881596	301	0.37141149006389623	81	0.46589069833295255	
127	372	0.6042115091150735	495	0.6678958189608608	480	0.8360101845595992	
128	457	0.3420233846020017	357	0.4274906343621436	276	0.53576483851455	
129	300	0.5541170038489395	141	0.6330902000364543	82	0.6421618857946003	
130	245	0.2858151551378514	27	0.4140739686833383	456	0.44531886706681406	
131	182	0.7290967815206294	170	0.8132274979767459	397	0.8763159403941806	
132	47	0.3336457435609792	15	0.42825813247366906	116	0.529396936454034	
133	247	0.3703317082457989	60	0.4138803893388187	268	0.4673870610375256	
134	75	0.36940183211754685	468	0.4614735251302513	311	0.4776798288480981	
135	60	0.23073044787899946	262	0.2813010334869614	323	0.409234763231798	
136	367	0.28191006863974355	149	0.5098664859045965	64	0.5361610901072394	
137	31	0.35441136686056607	451	0.37582955099492177	206	0.46690670333415774	
138	354	1.0020062225532105	483	1.1877083364090533	344	1.2005962917025317	
139	146	0.18013364783628166	414	0.2932354911201315	78	0.5923152035994756	
140	251	0.2354865281962614	216	0.2778315944270933	321	0.3243105199160828	
141	71	0.5094706845577983	214	0.5472655705872278	129	0.6330902000364543	
142	429	0.6931318724562818	405	0.7112901294557555	274	0.7649891157798988	
143	16	0.3612433015811072	204	0.42305437214675196	487	0.43185763136689964	
144	473	1.2297744782077573	397	1.3041908386336334	302	1.3466934166802613	
145	136	0.5843491567199245	64	0.5986619321943724	13	0.6304791611967726	
146	139	0.18013364783628166	414	0.47304230968645833	482	0.5624971525532364	
147	368	0.45269609530393184	167	0.5437143082233405	0	0.5812685869939554	
148	175	0.6585009067617781	84	0.6733191856682756	349	0.6792384694814491	
149	136	0.5098664859045965	145	0.678098036601408	13	0.7090707107451965	
150	374	0.7339909649002392	492	0.7396759871466884	355	0.7901021108350011	
151	396	0.22639530581038647	164	0.3855424306743292	88	0.5229999700221591	
152	418	0.5871517905038129	249	0.7279823666293721	146	0.7869735871251846	
153	277	0.3407480994807598	112	0.44919707125568653	259	0.48257139215122763	
154	326	0.3881529523356864	424	0.43446928099180404	189	0.684585257991899	
155	484	0.3849943020204252	335	0.4594764189242815	360	0.49910028717653954	
156	352	0.9467763606261259	250	0.9675832802224832	86	0.996239844847194	
157	82	0.34550995161338083	300	0.6308164613922117	182	0.6310872971236031	
158	173	0.3630556678245419	393	0.39337871785806455	203	0.5624075992078568	
159	309	0.3817826129946132	255	0.9974884886342451	382	1.2131392538040096	
160	261	0.39990780548864063	208	0.657301752022424	408	0.7020492371945131	
161	491	0.282152153483941	411	0.4146301264414279	215	0.5334986838288911	
162	20	0.39800361749220403	242	0.4051419671091915	294	0.4079728631030747	
163	53	0.4421699096028222	488	0.48300711820708964	359	0.49532195165125714	
164	396	0.33798484395114836	466	0.35066350078508074	151	0.3855424306743292	
165	497	0.2539469407214255	435	0.3077017375648988	294	0.5235510460985968	
166	351	0.5057815219606523	60	0.627630130712477	173	0.6592476766388333	
167	368	0.3434061582271545	307	0.39352211213925714	397	0.5168175319929028	
168	81	0.42439068509539535	313	0.4442441628376741	264	0.5046130737944007	
169	120	0.4753683274091752	391	0.47873874599007643	324	0.5020523652976292	
170	193	0.6894038072458101	182	0.7764476995946868	131	0.8132274979767459	
171	269	0.38921618017752174	243	0.4168223774958151	192	0.47428687869672226	
172	192	0.4282303304193168	40	0.48234757119181376	171	0.48369291390764313	
173	351	0.34644823679298964	158	0.3630556678245419	393	0.46592242222507946	
174	492	0.40183009507795936	191	1.0344558400257966	150	1.0876568692506836	
175	453	0.4310927124586967	490	0.5056961836115463	413	0.555196260387329	
176	212	0.5297939655234845	385	0.5927392186993405	380	0.6207052014654726	
177	491	0.4663146708457069	240	0.5211342464228736	215	0.6868898320409406	
178	292	0.4176719730289555	340	0.5176671599711543	321	0.8628936100772917	
179	295	0.4079359900110209	48	0.5682462304735139	374	0.8181448611129504	
180	226	0.24729065730200472	389	0.5479394417181584	342	0.5873919676503908	
181	253	0.2489509989938971	63	0.27196510221499726	72	0.2890051999257133	
182	157	0.6310872971236031	131	0.7290967815206294	170	0.7764476995946868	
183	391	0.6696301774693785	6	0.832037074653565	21	0.8406231425814336	
184	421	0.5060690961229302	38	0.6192425107243285	414	0.7105687267084939	
185	288	0.15040268987470326	90	0.603486332382057	289	0.6341218388219791	
186	243	0.14392445218615357	378	0.22564331832117432	269	0.27414829802188645	
187	73	0.2538150965001001	61	0.35182310285300467	450	0.40538649926385717	
188	493	0.6439334750563677	205	0.6521026277388339	331	0.7348825817305206	
189	109	0.49062449111207773	263	0.6552280649583703	154	0.684585257991899	
190	490	0.3387547167542463	84	0.34398416594497433	349	0.6112032794242246	
191	105	0.8941723871732955	246	0.9192751515280452	109	0.9476834816423971	
192	172	0.4282303304193168	40	0.43969111628992946	171	0.47428687869672226	
193	381	0.6852519352848924	170	0.6894038072458101	200	0.691503120477668	
194	17	0.5360085545083347	46	0.638488485021863	335	0.6437059146701978	
195	59	0.15695213476232908	379	0.2326661343796697	376	0.44618972262912726	
196	216	0.40988587559392475	321	0.5056541432277053	113	0.5354568668246035	
197	465	0.4690447322271012	97	0.49031923022251545	444	0.5721275937430064	
198	304	0.5357652282743766	405	1.0270072767472274	429	1.1892781531995762	
199	330	0.44082309573545864	107	0.7062995331677855	208	0.9552797169180011	
200	443	0.37718549028599635	247	0.41342347398618	25	0.566934532631569	
201	486	0.13556957994358357	324	0.38922775152020306	310	0.45672470278736843	
202	441	0.5777099128410245	465	0.6895731818966736	164	0.7714352174058114	
203	393	0.30920060617339495	331	0.5022807968218713	158	0.5624075992078568	
204	143	0.42305437214675196	80	0.5088916088697119	121	0.5577884555901672	
205	52	0.469485832037108	7	0.5020414388871652	134	0.6383459140411927	
206	137	0.46690670333415774	451	0.5305766493239283	31	0.5535405606371921	
207	278	0.47206535906496844	18	0.6631793417984595	389	0.7885702326750147	
208	408	0.4583893587108122	486	0.5195575236556647	201	0.538726248025203	
209	433	0.23400976111731786	253	0.3135946613847999	57	0.3258518280719369	
210	455	0.3437115517050515	347	0.38082211899236207	101	0.563165693992091	
211	415	0.6168969372179055	284	0.827997827013304	428	0.8816916623998771	
212	380	0.24713587940037607	116	0.30337959528346403	176	0.5297939655234845	
213	496	0.3532441705176337	287	0.5403279959343095	70	0.662560376941614	
214	71	0.3284854385672817	2	0.4092289092276548	38	0.4340774075257841	
215	237	0.29487591515062767	491	0.4536206488986246	161	0.5334986838288911	
216	140	0.2778315944270933	196	0.40988587559392475	328	0.42345984320946256	
217	470	0.4797561910881617	126	0.4938108401944763	268	0.5308286415904555	
218	311	0.22963335594251738	264	0.5055981022496138	400	0.544327302090156	
219	326	0.42147360775819753	105	0.4912383650785615	410	0.5366284485291954	
220	12	0.35883407042324095	106	0.785952481558832	312	0.9617156304961287	
221	42	0.2989754230667999	265	0.40645397582452686	399	0.42846534563950783	
222	445	0.39347348937092624	21	0.4281867629411418	324	0.79239176084286	
223	449	0.5246530105685764	416	0.7219946466471023	407	0.7683200963640398	
224	267	0.6303967667449606	108	0.9453851575330035	206	1.2390910659477736	
225	213	0.8229957930830729	495	0.9941123927027412	496	1.0043058723158098	
226	180	0.24729065730200472	389	0.4366395997738825	494	0.49102027722429725	
227	67	0.6446061693524165	371	0.7427844917205532	392	0.9154806052751118	
228	10	0.5870661845946408	291	0.9017273545609925	16	0.9081794404784231	
229	458	0.42151887530465915	435	0.5081460182880995	5	0.5478003467608097	
230	37	0.24023398674616278	63	0.506287781120771	358	0.6955219554556676	
231	386	0.48370856922233907	485	0.5039167213205165	298	0.5938347633507596	
232	56	0.6662236173276704	108	0.9780232970319584	107	0.9974621160179098	
233	73	0.19653245362883193	450	0.40301872503699687	187	0.43411744165407223	
234	350	0.21607220821095754	29	0.37788972355081873	79	0.38304906790081833	
235	343	0.27478626195928896	319	0.41097623024724117	77	0.4310483015658297	
236	498	0.40966804590412403	285	0.5794434781104937	15	0.5936218142956765	
237	215	0.29487591515062767	395	0.5832344154624107	411	0.614829040734194	
238	104	0.28366614003913965	379	0.3596228398749764	376	0.3857527691532804	
239	2	0.26367331325525023	280	0.2894883158609155	34	0.29614727156390425	
240	177	0.5211342464228736	51	0.6863614614985841	491	0.8489104176538858	
241	344	0.6757303497432101	347	0.7682166364060549	455	0.8811492495730362	
242	162	0.4051419671091915	20	0.5736129021222943	294	0.6970201269429024	
243	378	0.11231103815827191	269	0.13323575607830923	186	0.14392445218615357	
244	3	0.1855473876682373	312	0.38703854598705956	52	0.8088377556300727	
245	442	0.2807817967622853	130	0.2858151551378514	454	0.29623464568991886	
246	114	0.11793039048422874	411	0.3486695507502296	219	0.6054913191993779	
247	133	0.3703317082457989	337	0.4079700730790634	200	0.41342347398618	
248	5	0.1856334493257301	229	0.5515063871703144	435	0.557999542116406	
249	418	0.679677288441722	152	0.7279823666293721	92	0.7587242117422388	
250	431	0.2014151910252206	86	0.23569002903298386	464	0.4230591131242678	
251	140	0.2354865281962614	44	0.4505377840200103	216	0.46970969677929386	
252	33	0.4035393926321474	273	0.49388077506431227	448	0.5075035999838395	
253	181	0.2489509989938971	63	0.2528028849180915	433	0.30302188384855544	
254	18	0.4648223150328072	488	0.5332948405401188	428	0.5545039476694967	
255	324	0.6652703646983444	169	0.7286389141130979	201	0.821921351332962	
256	366	0.6223252191578389	464	1.0379386266660422	242	1.0598713893822527	
257	65	0.3628694761070376	362	0.39344261137382536	373	0.4126654904116771	
258	96	0.4699726666250004	121	0.5196757399864192	68	0.7744673591070841	
259	112	0.2481691749051007	467	0.2861837240099082	277	0.36994381962196	
260	445	0.5448433469925897	222	0.8289004233252778	330	0.9015027995820462	
261	160	0.39990780548864063	408	0.4563158035612547	235	0.5383935353441325	
262	290	0.16995819402538595	135	0.2813010334869614	60	0.49203817353760776	
263	189	0.6552280649583703	109	0.6884252413160636	291	0.8038026397752562	
264	313	0.30627897682905464	402	0.4775678466836948	168	0.5046130737944007	
265	42	0.2159440374320056	306	0.21875742211387414	399	0.31832356260586103	
266	476	0.06406103892263748	388	0.29971830461857357	26	0.30664536918958446	
267	224	0.6303967667449606	206	0.8228455654744632	108	0.9412553812237724	
268	133	0.4673870610375256	76	0.5165383380404752	217	0.5308286415904555	
269	378	0.12322735864807002	243	0.13323575607830923	186	0.27414829802188645	
270	282	0.8550122464015826	447	0.9435875105351078	410	0.9463266763317538	
271	474	0.3020653455435945	404	0.35879386058793067	327	0.4521106418278611	
272	336	0.352042296656778	93	0.6638028646328626	394	0.6932526399538527	
273	407	0.36861710859915875	275	0.3747875337587395	448	0.3870287117036453	
274	359	0.4100445763707926	315	0.5491064344252083	33	0.5809768529428235	
275	453	0.2805552779450697	467	0.3030241462372032	112	0.35605140684521636	
276	357	0.3199733777725296	118	0.4746933852561031	49	0.4848059349655976	
277	153	0.3407480994807598	259	0.36994381962196	112	0.5042716553493516	
278	18	0.30109106064342334	207	0.47206535906496844	389	0.4770341473309142	
279	342	0.361736393304045	389	0.5108724283079987	33	0.6549643374972118	
280	239	0.2894883158609155	34	0.31115157473478805	29	0.35369016730102854	
281	355	0.4322589054807404	431	0.6055142746617501	367	0.6247540161902646	
282	386	0.4574525895747647	447	0.48985787111633267	298	0.5484990315526815	
283	488	0.3200996821591303	375	0.3456350843742838	305	0.3469941626493307	
284	58	0.3706055783370872	375	0.4199298136091567	98	0.47963672548494646	
285	406	0.15072046970280428	498	0.32988256700017016	15	0.3696139789775771	
286	83	0.35095250197057626	87	0.5894827694411154	250	0.6240821292192879	
287	333	0.5052807851747837	213	0.5403279959343095	128	0.5498592717548574	
288	185	0.15040268987470326	289	0.49411364739904845	436	0.548456000927016	
289	436	0.3909630201096236	393	0.41804475988360495	470	0.44148501391594036	
290	262	0.16995819402538595	305	0.44083317877158007	283	0.44504394060315555	
291	10	0.5319843786089286	263	0.8038026397752562	228	0.9017273545609925	
292	178	0.4176719730289555	340	0.7860958160860109	321	0.8211956828958289	
293	34	0.14738924281551327	442	0.224947337908239	459	0.22803142312570415	
294	122	0.3103677530133408	20	0.318128297394519	162	0.4079728631030747	
295	48	0.3910984234741176	179	0.4079359900110209	374	0.6190560517103183	
296	385	0.6319079880034856	176	0.6961116708675202	67	0.6996396914217684	
297	23	0.5867369791627549	481	0.6306454644895587	368	0.6644895517177016	
298	300	0.46135605362818805	282	0.5484990315526815	79	0.5656884784508717	
299	19	0.37356588135289	116	0.4984457857926716	206	0.6031248504566364	
300	82	0.34008607328886037	79	0.402944583046094	298	0.46135605362818805	
301	475	0.15729618660068373	126	0.37141149006389623	81	0.43918369370838123	
302	124	0.7117799460594174	117	0.7302687487185892	88	0.7455247922396079	
303	332	0.45889003573522175	402	0.5057328755952094	496	0.5220309997341761	
304	198	0.5357652282743766	98	0.8923910654247384	415	1.1229174852841837	
305	283	0.3469941626493307	472	0.37549845710239405	375	0.38865320982609614	
306	265	0.21875742211387414	42	0.40445426675415563	30	0.44065014978377426	
307	167	0.39352211213925714	368	0.5142616602062222	397	0.5492882846265734	
308	383	0.31160417700764587	388	0.480095430367184	361	0.4988342536917518	
309	159	0.3817826129946132	382	1.1893582006709869	41	1.1971885019175494	
310	324	0.1809910574541263	120	0.26385267426104625	486	0.3547848365092626	
311	218	0.22963335594251738	75	0.39738688249174947	440	0.43923760022126956	
312	3	0.3650072089772864	244	0.38703854598705956	400	0.6451942574211614	
313	264	0.30627897682905464	168	0.4442441628376741	402	0.448691148975943	
314	97	0.39440692557974316	441	0.5498193384763862	303	0.5599399047279983	
315	274	0.5491064344252083	359	0.6240601095989768	405	0.7219805592613024	
316	104	0.6389517650886625	238	0.8843113661542535	59	0.9502592654395473	
317	65	0.23484222548745315	373	0.4693356147210241	257	0.48293332612649353	
318	387	0.3982529085238117	455	0.5252005419159975	325	0.6485784488433951	
319	77	0.04692732446570904	343	0.26258380937888315	22	0.3191489846282734	
320	148	0.7999218803182184	175	0.8849114377414351	438	1.0660860948848754	
321	140	0.3243105199160828	216	0.4422277131038046	251	0.49998005942711343	
322	401	0.3041321786743887	98	0.39514958510170833	284	0.580907717142827	
323	60	0.32319643549091226	135	0.409234763231798	472	0.4719527311691519	
324	310	0.1809910574541263	486	0.3290204579128146	120	0.3796323641574509	
325	119	0.04887624986804326	387	0.3493548243093237	476	0.5695916634481	
326	154	0.3881529523356864	219	0.42147360775819753	105	0.595300218098304	
327	404	0.2241571069271669	271	0.4521106418278611	82	0.475330366633091	
328	216	0.42345984320946256	140	0.48020764349679673	251	0.5196969288729311	
329	99	0.5066124108662334	1	0.541743950329387	426	0.5418911851274493	
330	199	0.44082309573545864	107	0.5307976050616625	208	0.5524296976171122	
331	203	0.5022807968218713	493	0.5318245981856511	205	0.6571942887534936	
332	402	0.4316716116517168	303	0.45889003573522175	496	0.4867579163835906	
333	118	0.32356107059597145	75	0.41533308135451613	440	0.43004716072315835	
334	101	0.6897720011207421	483	0.7053660267206947	100	0.8789926085250985	
335	9	0.38523621987835455	46	0.41358419062321766	155	0.4594764189242815	
336	272	0.352042296656778	410	0.4136232537474653	424	0.7556973565220076	
337	247	0.4079700730790634	25	0.4163457701700795	457	0.5139369115027029	
338	4	0.2930502987136616	27	0.320119036162195	358	0.3435871447131768	
339	62	0.5946337327820768	424	0.8921936700767338	272	0.8927196453740351	
340	178	0.5176671599711543	292	0.7860958160860109	464	0.8663793111182869	
341	109	0.6304587862647203	326	0.6552040163351847	189	0.6886925530599817	
342	279	0.361736393304045	389	0.4749363691613814	226	0.5051232483003695	
343	319	0.26258380937888315	235	0.27478626195928896	77	0.2877738545158886	
344	347	0.33177536824384307	455	0.5513583495998609	210	0.5735266105524247	
345	421	1.6659298077437745	184	1.7360816741787128	425	1.7866037371883394	
346	107	0.39672425198812633	28	0.3971825067557244	478	0.45445634966314485	
347	344	0.33177536824384307	210	0.38082211899236207	455	0.4934761842827201	
348	22	0.2209696109357586	319	0.37961099586620584	77	0.383615907416471	
349	84	0.3913185067250014	490	0.5704375189006422	190	0.6112032794242246	
350	234	0.21607220821095754	79	0.3231775830929334	300	0.5039344538662887	
351	173	0.34644823679298964	166	0.5057815219606523	393	0.5579328991174383	
352	286	0.9418828977028453	156	0.9467763606261259	250	1.073409686894112	
353	480	0.6491213272138873	127	0.8362065961957051	12	1.0548949206506035	
354	68	0.7759850867259044	138	1.0020062225532105	458	1.1109516394691088	
355	281	0.4322589054807404	446	0.7070233142195066	150	0.7901021108350011	
356	452	0.37452893679065613	468	0.6904360818232085	134	0.7617251328727078	
357	276	0.3199733777725296	457	0.39974135949452866	128	0.4274906343621436	
358	338	0.3435871447131768	4	0.40979635759771404	181	0.4513453065542439	
359	274	0.4100445763707926	163	0.49532195165125714	254	0.5910119113480139	
360	471	0.40138489832709395	16	0.40761044305113797	390	0.4857274401320957	
361	417	0.33907722959090425	383	0.4968529860349389	308	0.4988342536917518	
362	373	0.27766732430978924	427	0.332500180414146	89	0.3643364467330473	
363	243	0.31502053165544064	186	0.32504759988897475	269	0.3254194299311313	
364	468	0.807335283270678	452	0.9266595921750738	244	0.985385245378669	
365	115	0.3550469506926123	262	0.5762219000678614	290	0.5886145632708566	
366	256	0.6223252191578389	242	0.7997854419645142	294	0.8626226308498681	
367	136	0.28191006863974355	64	0.5520677151436211	281	0.6247540161902646	
368	167	0.3434061582271545	147	0.45269609530393184	307	0.5142616602062222	
369	117	0.23245247606166114	76	0.5345228799864816	88	0.5788712999034819	
370	235	0.7916239283843459	489	0.8108499247900809	296	0.8131435324169155	
371	227	0.7427844917205532	67	0.870031297444489	55	1.2223038273410611	
372	127	0.6042115091150735	313	0.7036925113271538	402	0.7101033842360923	
373	89	0.17540921563807477	362	0.27766732430978924	469	0.3087621786864581	
374	48	0.25538275080821826	295	0.6190560517103183	100	0.6730426097257497	
375	472	0.2628242017767006	283	0.3456350843742838	305	0.38865320982609614	
376	123	0.34455737208359566	238	0.3857527691532804	379	0.4178641979475381	
377	62	0.9330349102303527	339	1.1575948095775566	358	1.1887985729090438	
378	243	0.11231103815827191	269	0.12322735864807002	186	0.22564331832117432	
379	195	0.2326661343796697	59	0.2360745344069377	238	0.3596228398749764	
380	212	0.24713587940037607	116	0.4894813586030131	385	0.5853961317958004	
381	474	0.527385275075565	200	0.5756372913855009	271	0.577131316220074	
382	255	0.9475359710846167	445	0.9721966607938268	41	1.0036362017484375	
383	26	0.2632250663543687	308	0.31160417700764587	388	0.368767185829959	
384	66	1.047597330961779	221	1.0584915448401042	230	1.19295032672809	
385	380	0.5853961317958004	176	0.5927392186993405	296	0.6319079880034856	
386	282	0.4574525895747647	231	0.48370856922233907	447	0.5290225600164533	
387	325	0.3493548243093237	119	0.3800301042888565	318	0.3982529085238117	
388	266	0.29971830461857357	476	0.313817683334685	26	0.350526137242073	
389	18	0.2833863829536739	226	0.4366395997738825	342	0.4749363691613814	
390	16	0.2808713778119865	484	0.3080590492432067	47	0.3232087268960976	
391	169	0.47873874599007643	120	0.48183856349247395	99	0.4866699520781443	
392	80	0.37482782867547504	43	0.48878383119499674	204	0.6502568602319979	
393	203	0.30920060617339495	158	0.39337871785806455	289	0.41804475988360495	
394	93	0.0752966422542366	430	0.3102286756695467	29	0.3127692463214683	
395	422	0.11597093787754087	58	0.40004610062184837	237	0.5832344154624107	
396	151	0.22639530581038647	164	0.33798484395114836	88	0.6401184450384209	
397	167	0.5168175319929028	307	0.5492882846265734	473	0.5605870337771915	
398	1	0.35489931589869994	31	0.4721395883256473	451	0.5002007806249638	
399	265	0.31832356260586103	103	0.3726144855284131	221	0.42846534563950783	
400	11	0.41872208081445705	264	0.5104931588425523	313	0.533698124893532	
401	322	0.3041321786743887	58	0.40448821786288686	98	0.4377398471855014	
402	496	0.40672622839006556	332	0.4316716116517168	313	0.448691148975943	
403	96	0.7072250808207063	248	0.8077402902503196	99	0.8081887937761341	
404	327	0.2241571069271669	271	0.35879386058793067	57	0.4580917227197137	
405	142	0.7112901294557555	274	0.7215379700629668	315	0.7219805592613024	
406	285	0.15072046970280428	498	0.3645144310324741	15	0.48273530813287907	
407	448	0.22438403606155397	273	0.36861710859915875	275	0.5546525596330282	
408	261	0.4563158035612547	208	0.4583893587108122	461	0.49384181353783485	
409	13	0.7197691071929083	178	0.8710523794763447	196	0.9582352705130968	
410	336	0.4136232537474653	219	0.5366284485291954	105	0.6201425880071553	
411	246	0.3486695507502296	114	0.3875149525848833	161	0.4146301264414279	
412	438	0.5006286164735522	413	0.5569268380730333	0	0.733504161974342	
413	175	0.555196260387329	412	0.5569268380730333	438	0.5942255076955115	
414	139	0.2932354911201315	78	0.395517254533566	146	0.47304230968645833	
415	491	0.47867333379791976	161	0.542950077859718	211	0.6168969372179055	
416	50	0.47146682370659776	427	0.5680035275390725	407	0.5936160195235499	
417	361	0.33907722959090425	122	0.5119724103998254	113	0.5407081107239929	
418	430	0.5362074395559677	152	0.5871517905038129	414	0.6353336224427018	
419	258	0.9608199747204755	403	1.0159586800537945	96	1.0991429781224589	
420	23	0.46948552081106293	474	0.5042355226417168	74	0.5846178991968588	
421	425	0.37113824119923444	184	0.5060690961229302	78	0.7957134228589147	
422	395	0.11597093787754087	58	0.39904572338498473	57	0.5449908850769136	
423	455	0.5527967330047469	210	0.6345590271860295	347	0.8139532302563541	
424	154	0.43446928099180404	272	0.6960394244200888	326	0.7258060657779922	
425	421	0.37113824119923444	78	0.5842906345810023	184	0.71896590213745	
426	487	0.30988897958577777	69	0.5302205565170032	329	0.5418911851274493	
427	467	0.21891082232471232	112	0.3211728235679696	362	0.332500180414146	
428	488	0.42070028763090117	429	0.44094504849661503	305	0.4694346594157883	
429	428	0.44094504849661503	359	0.6161413269848229	254	0.6440048495692784	
430	93	0.2880768254615271	394	0.3102286756695467	280	0.35471208694381096	
431	250	0.2014151910252206	86	0.2717996102669381	464	0.4197349472527348	
432	387	0.44160064885875333	455	0.6186808136621359	210	0.6464291363120249	
433	209	0.23400976111731786	57	0.27795423635858585	253	0.30302188384855544	
434	315	0.9701842913298864	274	1.0217648549689142	252	1.0295528723029908	
435	165	0.3077017375648988	229	0.5081460182880995	20	0.5083090155939112	
436	470	0.2088789684987417	289	0.3909630201096236	288	0.548456000927016	
437	116	0.4825053411713376	489	0.49273611462995703	22	0.4972474435308752	
438	412	0.5006286164735522	413	0.5942255076955115	175	0.6765709546015503	
439	25	0.29008028033937977	306	0.5341959742906269	200	0.5679837321894436	
440	75	0.21041641680081777	333	0.43004716072315835	311	0.43923760022126956	
441	465	0.15320431129970224	97	0.31975028330274485	314	0.5498193384763862	
442	454	0.06561700781326454	293	0.224947337908239	245	0.2807817967622853	
443	126	0.32594726603881596	200	0.37718549028599635	247	0.5141717315652206	
444	97	0.5713008251735544	197	0.5721275937430064	314	0.606206490926574	
445	222	0.39347348937092624	260	0.5448433469925897	21	0.6459572834395733	
446	83	0.7041538970969904	355	0.7070233142195066	150	0.8228824426780937	
447	282	0.48985787111633267	386	0.5290225600164533	59	0.7603745508464516	
448	407	0.22438403606155397	273	0.3870287117036453	252	0.5075035999838395	
449	223	0.5246530105685764	50	0.6625194756395525	349	0.7156279036224666	
450	73	0.38856391806940127	233	0.40301872503699687	187	0.40538649926385717	
451	31	0.2616618433008924	137	0.37582955099492177	499	0.42333000226195205	
452	468	0.3519282537649458	356	0.37452893679065613	134	0.5649274623100173	
453	275	0.2805552779450697	175	0.4310927124586967	273	0.4547348104049855	
454	442	0.06561700781326454	293	0.2742836427628752	245	0.29623464568991886	
455	210	0.3437115517050515	387	0.4194287255202608	347	0.4934761842827201	
456	245	0.43967835963697116	78	0.44320192025847344	71	0.4440534230702715	
457	128	0.3420233846020017	357	0.39974135949452866	25	0.4383231722081547	
458	229	0.42151887530465915	96	0.5972155404887446	5	0.6803691274236668	
459	34	0.19935647799247647	293	0.22803142312570415	2	0.2437249088583073	
460	8	0.3939683905834875	328	0.5342647553465556	64	0.5422051789521709	
461	343	0.2893323499606008	22	0.36460455955280335	319	0.4028861815499663	
462	49	1.0864557710825817	103	1.168164630376329	45	1.1851229413629432	
463	22	0.3588623959067959	348	0.4422780246238345	80	0.506560585923483	
464	86	0.22185659686765227	431	0.4197349472527348	250	0.4230591131242678	
465	441	0.15320431129970224	97	0.3075175827709166	197	0.4690447322271012	
466	111	0.06771642782565936	164	0.35066350078508074	151	0.5987921895470795	
467	112	0.12269947941137514	427	0.21891082232471232	259	0.2861837240099082	
468	452	0.3519282537649458	134	0.4614735251302513	75	0.5959525956916861	
469	481	0.26204494045730603	373	0.3087621786864581	89	0.31216651028508124	
470	436	0.2088789684987417	289	0.44148501391594036	217	0.4797561910881617	
471	360	0.40138489832709395	47	0.5491382258965143	15	0.571469460948477	
472	375	0.2628242017767006	283	0.3642660943027189	305	0.37549845710239405	
473	397	0.5605870337771915	88	0.6344462672942267	117	0.6673222766718352	
474	271	0.3020653455435945	420	0.5042355226417168	381	0.527385275075565	
475	301	0.15729618660068373	126	0.4769961772873538	217	0.5519243424633112	
476	266	0.06406103892263748	388	0.313817683334685	26	0.3632324222374826	
477	26	0.5954631600451392	186	0.6216947216005774	435	0.6708192039386591	
478	28	0.22080514388760097	32	0.3307158214095864	346	0.45445634966314485	
479	63	0.6689538081530405	209	0.708891855161263	326	0.740128823693231	
480	353	0.6491213272138873	264	0.7317082739111407	372	0.7713767263644103	
481	469	0.26204494045730603	65	0.4117858243238907	23	0.4398021504901214	
482	146	0.5624971525532364	139	0.6705274364695736	414	0.904866782063507	
483	101	0.6670041253529503	334	0.7053660267206947	100	0.7380448491482247	
484	390	0.3080590492432067	155	0.3849943020204252	35	0.4921397314018138	
485	231	0.5039167213205165	298	0.6598761225328817	300	0.7565227179357475	
486	201	0.13556957994358357	324	0.3290204579128146	310	0.3547848365092626	
487	426	0.30988897958577777	143	0.43185763136689964	463	0.5498963794487208	
488	283	0.3200996821591303	53	0.3857423110069907	428	0.42070028763090117	
489	77	0.390527336009138	116	0.42519811564277893	319	0.4291565954189539	
490	84	0.20056682878340207	190	0.3387547167542463	175	0.5056961836115463	
491	161	0.282152153483941	215	0.4536206488986246	177	0.4663146708457069	
492	174	0.40183009507795936	150	0.7396759871466884	446	0.9798570715296915	
493	331	0.5318245981856511	188	0.6439334750563677	203	0.7090349664545316	
494	115	0.35837610414663623	90	0.4477401789803633	226	0.49102027722429725	
495	127	0.6678958189608608	303	0.8445434612245664	372	0.9349947872956903	
496	213	0.3532441705176337	402	0.40672622839006556	332	0.4867579163835906	
497	165	0.2539469407214255	122	0.403431493721525	87	0.4555952091088616	
498	285	0.32988256700017016	406	0.3645144310324741	236	0.40966804590412403	
499	31	0.2756613986857548	451	0.42333000226195205	206	0.5681618583171311	
