2.1871887450401823	-1.5169907523366788	2.2955578852811800	-3.0840140787856756	-2.2678130164771408	3.7373427141154685	3
1.9191143213208426	-3.6074959911805728	-0.0174548315993368	-1.6483913332070865	-1.3791401976780873	2.7770309671912745	3
0.4730306397646937	-1.9776684797257598	3.7304860866936362	-3.6675088212796880	-0.2858415306421696	-0.5360508341130461	3
1.4142145160179245	-0.0449605939602977	-0.0818635933408619	-0.6911380138619776	1.0452030295317263	0.9167848235574703	2
0.4418148804283678	-0.9582993026368289	-0.3802187330518006	1.0451267843021210	2.5080930908927321	0.6871419147690655	4
1.2055682385165176	2.5081132497862608	-1.4919139414873681	-2.8006058352823180	4.4817429767619998	-0.3068217532410822	2
1.4184670224303633	0.2955278686275339	0.7045524110010754	-1.1527125553105191	1.0722890297876815	0.7661868542702766	2
1.4183634252518573	1.6789304998055883	-2.4925966576435461	-0.2837372194355496	-1.5242538247081081	0.6870208979678146	0
2.2953861178340933	-1.1817078525490676	4.8586667066126541	3.8689689993219458	-1.3160247151503637	0.6762890170288125	1
2.1412783326092923	0.5847354055883497	0.8694952362100317	0.7837813947993797	-1.4815412205924567	-0.7565824827374479	1
0.6640525842411259	-0.2677795030607839	-1.6743129264370558	0.6990484444280677	-1.9566878141148207	-0.9451500485962642	0
1.0502598789218307	-2.9141928058273012	1.2520703048446873	-2.2713515162003026	-2.4644115961254043	2.5678614208545185	3
2.7290091591319618	-0.3540269214969964	-1.9456497993415458	-0.1963019019682625	1.5104989664066248	-0.6843277991897974	4
2.0336846677975866	0.0901525193954038	-0.2597325151103131	-1.6493056213505253	2.0024395355539788	1.1535754396453113	2
3.1062909583524494	-0.2287471450870799	3.2643841799473661	2.7411118794738965	-1.3102150252532581	-1.6539565253883750	1
0.3368855587827108	-0.7914826929060211	-0.9580298288806608	0.8511020579941175	0.9359432566716108	-1.7809570827841052	4
-0.1183341396988034	-0.1569339229386561	-1.9660441273661182	1.2543173068069553	2.4775051883248231	-1.7239058363111528	4
2.4169008506956828	-4.3834093657453028	1.9011366490142834	-1.8069838806251968	-1.7042538337203734	1.5875140842372046	3
2.8517223881641027	-1.2929690825035445	-0.3215106423309871	-1.5615749685611886	2.0482985941676701	3.1208036785938997	2
2.3172254560858456	0.2420641120504516	1.5818392035466318	2.2261713554270890	-2.3608007337759580	-1.1796948875987674	1
3.5292791252639137	-1.0769120432034918	2.7332590916496504	2.6586489698355300	-1.5081706606916718	-0.3946732656099420	1
-0.1016581256317861	2.4496504795049332	-2.1685696022760985	0.4182520634655721	-1.7691194536806287	1.2463690887344245	0
1.3816862884967382	1.5731890397957324	-1.2644486117297413	-0.9268567843615267	1.5932255388716376	1.4007930615889630	2
2.2280837731603746	-1.0579178785305132	0.8930057972294039	-2.5022407058491454	-1.1639998198335495	0.8018894310930534	3
4.0633253108194065	0.7164060548904624	2.5498972383984908	3.7683040941730526	-0.8410302831977470	0.0410564727181134	1
1.5673058739176851	-2.8771504065252689	0.7692598631763354	-5.2610440802540408	-1.5780073280603093	1.0337571076798944	3
2.0123691588668784	-0.8572870970979599	-0.9563469909054758	-1.2800060434996265	0.8723637217836256	-1.1733405017391483	4
-0.2064673271403477	-2.3602167113768373	2.4916893487533218	-3.9065976801589017	-0.9435299524302300	1.0608786568741420	3
-1.1439934949549699	-0.0945827051733264	1.1761881663756986	-1.1890479943263643	0.8104225383988256	-0.2005980865922515	4
2.4054036216234667	-0.5593943733563611	-0.6972686499351450	-1.3114383081411356	-0.1639627307558837	0.0614954970244475	2
2.0633678329797513	-0.5637746085569962	0.8109578807390458	3.5324743411189199	-2.0653869194933789	0.0227622622827700	1
2.6129543983465036	-4.2955988151345137	2.0127206841953469	-4.0883129781911745	-0.3055965938798249	1.5172471615375698	3
1.4659679220727997	1.2890666773932256	-0.3554184475416942	1.9198696382135596	-1.7530403604609173	-0.1900130207675176	0
0.1545811569026529	1.0312527963681271	1.0174414012078392	1.7803257342219536	-1.4153314330271234	-2.3635113843828650	1
0.4321921166444799	1.9478265697120989	-0.8455373281731672	-0.9770864643538328	0.9504892255914492	-0.7322518810616301	4
1.7296874585042119	1.7947574674377025	-0.8786634646286551	1.3053921777563122	-2.8696170950210025	0.0064008219416194	0
0.2492297947157343	-1.6378232272956439	-1.8537058143676592	-0.4730874304872322	1.0447096805633940	1.0291630770530444	4
0.7423127804050271	-0.4446542877700014	-0.9908714480298458	-0.6723197682481932	2.0156163165760028	0.5874723976355674	4
1.7409586206715710	-1.0856962103787942	-1.8908784727302825	-1.8894527691195468	2.5016677893101313	1.6069215430620205	2
1.4134300408558407	1.2460793880945582	-0.4902792395309912	1.9532873435097642	-3.1794705794747693	0.2239595225878304	0
3.0700337985516262	0.3229813746302661	0.7101402099478549	-0.8595957953806670	1.7862174136637097	-0.3493809452225600	2
1.9418702307546440	-0.5517891492183487	-2.7707685444421548	1.9084313792335075	-2.6491162450332970	0.6555515880239998	0
0.2606275139841901	-0.5703215336977627	-2.3242208853188173	-0.1685719282649460	0.9240638094529500	-0.5081659270333594	4
1.6952773080882013	0.6420612480384082	-0.1293449580493071	-1.0054301938907062	2.0085807549585573	-0.1278207768681924	4
1.5147722028699622	-0.8743039831724028	2.0709833822488295	2.9168595479016495	-0.9833385889839379	-0.8214016294933825	1
1.1439245974840710	-1.8693958714855676	-1.0516205465267836	1.7438271042567033	-1.5155512065420216	-0.1327101604731681	0
3.0708070952680586	0.3051516193281206	0.1736075801754381	-0.0183792345587760	0.6797642286331589	-1.2561007485512963	4
2.3730281639930779	-1.2698772817580302	2.0066123542896999	2.2318942494601979	-0.7217670655452095	-0.1871214515985028	1
2.9206768580750744	-2.8426272157081325	0.8084903318605918	-1.7017912772085257	1.0682619285058297	1.9901941664105418	2
-0.0757546098498822	-1.2465443504379026	2.1751845173464863	-2.6350902677729389	0.8627987761298777	1.4742894789039707	3
2.2130153504325349	-2.2721737796936132	0.6983345202609894	-3.9421278237322865	-0.6151549730879509	0.4644016030785687	3
0.8741908892618477	1.1311677360337355	-1.1045593796719317	1.3310474004271269	-2.4607328777921325	-0.7426250695559655	0
0.3075882166929162	-0.4846699951195502	-1.0012138734445675	-0.5277828994510320	0.8795085258755451	0.3259473103801205	4
0.7865795779622409	2.3402834918179747	0.0204836115915974	-0.5731406390305546	2.4209766880915460	0.4041412968216296	2
3.2987111478677877	-1.3224627068881827	1.9721456760705605	1.8284037839088778	-1.6519386358368424	0.6409383038469638	1
2.0055047431740611	0.2737167403119777	-2.1650427046032004	1.2972349689481997	-1.4419965049053207	0.3941856680985057	0
2.9206651452597923	-2.9143644188913589	2.0659208386668331	-3.3268975004154662	-1.6287828122920107	1.9396338817633605	3
2.0742495754990933	1.5276776821773965	-1.6519431046299211	1.8655878713770622	-2.9464948858671023	0.3585776334080157	0
1.4173380437882372	0.5960686456401095	-0.1982267697412272	-0.6814003916879019	0.2276127759814003	-1.6609586144556470	4
2.3634313090380616	-3.3558659143868033	2.1498828542189310	-3.1004588156852546	-0.5094871536440645	0.5482783969995098	3
2.2149149513351971	-0.6532779097714627	-2.1493181736966429	1.3131880637309559	-0.6521728930829509	-0.4893636167736337	0
1.6153913760133827	1.1610394709558314	-0.1974554123442050	-1.9315297456831328	0.3243021281684821	1.0321758662285501	2
0.4759890215105279	-3.1105694212951271	4.0826431906994873	-3.9852400601019768	-0.9236146312539963	2.1054967091094277	3
0.7191330558268436	-2.3627474707017169	1.7510678944829303	-2.2419490809613198	0.6599603185923650	1.9105434071066436	3
0.6311466693283513	-0.5748188837976520	-0.9631454806737656	-1.4640538188131293	1.7225745612830068	-0.5981685293059037	4
1.6642779081692938	-0.5559368227974983	0.8940366070647969	3.9266329069820713	-0.7956005749355703	-0.1025091099111823	1
-0.9350998372344650	-0.5271881901964635	0.5424292745857849	-1.7024152584093215	1.6048017519312778	1.8018620399473559	4
1.3746458965694279	-0.0396635622208831	2.2506980285942606	3.8137653798276707	-0.6947168399232173	-0.2717507007964339	1
1.9285053506731755	1.4646330740597240	-1.3951074035920095	-1.4106813282323591	2.3040911563919573	0.6526612169920092	2
2.1429957293622452	1.9085852083901862	-2.9383502611610823	1.7523823621543477	-3.2377645098728203	-2.3236225939635746	0
4.4635985434543057	-0.6088129644688217	1.6652735210511973	4.0693963757144305	-1.2745333461409314	-1.7598124292873232	1
0.5984222745308739	-3.7662763622121074	0.8622469718917822	-3.5031547767796076	-0.5454352666393079	0.7071317092146988	3
2.0213793229642789	-0.9567805252841589	-0.0264867735332994	-2.2364122466986807	1.0983910890695134	-2.4352464110744672	4
1.8828724640372791	0.0964050845855142	-0.4919654644489981	-2.1149513692107336	1.1959150852522096	0.3372573596263241	4
2.3319133342067766	1.0108016003527882	1.1522275478977817	3.4458680293972161	-2.7301263463392438	-0.2686464301105205	1
1.0025921285026198	1.6324198011657720	-0.0172166907168849	1.1945422731789817	-2.5624451324385196	-0.2697577784094078	0
0.7479695061979172	-1.9956805004195739	1.0220213874333832	-2.5397001895677609	-0.4160854077448350	2.5435272076309170	3
2.7343562663835614	0.4805503147485911	1.8472061358710428	2.6496985973729230	-0.9912197551356369	0.3220312353037873	1
-0.0039708419876581	-0.1936186859921833	0.6553043021478955	3.1584451483786879	-1.2125153585170398	-0.5561671925325175	1
0.2965529072674573	1.3472902250684100	0.9907697954665509	-1.2879364645024918	2.7221207973881638	1.5395738465170745	2
0.2409693656476962	0.9141238754113423	-1.0229955185282384	0.3097759399517495	3.1225081991263028	-0.7574593590679313	4
1.7060150407331940	-1.7867101206417400	1.6697218616627489	-2.4712017698165476	-1.1002491115628730	1.4239271188040474	3
1.0436769559539063	-2.2798684043947417	-1.6022084309007656	1.7540115416709465	-2.6648964690963060	1.6516660898233724	0
0.0383852519256827	0.4604066535437696	-1.2038339917024792	-1.8427417141586004	1.0004971579500006	-1.0446186783704383	4
0.7257191645942069	-1.7305141117633469	-0.8708910921965510	-1.5227387147135103	2.8819147065456034	0.7951310148703924	2
2.6312446210615583	-1.2505936653246039	-1.4355893071769446	-1.1655537479992357	0.7346269511138397	2.6343592480697549	2
0.9477601932302321	1.1391780237773226	0.2428263473196173	1.0067154787268175	-1.5738307799662845	0.4666142231015494	0
3.1141496957552759	-0.0629998896659341	-1.8824058352371846	-2.8880664850377267	3.0531579167748677	-0.4907261059346697	2
1.2710199434583653	-2.1252335802529836	1.3563866642316342	-2.4145736186342339	-2.3402136664932147	1.4351432943758573	3
2.0779833028750256	2.3486420984003042	-1.1303519477972959	2.5778441404068624	-0.5843217327758570	-1.5654636552163046	0
2.6192054707691876	-0.1796582529179172	2.3172153955546895	2.1444433676080972	-2.1205473586477401	-0.8717578516992215	1
0.9829779135755004	1.3384606502384835	1.7665578641345370	-2.5374359505347996	1.8505986156546079	3.0797111186173014	2
0.9598746629450232	0.5200676403022684	-0.0323413766974011	-0.2484765379816218	3.6739283245042076	1.9615817846083514	2
-0.3342637202153205	-0.3529529947390175	-2.8332327740382874	0.2853013403629673	-1.4214522450033349	-1.8096444423629376	0
1.8550118324320128	1.1230329421185081	-2.0309844391534275	-0.0110816690342510	-2.5945712618398811	0.8830263501045206	0
2.9189043693394781	-0.1037114956597223	2.9317634689541543	2.6352313776697089	-1.5536916192236516	-0.3534555794952611	1
1.1530621354349078	1.6764803372188342	0.3816190781659945	1.8673183398808346	-0.4824688383961171	-1.2507874012579419	0
0.5463863648889985	-3.9609519532384985	2.5723569702151416	-3.3104226222313713	-2.6301735228458591	1.3104296623594436	3
3.0509396117336740	-0.7109439959802859	1.0918070298358591	2.6962421583464300	-1.5198627540618712	0.9246995437748384	1
1.5801637524412422	0.0460002400841548	-0.6785605245242603	-1.0203768964710296	1.3394237553650596	1.0253124582195610	2
G3
0	56	2.4984961419056884	11	2.5299021903725096	81	2.790445038793408	
1	11	2.111141093806421	17	2.465081570741343	76	2.612751456941545	
2	27	2.276527912475015	62	2.9821081490156183	59	3.0852361972436837	
3	99	0.7736941093869908	6	0.9853248529942166	13	1.5244975775800012	
4	37	1.9822000338643873	52	2.425854608892427	80	2.6390507960876572	
5	68	3.0357084193435515	53	3.493550062540965	87	3.533852759196029	
6	3	0.9853248529942166	99	1.4688196040195232	43	1.6092476728408565	
7	94	1.4039616693681751	21	1.9685240315887924	55	2.24023302988564	
8	95	2.81118751654319	20	2.9495061441166888	67	3.2002153933211166	
9	86	1.918080606209134	19	1.920527305368575	32	2.034195039487018	
10	51	1.7379099697036202	93	1.88467491043168	55	2.179468333190275	
11	88	1.414588851558146	1	2.111141093806421	81	2.255023271745557	
12	26	1.8884725100361541	46	2.468054902997829	29	2.5117634039047143	
13	99	1.111143646908885	73	1.2690147427566751	3	1.5244975775800012	
14	95	1.3867870880181579	90	1.6617091401308126	20	1.6769548105388075	
15	16	2.0416220296679612	42	2.140345541287067	52	2.5377966731250727	
16	15	2.0416220296679612	80	2.0994786414753532	42	2.5216282956681786	
17	56	2.208811216021752	59	2.3024193475551136	1	2.465081570741343	
18	85	1.8468274337684214	48	2.437520789386934	38	2.5188410385077717	
19	90	0.9844014386859544	74	1.7971671905627415	9	1.920527305368575	
20	95	1.167647239176079	54	1.573282547489713	90	1.635057522441705	
21	7	1.9685240315887924	94	2.570042252487844	35	2.9970324144663705	
22	68	1.2755330558914215	99	1.7114645262389674	61	2.029377451515044	
23	81	1.3412457610655644	50	2.0002362283121418	88	2.015448038473881	
24	77	1.9152919853015509	95	2.018785185736495	20	2.3240240707875817	
25	50	1.943902850235668	71	2.449692024080502	31	2.807073473266801	
26	29	1.7059068549802454	64	1.7536148179312485	72	1.8527892134444095	
27	62	2.158174715655657	2	2.276527912475015	71	2.3929721958723427	
28	66	2.353054448995223	52	2.7784225122937225	6	2.818758218438943	
29	26	1.7059068549802454	73	1.821045484413284	3	2.0504134858980714	
30	65	1.3962977928432285	98	1.6988834067273793	74	1.7894608390385054	
31	59	1.7089472874032643	56	2.124690673341032	71	2.591974431871771	
32	75	1.278508513749529	86	1.3950012987139835	51	1.4454288884972943	
33	96	1.9833073052262264	78	2.6198153886748923	9	2.7835115173670553	
34	83	1.829019183520058	53	2.155574224763509	58	2.1654675600751063	
35	39	1.0559440378806597	57	1.1098531354257735	75	1.2165597270882977	
36	52	1.6077020936620738	37	1.8943890754820882	42	1.957483024178249	
37	52	1.2532840295355083	99	1.3454955566566043	64	1.4657865261983325	
38	84	1.8506610475713645	13	2.1543834617938176	37	2.23051030963805	
39	35	1.0559440378806597	75	1.3198508012024819	57	1.394823967050394	
40	43	1.6781849589704054	46	1.7441933710418158	6	2.137419103029959	
41	55	1.7179710070078302	57	2.402486235230273	60	2.4746680854169547	
42	52	1.6083070711377396	36	1.957483024178249	64	2.076974758081304	
43	99	1.5645728957905651	13	1.5788328743890576	73	1.6038037988355283	
44	47	1.3554090248375936	67	1.3922701235413408	65	1.7551659664194017	
45	60	2.2111031406986883	82	2.23311020020697	10	2.2648223919517343	
46	40	1.7441933710418158	58	1.9403095852719756	26	2.320344370049121	
47	44	1.3554090248375936	54	1.6045400680683533	20	1.6570441487683274	
48	18	2.437520789386934	63	2.5358148681468733	85	2.909990877994831	
49	63	1.5632183593525781	76	2.3146111850756084	66	2.334436133160769	
50	25	1.943902850235668	23	2.0002362283121418	59	2.0076388850952593	
51	75	1.3048513868668172	35	1.3971896634767915	32	1.4454288884972943	
52	37	1.2532840295355083	64	1.598630587906191	36	1.6077020936620738	
53	79	2.014558255798245	43	2.090948891540539	22	2.096959353562327	
54	98	1.4357750255320347	20	1.573282547489713	47	1.6045400680683533	
55	60	1.5192610556652177	41	1.7179710070078302	94	2.010234800539145	
56	59	1.9371241759896574	81	2.0448641137493775	31	2.124690673341032	
57	35	1.1098531354257735	39	1.394823967050394	51	1.9056063514642212	
58	46	1.9403095852719756	26	2.013170421236759	34	2.1654675600751063	
59	31	1.7089472874032643	56	1.9371241759896574	50	2.0076388850952593	
60	55	1.5192610556652177	45	2.2111031406986883	10	2.2507956395006468	
61	73	1.6024958813161816	6	1.6847250290986353	99	1.8266729701318414	
62	27	2.158174715655657	97	2.647437277468022	2	2.9821081490156183	
63	76	1.521274837284286	49	1.5632183593525781	81	2.1679625696142857	
64	37	1.4657865261983325	83	1.5313742209373056	52	1.598630587906191	
65	30	1.3962977928432285	67	1.4975026935393145	44	1.7551659664194017	
66	49	2.334436133160769	28	2.353054448995223	79	2.592419073249681	
67	44	1.3922701235413408	65	1.4975026935393145	77	2.0193521028904304	
68	22	1.2755330558914215	43	1.7871433404567256	13	1.8942507577859393	
69	51	2.976220274951215	57	3.0160423555497573	35	3.192245611455483	
70	20	2.4781166792297515	24	2.4941318131013244	14	2.514101661548354	
71	50	2.2633154215620714	59	2.265036527684253	27	2.3929721958723427	
72	26	1.8527892134444095	58	2.5654511050978512	64	2.7049896029852527	
73	13	1.2690147427566751	99	1.3494809232964127	61	1.6024958813161816	
74	30	1.7894608390385054	19	1.7971671905627415	77	2.2209691531234266	
75	35	1.2165597270882977	32	1.278508513749529	51	1.3048513868668172	
76	63	1.521274837284286	81	1.7627569702644734	11	2.292642616603393	
77	95	1.5246477657001734	98	1.6538894551536025	90	1.9041638139209112	
78	65	1.9852096773977763	44	2.2260492062255888	67	2.29085575423801	
79	53	2.014558255798245	92	2.082199470329061	91	2.4012344895751485	
80	16	2.0994786414753532	53	2.4579411466563363	37	2.469254608596377	
81	23	1.3412457610655644	88	1.3938588382235426	76	1.7627569702644734	
82	45	2.23311020020697	41	2.4849306655171435	55	3.323864975298757	
83	64	1.5313742209373056	34	1.829019183520058	52	2.1514881090536355	
84	37	1.7846325972352797	38	1.8506610475713645	64	2.1545030513375947	
85	18	1.8468274337684214	38	2.393570536189025	99	2.5169239937405194	
86	75	1.3670396266955143	32	1.3950012987139835	9	1.918080606209134	
87	68	2.833368530505528	73	2.864854713364311	38	2.9382187890501927	
88	81	1.3938588382235426	11	1.414588851558146	23	2.015448038473881	
89	96	2.0512384192574498	32	2.405926630842962	51	2.9469491832537456	
90	19	0.9844014386859544	95	1.1419685721469437	20	1.635057522441705	
91	79	2.4012344895751485	6	3.2063740187057737	66	3.323963384285492	
92	79	2.082199470329061	37	2.591258357581274	13	2.607426473255486	
93	10	1.88467491043168	42	2.839283465359858	51	3.156502493083309	
94	7	1.4039616693681751	55	2.010234800539145	57	2.06791202530971	
95	90	1.1419685721469437	20	1.167647239176079	14	1.3867870880181579	
96	32	1.8797817978094222	33	1.9833073052262264	89	2.0512384192574498	
97	11	2.404377365680888	88	2.5051377604222114	27	2.5294497818597694	
98	54	1.4357750255320347	77	1.6538894551536025	30	1.6988834067273793	
99	3	0.7736941093869908	13	1.111143646908885	37	1.3454955566566043	
