-1.5649424991890637	0.8616188741897297	-2.7302637715549691	3.3383997326505348	-4.5957853471511871	-1.4530275517094502	3
0.9041906501945158	-0.6971595687726611	-7.6526785486994697	5.8919690118897803	-5.8084866362161520	-1.8242742508366168	3
-0.5342661781350504	1.0706618556105458	-1.5766613667721714	1.5994175815216485	-3.9680152953250456	-5.2337519224717584	3
2.4580813109510591	7.9857539447818588	-1.2480056407708089	-5.9806128030975296	-4.5458858739428587	-6.8496012599323004	2
-0.4041095825980039	-0.9795789544354632	0.3089986695163424	-0.6531884855641672	0.4204242376360008	-2.7056664828846300	4
3.4222493023792837	9.6490600578826697	-5.1438381400679294	-10.4020532608433705	-0.3077226766472960	-4.6419477851935778	2
1.3504038785977712	7.4711541166160895	-3.4542979656807029	-8.2302095374966857	-2.8336007968908210	-6.2612650080864700	2
2.7125602392778236	2.1088767232232892	-3.8362892273745564	-0.6984992393856782	0.2737727664213219	-0.9107879776739896	0
-5.8535214596499845	2.0221327694079556	-1.3719650772332388	13.2248309477775052	-7.6025395883537268	7.2083706885106515	1
-5.7343466658596673	2.2307786224689954	-7.3371500199940822	9.2980501095214656	-4.9670184271405482	7.1930305429986321	1
0.8172846657969360	1.8659718046459208	0.4258190899427461	-1.9233566273905325	-3.7702162836510817	-1.2772160710031739	0
-0.3638293486236917	-0.8261025472977197	-5.0785782859170610	6.5523793041508682	-5.0274618365117298	-3.5053351250881959	3
2.4751295613985493	1.0474345847097972	-0.3871849594173753	0.4538675166104015	0.7611934372621407	-3.1800409849903222	4
1.4450302639484685	5.7911595025025857	-6.4790452456717702	-6.3580819089846168	-4.6851028544847200	-6.1981090661259319	2
-3.6860966639617843	4.0094970347035117	-3.4757538488397350	13.7046169048126103	-3.3032151988418601	5.5850369520654164	1
1.4887456997519322	3.0731405317551910	-2.3090496856572460	1.2687795667890374	0.1290949890939790	-0.0107050097802148	4
0.1350797897811427	-0.7447102092691193	-1.7863484913101200	3.5596238096000725	1.4571188795446799	-0.9936351898723415	4
-1.4729256531243191	-0.3987272155266353	-4.3321567230187483	5.9633519597434743	-3.8643913041976434	-4.4560076367484527	3
2.7830860019495756	4.8805087373640159	-5.9358884102921330	-6.4750173405754587	-5.6595661127344039	-5.1472781207200295	2
-5.8882471213213758	3.1123413026768598	-2.7562101733218594	11.0684288701494484	-5.4841278715120669	5.6754431147634055	1
-4.3211834934853499	1.8381018525636432	-3.9916709170018607	11.4284122553564877	-4.2633307918052274	5.6545139712375310	1
-0.2612605146302082	1.9695203852041019	-1.0060347283911759	-1.3207799508761320	1.7968795696998690	1.7002735037202976	0
0.8488611978430497	5.3147262806236775	-3.1097076464524078	-6.2525712427464555	-3.9206856950468385	-3.9180652904973958	2
-0.5932881334919076	1.0965034987259219	-4.6302391892114221	4.4938129145147663	-4.5505522142722565	-3.8726455221106382	3
-2.1344624409218445	2.5153050212945249	-3.5447160526265611	9.5467690003787311	-2.7361413589951922	7.1038197926421809	1
-2.9731304020271812	-1.6679763221213761	-4.7226589490508806	2.4638326876236487	-5.2908278598009169	-1.8246059070874199	3
1.1924791250568518	-1.3509409424851935	2.2374068070352791	-3.9526258613161436	0.3720616437338026	0.1109592425678143	4
-4.5437742160223102	-1.1786325422130592	-1.0012809696686436	4.3831110683060093	-4.3370066911282530	-4.3534657715492440	3
0.2507865283244608	2.9042877908241889	1.2034101227760723	-1.5634267018137040	-0.5934301865307350	-0.8961863582964151	4
2.6086107505018736	5.1717676502572436	-5.5709667867917414	-6.4357628129239037	-5.5242756057222531	-6.4526047542158800	2
-5.8909447528237839	2.7266672816088788	-6.0366006359231363	11.5460719655342583	-3.4572313134287103	7.6397583754051155	1
-2.9078859620098392	-0.4571993169937838	-5.0839472884758745	4.1211379218259223	-3.9028984270785467	-4.7477572556647463	3
4.4385136396427498	3.1058073644885069	-0.5924149232195968	2.6121097466210319	0.4532317200009162	0.3731265566326194	0
-5.7154905624088279	5.9864568668663765	-6.0177585150038500	10.8166754448167008	-5.9912909042567000	4.9358556263275739	1
1.7497800364521094	1.7587787391982421	1.3759353514418251	-0.0154112181197381	0.4181622126254828	-2.6830439329855968	4
0.9850727894700946	4.1937129575859906	-1.6561273974849804	0.7178946364598661	-1.7086259481305492	-2.6526574063737254	0
1.2908985971286122	1.0371218214458751	-0.7108865062507106	-2.3559792368908212	-0.3695859925498546	1.3362587305128746	4
2.3723716276322264	-2.1436002911585801	-2.0831723252159038	-0.0193178724313587	6.0591995134822607	0.8732621348855327	4
0.1362597101660576	4.1373337813200335	-3.9441001246508907	-4.8261687394231823	-1.5936250622856916	-3.0759454744262831	2
2.2354960868979825	1.0399511445582534	-0.5950943816749155	3.3808754210286160	-1.0635451113752437	2.6253958191829128	0
2.9812674309292921	7.5496988005434496	-3.0043586744251973	-7.2059885314339356	-3.2272820789928178	-5.2727271661281474	2
3.2773133342656200	0.6522186497342142	-1.6081633055300366	1.6543486620259302	-2.0992686455805534	2.7524570929839092	0
1.6414978101350068	-1.1469469381932376	-0.6703982899976209	-1.9145883121191898	1.3290922990128724	-1.3435754153723165	4
2.7894427016957870	1.1350813349188300	-0.7443288706439801	-2.2102717031061538	2.3611547244862443	0.0706740602641421	4
-5.1218834793116770	2.8255051142141299	-3.3609789149262306	11.9624015252804003	-6.8944181544879832	6.1197319748695058	1
3.7905086939697572	-1.5222930914214683	-1.7687863055837458	3.9130139284403467	-2.3922731088780718	0.5257563434680570	0
1.3924773682535148	2.5173606543949258	1.5085441466350837	-2.1715151433210735	0.5216972497367280	-0.3896692695779034	4
-5.3683073821704594	3.4598799295343676	-3.7513445386340378	9.9040006943398122	-3.4432794073071751	5.7605994084893375	1
0.6885625625478939	4.1173574170427685	-2.9506465641397801	-6.6361835398579156	-4.0184698514857615	-2.6059069783634556	2
-1.5744039294993744	2.3141602889017170	-3.4018142435390066	4.3975882002031330	-5.0500405446147969	-4.6199037857240990	3
-1.0941626573101644	-0.9733610972093278	-3.7172706928558776	4.0928370171546860	-3.1690009062885394	-3.0200359203141751	3
-0.6009205580586302	0.4967821519474853	0.3240997928877420	-0.2915189548279767	-1.6505608936091849	0.2845436816329594	0
-2.0198284353638751	-1.2768464397799879	-2.9518478633985081	-3.2177975803279075	3.7535383807426776	0.4605295870382959	4
0.4401110720816288	8.1584367770447592	-3.6620855313455465	-4.1337440611923606	-3.4788019545242772	-5.8993785553135423	2
-4.7858284019171373	1.1824986406654483	-4.3921249412498700	9.8013989107245258	-7.2820800102471779	7.8085371626753606	1
2.2512739740661472	3.4774733515594689	-1.0916453397556483	1.0224027964340017	-3.4841250541569506	3.7211237966300805	0
-0.9255622023657764	0.3370660275957049	-4.0157077831578381	2.9026419651424273	-5.1550901365494379	-4.6498222098974527	3
1.1277244166322338	1.5779955460338715	-1.1699711141692830	1.3921494483531243	-2.7461283647373600	2.2430089587269482	0
4.4411237145312050	-2.6114006747455565	-0.2294348819628537	-1.9615349537411011	-1.0685250367517383	-1.8655030393284380	4
-1.5852799746926773	-2.7158483088841043	-3.4098019250425651	5.7407082698233882	-3.9589224338196827	-4.2377502489793324	3
4.0653251129134720	-1.6859194772833941	-0.6868965849342528	-0.6705582620113731	-1.4600864366404855	-0.4440318092211863	0
2.3698494118680582	7.2484353815116460	-2.4465329457157048	-6.7597174476285709	-5.3528978020541320	-4.8603111510141126	2
-5.0986319786308858	1.1434082179010905	-1.9613918354580715	3.9387522691538082	-4.6582457491786045	-1.7724686885746199	3
-3.7857305127998115	0.0858923423639903	-1.5410534565356935	4.0735835407648260	-3.5798144422218963	-5.3621673061367812	3
-0.2885169209395155	-0.7273384258993094	-3.5751703658479865	-1.8180160945818629	0.2564967380707450	-1.2372341321373348	4
-6.5521920110767766	3.4110794892662906	-4.6766029636120114	13.0346210481143174	-3.7052116586636341	5.9522424703919414	1
-1.3380890231440710	0.7933789410579792	0.8168038524132868	-3.2415645668859523	1.2034420485044119	2.4514122039395025	4
-6.2165607325006516	2.2117931381063269	-5.0436300845177460	12.3383174812809013	-4.0159442862544577	4.0259287578910392	1
-0.6154839963318736	6.1973026380530882	-5.6960723912605964	-6.4975564766063467	-4.2384806625273157	-6.0390336545478878	2
4.4006338424388609	2.4993046835670691	-5.7881043004835115	3.3801670195733777	-4.9767052577427275	-4.5497550413417507	0
-3.2202152649016913	4.1907307890926866	-2.5155333087415466	12.8464661070621844	-4.8074724226568879	5.6392068150404171	1
-2.3316736528317725	-0.0626501678223499	-3.9555029412346254	1.1688294104007255	-3.6771499808105061	-5.2785357440249552	3
0.0394472324515701	0.4459000051724221	1.7308692543540019	-2.1755248874600799	1.2263084461693208	-4.1829891956759084	4
1.4724122393400179	-0.5955892432466215	-0.2550068585387131	-1.0025072009189802	-1.3031356840617585	1.4947840059207880	4
-6.1657091367235335	4.0001414579483017	-6.5720301047789746	12.0184653956622611	-6.1075106113376405	7.7140217734268681	1
2.7344617686505166	2.5277976511897284	-1.2271814838502613	-1.1208630877623547	-4.7499589780468527	-0.5642217210262789	0
-2.2942180616094063	1.9282647028992810	-4.4585914945937937	4.3997928786248846	-3.7427029998907027	-4.2221927767057945	3
-3.5387651296856766	5.4081479027135426	-4.1718195856713880	11.6569635539598870	-3.8334543780982666	7.5755352930951316	1
-7.2216567018858315	3.9750958884047032	-4.1503220672891405	12.1774462446099747	-3.1704743029130982	7.1758735929947459	1
-0.3534728084696942	5.1558017935424196	-3.1472574895964227	-5.4580423491709533	-1.5542789908545398	-5.8927179206200826	2
0.5037566929346908	3.0735189350373400	-1.3151611600421262	-0.0608235527989964	1.2253652652280382	-0.0506973720312283	4
-1.9159288436995578	2.8872940602482076	-5.3618834374412234	2.7253911323918425	-5.4320883834246434	-5.6292393783659822	3
2.3230803639000293	-3.3287886003237235	-0.7522524588766762	0.8191842466672268	-4.7900136927962018	-0.6173403500068131	0
0.9699296925568268	1.0200860482570338	-3.0423301364064619	0.4428099330931388	1.2464040838827382	-1.8409954119432728	4
0.7121322551134159	5.3823736443115502	-4.2238262300768454	-4.2767510689780259	-2.6558039242125320	-3.8695856198390266	2
2.3446318805603585	5.1043963988440089	-5.8377139764994102	-6.7984091021583355	-3.0631776720869022	-2.8481846541886968	2
2.3003423247964694	2.6324797820550692	-0.6306954814652227	2.3282966637491214	-0.4489109187278759	1.8745543914562748	0
2.1763170910886345	6.0846554478011301	-5.8636435678393530	-9.2600011885961635	-3.4370820687602359	-8.2766119974034726	2
-3.7028140108903922	0.2179800954428215	-2.3050632342221857	5.0798158534279967	-3.4033611942554662	-2.4364318775347420	3
3.9472324852781648	3.4681330247422477	2.1022329226088137	3.0643045102803641	0.3101417370924699	-2.0373555816035247	0
-1.8284404923263455	3.0595577519110191	-3.5909264720549841	11.9778912858781190	-5.2442001165168470	6.8312778633895714	1
2.3455682000199549	7.9225277901871500	-2.2627092933728390	-8.9495120374062527	-2.1357719977750746	-2.9282914145243701	2
-0.5934803299993613	6.0191793155195086	-2.2927293249988452	-3.2746726597485667	-4.0381162972640992	-2.9095773384422183	2
-0.5724339799654574	-3.6909289046636218	-0.1829218335950666	0.1803871338008436	-2.4003811747122321	-1.3239585559443752	0
-0.1913584915515737	1.0913126558742183	-3.9153815044740483	1.3520594742010810	-5.3166642403332371	2.1364472349999657	0
-4.0614031718743506	3.3987615202140145	-2.0867601120056412	8.7305543313561653	-3.8961760247983475	6.8392492527419844	1
3.5990148419553503	0.1310342767325459	1.1663895136937763	-0.4000150929300283	-1.4362323567711945	-1.7705386123522762	0
-2.5672841573556173	-2.4744939396769583	-1.7616971967340498	2.4587324010228135	-5.7354055762056646	-4.6321584257532153	3
-5.7159315960890975	3.4258010394794738	-5.0008065904144301	9.4474627937265829	-4.9403669191706978	9.6014024796328421	1
2.2471218688733012	4.3988837409761139	-2.1470149415015110	-6.0747352814545099	-2.9235208859957589	-5.6241482067796928	2
G3
0	50	3.1021561053348172	88	3.2537748092275254	23	3.4352243537714826	
1	11	3.4817524792534433	23	4.7252379767161905	17	5.241777540446905	
2	56	3.176277258159637	71	3.2320228037428866	49	3.9162105287283175	
3	61	2.6839222546751555	40	3.045560266214564	6	3.833827499770923	
4	72	3.0659238001486666	42	3.0730830278228023	34	3.69911799919425	
5	91	4.563914743049568	6	5.060584694997209	40	5.321249342915881	
6	40	2.247120656670092	61	3.5463134748597387	87	3.7276992101501807	
7	83	2.8224956283491975	15	3.0759151885176186	80	3.770589986992327	
8	44	2.9012369027591993	19	3.8201439858258603	54	4.811351222902907	
9	30	3.0813117942849937	98	3.5651378866935697	74	3.5881667356702103	
10	75	2.9930327367546967	28	3.517153841020349	51	3.6730450398141277	
11	17	2.1385401414157212	23	2.9240602907394853	59	3.191381120259336	
12	34	2.1738524999815843	83	3.368199101439785	96	3.472894162142941	
13	29	1.826796536922072	18	2.2320832275090825	68	2.2952009232415906	
14	70	2.0430520302921216	65	3.2802408735155786	77	3.3012966876194723	
15	80	2.220195993844001	86	2.946288195512661	7	3.0759151885176186	
16	83	3.9832046012484636	15	4.965821055222697	12	5.05526252125422	
17	11	2.1385401414157212	23	2.4635347304638526	31	2.4714514620335994	
18	29	1.4043372879575644	13	2.2320832275090825	85	3.5190413261300857	
19	44	2.005201197690766	47	2.6286155784670298	20	2.688142372639585	
20	47	2.6061385876258876	19	2.688142372639585	67	2.8948463768588035	
21	80	2.6229069769343774	36	3.0435825620869226	66	3.2359542340220364	
22	48	1.8338941757104703	84	2.602051636631677	99	2.76719350760162	
23	76	2.097163716957239	56	2.136842266538599	49	2.1843641663692894	
24	95	2.9497653929176177	90	3.559071405873029	20	3.6624442672755673	
25	50	3.688993532776548	0	3.7064141235204286	31	3.8494921241021034	
26	42	3.9854407051035796	46	4.356646925210567	36	4.359546319627329	
27	63	2.0375558778294636	88	3.0642616634163455	97	3.4496992396754527	
28	46	1.8482742405754706	34	3.1939737931459273	51	3.3799516408299004	
29	18	1.4043372879575644	13	1.826796536922072	68	3.64558479634221	
30	78	2.7538095923358137	65	2.8071772704577223	74	3.0391721936443346	
31	17	2.4714514620335994	76	2.6148854530384433	56	2.9603898921085467	
32	86	2.8188610683870903	89	3.6971804197232454	15	3.702156154529862	
33	74	3.6920693263739075	47	4.432414645330731	19	4.449232121624202	
34	12	2.1738524999815843	28	3.1939737931459273	96	3.245380744812691	
35	15	3.5491240316336614	80	4.1937644529321565	28	4.4622894999823774	
36	73	2.3738261768501623	21	3.0435825620869226	46	3.3067412891814536	
37	43	5.642354548319508	42	5.865471672579286	52	6.042679428846433	
38	84	2.0049809311440336	79	3.2011080272992083	48	3.2663970196618135	
39	86	2.1426805675978007	41	2.5163049825279757	57	2.963017080427333	
40	6	2.247120656670092	61	2.3797580207194597	3	3.045560266214564	
41	39	2.5163049825279757	57	2.5330852923895395	86	3.1272910867977073	
42	4	3.0730830278228023	43	3.1118450059756464	64	3.675571367483853	
43	42	3.1118450059756464	36	3.3669316889414516	46	3.5404331578979362	
44	19	2.005201197690766	8	2.9012369027591993	20	3.0721411281496427	
45	41	3.8940065699617996	39	4.100961823232532	82	4.803928085150518	
46	28	1.8482742405754706	34	3.261865692861448	36	3.3067412891814536	
47	20	2.6061385876258876	19	2.6286155784670298	95	2.68852237998163	
48	22	1.8338941757104703	38	3.2663970196618135	84	3.49892437333703	
49	76	1.9107946801200066	23	2.1843641663692894	56	2.6369598702933352	
50	17	2.626053895375457	23	2.857470039980267	59	2.862565076418221	
51	73	2.813936543771826	28	3.3799516408299004	36	3.457042205581349	
52	64	4.556206718743721	21	5.136321837539992	66	5.424067410749538	
53	84	3.5935930176669606	68	3.909175747812474	79	3.9202345707220028	
54	44	3.398226359684786	98	3.88474554828845	9	4.082091263045151	
55	57	2.7825688927429737	41	3.543601238852723	86	3.9059696384033495	
56	23	2.136842266538599	49	2.6369598702933352	71	2.7796116379672053	
57	41	2.5330852923895395	55	2.7825688927429737	39	2.963017080427333	
58	60	2.246671505141378	96	3.5722533156488363	42	4.024942235468848	
59	17	2.51764863764814	50	2.862565076418221	11	3.191381120259336	
60	58	2.246671505141378	96	2.964256820624287	73	3.4630010578666015	
61	40	2.3797580207194597	3	2.6839222546751555	22	3.1126665051050115	
62	88	2.4980879698416785	27	3.685613723668013	0	3.6910564524663587	
63	27	2.0375558778294636	88	3.1955594619949426	31	3.755236437398505	
64	83	3.372962710394299	42	3.675571367483853	7	4.29871458642272	
65	78	1.8871234353299502	67	2.4449382316780564	30	2.8071772704577223	
66	21	3.2359542340220364	36	3.7157866186290662	26	4.4378505243637	
67	65	2.4449382316780564	20	2.8948463768588035	19	3.55529807644333	
68	13	2.2952009232415906	29	3.64558479634221	22	3.7778365071892153	
69	23	5.4889024748659425	56	6.037788875781971	1	6.352038325591243	
70	14	2.0430520302921216	90	2.596005892947213	77	3.2310769297442175	
71	56	2.7796116379672053	2	3.2320228037428866	31	3.2878397181908054	
72	4	3.0659238001486666	34	3.5133878431598258	12	4.349308842771477	
73	36	2.3738261768501623	51	2.813936543771826	60	3.4630010578666015	
74	30	3.0391721936443346	9	3.5881667356702103	33	3.6920693263739075	
75	10	2.9930327367546967	57	4.658123571416485	35	4.7970751906204905	
76	49	1.9107946801200066	23	2.097163716957239	31	2.6148854530384433	
77	70	3.2310769297442175	14	3.3012966876194723	90	3.3801834477294572	
78	65	1.8871234353299502	30	2.7538095923358137	47	3.3324934457384847	
79	84	3.0079427823692626	38	3.2011080272992083	99	3.265542221511706	
80	15	2.220195993844001	21	2.6229069769343774	83	3.297919488210436	
81	49	2.8719252697574627	76	3.084833981884096	56	3.219329413302145	
82	93	3.9315392517810253	60	4.367664276810316	45	4.803928085150518	
83	7	2.8224956283491975	15	3.2097463118321907	80	3.297919488210436	
84	38	2.0049809311440336	22	2.602051636631677	79	3.0079427823692626	
85	22	3.449853719417517	18	3.5190413261300857	84	3.5937351841122713	
86	39	2.1426805675978007	32	2.8188610683870903	15	2.946288195512661	
87	6	3.7276992101501807	13	3.9113303799149026	29	4.094582191578832	
88	62	2.4980879698416785	27	3.0642616634163455	63	3.1955594619949426	
89	32	3.6971804197232454	34	4.265141068973241	12	4.748434290656456	
90	70	2.596005892947213	20	3.2427030991210906	77	3.3801834477294572	
91	40	3.28949939030071	6	3.837583598884963	61	4.400747701926014	
92	84	3.1106021084952458	22	3.625296485176929	38	3.9001595478330557	
93	82	3.9315392517810253	4	4.2641113634185395	51	4.600762063750454	
94	57	4.0168066246891705	0	4.5490152281187495	55	5.060807776897807	
95	47	2.68852237998163	24	2.9497653929176177	19	3.6344534519866336	
96	60	2.964256820624287	34	3.245380744812691	12	3.472894162142941	
97	27	3.4496992396754527	63	3.9844828272087964	56	4.02676270354574	
98	30	3.470473482653648	9	3.5651378866935697	74	3.812531284058119	
99	22	2.76719350760162	79	3.265542221511706	40	3.5633053543078463	
