-2.3040830132731527	0.0486158576007231	-2.4599439084823613	2.4129860997513419	-3.9327061920089732	-1.2682898456129625	3
0.4913322214210771	-2.1658266102153920	-8.6212130557212419	6.6616183198665588	-5.3096244290299328	-1.5944954024657760	3
0.0857242522769108	-0.2939153589161896	-2.4223753907735328	0.8732949155214598	-4.6247854579260563	-5.4839759889638682	3
3.1568014032486040	9.2296633140128677	-2.6284111416671854	-6.4519888626633879	-5.9620896725498014	-5.4329017036295930	2
-0.4161746792996375	-0.2839209594655601	0.8604277817613208	-1.4676096320146366	-0.8736750329828418	-4.1032558525676261	4
2.7116215851673049	9.6941304099566494	-4.0090868801085584	-11.7177148735108378	-0.8713492646097869	-5.9341989638481216	2
1.2230424311924752	7.0852251754049407	-3.9213146068525364	-9.0793694077300451	-1.6448749406599221	-5.3461578842408457	2
3.5615445885394719	3.3458717927102937	-4.3399222093144392	0.3115645091864663	0.8277478989232947	-2.1055490090447666	0
3.0115172738844631	-2.1065970864446020	-7.5122991566421957	12.4864661951069724	-6.7314664748776121	5.4252270618562415	1
3.1306920676747803	-1.8979512333835622	-13.4774840994030392	8.5596853568509328	-4.0959453136644335	5.4098869163442220	1
0.3310645466904932	2.1809074277408680	-0.1355207235357228	-1.2128640214868005	-2.9806555955033778	-0.7231285751069889	0
-0.3522447864357603	-1.2870415378174895	-5.4623271889499803	7.8310615086563677	-6.1997025241235342	-3.8760990087351850	3
1.7597942978182775	0.7690017990205045	-1.6146157446613734	0.6413973324153660	-0.0066441149275924	-1.8808491504666365	4
2.8889894512795564	4.7504053596524116	-6.2181854290501564	-6.2942921904270790	-3.4004727355120519	-4.7613055263417419	2
5.1789420695726633	-0.1192328211490459	-9.6160879282486924	12.9662521521420775	-2.4321420853657454	3.8018933254110063	1
1.4383246191331840	3.6123285653139945	-3.7840947685931532	2.3243774338731100	-1.2710527157437961	1.3301513828293434	4
0.3572601109905100	-0.8494377003393214	-1.9262842511705587	3.0022256490602923	2.5822368940453577	0.0264750620891483	4
-1.8835097004515240	-0.0071995655229453	-4.0198685323897294	5.0448503959115794	-2.4958555531866438	-3.5245617896775192	3
3.7426520578692708	3.9017790371918428	-5.6945743803995672	-6.1916598509021732	-4.6741628751675570	-4.5629590484202538	2
2.9767916122130718	-1.0163885531756978	-8.8965442527308163	10.3300641174789156	-4.6130547580359522	3.8922994881089954	1
4.5438552400490977	-2.2906280032889144	-10.1320049964108172	10.6900475026859549	-3.3922576783291127	3.8713703445831209	1
-1.3157831401575613	1.1573057623430234	-1.7643798904534136	-2.3665148119367920	0.3018520191652392	1.3010731888814000	0
2.1220799336988909	6.3425998359317548	-2.4719494453112216	-6.4391070323962332	-4.8140244488685147	-3.2281127851507874	2
-1.2905032730461317	-0.2030543670504492	-3.3494230168939376	3.0919327155857705	-4.2953186221992814	-3.5774409776183154	3
6.7305762926126036	-1.6134248345580327	-9.6850501320355171	8.8084042477081983	-1.8650682455190775	5.3206761659877708	1
-3.1235525037509646	-2.7350089301979965	-4.3432895363847450	2.9346807083094260	-3.9054348142480664	-1.6402558135103100	3
0.8539321894570076	-0.6204501200688721	3.7326839767314652	-3.0222546182562842	1.1883242135220575	0.9751261631285992	4
-4.9283014672492298	-1.1444580079410234	-0.7654053731124475	3.0998977460089874	-3.9340123025371168	-5.8047698765382636	3
1.6546367291958015	1.8808439610062551	1.6715893683077656	-1.7315732213678083	0.6438879187132440	-1.0165525352110503	4
2.1177238701279082	6.4309941626008511	-4.8199574504768936	-6.7192876641046162	-6.8464483620741134	-6.9695467180909345	2
2.9740939807106637	-1.4020625742436787	-12.1769347153320933	10.8077072128637255	-2.5861581999525955	5.8566147487507054	1
-2.8974906276719272	0.3153351799602593	-5.4169065928772877	5.2378574474954220	-3.9023553496128032	-5.5185301868299268	3
3.3870230661132985	4.4661411763588772	-1.9571540628444872	2.6750928088898589	0.2166226829885878	1.3056400351720028	0
3.1495481711256197	1.8577270110138189	-12.1580925944128069	10.0783106921461680	-5.1202177907805853	3.1527119996731638	1
2.7543205323691815	3.1160461406586939	0.7936845211701242	0.4211780787395634	0.5946243127153911	-2.6400583105925644	4
1.2803149617328580	5.3839826150556682	-2.9449164135684001	-0.4209588840181006	-1.5873425356634112	-1.5876579621071358	0
2.4515811251396964	2.1997410919866915	-1.4424440891336023	-2.3651662196190810	-0.3195079403552610	1.7158662633192909	4
1.8727062226891467	-0.8220665382308532	-2.9376955421361659	0.3008532676861853	4.8908737215094025	2.0194512570263994	4
-1.2605657649764217	5.0412242309785675	-2.9493763951628420	-3.8679201823635019	-1.2824301482261937	-1.7454320180326874	2
2.6677519458071446	0.7042864374675866	0.3444803195456714	2.8269121750815112	-0.0544519595976181	2.5013399286576328	0
1.9081529859389299	8.2902164837196040	-4.1050004294744280	-6.0702642266571694	-2.4314355814603061	-4.3904998601706193	2
4.0689473470967217	1.5588339535070463	-0.3698125484500796	2.1862067924179951	-3.0916045559328982	3.1710573861140601	0
2.4510773567108686	-0.3910753481394780	-1.4532225075156968	-1.2600333101094656	2.6347607722149613	-0.1526146596721327	4
3.0554377588564487	2.3969413439549134	-0.7993545149788088	-1.0277847312417756	3.8000603871138927	1.4373510062642825	4
3.7431552542227706	-1.3032247416384277	-9.5013129943351871	11.2240367726098675	-6.0233450410118685	4.3365883482150958	1
2.7503619085704138	-1.0673639307552893	-3.0782486192953979	3.8581612545429191	-1.3686249028999824	0.9644749164346060	0
1.9307630470680750	2.8385689990732819	0.7357655591247243	-1.5324619271210311	-0.5930750188705316	-0.1004200213172897	4
3.4967313513639882	-0.6688499263181900	-9.8916786180429952	9.1656359416692794	-2.5722062938310604	3.9774557818349274	1
-0.0372080240481929	4.7410110923151070	-3.3214828067684552	-8.0863810865894798	-3.6289234002342701	-2.4511574092479873	2
-3.0564155897685605	1.0886342339312325	-4.2169602753169464	5.6719024193486192	-6.3793221571104324	-5.8486321396758232	3
0.0482199229143228	-0.1457715612637402	-4.1567055524414549	5.1056123762761239	-2.4708901771222327	-3.7224099329529023	3
0.4276032987603459	0.0847948718939597	1.7222385593393654	0.5867558920736159	-1.8018365848535876	-0.2225839130186328	0
-2.6417360665438516	-0.5650965699597430	-1.6186080241426799	-3.3914204981252825	4.8535468315791199	1.3873202819590738	4
-0.4039382098774871	7.4688454468687588	-4.3669814273468912	-5.4090441279989001	-3.9228275614344823	-6.0941460776714997	2
4.0792103316173103	-2.9462312151871091	-10.5324590206588269	9.0630341580539930	-6.4110068967710632	6.0253935360209505	1
3.3644757931596185	2.3015181867822316	-2.0546309062902717	0.8511731137810921	-4.1854223164759867	5.2143446342395308	0
-1.1382659888344144	1.4890763813933288	-5.1484723923679230	3.2101509618703172	-3.7076596884246609	-4.6691495390682860	3
1.9706300243971016	2.0335262756041059	-0.2614408911567014	2.2205300732045035	-2.4184211027564242	1.0797110855045378	0
5.4458474195140454	-2.4339421014424358	0.5116432492703457	-2.1578357056300681	0.1394030213584561	-0.6160149198561535	4
-1.9848293394985737	-2.8010863249882405	-3.9569275298150997	7.0422579146549591	-4.9545612992660724	-2.7579849365313085	3
3.9121387486178842	-1.7620554728562363	-2.0574447469601718	-1.8479998444492636	-2.5425818680163972	-0.6433037095574163	0
3.3953236929812198	6.3664266290262184	-3.1603887333208434	-8.0476055045730863	-4.8436940987397632	-3.5760461289637204	2
-4.7476920714592179	2.5612488759885066	-1.3823123377609989	4.9389159912749054	-3.4372005402516463	-2.9917211093353293	3
-3.4721928685582553	-0.1421086700533829	-0.0891656199107262	5.5263774524780107	-3.6353964416688305	-6.0265924545570728	3
0.7391865307745487	-1.5089114211751811	-2.6554526185908012	-0.9340627824439776	-0.9742892376736818	-1.9111649873507597	4
2.3128467224576710	-0.7176503665862670	-10.8169370430209675	12.2962562954437846	-2.8341385451875194	4.1690988437375314	1
-0.8721379691270956	0.1838215839680495	0.7391430520511761	-3.6822722197867952	1.5416708807419237	1.1924017326314771	4
2.6484780010337960	-1.9169367177462306	-11.1839641639267029	11.5999527286103685	-3.1448711727783429	2.2427851312366291	1
-0.9366712812572681	7.6421745346977605	-4.6446780447215792	-5.1966058475429886	-5.6839604151137797	-5.3516101600536778	2
5.6557978461295653	3.8688097569525928	-7.0807142696322325	4.0474116332497792	-3.8906826685661886	-5.7248751021849049	0
5.6448234686327563	0.0620009332401290	-8.6558673881505044	12.1081013543916516	-3.9363993091807732	3.8560631883860070	1
-3.5177101916538924	-1.5317365502741405	-2.5488369468962508	1.5733861246866856	-2.8041235204510344	-3.8421459686699375	3
-0.3406465238655999	-0.6716271048312087	1.3902400111586128	-0.7166720763961925	2.1099331186352979	-4.3582544974971578	4
1.9176927248355322	0.5990250392567357	-1.7065451020438844	0.2610725687958513	-0.9958521489886849	2.2708147417009319	4
2.6993295968109141	-0.1285883979042559	-12.7123641841879316	11.2801006429917283	-5.2364374978615258	5.9308781467724581	1
3.7973058723381690	1.2934746235882635	-0.6872622540142796	-1.6586298397121841	-4.4863397764494017	0.6712666186413637	0
-2.0666418616959206	1.6416974250240433	-5.8359716656080156	4.1014329442703783	-2.2719875048560079	-2.7781331326326106	3
5.3262736038487706	1.2794180468609850	-10.3121536650803449	10.9185988012893542	-2.9623812646221519	5.7923916664407216	1
1.6433820316486161	-0.1536339674478544	-10.2906561466980975	11.4390814919394419	-2.2994011894369835	5.3927299663403359	1
-0.2431538996562567	5.3844798767583137	-2.9533653650729947	-5.2318297006500254	-1.6666493060690355	-6.0668929628508073	2
1.5696927168985735	1.5930100517358299	0.1155083186639054	-0.0554407542677668	0.3665556446430895	-1.2197649282865435	4
-1.6981851149715124	3.7727054333054793	-5.0949588326004029	3.9986644855492171	-6.1507354581286711	-5.1145168868601623	3
1.9327458065404917	-2.1771331255430697	-1.0370766515925243	2.2195710801144797	-3.6987896567551157	0.5781056577849604	0
-0.3357030288172440	1.4925319570072129	-3.3142981708047161	1.4422252012797649	2.3002570712385073	-2.5396581643345839	4
-0.3068887846895547	6.0179074401732509	-3.1470951219794649	-3.7192571049552070	-2.9678787396769568	-2.8603351615990422	2
3.5967864686235149	5.6761250030580932	-4.6798935214264166	-7.5552594927862105	-1.8337785945722320	-3.2701925623179449	2
3.0299431173575893	4.0903077287163416	-0.1173503782449715	1.0326937542036583	-0.7592734210535583	1.9398592219300892	0
2.5590944069233719	4.8279607846061712	-7.2430925421696184	-10.5233544099392997	-2.4911009046606161	-7.5524453179479654	2
-2.6114105001282035	0.1512496936330205	-1.9469326956406765	4.4109311624604111	-3.4505363772765576	-1.2036652879896019	3
4.3069004866883400	3.7029778512123421	2.3744931248086414	2.2584237876327449	1.4444656301929526	-1.4110358364488071	0
7.0365982412081021	-1.0691721039415385	-9.7312605514639401	11.2395265332075862	-4.3731270030407323	5.0481342367351614	1
1.4359547692931665	6.9309293395140150	-1.9694111542470059	-9.4456347899908621	-0.7476398333270304	-4.0903478795185029	2
0.2334252076307929	6.8939347315842801	-1.2163586718260833	-3.5624903795985485	-5.3550714323635091	-4.4054799649934520	2
0.1860179549085150	-2.6511438005797552	-1.3970921693539324	-1.1831163766453388	-3.4716914096600209	-1.1003662400754106	0
0.8209031249106028	0.1352008604566450	-4.2309497356115360	1.2015496218234398	-5.1057919411330417	1.5791013718170397	0
4.8036355616600970	-0.7299683356385431	-8.2270941914145972	7.9921895786856325	-3.0251029113222327	5.0561056260875743	1
3.8415258890891177	-0.9281187351525109	2.5592104539321374	0.4221307519718702	-0.3297828338205726	-0.6127984482426694	0
-3.2919897213364031	-2.6213940643863078	-1.5980254968878749	1.1597530374832645	-4.7742490470245800	-4.3132809358180388	3
3.1491071374453501	-0.7029288163730838	-11.1411406698233861	8.7090980410560501	-4.0692938056945831	7.8182588529784320	1
3.0669020814634300	5.8212421158107226	-0.7594467286495767	-7.3246661181583361	-2.5427550796350666	-5.5020817057938665	2
G3
0	88	2.143971298844109	23	2.7940096829106458	25	3.5182887364637683	
1	11	4.339123954700443	59	5.469474807628725	50	6.262298703768889	
2	23	3.38045160527399	97	4.356671445848655	56	4.367467746914661	
3	22	3.950895870921917	61	3.9727485583156463	29	4.114598790163735	
4	72	3.1571459705868525	80	4.457393557451101	64	4.505211867031718	
5	6	4.115210744554018	91	4.69045006347862	40	6.271866592853131	
6	91	2.5288942036028774	40	3.541439664621848	85	3.8553720523058983	
7	35	4.235730039776959	12	4.262551835611484	83	4.8280886309044995	
8	44	2.901236902759199	19	3.8201439858258603	54	4.811351222902907	
9	30	3.0813117942849937	98	3.56513788669357	74	3.5881667356702103	
10	46	3.1529579120300735	51	3.5683424979164378	80	3.838350950829876	
11	59	3.2629218397612685	1	4.339123954700443	49	4.805458562280649	
12	80	2.184113370344953	64	3.276156430648015	34	3.644726126037293	
13	18	1.8426167006752487	85	3.161054002917807	61	4.333573013082006	
14	70	2.043052030292121	65	3.280240873515578	77	3.3012966876194723	
15	32	3.193886993428869	57	4.071242425481731	86	4.302189718334807	
16	83	4.12186319320083	37	4.463121077791978	12	4.538423370219358	
17	50	1.952681510617324	76	2.7473511598601017	23	2.8096732776002087	
18	13	1.8426167006752487	85	3.9746181772173976	61	4.130919250552673	
19	44	2.005201197690766	47	2.62861557846703	20	2.6881423726395846	
20	47	2.6061385876258876	19	2.6881423726395846	67	2.894846376858804	
21	66	3.269907866929714	36	3.9926796636717143	73	4.505445441763477	
22	61	2.1920016593860874	48	3.559628334758624	40	3.6972624063232034	
23	56	2.77023599631318	0	2.7940096829106458	17	2.8096732776002087	
24	95	2.949765392917618	90	3.5590714058730284	20	3.6624442672755673	
25	0	3.5182887364637683	71	3.5689794849195975	23	3.832500226762052	
26	66	3.6325121071612414	28	4.132162171267251	96	5.204551888177475	
27	63	3.0997479098376575	97	3.499544406384098	71	3.5747950414196716	
28	46	2.068398074177661	80	2.3321836531069007	34	3.283029375119083	
29	3	4.114598790163735	68	4.1369877147254055	53	4.321079171064867	
30	78	2.7538095923358137	65	2.807177270457723	74	3.0391721936443346	
31	49	2.9147635646455368	17	3.0125246378099484	56	3.068475865142369	
32	86	2.775917200783745	15	3.193886993428869	57	4.242682475556786	
33	74	3.6920693263739075	47	4.43241464533073	19	4.449232121624202	
34	80	2.5454506618965715	28	3.283029375119083	89	3.2957772209956055	
35	84	4.167290638487798	7	4.235730039776959	38	4.309638555340868	
36	46	3.080759823490875	73	3.2526323995269046	21	3.9926796636717143	
37	42	3.8688770541749413	43	4.430277795496667	16	4.463121077791978	
38	84	2.4511934344983657	35	4.309638555340868	79	4.672886205210783	
39	57	3.2553150331645666	73	3.5076036179299916	41	3.645152269063105	
40	53	3.4136377388940193	6	3.541439664621848	22	3.6972624063232034	
41	57	3.0770271694951608	55	3.322686854686109	39	3.645152269063105	
42	43	3.536337842524244	80	3.8612119320801237	37	3.8688770541749413	
43	42	3.536337842524244	37	4.430277795496667	36	4.433294279923267	
44	19	2.005201197690766	8	2.901236902759199	20	3.0721411281496427	
45	82	3.785550620663551	39	4.473602807195269	73	4.487347878917419	
46	28	2.068398074177661	80	2.5341514349256236	36	3.080759823490875	
47	20	2.6061385876258876	19	2.62861557846703	95	2.6885223799816305	
48	22	3.559628334758624	61	4.146413749657243	85	4.483423610500657	
49	31	2.9147635646455368	81	3.6346680672439433	56	4.392783447810429	
50	17	1.952681510617324	23	3.1387301783581965	56	3.3290789655011244	
51	80	3.5027667214295346	10	3.5683424979164378	57	3.8547161410383546	
52	66	4.510261216776266	21	5.149938474032808	37	6.018312309575316	
53	68	2.0221378413933366	79	3.389871649680236	40	3.4136377388940193	
54	44	3.398226359684786	98	3.8847455482884494	9	4.082091263045151	
55	41	3.322686854686109	73	4.9293785233093566	57	5.227119902571728	
56	23	2.77023599631318	76	2.790933792695307	31	3.068475865142369	
57	41	3.0770271694951608	86	3.2057506480899263	39	3.2553150331645666	
58	96	3.988766184648709	60	4.0857915936795886	42	4.924454181968179	
59	11	3.2629218397612685	17	4.294477998231374	25	4.546702931480422	
60	64	3.9232150144457463	93	4.077344782268781	58	4.0857915936795886	
61	22	2.1920016593860874	85	3.495932025603468	99	3.961841009864037	
62	88	3.763865114978294	63	4.494675220526512	17	4.789409400364925	
63	27	3.0997479098376575	62	4.494675220526512	17	5.07770807077442	
64	93	3.1860008179690538	12	3.276156430648015	60	3.9232150144457463	
65	78	1.88712343532995	67	2.4449382316780564	30	2.807177270457723	
66	21	3.269907866929714	26	3.6325121071612414	28	4.429971923580915	
67	65	2.4449382316780564	20	2.894846376858804	19	3.55529807644333	
68	53	2.0221378413933366	29	4.1369877147254055	92	4.166056407490965	
69	56	7.576612192285325	7	7.8416174391735005	50	7.953432377847926	
70	14	2.043052030292121	90	2.596005892947212	77	3.231076929744217	
71	97	2.5331404858010247	23	3.459262980792517	0	3.547064834525306	
72	4	3.1571459705868525	80	4.8713064990604815	28	4.99216447342022	
73	36	3.2526323995269046	57	3.380950516452809	39	3.5076036179299916	
74	30	3.0391721936443346	9	3.5881667356702103	33	3.6920693263739075	
75	60	4.094997164443321	10	4.185321325748656	36	4.7069590220375614	
76	17	2.7473511598601017	56	2.790933792695307	50	3.5252259082356954	
77	70	3.231076929744217	14	3.3012966876194723	90	3.3801834477294577	
78	65	1.88712343532995	30	2.7538095923358137	47	3.3324934457384847	
79	53	3.389871649680236	84	3.8348286351906444	40	4.300680667376322	
80	12	2.184113370344953	28	2.3321836531069007	46	2.5341514349256236	
81	56	3.5099942512273206	49	3.6346680672439433	31	4.499936910415144	
82	45	3.785550620663551	93	4.225219394880681	57	4.4970714023854175	
83	12	3.768378027776873	16	4.12186319320083	80	4.809212412308477	
84	38	2.4511934344983657	92	3.591356775258739	79	3.8348286351906444	
85	13	3.161054002917807	61	3.495932025603468	40	3.71926775472114	
86	32	2.775917200783745	57	3.2057506480899263	46	3.777993971084506	
87	6	5.058001717305967	13	5.260006263712311	85	5.995458722732348	
88	0	2.143971298844109	17	3.3987995479502824	23	3.4533362622325363	
89	34	3.2957772209956055	80	4.857954966829127	86	5.057401132391312	
90	70	2.596005892947212	20	3.2427030991210906	77	3.3801834477294577	
91	6	2.5288942036028774	99	3.88192581477412	85	4.360769787056312	
92	84	3.591356775258739	22	3.9244545753005227	68	4.166056407490965	
93	64	3.1860008179690538	60	4.077344782268781	82	4.225219394880681	
94	82	4.560912565005022	0	4.884756107139385	73	5.10345653628206	
95	47	2.6885223799816305	24	2.949765392917618	19	3.6344534519866336	
96	51	3.965815735333554	58	3.988766184648709	80	4.309334818311856	
97	71	2.5331404858010247	27	3.499544406384098	23	4.174429454651557	
98	30	3.4704734826536483	9	3.56513788669357	74	3.8125312840581196	
99	91	3.88192581477412	22	3.9001259482040163	61	3.961841009864037	
