-1.9267758591132158	-0.7734222746195321	-3.0338366090951046	1.3180485190501301	-4.0658904827921916	-2.2528861070263373	3
-0.5070939425533918	-2.2718522894861382	-9.2453494112661012	5.4079305266698245	-5.4414462836774078	-1.3779179248743949	3
0.3866031265945025	0.1979102091629668	-1.6095323505904791	1.7208434920624665	-3.5673300899495177	-4.9162278058332660	3
1.8440380773370024	9.2403302638291134	-2.5425283545352935	-5.6511211599480262	-7.1868865039651988	-6.5110263369138925	2
3.9461383342755676	8.5238152253533155	1.4499851179117449	0.2194100554432650	-1.5155300514618553	-9.7266783478321468	4
2.7384239301050486	10.0948020451802307	-4.5464625151286429	-10.2545231164370687	-1.6059619748141676	-5.7413508392690087	2
1.9307978963533377	6.9550866180616655	-4.2653654425250149	-8.7552770797803188	-1.6289880111337354	-6.1601778280462778	2
4.6334136953404546	4.4066260755854554	-4.1556631263616346	-0.2900231665213290	1.7931721220943662	-2.6922858166597967	0
4.0864100044296130	-1.8887063810633866	-6.3786113723813394	11.0579265969536777	-5.8685191949990374	6.8039821999710579	1
2.4023962218114061	-1.3429562242203814	-12.5013842609622472	10.0409847715750633	-4.6177065079897597	5.9668393185765307	1
-0.2490171628052860	1.2699256614001848	0.6311948861556684	-0.6335199936589184	-3.4261110402307291	0.1399960811597130	0
0.4772187704725321	0.2106003140396457	-6.6556210085095504	6.3321034570566450	-5.9302384991479133	-3.3545861146036025	3
6.1221073113934832	9.5767379838393794	-1.0250584085109493	2.3284170198732674	-0.6484991334066059	-7.5042716457311567	4
3.4234599406166466	6.0921130343075998	-7.0968157412846375	-6.7297895064066839	-2.3150061163965168	-4.3573421707537685	2
4.8238975331272389	-0.2168784442500569	-10.5294452397127127	12.4926830748953446	-2.9994625092768725	3.2489447353315106	1
5.8006376327083888	12.4200647501328696	-3.1945374324427291	4.0113971213310116	-1.9129077342228096	-4.2932711124351775	4
4.7195731245657155	7.9582984844795535	-1.3367269150201346	4.6892453365181943	1.9403818755663442	-5.5969474331753721	4
-1.5478058162960551	1.4088204870613015	-3.7615578794995930	5.1240619146569220	-1.1577837274555289	-4.8587362836113872	3
4.2523867775899307	3.0441643113150318	-4.2010286088341964	-7.1666496571763458	-3.8800066543424028	-5.1158109531882801	2
3.1924262997783459	0.1163698314716624	-9.5786709979115994	10.4946134066616690	-3.5519058367588414	2.5725974368431328	1
4.1210701927286131	-1.9277257007470245	-8.9556316509146967	11.5654716917109486	-4.2959717823225905	4.3325037255139787	1
-2.4940225135154144	2.0654645881448541	-1.1061774078118383	-2.4493646826761828	-0.9905509803330850	1.5044662898649201	0
2.8048275168833152	5.9778022540154296	-1.6348045472330286	-7.6159561637543867	-5.2245134599925667	-2.5206206575520222	2
-1.0420544948864534	0.9567234385361931	-2.8919663500979595	4.2455967156695866	-3.9107073946605126	-2.7723831573425430	3
6.1388168281997197	-0.1415393844720376	-10.4523016523417525	8.7870332022656825	-2.8949812941147677	6.1358583526882953	1
-2.1038966189282311	-2.9602579010185242	-4.7479758597761421	2.3618276935801807	-5.0076080145568653	-1.5544314209737975	3
5.2162452030322131	8.1872860647500030	4.3222413128818893	-1.3352349307983826	0.5464691950430440	-4.6482963321359216	4
-4.6525267191880788	-1.7065671951148951	0.7137819393052052	3.7186222824600943	-4.3319490161705643	-5.2250700011228641	3
6.0169497427710068	10.6885801458251297	2.2611467044581897	-0.0445535339099068	0.0020329002342305	-6.6399750304755711	4
0.8593035009583458	7.0693654703756632	-6.3038725302914491	-6.5978302667937765	-7.4411937463431927	-5.7734364804561054	2
4.1882309860970128	-1.9581892633863640	-11.0181090038181466	11.1397466251419903	-2.1643367607103579	5.5631855832826016	1
-2.5799048215994103	-0.9608616989279617	-4.0565231854181292	5.6136372939436061	-3.7220150622992287	-4.0537720244899722	3
3.5923647528936664	5.2741286099542286	-2.1231074436008841	1.6491627976108201	1.6314922346383856	2.1641821838530539	0
2.0566254336562002	2.8408780119265544	-12.9247313765452070	8.8412976366912126	-4.9487967721574524	3.3010409146994761	1
7.1166335459443868	11.9237823254775694	1.3832418573205483	2.1081977661974651	-0.0472307057636224	-8.2634808058570854	4
1.6694713781015404	4.3772137349702298	-3.4722210941276948	-0.2198937360895282	-2.7885689496140156	-1.8103113360456062	0
6.8138941387149021	11.0074772768055666	-0.8528867529831783	-0.6781465321611795	-0.9613629588342745	-3.9075562319452297	4
6.2350192362643515	7.9856696465880219	-2.3481382059857419	1.9878729551440868	4.2490187030303890	-3.6039712382381213	4
-0.3406526976256872	5.9456610176389733	-1.9830816007524446	-3.2929576697534939	-1.3996571069267829	-0.6603781012714292	2
3.3128646916921465	1.2263439143386592	-0.3744798443706300	3.0965241148024703	1.2339491712592445	1.7475952295167927	0
2.9275446314539222	8.4509906555881731	-3.2150024138424786	-5.1437381958443069	-1.6355934735520132	-4.4692881515118490	2
2.7775149996528308	2.5951666024338103	-0.8910175933706944	1.7238354571739556	-3.3451486969852260	3.1755164556336992	0
6.8133903702860739	8.4166608366793980	-0.8636651713652728	0.4269863773484359	1.9929057537359478	-5.7760371549366534	4
7.4177507724316545	11.2046775287737894	-0.2097971788283848	0.6592349562161259	3.1582053686348792	-4.1860714890002377	4
4.6023192496998959	-1.0792777650452261	-9.3315480832358499	10.4383626079466207	-5.1821385806073943	2.8441941975250273	1
3.5197838122340062	-2.3838277205829739	-4.4537711421544799	4.3243636136990311	-1.7561209127054926	1.7345639942801037	0
6.2930760606432798	11.6463051838921565	1.3253228952751483	0.1545577603368704	-1.2349300373495451	-5.7238425165818105	4
4.1214752743877909	-1.3513618129499989	-10.4128903909302739	7.7821468061382824	-1.4719852394745558	5.3959827914836236	1
-1.2899691639131601	3.8852484028337804	-2.7736097284266350	-8.2147306672486593	-4.5999165279433720	-2.5817741234393177	2
-2.8233732055230503	-0.1350514637790834	-5.3996532907168202	4.3430844338562293	-5.0909484959854083	-6.4476597325832348	3
0.8567788705482404	0.2164703457382786	-3.3160515716790657	5.3313076259101724	-2.5129647052173016	-2.4717648685605615	3
1.2391306594503697	-0.7235832048279669	2.4108876856569190	-0.7052170719960414	-0.5214267613083772	0.4350047527960800	0
1.7205769470313537	8.2426396148591330	-1.0290506879922559	-1.7044008106673809	4.2116918131001064	-4.2361022133054469	4
0.5409673797232388	8.1408825598103949	-3.7143297125772508	-4.1618632746238227	-4.9297577425643810	-6.8331762021897253	2
3.5132317879693788	-1.8248085579252131	-10.3425368178581980	8.2127407602772156	-5.2326504750417762	6.6066266879479025	1
4.6119629181428978	2.5296979050886588	-2.6013632417888610	2.1371285107045424	-3.7227231304908108	5.3851536453683115	0
-2.3970857986288379	0.0194204698219060	-6.0494943999537760	4.0848453978605184	-3.3005924435132776	-3.2087265595679484	3
2.0570203682420525	2.8841355233653645	0.3726225595935950	2.4795275144389586	-1.5762710126676760	2.2949714161331838	0
9.8081604330892507	6.3737940833764393	1.1012005854207696	-0.4708160181721666	-0.5024519971205574	-6.2394374151206744	4
-2.5207040888752141	-1.3567734892700010	-2.9943156972338931	6.8770664468122664	-6.1099200248100356	-2.1516492328578041	3
4.9450609231985219	-1.1157328081420956	-0.8488842707854887	-0.6824539254124553	-2.1701080489970543	-1.4066298850298029	0
4.0846092026732652	5.4855685230375926	-2.1522104705095764	-6.9638504510472448	-5.3193102426736640	-2.7458980213890904	2
-4.0109410317970333	2.2807158774401644	-2.1614875904000077	5.7671598302843305	-4.1169013817309015	-4.0044808362526005	3
-4.5239336682992235	-1.4016264894486534	-1.4170717122670413	5.4058542660490261	-3.8926339428748746	-5.1250316012178017	3
5.1014995443497542	7.2988247636436938	-2.0658952824403771	0.7529569050139240	-1.6161442561526953	-7.5345874826152803	4
3.0249408932428410	-0.7705420524732918	-10.4697656138929887	12.4818474458275084	-2.5111730061543551	4.9472516849610377	1
3.4901750444481099	8.9915577687869241	1.3287003882016002	-1.9952525323288937	0.8998158622629102	-4.4310207626330431	4
2.2505962365054852	-1.7784493241669423	-9.9367437017244189	10.3595471661940461	-3.3319056450171667	2.2679150245721234	1
-1.4589330935048634	6.5103203624047437	-5.3279812872883898	-5.5849590113892482	-4.1978498546036462	-6.4957755922535103	2
5.4126324628944342	3.5735700156998664	-8.1310262124032704	4.4793864053296026	-2.7736861531278176	-5.9432857166177442	0
5.4134269282295051	0.0890806531582626	-9.8413571873464676	11.1688134516413076	-2.7305940569566394	3.0876139289599132	1
-2.4320232863849061	-1.3322203751093187	-3.8082432623643063	2.3344353647741722	-1.6991020548355991	-3.0002655056801495	3
4.0216664897096051	8.1361090799876656	1.9797973473090369	0.9703476110617091	1.4680781001562844	-9.9816769927616775	4
6.2800057384107379	9.4067612240756109	-1.1169877658934604	1.9480922562537528	-1.6377071674676984	-3.3526077535635888	4
4.1022523543664065	-0.1636174109056197	-13.1778891180843356	10.8456230749267490	-6.6912781805101025	4.5571470807099761	1
2.3802692712685491	2.1904845402529634	-0.0630634310678631	-2.1593026404895150	-4.7705064683574845	2.0243295014455640	0
-0.6510426321200899	0.3311004002341322	-4.3479242444767339	3.0408160915478466	-1.5848033058415627	-1.9190224021446745	3
4.2940782465356131	1.1202503252844016	-10.3748023938683325	9.6217321968779643	-4.0535364025976834	5.9451779073044708	1
1.9086232269731913	-1.2157955091280646	-11.6974325150663727	10.9454363202063512	-2.9703847099858915	5.7285345512196599	1
-0.5911390861907474	4.0956242947931116	-4.2594784742448573	-6.6073066746204079	-3.1228530577979070	-4.9141473984052659	2
5.9320057304737785	10.4007462365547045	0.7050656548143295	1.6315789331901347	-0.2752993738359240	-6.8431874235510639	4
-1.4735087097602053	3.3023954934582611	-4.6035527601244102	5.2514620227170266	-7.0982770471949284	-3.9648910014261860	3
1.5111650253626083	-2.9897478891690290	-2.1736584823714291	2.6446440453867344	-2.8710298563806242	-0.8603381496402280	0
4.0266099847579611	10.3002681418260877	-2.7247408346542921	3.1292448887376665	1.6584020527594938	-8.1630806595991050	4
1.1038260068287811	6.0172024390340937	-2.0098371681763423	-2.2836290253406588	-1.8092737244213510	-2.1583146338821870	2
3.1401741062888302	4.9726715455544879	-4.8116245220546361	-8.5944927796609232	-0.5082433347464939	-4.6037529628626093	2
2.3698584881281941	4.9805725773582257	-0.9439772732441072	0.8794460795799761	-0.8631006216516721	1.4895403269420648	0
1.5277378941991013	3.8127412574302646	-6.1874797579731524	-11.5234181624446688	-3.3275096692384922	-6.3851764962089188	2
-2.5687330710715823	-0.1352825813636820	-2.4044890261224849	4.7498004381661492	-3.0191763344089844	-1.3390426881220794	3
4.2805342793961074	2.7330772160996006	1.4147322733503263	1.0684166289828023	1.2482358447057411	-2.0556103929362655	0
5.6775686439437374	-1.9703449280538123	-10.0549842870362767	10.3384557765759801	-4.7398526939537620	3.6317048380419861	1
1.1833573643424422	5.4488415912988666	-2.6408083369883171	-10.0444043112140111	-0.2404036982711326	-4.8486652102527543	2
1.4511529136037709	6.8845119711428246	-1.3289120950839537	-3.4044650037097535	-3.8742553995486038	-2.9568751388443522	2
-0.0453002186449827	-2.1298908184540504	-0.0980282240950094	-0.4683159655340072	-3.6195139128086939	-0.6844447601877146	0
0.6891164777892463	0.9457953624219015	-4.1386585023278615	0.3478936249079221	-5.2498669232718509	2.7890721303461152	0
4.1823699482533483	-0.5297769935441530	-7.7020682807593364	8.1242256504075048	-4.2408996494576421	6.4240312904100652	1
5.0491313908381326	-2.3134005612895030	1.6247684678011698	-0.2875134783881624	-1.2996985563955377	-0.7622204596729247	0
-4.7306992119531230	-1.1363707703591515	-0.9441958130798611	0.7444440994432515	-5.0100980457378927	-5.2235280040420724	3
3.9852760947802190	0.3318001711297001	-11.7467683758819419	7.6519873335395605	-2.7772221694868433	7.5364297301702763	1
4.2809038846829015	6.5346823319437721	-2.1714295658921916	-6.7686118585074668	-3.5601573269719289	-5.4398851494024179	2
G3
0	71	2.891460114354943	25	3.1962542161810292	23	3.5581962665257056	
1	11	4.340318676465135	56	5.3592125360727225	25	5.722601249669947	
2	23	3.917888943033945	0	3.9784478137282115	71	4.760038513234468	
3	53	3.4199702849295304	29	4.619033387158485	99	5.380135075763807	
4	72	3.1571459705868525	80	4.4573935574511	64	4.505211867031718	
5	6	3.607322173193567	91	5.508219799612359	85	5.632295341097667	
6	85	3.0651815444778063	91	3.282789664001304	5	3.607322173193567	
7	37	5.540126623800647	35	5.570283702538941	32	5.774035865902552	
8	95	3.873957266399052	20	3.9347770699197033	54	4.958193401763952	
9	78	2.1200969081078718	54	3.2026113930045343	74	3.4164871162476227	
10	93	3.5883727199751543	75	3.991076872752154	51	4.2291050292955	
11	1	4.340318676465135	81	4.525493480699835	56	4.544452456206732	
12	80	2.184113370344953	64	3.2761564306480153	34	3.6447261260372934	
13	85	3.654822477771937	6	4.3374314215710985	18	4.645217175175043	
14	70	1.6630002098310461	65	2.5824679254290452	19	2.9037296972611357	
15	73	4.3409462575353475	12	5.257010999233563	36	5.617068018814495	
16	83	4.121863193200831	37	4.463121077791978	12	4.538423370219358	
17	23	3.7308879317369907	31	3.772341500991067	50	3.8703102006967027	
18	99	4.082837655220004	61	4.232666918774545	85	4.35875117427153	
19	67	2.1829049241556744	44	2.492594791003524	70	2.529215936292897	
20	44	2.315925182450969	90	2.41387602127901	65	3.0391349661797302	
21	10	4.447742954238018	38	5.101710992161131	51	6.204098925387465	
22	61	1.6225973868605668	99	3.8453949287371234	92	4.743237315205161	
23	88	2.6199947881147114	50	2.7488570767331666	76	3.2021334472875975	
24	77	2.660171277313109	47	3.0194404758865727	98	3.130691400108652	
25	0	3.1962542161810292	71	4.0839526045230246	56	4.390646669204766	
26	66	3.632512107161241	28	4.13216217126725	46	5.353089112548928	
27	63	2.7748548561417965	97	3.5193393523820125	62	5.505435754118189	
28	46	2.068398074177661	80	2.3321836531069007	34	3.2830293751190833	
29	68	4.325052327008991	53	4.6173058193763765	3	4.619033387158485	
30	65	2.3163192293241686	78	2.631359064644582	20	3.2402066237763187	
31	56	2.8627283682591265	23	3.3086864853641127	49	3.429900808085675	
32	86	3.20025681001944	39	4.684743287238676	57	5.029351252325687	
33	74	4.680495241719332	77	4.782355299462537	19	5.012434110427226	
34	80	2.5454506618965724	28	3.2830293751190833	46	3.526428322958513	
35	84	3.238396695877606	38	4.627451415265253	86	4.801207985959385	
36	46	3.080759823490875	73	3.2526323995269046	80	4.242229471143474	
37	42	3.8688770541749418	43	4.430277795496668	16	4.463121077791978	
38	84	2.350041851643445	92	3.9912298157872463	35	4.627451415265253	
39	57	3.6689539329889915	32	4.684743287238676	86	4.9686483128359855	
40	99	3.725464014907335	92	4.302905557939128	6	4.498539771522663	
41	57	2.5835557476893563	55	3.3897843093978035	86	3.946545552766927	
42	43	3.5363378425242447	80	3.8612119320801233	37	3.8688770541749418	
43	42	3.5363378425242447	37	4.430277795496668	36	4.433294279923268	
44	90	1.8163956284901241	20	2.315925182450969	19	2.492594791003524	
45	82	4.5164808579640185	50	5.867495415128809	76	6.3089911250577275	
46	28	2.068398074177661	80	2.5341514349256236	36	3.080759823490875	
47	24	3.0194404758865727	98	3.306495575231237	30	3.538328616190342	
48	79	3.598044038632255	22	4.816161406952689	61	5.826012309410579	
49	31	3.429900808085675	56	3.793497896716933	63	4.967077296611131	
50	23	2.7488570767331666	76	3.1248657943382847	88	3.81657815580273	
51	10	4.2291050292955	96	4.458154294467201	93	4.563940859784203	
52	66	4.510261216776266	37	6.0183123095753155	42	6.150740351027724	
53	3	3.4199702849295304	68	3.4549871477385374	29	4.6173058193763765	
54	95	3.181457595132227	9	3.2026113930045343	77	3.6190075211979287	
55	41	3.3897843093978035	57	5.456342088534614	94	5.703851071895063	
56	31	2.8627283682591265	76	3.4261375458978107	71	3.538859000218507	
57	41	2.5835557476893563	86	3.1534018098990053	39	3.6689539329889915	
58	42	4.924454181968179	28	5.910394856574092	80	6.019469970379465	
59	31	3.4935583677949755	88	4.071919565883567	23	4.437975640893775	
60	96	2.9821218501725446	82	5.377537282092123	93	5.400387891365658	
61	22	1.6225973868605668	99	3.3955624710186894	18	4.232666918774545	
62	23	3.8699583238233064	63	3.97661078852945	31	4.040888976521348	
63	27	2.7748548561417965	31	3.4871345695720173	62	3.97661078852945	
64	12	3.2761564306480153	4	4.505211867031718	80	4.586693533864424	
65	30	2.3163192293241686	78	2.476574094571576	14	2.5824679254290452	
66	26	3.632512107161241	28	4.429971923580916	52	4.510261216776266	
67	19	2.1829049241556744	44	3.185494500307828	20	3.336126660688542	
68	53	3.4549871477385374	79	3.5253201841511905	29	4.325052327008991	
69	11	7.61199335665108	50	8.249551707683201	64	8.277593925907173	
70	14	1.6630002098310461	19	2.529215936292897	44	2.9808965990686156	
71	76	2.8126336837793926	0	2.891460114354943	56	3.538859000218507	
72	4	3.1571459705868525	80	4.8713064990604815	28	4.992164473420219	
73	36	3.2526323995269046	12	4.292058661395983	80	4.309230904793266	
74	9	3.4164871162476227	77	4.463701251686138	90	4.518865317734519	
75	10	3.991076872752154	41	4.409389697052735	94	5.302864787319935	
76	71	2.8126336837793926	50	3.1248657943382847	23	3.2021334472875975	
77	24	2.660171277313109	98	3.2619408765918783	95	3.519305036746554	
78	9	2.1200969081078718	65	2.476574094571576	30	2.631359064644582	
79	68	3.5253201841511905	48	3.598044038632255	6	4.789021512709108	
80	12	2.184113370344953	28	2.3321836531069007	46	2.5341514349256236	
81	11	4.525493480699835	23	4.605681103989172	62	4.754175718487648	
82	93	4.2132963465327915	45	4.5164808579640185	50	4.685742897108387	
83	12	3.768378027776874	16	4.121863193200831	80	4.809212412308478	
84	38	2.350041851643445	92	2.7376344257270384	35	3.238396695877606	
85	6	3.0651815444778063	91	3.3169679094756606	13	3.654822477771937	
86	57	3.1534018098990053	32	3.20025681001944	41	3.946545552766927	
87	6	4.932496370979808	85	5.053583165383302	91	5.427050082710222	
88	23	2.6199947881147114	31	3.4671132533284887	76	3.6036675906436564	
89	39	4.9985704721986846	86	5.597050408275601	51	5.8882602608086065	
90	44	1.8163956284901241	20	2.41387602127901	70	3.062562679274698	
91	6	3.282789664001304	85	3.3169679094756606	79	5.265602539922874	
92	84	2.7376344257270384	38	3.9912298157872463	40	4.302905557939128	
93	10	3.5883727199751543	82	4.2132963465327915	0	4.455253835867435	
94	41	4.826956806405835	75	5.302864787319935	55	5.703851071895063	
95	54	3.181457595132227	77	3.519305036746554	24	3.725057066059499	
96	60	2.9821218501725446	51	4.458154294467201	93	5.8630384253954455	
97	27	3.5193393523820125	0	4.733453249790633	63	4.829482012232441	
98	24	3.130691400108652	77	3.2619408765918783	47	3.306495575231237	
99	61	3.3955624710186894	40	3.725464014907335	22	3.8453949287371234	
