0.3951480970125409	-0.5123614276195514	-1.8144520774959898	-0.5266953431694208	-3.8902081026136250	-4.1317998164064562	3
2.1081115770463086	-1.1897889477093866	-7.9790220769040179	4.5894876638044577	-3.8382110280948174	-0.1917098554531493	3
-1.0112880008366858	-0.9543636042608283	-0.0791717319978993	2.1690629613980965	-3.0530866795953422	-4.8046683578251930	3
1.4849374931187289	11.0586075108992397	-4.5133471982502709	-4.1391557950863707	-7.4815606634834761	-6.2686389809788050	2
10.3572246386636699	18.5198203736858815	11.6859495078386111	-1.7258796047317588	-5.4057588885270507	-12.9669839038646284	4
2.6073674240636509	9.4005694882158934	-4.9114731227381334	-9.5469051233690116	-1.0696192419689770	-6.5656934695954590	2
0.9323716488322193	4.9341852085219919	-5.1293852657354222	-8.1096545666515603	-1.4667346798732490	-6.5566211946956718	2
5.6829220974199917	4.2784483949349559	-3.1527940995304835	0.5055358692487295	-0.3144001826811965	-1.0248611055960621	0
4.3571888073001990	-4.2694798602591506	-6.7290727247615827	12.4126344774181554	-3.3662138978126204	5.6302839871000305	1
2.8523703140767482	-2.1097605342150665	-12.5255814540861969	11.9167381616201169	-5.1461525738358906	5.1745379926339012	1
-1.2276911584216470	-0.0218677858135252	-0.8298742944738666	-0.6368149180021236	-2.6730484107046002	0.0127068760925013	0
0.2282082266416330	-2.0341873738134297	-5.5816563206187837	5.6401563229674156	-6.9132384687618149	-3.6350920233996709	3
12.5331936157815864	19.5727431321719436	9.2109059814159178	0.3831273596982436	-4.5387279704718013	-10.7445772017636383	4
4.3228592392642904	5.6503725842575365	-9.5656044612970792	-8.3952908474559074	-2.1470315657070693	-5.6658153631622348	2
5.1964572022311213	-0.1574354264228131	-10.7821080195432195	12.0000228705288272	-1.9987979843702561	3.2991949026101932	1
12.2117239370964921	22.4160698984654339	7.0414269574841377	2.0661074611559878	-5.8031365712880048	-7.5335766684676591	4
11.1306594289538197	17.9543036328121168	8.8992374749067320	2.7439556763431705	-1.9498469614988512	-8.8372529892078546	4
-4.1124450629326113	1.0848247367304700	-4.2617453935112266	3.1864715514704702	-1.7696525291689618	-5.4048249662789409	3
4.3715454038697033	3.8225482841803902	-1.5546397625799977	-6.8292051100310571	-3.9286577529123976	-5.0230798056310793	2
3.8792358559391085	0.6325124739859984	-6.8885733582470383	12.8636698782807741	-4.1060830910902766	3.2757160092014890	1
6.5757644501518371	-2.2700306895256901	-9.8484684219566621	10.4238667046733653	-4.6828429793175630	4.1065802939201115	1
-2.7975872952706036	2.0976604736771396	-3.7632666973013880	-2.1605031208808581	-1.8891942232515280	0.8797595654443631	0
4.1619501486276445	4.5324279429638716	-2.7980377122141231	-9.0282021684796092	-5.3978037589492294	-3.5391893727859673	2
-0.8865271617964903	0.8484567533339065	-2.8056673328670558	4.7706794588745911	-3.9250316332367325	-2.9069156247129175	3
7.5117284086108889	-2.4110784736542845	-11.3620999859643490	8.2286637740078206	-2.6451539851229220	5.3891686929556899	1
-0.1056566123110141	-2.7243287744136486	-4.9092892741086240	1.1480169606302939	-5.2664058864186245	-1.7292087232434055	3
11.6273315074203154	18.1832912130825690	14.5582057028087561	-3.2805245909734064	-3.3437596420221514	-7.8886018881684032	4
-3.6749745697075693	-1.4050765338543001	1.5604173300703521	3.9639385302807604	-3.6422145388163947	-4.4153048010458837	3
12.4280360471591109	20.6845852941576922	12.4971110943850565	-1.9898431940849308	-3.8881959368309644	-9.8802805865080536	4
-1.4221465508090079	6.1738389005959977	-6.5550669557281829	-5.9663306105495124	-6.1440899578593040	-4.8101266679837460	2
3.2526192873142539	-2.1126485972236733	-10.5737568798917039	11.5186410329963493	-1.9500519796623084	5.3406337119676088	1
-4.0135934181228077	-1.0535667766398449	-3.6633591347830352	5.0865348065444147	-4.9574291434282198	-3.2892613788115463	3
4.0388213196156748	2.7675598165083493	-4.4137859083322422	0.2393755387786445	0.5180246481189774	0.1721363253267196	0
3.0254492248571072	2.3172703087348574	-13.1284742270910897	9.5557339435493631	-4.3693361437030873	4.2645763603632556	1
13.5277198503324900	21.9197874738101319	11.6192062472474156	0.1629081060224413	-3.9374595428288179	-11.5037863618895670	4
2.8713404981118558	2.3730108565916583	-3.5639864422961449	-1.8239740335431629	-3.1531915560264907	-3.4177398043193787	0
13.2249804431030054	21.0034824251381309	9.3830776369436890	-2.6234361923362028	-4.8515917958994699	-7.1478617879777113	4
12.6461055406524547	17.9816747949205862	7.8878261839411250	0.0425832949690630	0.3587898659651936	-6.8442767942706029	4
1.8942086451388358	3.8464778336965129	-1.9501083779456216	-2.0389221040799810	-0.7345635989433417	-1.4905070552005919	2
3.8378506253842373	-0.5717521530975896	-0.4258911590256625	2.2029581223304122	1.7511637650812792	3.0165714492217006	0
5.5016941111710818	8.4374727142851462	-3.5710516989472221	-5.0052925526631737	-2.8796148270562090	-5.7476381995576098	2
2.1430554421723431	0.8200193146122380	-2.3687363261695538	2.6186182473616242	-4.0971713096234117	2.2369454362781820	0
13.2244766746741771	18.4126659850119623	9.3722992185615936	-1.5183032828265874	-1.8973230833292476	-9.0163427109691341	4
13.8288370768197577	21.2006826771063537	10.0261672110984819	-1.2860547039588974	-0.7320234684303162	-7.4263770450327193	4
5.3546802713056518	-1.7119910531815861	-12.2162604006543489	11.0012007100057030	-6.8379486700180472	4.9278837234765636	1
2.9270117940882203	-2.4571634201169639	-5.8140956154115369	4.5643601503142133	-4.1133005542864201	2.4580307574403442	0
12.7041623650313831	21.6423103322247208	11.5612872852020150	-1.7907318998381534	-5.1251588744147405	-8.9641480726142930	4
6.5691560510295606	0.0540850204896277	-8.8747624997592744	9.0406909223434813	-1.4366356343402673	5.1317520367896199	1
-1.5571219832629544	4.4178786763453743	-4.4861320518005989	-5.8319285741378959	-2.8619265057483170	-1.8577826425605077	2
-2.9843140754453894	0.5368211359701104	-3.8313401666841820	3.4926694627050536	-5.6249477789368951	-7.4329933600378792	3
-1.2694559161511041	0.9731948508635135	-3.1021396693718608	6.2768469964826590	-3.8983078319708113	-0.0424196773385361	3
-0.5360972216373436	-0.9688611370149879	3.3079093649470335	1.3470766368941178	0.8185810090433265	0.0929141643726696	0
8.1316632514194573	18.2386447631916973	9.2069137019346101	-3.6496904708424047	0.3214629760349110	-7.4764077693379285	4
-1.1511699504560253	7.7430051505659767	-4.6377704898766341	-6.4990266541691186	-4.7277044642409471	-7.4952776960883973	2
3.8982516778347316	-1.1606573063446559	-10.0041986585226539	8.2890376015491860	-4.5640705649891844	6.5524714716890919	1
2.5098870214629003	3.2498315167758385	-2.6333562028686917	3.3943183497333176	-1.2429121438544137	4.9439611279604403	0
-2.5320546418495025	-1.4502895461035026	-5.7712459233564353	4.6860971273921983	-2.1944208462049897	-4.0570099956073866	3
3.3717953537330083	4.5678121949901946	0.9589118697210275	2.8753231157023089	-2.9262451543992762	0.6851231999532676	0
16.2192467374773557	16.3697992317090026	11.3371649753476369	-2.4161056783471908	-4.3926808341857528	-9.4797429711531560	4
-3.1237370464965419	-3.0449901423325110	-3.2056780544540300	6.2931063017722897	-6.6257984148009879	-3.5537065887928936	3
6.1100470783142304	-3.0235349458103418	-0.0103614554491176	-0.4069345314948851	-1.0893231535426144	-2.5867393890318371	0
3.1206965499622199	3.8356236842797564	-0.3888700119415665	-8.0843473265613568	-5.4990561277905989	-3.6501535117657218	2
-3.5213003991572362	2.2683575122535546	-2.2138598838748536	5.2479560374880032	-5.1093680455223049	-2.9875914069430021	3
-2.7628373680567604	-1.7645502014115175	-2.0760433962583749	6.9520240367881758	-4.8720443287518336	-5.4647965111283696	3
11.5125858487378565	17.2948299119762581	8.1700691074864906	-1.1923327551610994	-5.5063730932178903	-10.7748930386477610	4
4.0767469829083103	1.3820255624638831	-11.0530631172565350	13.5934157040660679	-1.7014650273213903	5.6859984580121505	1
9.9012613488362131	18.9875629171194902	11.5646647781284670	-3.9405421925039175	-2.9904129748022852	-7.6713263186655247	4
1.9004720335137364	-1.1135660313873221	-8.9816049093277481	9.5266941387894732	-5.4140667389488168	3.0068007950686226	1
-2.2426714224114184	6.3711700360269301	-3.5703540066996822	-5.7746301814922960	-4.0785150260386862	-7.7205072968809301	2
5.7498551320041287	1.9629114337223879	-9.9076176012681678	2.4467292574166315	-2.8863976487618337	-6.2772191135728921	0
6.4410808914898547	1.6181454647930829	-7.9419068138140201	8.6863869363812505	-1.5386364803691803	2.1456191825424975	1
-3.7678846315697880	-2.8714846490839552	-5.5932901227019745	3.0917694002724261	-2.7969594363702495	-3.8821103730406952	3
10.4327527940977092	18.1321142283202299	12.2157617372359049	-0.9749420491133147	-2.4221507369089110	-13.2219825487941591	4
12.6910920427988412	19.4027663724081734	9.1189766240334063	0.0028025960787295	-5.5279360045328936	-6.5929133095960708	4
4.4537899111736907	-1.1490942353063904	-12.7549048502749276	9.9924389608049253	-6.2618393563777071	6.6192369079026490	1
0.7602864395303266	2.8158458526076005	0.8355190877554450	-0.8329114873169758	-5.0502422300337475	4.6901780296336906	0
-2.1444712180409962	-0.9588018745842801	-2.7069891282721117	2.9527040424073947	-0.3203383920966161	-2.0592711854577423	3
3.2437642321357876	1.1040835990183022	-9.2571234569308380	9.2246110110967621	-6.0110146747120954	5.3792966618390796	1
1.4739221663635129	-1.5571546372196430	-13.6209091762487127	12.2790303879023472	-1.6280310221059437	6.4479542081639014	1
0.7233033173217184	4.1284171519911101	-3.9991760624833224	-6.7705037265135948	-1.7357997818735185	-5.6592535197671721	2
12.3430920348618827	20.3967513848872670	10.9410300447411970	-0.3137107269848896	-4.1655282109011189	-10.0834929795835464	4
-2.2157542880611718	1.8626951768358624	-3.9058195266846538	5.7482203726201506	-6.6809519137262559	-6.3719789878615174	3
2.1809468667758072	-5.0282344202269131	-2.9656439480119325	2.6483302079913273	-3.0283314004013020	0.4948382444448265	0
10.4376962891460643	20.2962732901586520	7.5112235552725748	1.1839552285626427	-2.2318267843057011	-11.4033862156315866	4
0.7552169117434140	5.9230801013791563	-2.2678862755036282	-3.6330937482972105	-0.7067648305938485	-4.2964282176147499	2
1.6403072192061632	3.8341607180402693	-5.1029558403332755	-8.3705116263339630	0.1975334062708773	-2.4017215497164188	2
4.1840495496770691	5.0593838585439954	-0.4389263171768627	-0.0533528558449141	-0.7860117956285353	2.8288933905608507	0
0.0477158110482538	3.6896504404758161	-6.1777269469974385	-10.9835942685482113	-4.1733529862177638	-6.7225011927708422	2
-0.9032646550208416	-2.7267153490278115	-1.9384525877760446	6.8878381371344251	-3.1218752156438749	-0.9977568481888728	3
5.6673722632897876	4.5421765631453557	-0.8113152070642732	1.6309841608626210	0.2633921319990762	-2.3706911058101645	0
4.8459155647755825	-2.1735723188592733	-11.7489572922248371	10.2060141857330837	-3.6642193341680152	4.8739253781679297	1
1.5668832815680265	8.2185648013494230	-1.0425649925278613	-10.5063050044600903	-1.4068129791538886	-6.6347057707835617	2
0.0167295914555228	6.4009473179854135	-1.0008892035993100	-4.5225384929128660	-4.2485284781524282	-3.0964348973874949	2
-0.0179938832300981	-1.4492480010769919	0.2581942886530966	2.3199104106294559	-1.2492120099207131	-1.5195930094622629	0
1.7878108825151102	1.3634259983582677	-3.9068448009240702	-1.6253272603605935	-6.5476979271827229	1.0424807379788272	0
3.3186078713689575	-0.1809503373175241	-7.1400719156613741	8.6970614838996578	-3.5839254413699999	5.2428149487584745	1
3.7706449261410531	-2.5289591408497767	2.2698023164390975	-0.2653274832909802	-2.1407846492594862	-2.6128133036714640	0
-2.7258821151260868	0.6626598073197121	-1.0289164568494054	0.9614309916349488	-3.7748240171628966	-4.2795808774741655	3
5.6288053318274827	0.8994242841799285	-11.8699109225327675	6.8391997815550312	-2.8297923918596188	7.8071756045969654	1
4.4542629872803952	7.9374518531103533	-1.9281097390906352	-6.2164583936483124	-2.5851548125780943	-5.6861005084421699	2
G3
0	2	3.6885313454697424	97	3.7400860172553223	35	4.500419937147612	
1	45	3.7498230834832382	11	5.693064818269082	25	5.738136063140622	
2	97	2.951543554412369	0	3.6885313454697424	27	3.702279635058621	
3	53	5.7109648568763784	29	6.613272672781802	40	6.789119408080314	
4	72	3.157145970586853	80	4.457393557451099	64	4.505211867031718	
5	91	4.299663114305106	6	5.002515089730766	99	5.349261703924607	
6	79	2.1543756211592027	87	4.36386654940441	85	4.670433694420685	
7	32	2.9618452484804547	89	2.994002998226686	38	4.7806935646369535	
8	30	4.8520333174217205	20	5.163418123865566	19	5.529759311157504	
9	90	3.1296182341802563	44	3.205725562340621	74	3.251899913994856	
10	93	4.219259736323332	21	4.387436427474575	0	4.744905102632627	
11	59	4.291633852119131	31	5.185137199492154	23	5.241564459854339	
12	80	2.1841133703449525	64	3.276156430648015	34	3.6447261260372925	
13	6	5.74685115314356	5	6.478012107529836	87	6.746915943613503	
14	65	3.4671669411684607	30	3.4707854498610753	90	3.6870525394755864	
15	73	4.340946257535348	12	5.257010999233562	36	5.617068018814495	
16	83	4.121863193200831	37	4.463121077791978	12	4.538423370219358	
17	56	3.9305140053135004	49	4.563853830681432	71	4.5746152761151	
18	61	2.9749407692988727	22	3.3600307482131018	99	4.438333983042914	
19	95	4.74784470766824	14	4.765059270632527	67	4.925811728750552	
20	90	2.8787864905734093	44	3.614032107929938	24	3.7152562315010647	
21	10	4.387436427474575	48	5.418893919598884	38	5.943481477331023	
22	61	2.878760372910293	18	3.3600307482131018	99	5.73258527001239	
23	50	3.274855983951387	62	3.3083739942715815	31	3.9298434577576797	
24	90	3.539281053708205	20	3.7152562315010647	47	3.916438369373571	
25	0	5.019227806674596	82	5.149815143157241	11	5.250105054899792	
26	66	3.632512107161241	28	4.132162171267249	46	5.353089112548928	
27	2	3.702279635058621	97	4.575152161495984	63	5.072241256326225	
28	46	2.068398074177662	80	2.3321836531069002	34	3.2830293751190824	
29	53	3.9637968869636233	68	4.732269676228676	48	5.185470315354554	
30	90	2.9669136092959447	14	3.4707854498610753	9	3.7909042285174297	
31	59	3.0456994964508732	63	3.5790715454601525	62	3.6767823557754413	
32	7	2.9618452484804547	38	4.6213780479438125	89	5.219829647310983	
33	77	4.5336731649679605	74	4.848927749914087	90	5.164900048223437	
34	80	2.5454506618965715	28	3.2830293751190824	46	3.5264283229585116	
35	38	3.916718516104069	0	4.500419937147612	84	5.365711277250472	
36	46	3.080759823490875	73	3.2526323995269055	80	4.242229471143474	
37	42	3.868877054174941	43	4.430277795496667	16	4.463121077791978	
38	35	3.916718516104069	84	4.015708095902369	32	4.6213780479438125	
39	55	5.944707874453305	32	6.368814489376984	51	6.586379680796894	
40	99	2.3672362337303388	18	5.620748494350148	5	5.972684082243175	
41	55	4.710097282827815	45	5.201928997511863	94	5.313206874626964	
42	43	3.5363378425242447	80	3.8612119320801224	37	3.868877054174941	
43	42	3.5363378425242447	37	4.430277795496667	36	4.433294279923267	
44	74	2.372503301165625	9	3.205725562340621	90	3.376101597291087	
45	1	3.7498230834832382	82	4.8972593879358	41	5.201928997511863	
46	28	2.068398074177662	80	2.534151434925624	36	3.080759823490875	
47	70	3.5193512130788593	24	3.916438369373571	14	4.242516670346519	
48	79	4.703351911806368	92	4.8711307260954895	29	5.185470315354554	
49	81	3.111684340026745	17	4.563853830681432	31	4.875804538760585	
50	23	3.274855983951387	88	4.131153112935974	62	4.3285806952899	
51	93	4.19789441997679	10	5.884733393138412	96	6.382652523116268	
52	66	4.510261216776266	37	6.018312309575315	42	6.150740351027724	
53	68	2.2824571283365116	29	3.9637968869636233	6	5.155717446220726	
54	77	3.2343176309101316	90	3.502898058046013	95	3.513033282888899	
55	41	4.710097282827815	86	5.240374850663199	39	5.944707874453305	
56	71	2.552305444747834	31	3.8960923935214566	17	3.9305140053135004	
57	86	4.539696419634092	89	5.428093676542142	41	5.520336354214106	
58	42	4.924454181968181	28	5.910394856574092	80	6.019469970379465	
59	31	3.0456994964508732	63	3.194986721146943	11	4.291633852119131	
60	96	3.4702821448950223	93	6.978784763741087	82	7.126068999579153	
61	22	2.878760372910293	18	2.9749407692988727	92	5.580947015514701	
62	23	3.3083739942715815	31	3.6767823557754413	50	4.3285806952899	
63	59	3.194986721146943	31	3.5790715454601525	81	4.727426316384662	
64	12	3.276156430648015	4	4.505211867031718	80	4.586693533864423	
65	14	3.4671669411684607	30	4.196120902286652	78	4.931621288397246	
66	26	3.632512107161241	28	4.429971923580915	52	4.510261216776266	
67	77	3.5881265273234075	95	3.912747354591247	54	4.457028922757717	
68	53	2.2824571283365116	29	4.732269676228676	79	4.973899976647643	
69	1	8.333791558446753	35	8.670778040272264	7	9.432099414724076	
70	47	3.5193512130788593	14	5.029034417650069	95	5.2350229383139375	
71	56	2.552305444747834	31	4.010987425560439	17	4.5746152761151	
72	4	3.157145970586853	80	4.87130649906048	28	4.9921644734202175	
73	36	3.2526323995269055	12	4.292058661395983	80	4.309230904793267	
74	44	2.372503301165625	9	3.251899913994856	90	3.471974201193404	
75	41	5.916280781699424	86	6.374604385677169	94	6.4677149767471045	
76	93	3.8870609033585475	56	4.504358748294265	23	4.677145866646477	
77	54	3.2343176309101316	95	3.510914257642338	67	3.5881265273234075	
78	30	3.8295590156478183	9	4.187512287768468	65	4.931621288397246	
79	6	2.1543756211592027	84	4.356460147008008	85	4.365218188676731	
80	12	2.1841133703449525	28	2.3321836531069002	46	2.534151434925624	
81	49	3.111684340026745	62	4.348098385403813	63	4.727426316384662	
82	45	4.8972593879358	25	5.149815143157241	93	5.947156953728438	
83	12	3.7683780277768744	16	4.121863193200831	80	4.809212412308478	
84	38	4.015708095902369	92	4.14176144129874	79	4.356460147008008	
85	79	4.365218188676731	6	4.670433694420685	48	5.200511527399737	
86	57	4.539696419634092	7	5.060410585115578	55	5.240374850663199	
87	6	4.36386654940441	79	5.4970275436568565	29	6.417786869218378	
88	50	4.131153112935974	23	4.722976334189969	59	5.079539318366834	
89	7	2.994002998226686	32	5.219829647310983	57	5.428093676542142	
90	20	2.8787864905734093	30	2.9669136092959447	9	3.1296182341802563	
91	5	4.299663114305106	99	5.4672937471133585	6	5.800471998005543	
92	84	4.14176144129874	48	4.8711307260954895	61	5.580947015514701	
93	76	3.8870609033585475	2	3.92604106237174	51	4.19789441997679	
94	41	5.313206874626964	35	5.810899345039923	10	6.1262173205075445	
95	77	3.510914257642338	54	3.513033282888899	67	3.912747354591247	
96	60	3.4702821448950223	93	5.314095819772759	0	6.130081136333667	
97	2	2.951543554412369	0	3.7400860172553223	27	4.575152161495984	
98	54	4.1717702846943565	24	4.751227075432198	47	4.9512738039269975	
99	40	2.3672362337303388	18	4.438333983042914	5	5.349261703924607	
