0.0803717860655557	-1.6724249832655997	-0.3239547712527431	-0.0946227339046894	-4.3452675413388366	-3.0902196936382436	3
2.3445284677125313	-2.2330603748666720	-8.7771405825892543	4.4929600157043241	-4.6274988094622236	0.1272466739446336	3
-1.7944159311037513	-2.1854407309895407	-0.1636680292913035	0.7723373477016613	-2.4407151791796320	-4.1931959826661238	3
0.3221108905200272	10.1239254382359807	-4.6666417941850185	-4.4911528671874983	-6.9590117481241700	-6.8996664160868288	2
11.5837228614043806	19.5757722608398552	12.7620913167432537	-1.2018580443941396	-5.8924170342954998	-12.2401536304666223	4
4.0671338605678198	8.5131069850747387	-6.0551493517438244	-9.3705326503529900	-0.3814404587109543	-6.0197636588628338	2
0.2827610124408769	5.9142274212027797	-4.7236069043672675	-6.8525949936192134	-0.2237879868572117	-7.9355251787011554	2
4.9302501963752112	4.2595701512090702	-2.1909889599077617	-0.7608788107243223	-1.2713229639505332	-1.6613428269325698	0
12.3111592220399917	-4.8714764417070304	-11.6416005274935692	4.9772136654886214	-8.0644005020769161	-2.2321636910872931	1
10.8063407288165401	-2.7117571156629463	-17.4381092568181835	4.4813173496905829	-9.8443391781001850	-2.6879096855534224	1
-2.5546632888867205	-0.8029912871241524	-1.6471631473250239	0.3924936200924691	-3.0927742036666834	-0.2983042512715892	0
-1.1562736999220302	-0.7928368874566547	-6.4308991121135310	6.3690111875751958	-6.5870171668274171	-4.3603501574286403	3
11.0867253560979275	20.4878856365556139	9.3164235932647248	1.5959324360223204	-5.6568559640146781	-10.4919082534084680	4
2.9048098362769657	6.5775488314566957	-9.8925925902624972	-7.9986284908408658	-1.6016008576657201	-6.2346721433912853	2
13.1504276169709140	-0.7594320078706929	-15.6946358222752060	4.5646020585992932	-6.6969845886345514	-4.5632527755771299	1
12.6901420684799504	23.2159673114633662	6.4855611186602493	3.2021635460846465	-5.4635662960384748	-6.7013681966736680	4
11.7426560467790271	17.6401825095836564	8.9739423391579631	3.3892892955978660	-1.0682020881854006	-8.1719535212269996	4
-2.8423886899574491	2.3530646067849661	-4.8633839827162193	2.4667233599100662	-3.2124648950689725	-6.8646895180877490	3
4.1664455526310373	3.2163699701430613	-1.3244560322516516	-8.1188416982694491	-3.8702559071222096	-4.1040028625999625	2
11.8332062706789003	0.0305158925381186	-11.8011011609790266	5.4282490663512402	-8.8042696953545718	-4.5867316689858342	1
14.5297348648916298	-2.8720272709735699	-14.7609962246886504	2.9884458927438313	-9.3810295835818582	-3.7558673842672121	1
-1.8082401661484027	2.2027642555887894	-2.4979766216413815	-1.1683402968549053	-3.3544158644127871	1.7000438614485096	0
4.5284657442428262	3.0685454315752589	-3.8682725762755656	-7.5906803041768649	-4.8094783114666200	-2.0918244448091428	2
0.1391041461040483	1.1658825171306328	-3.8920717062137467	6.1087630408469575	-5.3934755905743437	-3.1439259312115171	3
15.4656988233506816	-3.0130750551021643	-16.2746277886963355	0.7932429620782866	-7.3433405893872177	-2.4732789852316337	1
-0.0015892525459580	-3.0311573475241866	-5.4813434370834342	1.9080812218241052	-4.4167152452417104	-1.0138698967539757	3
10.8245265614357642	18.2322526736073520	13.3540397819111831	-2.3441661201917450	-2.7895412019434946	-8.8752153499846909	4
-3.6870970653626305	-0.4303552452788666	2.8295482363040150	3.1064051956139389	-2.2948752296160859	-3.4762267405111835	3
13.7171085031058890	19.2932541447618782	12.8944543651006516	-3.2915684719898053	-4.2233834508429355	-9.7215249801528572	4
-2.4177236705891154	5.6265045432491068	-7.7457880587101258	-5.5662455421168655	-6.5075927093156478	-4.8168771994374548	2
11.2065897020540461	-2.7146451786715531	-15.4862846826236904	4.0832202210668154	-6.6482385839266041	-2.5218139662197148	1
-4.1750003532326341	-1.8040004755020855	-3.8009562819135083	6.3543704504139198	-6.2706316240475886	-4.5344516661559044	3
4.6423871561228918	2.1215107135665381	-4.1088296136568561	-0.3817783419260623	-0.3182700215754025	0.1443956340612267	0
10.9794196395968999	1.7152737272869776	-18.0410020298230762	2.1203131316198292	-9.0675227479673826	-3.5978713178240680	1
13.4402216405476871	21.9868714401343652	12.6326283768501852	0.1768587306808316	-4.3994646518698488	-12.8091195116744618	4
4.1066194657933393	2.3075642952207169	-3.0901891345310970	-2.4815580576869132	-2.9010660717216785	-4.1905316950864924	0
14.4452240271341008	19.6896213362929302	10.1268081903312783	-2.5999424426708329	-4.9265760421434548	-7.6349894056740446	4
13.7104655608904160	16.9267011946527326	7.5591462116050687	-1.1095083199404918	-0.3049601673929991	-6.9853850087301135	4
2.4467406292806633	4.4193005802916874	-3.0403869722502090	-2.8782627236682363	0.7128797754059315	-0.2212411305261732	2
2.6909760664241213	-1.6081807855491914	0.2640429915811028	1.5817144966714574	0.8955443113395520	2.4800763340501963	0
6.5066078875632689	9.8957154718326308	-4.7225790790561231	-5.2784875598779148	-3.2177723738373203	-5.9601973586086752	2
2.0336939415913879	1.1451559257331834	-1.3716037774842587	2.3451136690898466	-3.8550902251942896	1.9666359094821038	0
12.8278668955990902	18.5518305918491819	8.8652375768044163	-1.4946478305610107	-1.7377424239354384	-8.3109473776359106	4
13.3164807062898749	20.9019393147645296	10.6420895314704911	0.1847935197896100	0.1730869864991096	-8.2657404286745777	4
13.3086506860454445	-2.3139876346294659	-17.1287882033863355	3.5657798980761690	-11.5361352742823424	-2.9345639547107600	1
3.5792884164743666	-3.8855474204399743	-5.1818421219574073	5.1202063530289186	-3.1018083520934532	1.5966835461304996	0
13.0770905498586618	22.1603118545342532	10.3081814986087110	-3.1733760281800416	-6.5921785531992914	-9.5730757307963135	4
14.5231264657693533	-0.5479115609582521	-13.7872903024912610	1.6052701104139473	-6.1348222386045625	-2.7306956413977037	1
-1.7658894578198170	3.8363811593939960	-3.4428191931320962	-4.7084067089866455	-3.8287882100726285	-2.8756267483164706	2
-2.3413584301181127	-0.4022431983034775	-4.3366260009081437	3.7912270221020061	-5.2105025614758249	-6.0328388810725428	3
-2.2711787347606989	0.3263611830594185	-3.1035486390006635	6.4075908705803304	-3.9318915841919599	0.3009103093843826	3
-0.1143628838811024	-0.4654524942924009	4.3473251394856849	1.9091058182604628	1.0639564072554029	-1.2667825074431389	0
7.3053628673063367	18.3312436054172814	10.2557939416680206	-4.4421940015236174	1.7056514984797460	-7.4958488654638629	4
-1.0059000151298854	7.4041928493060771	-4.6752976922673408	-7.9234536973397018	-6.1449246959217954	-7.6913666700949275	2
11.8522220925745252	-1.7626538877925357	-14.9167264612546404	0.8536167896196520	-9.2622571692534805	-1.3099762064982317	1
3.4499071267110368	2.2137586500032711	-2.7168409297330554	2.0364728395845875	-0.3079185925853483	5.9206987365702481	0
-1.4254513607739780	-1.8563475056338183	-4.4515141218732950	3.2787591295949658	-3.5669101734965558	-2.9578528006198113	3
4.6117446667982360	4.9442615229079330	1.8029047696923206	3.9982246180271352	-4.3875370965016689	-0.4919122916012320	0
17.4828537963657915	16.9290253597424254	11.6835950716986350	-2.3421432858071962	-5.6263273725236083	-9.4444627497910449	4
-3.2788817796154652	-4.0000442202650941	-4.5300555020490680	6.0772304614167920	-6.9677620211445692	-4.5382817176656998	3
6.4833653930297199	-2.1241105485207830	1.0603384862190102	-1.2648790641949088	-0.2232068303046377	-1.3843833127505034	0
2.8200666995697059	3.9360704104770217	0.6362596861014824	-9.0007283921821948	-4.8465836343228919	-4.2613241484075868	2
-2.6957905389536507	2.7943547858013242	-0.9768174988654419	5.8791041071589278	-5.8256919480506930	-3.9533277759575673	3
-1.2731086758608727	-2.8515492365259734	-3.0416537243782296	6.8567074464646085	-3.6897542292942020	-5.4992154072436783	3
10.7604290911832745	18.6533493336618221	6.7616828389670136	-2.1048026622554024	-6.3617672148636597	-10.1126731470922309	4
12.0307173976481039	0.7800289810160033	-15.9655909199885215	6.1579948921365339	-6.3996516315856855	-2.1764492201751731	1
9.2729593476941616	20.2627380708243088	11.5564316019362554	-3.3053481866763215	-2.6125837851297051	-9.0975857054709408	4
9.8544424482535291	-1.7155626128352019	-13.8941327120597364	2.0912733268599393	-10.1122533432131121	-4.8556468831187010	1
-0.9908749705383859	6.4745119941974103	-2.6062728916971767	-5.5793896150506193	-5.3276216868513435	-8.2439913332414640	2
4.6487142814171474	2.4521155720259440	-8.5662644519866316	1.5543769331203434	-3.2128524611435521	-5.6346295080124591	0
14.3950513062296466	1.0161488833452030	-12.8544346165460084	1.2509661244517165	-6.2368230846334756	-5.7168284956448261	1
-2.4368036420082753	-1.9437828069091672	-4.6217347683826731	1.8893930819956271	-2.3565124827132822	-2.7964656644037653	3
10.2503175835256801	16.9220593202596170	13.1986181295699776	-1.9655902114157731	-3.3931432533917203	-13.0648426598060716	4
11.7466664348519547	20.1168426941440046	8.1340329170955332	-0.2789421317958336	-7.0236113587765008	-5.7049311722396006	4
12.4077603259134825	-1.7510908167542703	-17.6674326530069159	2.5570181488753914	-10.9600259606420032	-1.2432107702846746	1
-0.5778176837848066	1.6066562716346515	-0.6536526178199882	-1.5320228660833481	-5.5394401207875408	3.8231874457528776	0
-0.8002185187555284	-2.3276204909309053	-1.6712342996365335	2.6004431139895550	-0.2584088228291677	-1.2492303965589677	3
11.1977346468755812	0.5020870175704224	-14.1696512596628246	1.7891901991672281	-10.7092012789763906	-2.4831510163482440	1
9.4278925811033059	-2.1591512186675228	-18.5334369789806992	4.8436095759728133	-6.3262176263702390	-1.4144934700234222	1
1.8411855441669895	4.4489133144755151	-3.1646283675870754	-5.9932117983119326	-0.6973277256333268	-4.8530202059879466	2
11.4470909880275524	20.0741493829965627	11.8510589011974368	0.8923128744770179	-4.3799474114378052	-9.3664656410606035	4
-2.4681752609027123	1.4619405141191069	-3.9028613893299453	5.7867844270509119	-7.9117606171496000	-6.0850994183119802	3
1.2056767637694288	-3.6276935300102422	-4.2638636227870261	2.3007717885427925	-4.1927953202716139	1.5694953370228071	0
11.6901947007571181	21.3770609919803469	7.6156192612566560	0.6349622402130974	-2.1479270140984887	-10.7334796104411225	4
0.2407075440850007	6.7594240106869155	-1.7630434384187050	-4.6865169147561492	0.3979051258863762	-3.9022861623879193	2
2.8906547715223336	3.2936496685209744	-6.4588001945445495	-6.9457725301686519	-1.2154981034879058	-0.9416181520241085	2
5.6354546998146722	4.6774534510793728	-1.3537015365344343	-1.3186261524226506	0.0625936619319498	2.8093696757618920	0
1.3470235651206839	2.2837659093567004	-5.3545105319998898	-11.4353141468428632	-5.6135717499848381	-6.6627668081303000	2
-0.7614167954153235	-4.1283575043302232	-2.5137104882355188	6.3842382978934502	-4.1916039734486237	0.2366496109875564	3
5.1113520795618541	3.2281613168029342	0.3880722101156145	2.5527257302353066	-0.2216939944615173	-1.1092702191531982	0
12.7998859795153752	-2.7755689003071531	-16.6614850949568236	2.7705933738035498	-8.3624059384323104	-2.9885223000193939	1
2.4454601903624114	7.4526710984194775	-1.3068285698849704	-9.4374610089529725	-1.1910698460825884	-7.4620313784731778	2
0.3290501101521845	5.9952949781388964	0.0540604211680480	-3.5311366960674455	-5.4734169419991918	-2.7069879464350111	2
1.3309203564798189	-0.4334690785976882	-0.5247688229814975	1.7097627811839475	0.0182906690375839	-0.6631845135588872	0
0.7984414567272536	2.6817811310601858	-4.6005815766480147	-0.4909923215523064	-7.0199979142894220	0.7016349226473901	0
11.2725782861087502	-0.7829469187654039	-12.0525997183933615	1.2616406719701239	-8.2821120456342960	-2.6196327294288491	1
2.4235398657388787	-3.4894961992147966	1.1414820947121505	0.9955801374055322	-2.8343400222993447	-3.9820045745410764	0
-2.3924174943177157	1.7145822848198025	0.1467662846839193	1.6391178927748511	-4.2823082277250464	-3.7927313139474141	3
13.5827757465672754	0.2974277027320487	-16.7824387252647540	-0.5962210303745028	-7.5279789961239141	-0.0552720735903582	1
4.1617715417025689	7.1631741965536753	-2.3946448190974259	-6.7165517194655555	-3.2982397555038170	-4.7510217031601698	2
G3
0	2	3.065811827065236	96	3.8995402554366376	10	4.364747294551287	
1	45	4.697012949589161	25	5.003167104676837	82	5.539529881664359	
2	0	3.065811827065236	97	4.468478519295172	76	4.47803134605213	
3	53	4.714960154106036	68	4.994013676944627	29	6.550743788038736	
4	34	3.7054333833174184	80	4.003526813305523	72	4.064540061847579	
5	13	4.8208351134549385	91	5.388971639829547	99	5.691362519395978	
6	79	4.179816120115734	91	5.153621421913565	84	5.552159520210223	
7	32	3.5559801079215223	35	4.160631129439777	38	4.17241879547731	
8	30	4.852033317421721	20	5.163418123865567	19	5.529759311157503	
9	90	3.1296182341802568	44	3.205725562340622	74	3.2518999139948566	
10	21	4.100445278665417	0	4.364747294551287	71	4.380293629841157	
11	23	3.864219009978323	31	4.145164314900324	49	4.156916081098423	
12	80	3.1808197423189237	83	4.164366248512209	4	4.887848798767016	
13	5	4.8208351134549385	6	6.335472395987036	85	7.200633712480676	
14	65	3.46716694116846	30	3.4707854498610753	90	3.687052539475586	
15	73	5.36254631841713	12	5.9171522141167445	83	6.284935277434822	
16	42	5.13235296362616	43	5.264701729287331	37	5.349078519072148	
17	49	3.8155820451534646	81	5.964116698070054	56	5.995407008109235	
18	61	2.816167755435399	22	3.4400390246394985	99	4.408496629224898	
19	95	4.74784470766824	14	4.765059270632527	67	4.925811728750551	
20	90	2.878786490573408	44	3.6140321079299365	24	3.7152562315010638	
21	75	3.832120814430422	10	4.100445278665417	94	5.131988532717585	
22	18	3.4400390246394985	85	4.9091245990655175	99	5.4028974580636575	
23	11	3.864219009978323	62	4.481288034754183	50	4.607434304223592	
24	90	3.5392810537082044	20	3.7152562315010638	47	3.916438369373571	
25	82	3.189627830086028	56	3.2936463082203797	71	3.9081980397199048	
26	66	3.281198013390537	28	3.657005327785286	80	4.391427617952935	
27	97	4.435906705026221	2	4.64812838188651	51	5.7154376612070585	
28	26	3.657005327785286	36	3.697780632220593	4	4.259662405728507	
29	53	5.341533574726707	48	5.8159526262912085	68	6.504402022344897	
30	90	2.9669136092959447	14	3.4707854498610753	9	3.790904228517429	
31	59	2.592302901485314	49	3.9437102230594534	11	4.145164314900324	
32	7	3.5559801079215223	38	4.321072324799752	86	4.820226628853911	
33	77	4.5336731649679605	74	4.848927749914086	90	5.164900048223437	
34	4	3.7054333833174184	80	4.539388454246972	12	5.267578995649533	
35	7	4.160631129439777	79	5.229739323721511	32	5.588452077214644	
36	28	3.697780632220593	46	3.8559348452711513	42	4.165240387542474	
37	42	3.0140029275064455	16	5.349078519072148	43	5.385660407582495	
38	7	4.17241879547731	32	4.321072324799752	86	5.011924601418799	
39	93	3.8102470103138186	76	5.72088068724891	41	5.839790326391153	
40	99	4.681978910780573	5	5.867839737677134	3	7.335024332545087	
41	93	5.101547100282788	75	5.372563196128514	21	5.460202721335586	
42	37	3.0140029275064455	43	3.9233650464371497	36	4.165240387542474	
43	42	3.9233650464371497	83	4.869246719307194	16	5.264701729287331	
44	74	2.3725033011656254	9	3.205725562340622	90	3.376101597291087	
45	82	3.9602283341334816	1	4.697012949589161	88	5.53667124244666	
46	36	3.8559348452711513	28	4.578825952354176	4	5.140186691791452	
47	70	3.519351213078859	24	3.916438369373571	14	4.242516670346519	
48	92	5.039549097074806	79	5.369397509589627	29	5.8159526262912085	
49	17	3.8155820451534646	81	3.8679698504552635	56	3.92250724030717	
50	23	4.607434304223592	88	4.748045286906539	56	5.276250510968787	
51	93	5.227298650698221	27	5.7154376612070585	39	6.326408662322873	
52	66	5.63905137224532	26	6.964522230609001	42	7.327327758765997	
53	68	3.4078454364196396	3	4.714960154106036	29	5.341533574726707	
54	77	3.234317630910131	90	3.502898058046013	95	3.5130332828888986	
55	41	5.767974788190237	86	5.811961491096151	39	6.128774509144864	
56	71	2.1168136027946116	25	3.2936463082203797	49	3.92250724030717	
57	89	5.002120075733341	41	6.341749611395319	7	7.088642952823867	
58	36	4.806451525542026	28	4.917623298004168	42	7.026360180395711	
59	31	2.592302901485314	11	4.320487546781947	63	4.453517635825626	
60	96	6.085094423302384	39	6.290567082473538	93	6.430044049195558	
61	18	2.816167755435399	99	5.40882504649005	22	5.537000918099952	
62	81	4.392439539229546	23	4.481288034754183	97	4.78598913566319	
63	31	4.235435485079394	59	4.453517635825626	49	4.56199633243272	
64	12	4.933036836053721	73	5.310161515016377	46	5.6328911736892815	
65	14	3.46716694116846	30	4.196120902286652	78	4.931621288397246	
66	26	3.281198013390537	28	5.046269054982659	80	5.06610780775813	
67	77	3.5881265273234075	95	3.912747354591247	54	4.457028922757717	
68	53	3.4078454364196396	3	4.994013676944627	6	5.846750591806839	
69	35	6.983807216636683	32	8.093361556496383	7	8.301038797948479	
70	47	3.519351213078859	14	5.029034417650068	95	5.2350229383139375	
71	56	2.1168136027946116	25	3.9081980397199048	76	4.3396731834412385	
72	4	4.064540061847579	26	4.486770621940105	28	5.599911607472637	
73	36	4.994557918757547	64	5.310161515016377	15	5.36254631841713	
74	44	2.3725033011656254	9	3.2518999139948566	90	3.471974201193406	
75	21	3.832120814430422	41	5.372563196128514	94	5.625665917941186	
76	93	3.2645473512529315	71	4.3396731834412385	10	4.383614797675135	
77	54	3.234317630910131	95	3.5109142576423373	67	3.5881265273234075	
78	30	3.829559015647818	9	4.187512287768466	65	4.931621288397246	
79	84	3.698014542851953	6	4.179816120115734	99	4.543519989624927	
80	12	3.1808197423189237	4	4.003526813305523	26	4.391427617952935	
81	49	3.8679698504552635	11	4.2737307808209986	31	4.360042868091575	
82	25	3.189627830086028	45	3.9602283341334816	88	5.063036180184239	
83	12	4.164366248512209	42	4.627085869294432	43	4.869246719307194	
84	79	3.698014542851953	38	5.375262870028292	6	5.552159520210223	
85	22	4.9091245990655175	79	5.4555042198191215	38	5.8251110737989835	
86	32	4.820226628853911	7	4.842589804747742	38	5.011924601418799	
87	18	6.756155897243744	53	6.774206149025149	22	7.019091553005376	
88	50	4.748045286906539	82	5.063036180184239	56	5.440325645299824	
89	7	4.487163779741751	57	5.002120075733341	93	5.431358167717927	
90	20	2.878786490573408	30	2.9669136092959447	9	3.1296182341802568	
91	99	4.837970974634879	6	5.153621421913565	5	5.388971639829547	
92	48	5.039549097074806	99	6.4114110347837325	84	6.4132385051177225	
93	76	3.2645473512529315	39	3.8102470103138186	41	5.101547100282788	
94	21	5.131988532717585	75	5.625665917941186	41	5.828698715652087	
95	77	3.5109142576423373	54	3.5130332828888986	67	3.912747354591247	
96	0	3.8995402554366376	2	4.630821556231075	93	5.742093397157981	
97	27	4.435906705026221	2	4.468478519295172	0	4.616430047578235	
98	54	4.1717702846943565	24	4.751227075432198	47	4.9512738039269975	
99	18	4.408496629224898	79	4.543519989624927	40	4.681978910780573	
