0	378	0	378	1.0
0	86	0	86	1.0
0	488	0	488	1.0
0	471	0	471	1.0
1	394	1	394	1.0
1	169	1	169	1.0
1	149	1	149	1.0
1	182	1	182	1.0
2	452	2	452	1.0
2	55	2	55	1.0
2	108	2	108	1.0
2	173	2	173	1.0
3	164	3	164	1.0
3	372	3	372	1.0
3	191	3	191	1.0
3	288	3	288	1.0
4	115	4	115	1.0
4	169	4	169	1.0
4	282	4	282	1.0
4	153	4	153	1.0
5	90	5	90	1.0
5	439	5	439	1.0
5	342	5	342	1.0
5	159	5	159	1.0
6	157	6	157	1.0
6	190	6	190	1.0
6	496	6	496	1.0
6	236	6	236	1.0
7	44	7	44	1.0
7	101	7	101	1.0
7	25	7	25	1.0
7	272	7	272	1.0
8	63	8	63	1.0
8	230	8	230	1.0
8	360	8	360	1.0
8	256	8	256	1.0
9	199	9	199	1.0
9	323	9	323	1.0
9	83	9	83	1.0
9	28	9	28	1.0
10	488	10	488	1.0
10	335	10	335	1.0
10	375	10	375	1.0
10	0	10	0	1.0
11	488	11	488	1.0
11	237	11	237	1.0
11	83	11	83	1.0
11	234	11	234	1.0
12	150	12	150	1.0
12	53	12	53	1.0
12	249	12	249	1.0
12	352	12	352	1.0
13	260	13	260	1.0
13	84	13	84	1.0
13	425	13	425	1.0
13	445	13	445	1.0
14	21	14	21	1.0
14	488	14	488	1.0
14	223	14	223	1.0
14	378	14	378	1.0
15	299	15	299	1.0
15	218	15	218	1.0
15	261	15	261	1.0
15	226	15	226	1.0
16	239	16	239	1.0
16	415	16	415	1.0
16	45	16	45	1.0
16	260	16	260	1.0
17	240	17	240	1.0
17	102	17	102	1.0
17	295	17	295	1.0
17	486	17	486	1.0
18	48	18	48	1.0
18	139	18	139	1.0
18	227	18	227	1.0
18	295	18	295	1.0
19	356	19	356	1.0
19	394	19	394	1.0
19	149	19	149	1.0
19	412	19	412	1.0
20	486	20	486	1.0
20	289	20	289	1.0
20	159	20	159	1.0
20	236	20	236	1.0
21	14	21	14	1.0
21	86	21	86	1.0
21	0	21	0	1.0
21	94	21	94	1.0
22	209	22	209	1.0
22	53	22	53	1.0
22	400	22	400	1.0
22	420	22	420	1.0
23	189	23	189	1.0
23	473	23	473	1.0
23	277	23	277	1.0
23	261	23	261	1.0
24	165	24	165	1.0
24	221	24	221	1.0
24	37	24	37	1.0
24	365	24	365	1.0
25	64	25	64	1.0
25	300	25	300	1.0
25	272	25	272	1.0
25	333	25	333	1.0
26	143	26	143	1.0
26	275	26	275	1.0
26	45	26	45	1.0
26	160	26	160	1.0
27	64	27	64	1.0
27	25	27	25	1.0
27	101	27	101	1.0
27	369	27	369	1.0
28	223	28	223	1.0
28	428	28	428	1.0
28	472	28	472	1.0
28	199	28	199	1.0
29	457	29	457	1.0
29	158	29	158	1.0
29	151	29	151	1.0
29	97	29	97	1.0
30	260	30	260	1.0
30	482	30	482	1.0
30	49	30	49	1.0
30	87	30	87	1.0
31	378	31	378	1.0
31	375	31	375	1.0
31	113	31	113	1.0
31	259	31	259	1.0
32	254	32	254	1.0
32	153	32	153	1.0
32	273	32	273	1.0
32	19	32	19	1.0
33	174	33	174	1.0
33	260	33	260	1.0
33	379	33	379	1.0
33	445	33	445	1.0
34	56	34	56	1.0
34	144	34	144	1.0
34	164	34	164	1.0
34	491	34	491	1.0
35	427	35	427	1.0
35	218	35	218	1.0
35	56	35	56	1.0
35	360	35	360	1.0
36	132	36	132	1.0
36	473	36	473	1.0
36	467	36	467	1.0
36	360	36	360	1.0
37	168	37	168	1.0
37	499	37	499	1.0
37	297	37	297	1.0
37	79	37	79	1.0
38	165	38	165	1.0
38	117	38	117	1.0
38	396	38	396	1.0
38	150	38	150	1.0
39	489	39	489	1.0
39	406	39	406	1.0
39	56	39	56	1.0
39	186	39	186	1.0
40	43	40	43	1.0
40	219	40	219	1.0
40	86	40	86	1.0
40	373	40	373	1.0
41	260	41	260	1.0
41	294	41	294	1.0
41	460	41	460	1.0
41	321	41	321	1.0
42	210	42	210	1.0
42	321	42	321	1.0
42	310	42	310	1.0
42	484	42	484	1.0
43	40	43	40	1.0
43	192	43	192	1.0
43	361	43	361	1.0
43	378	43	378	1.0
44	272	44	272	1.0
44	96	44	96	1.0
44	229	44	229	1.0
44	7	44	7	1.0
45	210	45	210	1.0
45	454	45	454	1.0
45	126	45	126	1.0
45	103	45	103	1.0
46	86	46	86	1.0
46	94	46	94	1.0
46	222	46	222	1.0
46	401	46	401	1.0
47	378	47	378	1.0
47	373	47	373	1.0
47	28	47	28	1.0
47	359	47	359	1.0
48	244	48	244	1.0
48	496	48	496	1.0
48	236	48	236	1.0
48	129	48	129	1.0
49	239	49	239	1.0
49	260	49	260	1.0
49	70	49	70	1.0
49	149	49	149	1.0
50	180	50	180	1.0
50	51	50	51	1.0
50	101	50	101	1.0
50	353	50	353	1.0
51	420	51	420	1.0
51	101	51	101	1.0
51	50	51	50	1.0
51	64	51	64	1.0
52	91	52	91	1.0
52	28	52	28	1.0
52	428	52	428	1.0
52	243	52	243	1.0
53	12	53	12	1.0
53	96	53	96	1.0
53	123	53	123	1.0
53	297	53	297	1.0
54	164	54	164	1.0
54	36	54	36	1.0
54	218	54	218	1.0
54	261	54	261	1.0
55	80	55	80	1.0
55	58	55	58	1.0
55	202	55	202	1.0
55	2	55	2	1.0
56	214	56	214	1.0
56	164	56	164	1.0
56	360	56	360	1.0
56	35	56	35	1.0
57	186	57	186	1.0
57	164	57	164	1.0
57	262	57	262	1.0
57	495	57	495	1.0
58	55	58	55	1.0
58	496	58	496	1.0
58	48	58	48	1.0
58	480	58	480	1.0
59	284	59	284	1.0
59	490	59	490	1.0
59	226	59	226	1.0
59	144	59	144	1.0
60	491	60	491	1.0
60	164	60	164	1.0
60	238	60	238	1.0
60	308	60	308	1.0
61	236	61	236	1.0
61	158	61	158	1.0
61	270	61	270	1.0
61	486	61	486	1.0
62	491	62	491	1.0
62	238	62	238	1.0
62	463	62	463	1.0
62	490	62	490	1.0
63	426	63	426	1.0
63	8	63	8	1.0
63	370	63	370	1.0
63	398	63	398	1.0
64	25	64	25	1.0
64	365	64	365	1.0
64	458	64	458	1.0
64	333	64	333	1.0
65	167	65	167	1.0
65	43	65	43	1.0
65	471	65	471	1.0
65	199	65	199	1.0
66	244	66	244	1.0
66	90	66	90	1.0
66	58	66	58	1.0
66	332	66	332	1.0
67	191	67	191	1.0
67	417	67	417	1.0
67	186	67	186	1.0
67	360	67	360	1.0
68	40	68	40	1.0
68	326	68	326	1.0
68	223	68	223	1.0
68	323	68	323	1.0
69	445	69	445	1.0
69	149	69	149	1.0
69	153	69	153	1.0
69	210	69	210	1.0
70	239	70	239	1.0
70	49	70	49	1.0
70	254	70	254	1.0
70	149	70	149	1.0
71	486	71	486	1.0
71	236	71	236	1.0
71	157	71	157	1.0
71	457	71	457	1.0
72	479	72	479	1.0
72	234	72	234	1.0
72	331	72	331	1.0
72	375	72	375	1.0
73	103	73	103	1.0
73	182	73	182	1.0
73	254	73	254	1.0
73	233	73	233	1.0
74	420	74	420	1.0
74	340	74	340	1.0
74	353	74	353	1.0
74	301	74	301	1.0
75	413	75	413	1.0
75	169	75	169	1.0
75	247	75	247	1.0
75	1	75	1	1.0
76	45	76	45	1.0
76	210	76	210	1.0
76	182	76	182	1.0
76	160	76	160	1.0
77	165	77	165	1.0
77	266	77	266	1.0
77	351	77	351	1.0
77	319	77	319	1.0
78	369	78	369	1.0
78	228	78	228	1.0
78	53	78	53	1.0
78	37	78	37	1.0
79	37	79	37	1.0
79	300	79	300	1.0
79	318	79	318	1.0
79	7	79	7	1.0
80	55	80	55	1.0
80	464	80	464	1.0
80	486	80	486	1.0
80	457	80	457	1.0
81	379	81	379	1.0
81	414	81	414	1.0
81	443	81	443	1.0
81	1	81	1	1.0
82	304	82	304	1.0
82	437	82	437	1.0
82	234	82	234	1.0
82	322	82	322	1.0
83	167	83	167	1.0
83	110	83	110	1.0
83	259	83	259	1.0
83	471	83	471	1.0
84	260	84	260	1.0
84	337	84	337	1.0
84	445	84	445	1.0
84	169	84	169	1.0
85	207	85	207	1.0
85	270	85	270	1.0
85	211	85	211	1.0
85	325	85	325	1.0
86	265	86	265	1.0
86	296	86	296	1.0
86	0	86	0	1.0
86	361	86	361	1.0
87	260	87	260	1.0
87	419	87	419	1.0
87	414	87	414	1.0
87	337	87	337	1.0
88	486	88	486	1.0
88	134	88	134	1.0
88	220	88	220	1.0
88	194	88	194	1.0
89	187	89	187	1.0
89	335	89	335	1.0
89	145	89	145	1.0
89	304	89	304	1.0
90	5	90	5	1.0
90	486	90	486	1.0
90	439	90	439	1.0
90	446	90	446	1.0
91	382	91	382	1.0
91	0	91	0	1.0
91	437	91	437	1.0
91	410	91	410	1.0
92	173	92	173	1.0
92	48	92	48	1.0
92	80	92	80	1.0
92	485	92	485	1.0
93	284	93	284	1.0
93	251	93	251	1.0
93	473	93	473	1.0
93	8	93	8	1.0
94	304	94	304	1.0
94	234	94	234	1.0
94	378	94	378	1.0
94	237	94	237	1.0
95	120	95	120	1.0
95	218	95	218	1.0
95	186	95	186	1.0
95	144	95	144	1.0
96	44	96	44	1.0
96	53	96	53	1.0
96	216	96	216	1.0
96	78	96	78	1.0
97	236	97	236	1.0
97	48	97	48	1.0
97	486	97	486	1.0
97	157	97	157	1.0
98	186	98	186	1.0
98	467	98	467	1.0
98	62	98	62	1.0
98	383	98	383	1.0
99	499	99	499	1.0
99	142	99	142	1.0
99	272	99	272	1.0
99	37	99	37	1.0
100	186	100	186	1.0
100	491	100	491	1.0
100	467	100	467	1.0
100	179	100	179	1.0
101	420	101	420	1.0
101	396	101	396	1.0
101	365	101	365	1.0
101	7	101	7	1.0
102	457	102	457	1.0
102	194	102	194	1.0
102	486	102	486	1.0
102	342	102	342	1.0
103	193	103	193	1.0
103	73	103	73	1.0
103	181	103	181	1.0
103	149	103	149	1.0
104	74	104	74	1.0
104	101	104	101	1.0
104	272	104	272	1.0
104	499	104	499	1.0
105	366	105	366	1.0
105	233	105	233	1.0
105	206	105	206	1.0
105	292	105	292	1.0
106	302	106	302	1.0
106	379	106	379	1.0
106	201	106	201	1.0
106	210	106	210	1.0
107	462	107	462	1.0
107	452	107	452	1.0
107	439	107	439	1.0
107	457	107	457	1.0
108	2	108	2	1.0
108	314	108	314	1.0
108	227	108	227	1.0
108	207	108	207	1.0
109	436	109	436	1.0
109	186	109	186	1.0
109	284	109	284	1.0
109	426	109	426	1.0
110	471	110	471	1.0
110	83	110	83	1.0
110	204	110	204	1.0
110	86	110	86	1.0
111	261	111	261	1.0
111	164	111	164	1.0
111	370	111	370	1.0
111	426	111	426	1.0
112	56	112	56	1.0
112	214	112	214	1.0
112	328	112	328	1.0
112	395	112	395	1.0
113	250	113	250	1.0
113	205	113	205	1.0
113	488	113	488	1.0
113	264	113	264	1.0
114	351	114	351	1.0
114	77	114	77	1.0
114	420	114	420	1.0
114	367	114	367	1.0
115	4	115	4	1.0
115	337	115	337	1.0
115	181	115	181	1.0
115	465	115	465	1.0
116	486	116	486	1.0
116	485	116	485	1.0
116	194	116	194	1.0
116	102	116	102	1.0
117	279	117	279	1.0
117	272	117	272	1.0
117	38	117	38	1.0
117	340	117	340	1.0
118	435	118	435	1.0
118	210	118	210	1.0
118	356	118	356	1.0
118	73	118	73	1.0
119	289	119	289	1.0
119	486	119	486	1.0
119	236	119	236	1.0
119	146	119	146	1.0
120	95	120	95	1.0
120	489	120	489	1.0
120	284	120	284	1.0
120	63	120	63	1.0
121	179	121	179	1.0
121	427	121	427	1.0
121	463	121	463	1.0
121	164	121	164	1.0
122	497	122	497	1.0
122	335	122	335	1.0
122	304	122	304	1.0
122	199	122	199	1.0
123	319	123	319	1.0
123	53	123	53	1.0
123	12	123	12	1.0
123	272	123	272	1.0
124	126	124	126	1.0
124	247	124	247	1.0
124	407	124	407	1.0
124	366	124	366	1.0
125	425	125	425	1.0
125	260	125	260	1.0
125	103	125	103	1.0
125	70	125	70	1.0
126	414	126	414	1.0
126	210	126	210	1.0
126	1	126	1	1.0
126	347	126	347	1.0
127	240	127	240	1.0
127	194	127	194	1.0
127	232	127	232	1.0
127	158	127	158	1.0
128	96	128	96	1.0
128	352	128	352	1.0
128	162	128	162	1.0
128	272	128	272	1.0
129	48	129	48	1.0
129	403	129	403	1.0
129	2	129	2	1.0
129	157	129	157	1.0
130	150	130	150	1.0
130	272	130	272	1.0
130	165	130	165	1.0
130	64	130	64	1.0
131	406	131	406	1.0
131	196	131	196	1.0
131	308	131	308	1.0
131	360	131	360	1.0
132	36	132	36	1.0
132	328	132	328	1.0
132	63	132	63	1.0
132	372	132	372	1.0
133	486	133	486	1.0
133	232	133	232	1.0
133	456	133	456	1.0
133	202	133	202	1.0
134	424	134	424	1.0
134	102	134	102	1.0
134	194	134	194	1.0
134	486	134	486	1.0
135	360	135	360	1.0
135	491	135	491	1.0
135	246	135	246	1.0
135	8	135	8	1.0
136	428	136	428	1.0
136	399	136	399	1.0
136	378	136	378	1.0
136	122	136	122	1.0
137	351	137	351	1.0
137	99	137	99	1.0
137	64	137	64	1.0
137	37	137	37	1.0
138	99	138	99	1.0
138	365	138	365	1.0
138	279	138	279	1.0
138	272	138	272	1.0
139	457	139	457	1.0
139	236	139	236	1.0
139	486	139	486	1.0
139	58	139	58	1.0
140	238	140	238	1.0
140	218	140	218	1.0
140	189	140	189	1.0
140	463	140	463	1.0
141	73	141	73	1.0
141	254	141	254	1.0
141	482	141	482	1.0
141	445	141	445	1.0
142	99	142	99	1.0
142	180	142	180	1.0
142	253	142	253	1.0
142	420	142	420	1.0
143	172	143	172	1.0
143	247	143	247	1.0
143	303	143	303	1.0
143	26	143	26	1.0
144	164	144	164	1.0
144	186	144	186	1.0
144	278	144	278	1.0
144	495	144	495	1.0
145	264	145	264	1.0
145	323	145	323	1.0
145	28	145	28	1.0
145	410	145	410	1.0
146	194	146	194	1.0
146	190	146	190	1.0
146	357	146	357	1.0
146	452	146	452	1.0
147	162	147	162	1.0
147	458	147	458	1.0
147	429	147	429	1.0
147	150	147	150	1.0
148	473	148	473	1.0
148	8	148	8	1.0
148	54	148	54	1.0
148	427	148	427	1.0
149	443	149	443	1.0
149	239	149	239	1.0
149	377	149	377	1.0
149	445	149	445	1.0
150	12	150	12	1.0
150	162	150	162	1.0
150	130	150	130	1.0
150	165	150	165	1.0
151	232	151	232	1.0
151	202	151	202	1.0
151	462	151	462	1.0
151	157	151	157	1.0
152	260	152	260	1.0
152	160	152	160	1.0
152	239	152	239	1.0
152	445	152	445	1.0
153	394	153	394	1.0
153	1	153	1	1.0
153	174	153	174	1.0
153	379	153	379	1.0
154	150	154	150	1.0
154	137	154	137	1.0
154	51	154	51	1.0
154	242	154	242	1.0
155	417	155	417	1.0
155	217	155	217	1.0
155	288	155	288	1.0
155	277	155	277	1.0
156	316	156	316	1.0
156	207	156	207	1.0
156	496	156	496	1.0
156	185	156	185	1.0
157	447	157	447	1.0
157	357	157	357	1.0
157	227	157	227	1.0
157	220	157	220	1.0
158	157	158	157	1.0
158	61	158	61	1.0
158	283	158	283	1.0
158	236	158	236	1.0
159	486	159	486	1.0
159	496	159	496	1.0
159	190	159	190	1.0
159	480	159	480	1.0
160	377	160	377	1.0
160	193	160	193	1.0
160	419	160	419	1.0
160	149	160	149	1.0
161	33	161	33	1.0
161	126	161	126	1.0
161	337	161	337	1.0
161	366	161	366	1.0
162	420	162	420	1.0
162	150	162	150	1.0
162	423	162	423	1.0
162	286	162	286	1.0
163	261	163	261	1.0
163	284	163	284	1.0
163	218	163	218	1.0
163	164	163	164	1.0
164	56	164	56	1.0
164	186	164	186	1.0
164	144	164	144	1.0
164	328	164	328	1.0
165	38	165	38	1.0
165	253	165	253	1.0
165	221	165	221	1.0
165	77	165	77	1.0
166	239	166	239	1.0
166	42	166	42	1.0
166	415	166	415	1.0
166	407	166	407	1.0
167	83	167	83	1.0
167	259	167	259	1.0
167	378	167	378	1.0
167	326	167	326	1.0
168	37	168	37	1.0
168	253	168	253	1.0
168	165	168	165	1.0
168	78	168	78	1.0
169	273	169	273	1.0
169	1	169	1	1.0
169	337	169	337	1.0
169	275	169	275	1.0
170	457	170	457	1.0
170	108	170	108	1.0
170	194	170	194	1.0
170	486	170	486	1.0
171	164	171	164	1.0
171	426	171	426	1.0
171	179	171	179	1.0
171	284	171	284	1.0
172	143	172	143	1.0
172	69	172	69	1.0
172	435	172	435	1.0
172	445	172	445	1.0
173	486	173	486	1.0
173	390	173	390	1.0
173	2	173	2	1.0
173	452	173	452	1.0
174	33	174	33	1.0
174	153	174	153	1.0
174	42	174	42	1.0
174	379	174	379	1.0
175	485	175	485	1.0
175	48	175	48	1.0
175	227	175	227	1.0
175	342	175	342	1.0
176	414	176	414	1.0
176	87	176	87	1.0
176	292	176	292	1.0
176	419	176	419	1.0
177	328	177	328	1.0
177	186	177	186	1.0
177	372	177	372	1.0
177	467	177	467	1.0
178	193	178	193	1.0
178	460	178	460	1.0
178	379	178	379	1.0
178	174	178	174	1.0
179	164	179	164	1.0
179	171	179	171	1.0
179	491	179	491	1.0
179	121	179	121	1.0
180	334	180	334	1.0
180	365	180	365	1.0
180	142	180	142	1.0
180	50	180	50	1.0
181	103	181	103	1.0
181	337	181	337	1.0
181	149	181	149	1.0
181	405	181	405	1.0
182	394	182	394	1.0
182	1	182	1	1.0
182	414	182	414	1.0
182	73	182	73	1.0
183	1	183	1	1.0
183	193	183	193	1.0
183	181	183	181	1.0
183	118	183	118	1.0
184	378	184	378	1.0
184	488	184	488	1.0
184	331	184	331	1.0
184	47	184	47	1.0
185	207	185	207	1.0
185	2	185	2	1.0
185	452	185	452	1.0
185	325	185	325	1.0
186	467	186	467	1.0
186	440	186	440	1.0
186	489	186	489	1.0
186	328	186	328	1.0
187	89	187	89	1.0
187	0	187	0	1.0
187	472	187	472	1.0
187	10	187	10	1.0
188	453	188	453	1.0
188	158	188	158	1.0
188	157	188	157	1.0
188	390	188	390	1.0
189	490	189	490	1.0
189	278	189	278	1.0
189	218	189	218	1.0
189	23	189	23	1.0
190	496	190	496	1.0
190	194	190	194	1.0
190	159	190	159	1.0
190	157	190	157	1.0
191	288	191	288	1.0
191	278	191	278	1.0
191	328	191	328	1.0
191	491	191	491	1.0
192	471	192	471	1.0
192	43	192	43	1.0
192	0	192	0	1.0
192	359	192	359	1.0
193	103	193	103	1.0
193	414	193	414	1.0
193	1	193	1	1.0
193	160	193	160	1.0
194	220	194	220	1.0
194	102	194	102	1.0
194	455	194	455	1.0
194	146	194	146	1.0
195	347	195	347	1.0
195	413	195	413	1.0
195	193	195	193	1.0
195	414	195	414	1.0
196	131	196	131	1.0
196	406	196	406	1.0
196	489	196	489	1.0
196	39	196	39	1.0
197	249	197	249	1.0
197	216	197	216	1.0
197	96	197	96	1.0
197	12	197	12	1.0
198	53	198	53	1.0
198	228	198	228	1.0
198	12	198	12	1.0
198	350	198	350	1.0
199	9	199	9	1.0
199	378	199	378	1.0
199	472	199	472	1.0
199	0	199	0	1.0
200	173	200	173	1.0
200	486	200	486	1.0
200	397	200	397	1.0
200	496	200	496	1.0
201	356	201	356	1.0
201	87	201	87	1.0
201	19	201	19	1.0
201	195	201	195	1.0
202	55	202	55	1.0
202	207	202	207	1.0
202	133	202	133	1.0
202	151	202	151	1.0
203	296	203	296	1.0
203	234	203	234	1.0
203	265	203	265	1.0
203	488	203	488	1.0
204	373	204	373	1.0
204	471	204	471	1.0
204	481	204	481	1.0
204	110	204	110	1.0
205	259	205	259	1.0
205	113	205	113	1.0
205	304	205	304	1.0
205	488	205	488	1.0
206	445	206	445	1.0
206	260	206	260	1.0
206	149	206	149	1.0
206	379	206	379	1.0
207	85	207	85	1.0
207	486	207	486	1.0
207	55	207	55	1.0
207	185	207	185	1.0
208	149	208	149	1.0
208	394	208	394	1.0
208	182	208	182	1.0
208	425	208	425	1.0
209	340	209	340	1.0
209	301	209	301	1.0
209	272	209	272	1.0
209	396	209	396	1.0
210	379	210	379	1.0
210	445	210	445	1.0
210	42	210	42	1.0
210	425	210	425	1.0
211	486	211	486	1.0
211	173	211	173	1.0
211	85	211	85	1.0
211	452	211	452	1.0
212	326	212	326	1.0
212	167	212	167	1.0
212	259	212	259	1.0
212	83	212	83	1.0
213	486	213	486	1.0
213	464	213	464	1.0
213	220	213	220	1.0
213	452	213	452	1.0
214	56	214	56	1.0
214	256	214	256	1.0
214	463	214	463	1.0
214	112	214	112	1.0
215	261	215	261	1.0
215	196	215	196	1.0
215	238	215	238	1.0
215	226	215	226	1.0
216	297	216	297	1.0
216	96	216	96	1.0
216	352	216	352	1.0
216	44	216	44	1.0
217	328	217	328	1.0
217	155	217	155	1.0
217	8	217	8	1.0
217	417	217	417	1.0
218	35	218	35	1.0
218	291	218	291	1.0
218	495	218	495	1.0
218	15	218	15	1.0
219	40	219	40	1.0
219	259	219	259	1.0
219	472	219	472	1.0
219	68	219	68	1.0
220	194	220	194	1.0
220	157	220	157	1.0
220	452	220	452	1.0
220	267	220	267	1.0
221	165	221	165	1.0
221	24	221	24	1.0
221	272	221	272	1.0
221	363	221	363	1.0
222	326	222	326	1.0
222	304	222	304	1.0
222	83	222	83	1.0
222	437	222	437	1.0
223	28	223	28	1.0
223	326	223	326	1.0
223	497	223	497	1.0
223	167	223	167	1.0
224	415	224	415	1.0
224	413	224	413	1.0
224	275	224	275	1.0
224	239	224	239	1.0
225	74	225	74	1.0
225	352	225	352	1.0
225	12	225	12	1.0
225	255	225	255	1.0
226	436	226	436	1.0
226	284	226	284	1.0
226	59	226	59	1.0
226	15	226	15	1.0
227	464	227	464	1.0
227	157	227	157	1.0
227	455	227	455	1.0
227	457	227	457	1.0
228	274	228	274	1.0
228	78	228	78	1.0
228	499	228	499	1.0
228	249	228	249	1.0
229	420	229	420	1.0
229	44	229	44	1.0
229	400	229	400	1.0
229	162	229	162	1.0
230	256	230	256	1.0
230	8	230	8	1.0
230	490	230	490	1.0
230	336	230	336	1.0
231	8	231	8	1.0
231	288	231	288	1.0
231	417	231	417	1.0
231	284	231	284	1.0
232	240	232	240	1.0
232	486	232	486	1.0
232	133	232	133	1.0
232	207	232	207	1.0
233	379	233	379	1.0
233	105	233	105	1.0
233	73	233	73	1.0
233	356	233	356	1.0
234	488	234	488	1.0
234	94	234	94	1.0
234	304	234	304	1.0
234	378	234	378	1.0
235	486	235	486	1.0
235	408	235	408	1.0
235	90	235	90	1.0
235	116	235	116	1.0
236	48	236	48	1.0
236	289	236	289	1.0
236	139	236	139	1.0
236	486	236	486	1.0
237	250	237	250	1.0
237	259	237	259	1.0
237	83	237	83	1.0
237	94	237	94	1.0
238	370	238	370	1.0
238	261	238	261	1.0
238	62	238	62	1.0
238	345	238	345	1.0
239	70	239	70	1.0
239	149	239	149	1.0
239	260	239	260	1.0
239	49	239	49	1.0
240	316	240	316	1.0
240	232	240	232	1.0
240	102	240	102	1.0
240	207	240	207	1.0
241	94	241	94	1.0
241	497	241	497	1.0
241	304	241	304	1.0
241	82	241	82	1.0
242	369	242	369	1.0
242	272	242	272	1.0
242	420	242	420	1.0
242	53	242	53	1.0
243	322	243	322	1.0
243	331	243	331	1.0
243	399	243	399	1.0
243	265	243	265	1.0
244	48	244	48	1.0
244	457	244	457	1.0
244	102	244	102	1.0
244	236	244	236	1.0
245	472	245	472	1.0
245	222	245	222	1.0
245	237	245	237	1.0
245	0	245	0	1.0
246	383	246	383	1.0
246	470	246	470	1.0
246	473	246	473	1.0
246	491	246	491	1.0
247	149	247	149	1.0
247	143	247	143	1.0
247	407	247	407	1.0
247	160	247	160	1.0
248	271	248	271	1.0
248	212	248	212	1.0
248	234	248	234	1.0
248	83	248	83	1.0
249	12	249	12	1.0
249	269	249	269	1.0
249	228	249	228	1.0
249	393	249	393	1.0
250	237	250	237	1.0
250	113	250	113	1.0
250	259	250	259	1.0
250	368	250	368	1.0
251	284	251	284	1.0
251	467	251	467	1.0
251	345	251	345	1.0
251	372	251	372	1.0
252	452	252	452	1.0
252	18	252	18	1.0
252	108	252	108	1.0
252	464	252	464	1.0
253	165	253	165	1.0
253	142	253	142	1.0
253	53	253	53	1.0
253	249	253	249	1.0
254	73	254	73	1.0
254	70	254	70	1.0
254	141	254	141	1.0
254	32	254	32	1.0
255	225	255	225	1.0
255	64	255	64	1.0
255	458	255	458	1.0
255	396	255	396	1.0
256	230	256	230	1.0
256	8	256	8	1.0
256	288	256	288	1.0
256	56	256	56	1.0
257	265	257	265	1.0
257	368	257	368	1.0
257	167	257	167	1.0
257	471	257	471	1.0
258	353	258	353	1.0
258	301	258	301	1.0
258	74	258	74	1.0
258	442	258	442	1.0
259	304	259	304	1.0
259	472	259	472	1.0
259	355	259	355	1.0
259	83	259	83	1.0
260	425	260	425	1.0
260	84	260	84	1.0
260	445	260	445	1.0
260	435	260	435	1.0
261	238	261	238	1.0
261	490	261	490	1.0
261	491	261	491	1.0
261	328	261	328	1.0
262	491	262	491	1.0
262	489	262	489	1.0
262	308	262	308	1.0
262	417	262	417	1.0
263	291	263	291	1.0
263	491	263	491	1.0
263	8	263	8	1.0
263	60	263	60	1.0
264	432	264	432	1.0
264	145	264	145	1.0
264	113	264	113	1.0
264	40	264	40	1.0
265	86	265	86	1.0
265	331	265	331	1.0
265	378	265	378	1.0
265	234	265	234	1.0
266	253	266	253	1.0
266	165	266	165	1.0
266	77	266	77	1.0
266	142	266	142	1.0
267	486	267	486	1.0
267	2	267	2	1.0
267	194	267	194	1.0
267	220	267	220	1.0
268	488	268	488	1.0
268	234	268	234	1.0
268	86	268	86	1.0
268	304	268	304	1.0
269	249	269	249	1.0
269	99	269	99	1.0
269	458	269	458	1.0
269	253	269	253	1.0
270	452	270	452	1.0
270	85	270	85	1.0
270	453	270	453	1.0
270	480	270	480	1.0
271	248	271	248	1.0
271	234	271	234	1.0
271	205	271	205	1.0
271	167	271	167	1.0
272	44	272	44	1.0
272	499	272	499	1.0
272	353	272	353	1.0
272	25	272	25	1.0
273	169	273	169	1.0
273	1	273	1	1.0
273	153	273	153	1.0
273	149	273	149	1.0
274	228	274	228	1.0
274	319	274	319	1.0
274	249	274	249	1.0
274	165	274	165	1.0
275	169	275	169	1.0
275	445	275	445	1.0
275	224	275	224	1.0
275	356	275	356	1.0
276	491	276	491	1.0
276	256	276	256	1.0
276	121	276	121	1.0
276	426	276	426	1.0
277	164	277	164	1.0
277	491	277	491	1.0
277	451	277	451	1.0
277	328	277	328	1.0
278	191	278	191	1.0
278	144	278	144	1.0
278	467	278	467	1.0
278	417	278	417	1.0
279	117	279	117	1.0
279	272	279	272	1.0
279	138	279	138	1.0
279	12	279	12	1.0
280	47	280	47	1.0
280	203	280	203	1.0
280	259	280	259	1.0
280	237	280	237	1.0
281	0	281	0	1.0
281	378	281	378	1.0
281	437	281	437	1.0
281	28	281	28	1.0
282	4	282	4	1.0
282	310	282	310	1.0
282	233	282	233	1.0
282	69	282	69	1.0
283	452	283	452	1.0
283	48	283	48	1.0
283	157	283	157	1.0
283	496	283	496	1.0
284	120	284	120	1.0
284	59	284	59	1.0
284	261	284	261	1.0
284	345	284	345	1.0
285	452	285	452	1.0
285	194	285	194	1.0
285	486	285	486	1.0
285	139	285	139	1.0
286	162	286	162	1.0
286	499	286	499	1.0
286	420	286	420	1.0
286	458	286	458	1.0
287	150	287	150	1.0
287	423	287	423	1.0
287	420	287	420	1.0
287	339	287	339	1.0
288	191	288	191	1.0
288	417	288	417	1.0
288	256	288	256	1.0
288	164	288	164	1.0
289	119	289	119	1.0
289	486	289	486	1.0
289	236	289	236	1.0
289	48	289	48	1.0
290	369	290	369	1.0
290	351	290	351	1.0
290	51	290	51	1.0
290	420	290	420	1.0
291	263	291	263	1.0
291	218	291	218	1.0
291	284	291	284	1.0
291	144	291	144	1.0
292	1	292	1	1.0
292	182	292	182	1.0
292	484	292	484	1.0
292	143	292	143	1.0
293	74	293	74	1.0
293	53	293	53	1.0
293	352	293	352	1.0
293	301	293	301	1.0
294	73	294	73	1.0
294	87	294	87	1.0
294	41	294	41	1.0
294	321	294	321	1.0
295	306	295	306	1.0
295	48	295	48	1.0
295	486	295	486	1.0
295	18	295	18	1.0
296	86	296	86	1.0
296	304	296	304	1.0
296	488	296	488	1.0
296	368	296	368	1.0
297	37	297	37	1.0
297	53	297	53	1.0
297	216	297	216	1.0
297	367	297	367	1.0
298	0	298	0	1.0
298	281	298	281	1.0
298	378	298	378	1.0
298	472	298	472	1.0
299	8	299	8	1.0
299	15	299	15	1.0
299	230	299	230	1.0
299	218	299	218	1.0
300	25	300	25	1.0
300	272	300	272	1.0
300	123	300	123	1.0
300	79	300	79	1.0
301	74	301	74	1.0
301	209	301	209	1.0
301	99	301	99	1.0
301	442	301	442	1.0
302	181	302	181	1.0
302	106	302	106	1.0
302	73	302	73	1.0
302	81	302	81	1.0
303	143	303	143	1.0
303	19	303	19	1.0
303	356	303	356	1.0
303	73	303	73	1.0
304	259	304	259	1.0
304	94	304	94	1.0
304	368	304	368	1.0
304	296	304	296	1.0
305	261	305	261	1.0
305	343	305	343	1.0
305	238	305	238	1.0
305	15	305	15	1.0
306	295	306	295	1.0
306	207	306	207	1.0
306	486	306	486	1.0
306	48	306	48	1.0
307	150	307	150	1.0
307	130	307	130	1.0
307	64	307	64	1.0
307	369	307	369	1.0
308	491	308	491	1.0
308	262	308	262	1.0
308	131	308	131	1.0
308	360	308	360	1.0
309	99	309	99	1.0
309	334	309	334	1.0
309	12	309	12	1.0
309	444	309	444	1.0
310	402	310	402	1.0
310	42	310	42	1.0
310	347	310	347	1.0
310	169	310	169	1.0
311	384	311	384	1.0
311	249	311	249	1.0
311	51	311	51	1.0
311	44	311	44	1.0
312	304	312	304	1.0
312	322	312	322	1.0
312	234	312	234	1.0
312	94	312	94	1.0
313	488	313	488	1.0
313	399	313	399	1.0
313	304	313	304	1.0
313	322	313	322	1.0
314	48	314	48	1.0
314	108	314	108	1.0
314	244	314	244	1.0
314	433	314	433	1.0
315	437	315	437	1.0
315	373	315	373	1.0
315	167	315	167	1.0
315	68	315	68	1.0
316	240	316	240	1.0
316	194	316	194	1.0
316	486	316	486	1.0
316	329	316	329	1.0
317	336	317	336	1.0
317	261	317	261	1.0
317	230	317	230	1.0
317	277	317	277	1.0
318	37	318	37	1.0
318	421	318	421	1.0
318	301	318	301	1.0
318	420	318	420	1.0
319	123	319	123	1.0
319	499	319	499	1.0
319	367	319	367	1.0
319	350	319	350	1.0
320	486	320	486	1.0
320	102	320	102	1.0
320	374	320	374	1.0
320	422	320	422	1.0
321	42	321	42	1.0
321	126	321	126	1.0
321	414	321	414	1.0
321	239	321	239	1.0
322	399	322	399	1.0
322	304	322	304	1.0
322	488	322	488	1.0
322	234	322	234	1.0
323	488	323	488	1.0
323	9	323	9	1.0
323	145	323	145	1.0
323	378	323	378	1.0
324	186	324	186	1.0
324	417	324	417	1.0
324	278	324	278	1.0
324	59	324	59	1.0
325	85	325	85	1.0
325	486	325	486	1.0
325	207	325	207	1.0
325	457	325	457	1.0
326	222	326	222	1.0
326	212	326	212	1.0
326	223	326	223	1.0
326	167	326	167	1.0
327	395	327	395	1.0
327	251	327	251	1.0
327	328	327	328	1.0
327	217	327	217	1.0
328	467	328	467	1.0
328	186	328	186	1.0
328	132	328	132	1.0
328	372	328	372	1.0
329	316	329	316	1.0
329	58	329	58	1.0
329	320	329	320	1.0
329	283	329	283	1.0
330	234	330	234	1.0
330	375	330	375	1.0
330	378	330	378	1.0
330	40	330	40	1.0
331	265	331	265	1.0
331	243	331	243	1.0
331	399	331	399	1.0
331	184	331	184	1.0
332	55	332	55	1.0
332	452	332	452	1.0
332	464	332	464	1.0
332	2	332	2	1.0
333	25	333	25	1.0
333	64	333	64	1.0
333	53	333	53	1.0
333	272	333	272	1.0
334	180	334	180	1.0
334	142	334	142	1.0
334	99	334	99	1.0
334	459	334	459	1.0
335	368	335	368	1.0
335	86	335	86	1.0
335	122	335	122	1.0
335	10	335	10	1.0
336	317	336	317	1.0
336	436	336	436	1.0
336	230	336	230	1.0
336	217	336	217	1.0
337	84	337	84	1.0
337	377	337	377	1.0
337	414	337	414	1.0
337	169	337	169	1.0
338	50	338	50	1.0
338	165	338	165	1.0
338	272	338	272	1.0
338	51	338	51	1.0
339	350	339	350	1.0
339	353	339	353	1.0
339	272	339	272	1.0
339	396	339	396	1.0
340	365	340	365	1.0
340	74	340	74	1.0
340	209	340	209	1.0
340	272	340	272	1.0
341	58	341	58	1.0
341	61	341	61	1.0
341	236	341	236	1.0
341	55	341	55	1.0
342	452	342	452	1.0
342	457	342	457	1.0
342	102	342	102	1.0
342	374	342	374	1.0
343	305	343	305	1.0
343	56	343	56	1.0
343	144	343	144	1.0
343	261	343	261	1.0
344	233	344	233	1.0
344	169	344	169	1.0
344	149	344	149	1.0
344	84	344	84	1.0
345	328	345	328	1.0
345	284	345	284	1.0
345	468	345	468	1.0
345	467	345	467	1.0
346	74	346	74	1.0
346	228	346	228	1.0
346	12	346	12	1.0
346	249	346	249	1.0
347	425	347	425	1.0
347	414	347	414	1.0
347	379	347	379	1.0
347	210	347	210	1.0
348	101	348	101	1.0
348	388	348	388	1.0
348	180	348	180	1.0
348	117	348	117	1.0
349	379	349	379	1.0
349	413	349	413	1.0
349	356	349	356	1.0
349	178	349	178	1.0
350	339	350	339	1.0
350	396	350	396	1.0
350	353	350	353	1.0
350	319	350	319	1.0
351	137	351	137	1.0
351	444	351	444	1.0
351	499	351	499	1.0
351	37	351	37	1.0
352	12	352	12	1.0
352	225	352	225	1.0
352	396	352	396	1.0
352	253	352	253	1.0
353	339	353	339	1.0
353	272	353	272	1.0
353	350	353	350	1.0
353	396	353	396	1.0
354	452	354	452	1.0
354	486	354	486	1.0
354	295	354	295	1.0
354	175	354	175	1.0
355	259	355	259	1.0
355	326	355	326	1.0
355	212	355	212	1.0
355	304	355	304	1.0
356	435	356	435	1.0
356	19	356	19	1.0
356	118	356	118	1.0
356	233	356	233	1.0
357	157	357	157	1.0
357	146	357	146	1.0
357	220	357	220	1.0
357	194	357	194	1.0
358	99	358	99	1.0
358	499	358	499	1.0
358	53	358	53	1.0
358	319	358	319	1.0
359	378	359	378	1.0
359	335	359	335	1.0
359	265	359	265	1.0
359	86	359	86	1.0
360	135	360	135	1.0
360	8	360	8	1.0
360	56	360	56	1.0
360	490	360	490	1.0
361	399	361	399	1.0
361	86	361	86	1.0
361	401	361	401	1.0
361	471	361	471	1.0
362	210	362	210	1.0
362	260	362	260	1.0
362	425	362	425	1.0
362	273	362	273	1.0
363	228	363	228	1.0
363	165	363	165	1.0
363	319	363	319	1.0
363	221	363	221	1.0
364	179	364	179	1.0
364	171	364	171	1.0
364	491	364	491	1.0
364	360	364	360	1.0
365	340	365	340	1.0
365	64	365	64	1.0
365	180	365	180	1.0
365	101	365	101	1.0
366	105	366	105	1.0
366	425	366	425	1.0
366	149	366	149	1.0
366	292	366	292	1.0
367	319	367	319	1.0
367	297	367	297	1.0
367	350	367	350	1.0
367	137	367	137	1.0
368	304	368	304	1.0
368	335	368	335	1.0
368	296	368	296	1.0
368	479	368	479	1.0
369	78	369	78	1.0
369	37	369	37	1.0
369	449	369	449	1.0
369	290	369	290	1.0
370	238	370	238	1.0
370	63	370	63	1.0
370	144	370	144	1.0
370	473	370	473	1.0
371	378	371	378	1.0
371	113	371	113	1.0
371	323	371	323	1.0
371	304	371	304	1.0
372	328	372	328	1.0
372	436	372	436	1.0
372	164	372	164	1.0
372	132	372	132	1.0
373	47	373	47	1.0
373	204	373	204	1.0
373	40	373	40	1.0
373	234	373	234	1.0
374	485	374	485	1.0
374	452	374	452	1.0
374	55	374	55	1.0
374	58	374	58	1.0
375	488	375	488	1.0
375	234	375	234	1.0
375	378	375	378	1.0
375	304	375	304	1.0
376	234	376	234	1.0
376	43	376	43	1.0
376	68	376	68	1.0
376	237	376	237	1.0
377	149	377	149	1.0
377	337	377	337	1.0
377	160	377	160	1.0
377	414	377	414	1.0
378	0	378	0	1.0
378	472	378	472	1.0
378	47	378	47	1.0
378	265	378	265	1.0
379	412	379	412	1.0
379	210	379	210	1.0
379	260	379	260	1.0
379	153	379	153	1.0
380	36	380	36	1.0
380	56	380	56	1.0
380	491	380	491	1.0
380	473	380	473	1.0
381	234	381	234	1.0
381	304	381	304	1.0
381	322	381	322	1.0
381	399	381	399	1.0
382	91	382	91	1.0
382	167	382	167	1.0
382	474	382	474	1.0
382	368	382	368	1.0
383	473	383	473	1.0
383	246	383	246	1.0
383	395	383	395	1.0
383	8	383	8	1.0
384	209	384	209	1.0
384	311	384	311	1.0
384	272	384	272	1.0
384	499	384	499	1.0
385	414	385	414	1.0
385	407	385	407	1.0
385	337	385	337	1.0
385	482	385	482	1.0
386	226	386	226	1.0
386	417	386	417	1.0
386	261	386	261	1.0
386	54	386	54	1.0
387	0	387	0	1.0
387	199	387	199	1.0
387	472	387	472	1.0
387	479	387	479	1.0
388	228	388	228	1.0
388	101	388	101	1.0
388	272	388	272	1.0
388	350	388	350	1.0
389	415	389	415	1.0
389	224	389	224	1.0
389	260	389	260	1.0
389	275	389	275	1.0
390	173	390	173	1.0
390	452	390	452	1.0
390	457	390	457	1.0
390	48	390	48	1.0
391	234	391	234	1.0
391	43	391	43	1.0
391	378	391	378	1.0
391	203	391	203	1.0
392	378	392	378	1.0
392	0	392	0	1.0
392	47	392	47	1.0
392	28	392	28	1.0
393	249	393	249	1.0
393	228	393	228	1.0
393	352	393	352	1.0
393	150	393	150	1.0
394	182	394	182	1.0
394	1	394	1	1.0
394	260	394	260	1.0
394	153	394	153	1.0
395	284	395	284	1.0
395	473	395	473	1.0
395	383	395	383	1.0
395	463	395	463	1.0
396	350	396	350	1.0
396	420	396	420	1.0
396	353	396	353	1.0
396	101	396	101	1.0
397	496	397	496	1.0
397	486	397	486	1.0
397	424	397	424	1.0
397	422	397	422	1.0
398	63	398	63	1.0
398	328	398	328	1.0
398	186	398	186	1.0
398	417	398	417	1.0
399	322	399	322	1.0
399	361	399	361	1.0
399	378	399	378	1.0
399	259	399	259	1.0
400	420	400	420	1.0
400	229	400	229	1.0
400	396	400	396	1.0
400	365	400	365	1.0
401	361	401	361	1.0
401	86	401	86	1.0
401	488	401	488	1.0
401	326	401	326	1.0
402	310	402	310	1.0
402	414	402	414	1.0
402	366	402	366	1.0
402	347	402	347	1.0
403	486	403	486	1.0
403	157	403	157	1.0
403	194	403	194	1.0
403	446	403	446	1.0
404	322	404	322	1.0
404	432	404	432	1.0
404	205	404	205	1.0
404	312	404	312	1.0
405	337	405	337	1.0
405	181	405	181	1.0
405	356	405	356	1.0
405	169	405	169	1.0
406	473	406	473	1.0
406	131	406	131	1.0
406	39	406	39	1.0
406	360	406	360	1.0
407	385	407	385	1.0
407	414	407	414	1.0
407	247	407	247	1.0
407	153	407	153	1.0
408	486	408	486	1.0
408	207	408	207	1.0
408	496	408	496	1.0
408	235	408	235	1.0
409	37	409	37	1.0
409	137	409	137	1.0
409	301	409	301	1.0
409	12	409	12	1.0
410	145	410	145	1.0
410	91	410	91	1.0
410	265	410	265	1.0
410	83	410	83	1.0
411	275	411	275	1.0
411	443	411	443	1.0
411	419	411	419	1.0
411	87	411	87	1.0
412	379	412	379	1.0
412	149	412	149	1.0
412	19	412	19	1.0
412	160	412	160	1.0
413	415	413	415	1.0
413	239	413	239	1.0
413	224	413	224	1.0
413	75	413	75	1.0
414	385	414	385	1.0
414	126	414	126	1.0
414	337	414	337	1.0
414	193	414	193	1.0
415	224	415	224	1.0
415	413	415	413	1.0
415	239	415	239	1.0
415	149	415	149	1.0
416	437	416	437	1.0
416	94	416	94	1.0
416	21	416	21	1.0
416	82	416	82	1.0
417	490	417	490	1.0
417	155	417	155	1.0
417	288	417	288	1.0
417	467	417	467	1.0
418	73	418	73	1.0
418	366	418	366	1.0
418	337	418	337	1.0
418	425	418	425	1.0
419	87	419	87	1.0
419	443	419	443	1.0
419	160	419	160	1.0
419	260	419	260	1.0
420	229	420	229	1.0
420	400	420	400	1.0
420	162	420	162	1.0
420	101	420	101	1.0
421	318	421	318	1.0
421	444	421	444	1.0
421	137	421	137	1.0
421	25	421	25	1.0
422	236	422	236	1.0
422	48	422	48	1.0
422	486	422	486	1.0
422	320	422	320	1.0
423	162	423	162	1.0
423	459	423	459	1.0
423	420	423	420	1.0
423	365	423	365	1.0
424	430	424	430	1.0
424	134	424	134	1.0
424	194	424	194	1.0
424	397	424	397	1.0
425	260	425	260	1.0
425	149	425	149	1.0
425	347	425	347	1.0
425	414	425	414	1.0
426	63	426	63	1.0
426	284	426	284	1.0
426	440	426	440	1.0
426	171	426	171	1.0
427	35	427	35	1.0
427	417	427	417	1.0
427	217	427	217	1.0
427	121	427	121	1.0
428	28	428	28	1.0
428	472	428	472	1.0
428	136	428	136	1.0
428	322	428	322	1.0
429	142	429	142	1.0
429	272	429	272	1.0
429	147	429	147	1.0
429	50	429	50	1.0
430	424	430	424	1.0
430	486	430	486	1.0
430	403	430	403	1.0
430	316	430	316	1.0
431	240	431	240	1.0
431	316	431	316	1.0
431	320	431	320	1.0
431	480	431	480	1.0
432	264	432	264	1.0
432	373	432	373	1.0
432	304	432	304	1.0
432	40	432	40	1.0
433	314	433	314	1.0
433	422	433	422	1.0
433	90	433	90	1.0
433	439	433	439	1.0
434	488	434	488	1.0
434	234	434	234	1.0
434	0	434	0	1.0
434	264	434	264	1.0
435	260	435	260	1.0
435	356	435	356	1.0
435	118	435	118	1.0
435	337	435	337	1.0
436	336	436	336	1.0
436	372	436	372	1.0
436	226	436	226	1.0
436	473	436	473	1.0
437	488	437	488	1.0
437	304	437	304	1.0
437	223	437	223	1.0
437	222	437	222	1.0
438	84	438	84	1.0
438	69	438	69	1.0
438	254	438	254	1.0
438	413	438	413	1.0
439	457	439	457	1.0
439	90	439	90	1.0
439	342	439	342	1.0
439	5	439	5	1.0
440	186	440	186	1.0
440	284	440	284	1.0
440	426	440	426	1.0
440	8	440	8	1.0
441	238	441	238	1.0
441	436	441	436	1.0
441	372	441	372	1.0
441	473	441	473	1.0
442	64	442	64	1.0
442	353	442	353	1.0
442	301	442	301	1.0
442	365	442	365	1.0
443	149	443	149	1.0
443	419	443	419	1.0
443	81	443	81	1.0
443	160	443	160	1.0
444	319	444	319	1.0
444	99	444	99	1.0
444	421	444	421	1.0
444	351	444	351	1.0
445	69	445	69	1.0
445	210	445	210	1.0
445	206	445	206	1.0
445	260	445	260	1.0
446	194	446	194	1.0
446	452	446	452	1.0
446	90	446	90	1.0
446	403	446	403	1.0
447	157	447	157	1.0
447	48	447	48	1.0
447	236	447	236	1.0
447	422	447	422	1.0
448	435	448	435	1.0
448	260	448	260	1.0
448	337	448	337	1.0
448	239	448	239	1.0
449	369	449	369	1.0
449	37	449	37	1.0
449	319	449	319	1.0
449	353	449	353	1.0
450	50	450	50	1.0
450	350	450	350	1.0
450	249	450	249	1.0
450	123	450	123	1.0
451	328	451	328	1.0
451	277	451	277	1.0
451	473	451	473	1.0
451	8	451	8	1.0
452	496	452	496	1.0
452	342	452	342	1.0
452	285	452	285	1.0
452	194	452	194	1.0
453	270	453	270	1.0
453	486	453	486	1.0
453	157	453	157	1.0
453	102	453	102	1.0
454	45	454	45	1.0
454	445	454	445	1.0
454	210	454	210	1.0
454	206	454	206	1.0
455	194	455	194	1.0
455	227	455	227	1.0
455	486	455	486	1.0
455	102	455	102	1.0
456	486	456	486	1.0
456	90	456	90	1.0
456	133	456	133	1.0
456	194	456	194	1.0
457	102	457	102	1.0
457	48	457	48	1.0
457	439	457	439	1.0
457	139	457	139	1.0
458	64	458	64	1.0
458	459	458	459	1.0
458	269	458	269	1.0
458	420	458	420	1.0
459	458	459	458	1.0
459	423	459	423	1.0
459	51	459	51	1.0
459	396	459	396	1.0
460	407	460	407	1.0
460	178	460	178	1.0
460	193	460	193	1.0
460	33	460	33	1.0
461	259	461	259	1.0
461	167	461	167	1.0
461	31	461	31	1.0
461	373	461	373	1.0
462	486	462	486	1.0
462	185	462	185	1.0
462	107	462	107	1.0
462	151	462	151	1.0
463	164	463	164	1.0
463	489	463	489	1.0
463	121	463	121	1.0
463	284	463	284	1.0
464	486	464	486	1.0
464	227	464	227	1.0
464	80	464	80	1.0
464	157	464	157	1.0
465	337	465	337	1.0
465	385	465	385	1.0
465	4	465	4	1.0
465	115	465	115	1.0
466	8	466	8	1.0
466	417	466	417	1.0
466	490	466	490	1.0
466	59	466	59	1.0
467	328	467	328	1.0
467	186	467	186	1.0
467	36	467	36	1.0
467	417	467	417	1.0
468	345	468	345	1.0
468	467	468	467	1.0
468	278	468	278	1.0
468	238	468	238	1.0
469	488	469	488	1.0
469	472	469	472	1.0
469	322	469	322	1.0
469	399	469	399	1.0
470	246	470	246	1.0
470	262	470	262	1.0
470	406	470	406	1.0
470	217	470	217	1.0
471	192	471	192	1.0
471	110	471	110	1.0
471	0	471	0	1.0
471	204	471	204	1.0
472	378	472	378	1.0
472	259	472	259	1.0
472	28	472	28	1.0
472	199	472	199	1.0
473	491	473	491	1.0
473	383	473	383	1.0
473	261	473	261	1.0
473	436	473	436	1.0
474	234	474	234	1.0
474	322	474	322	1.0
474	488	474	488	1.0
474	373	474	373	1.0
475	496	475	496	1.0
475	486	475	486	1.0
475	194	475	194	1.0
475	159	475	159	1.0
476	328	476	328	1.0
476	60	476	60	1.0
476	261	476	261	1.0
476	491	476	491	1.0
477	194	477	194	1.0
477	236	477	236	1.0
477	464	477	464	1.0
477	486	477	486	1.0
478	48	478	48	1.0
478	289	478	289	1.0
478	139	478	139	1.0
478	397	478	397	1.0
479	304	479	304	1.0
479	0	479	0	1.0
479	199	479	199	1.0
479	368	479	368	1.0
480	48	480	48	1.0
480	58	480	58	1.0
480	159	480	159	1.0
480	270	480	270	1.0
481	488	481	488	1.0
481	204	481	204	1.0
481	399	481	399	1.0
481	234	481	234	1.0
482	49	482	49	1.0
482	141	482	141	1.0
482	30	482	30	1.0
482	149	482	149	1.0
483	425	483	425	1.0
483	210	483	210	1.0
483	260	483	260	1.0
483	418	483	418	1.0
484	42	484	42	1.0
484	292	484	292	1.0
484	182	484	182	1.0
484	4	484	4	1.0
485	374	485	374	1.0
485	48	485	48	1.0
485	236	485	236	1.0
485	175	485	175	1.0
486	464	486	464	1.0
486	159	486	159	1.0
486	289	486	289	1.0
486	496	486	496	1.0
487	35	487	35	1.0
487	417	487	417	1.0
487	324	487	324	1.0
487	473	487	473	1.0
488	234	488	234	1.0
488	437	488	437	1.0
488	0	488	0	1.0
488	469	488	469	1.0
489	120	489	120	1.0
489	186	489	186	1.0
489	491	489	491	1.0
489	39	489	39	1.0
490	261	490	261	1.0
490	417	490	417	1.0
490	491	490	491	1.0
490	230	490	230	1.0
491	473	491	473	1.0
491	490	491	490	1.0
491	186	491	186	1.0
491	261	491	261	1.0
492	223	492	223	1.0
492	375	492	375	1.0
492	488	492	488	1.0
492	322	492	322	1.0
493	420	493	420	1.0
493	44	493	44	1.0
493	449	493	449	1.0
493	101	493	101	1.0
494	167	494	167	1.0
494	378	494	378	1.0
494	223	494	223	1.0
494	204	494	204	1.0
495	144	495	144	1.0
495	218	495	218	1.0
495	288	495	288	1.0
495	57	495	57	1.0
496	486	496	486	1.0
496	48	496	48	1.0
496	452	496	452	1.0
496	190	496	190	1.0
497	122	497	122	1.0
497	304	497	304	1.0
497	223	497	223	1.0
497	488	497	488	1.0
498	486	498	486	1.0
498	496	498	496	1.0
498	85	498	85	1.0
498	211	498	211	1.0
499	99	499	99	1.0
499	272	499	272	1.0
499	319	499	319	1.0
499	37	499	37	1.0
