1	72
1	447
2	74
2	76
3	96
3	145
3	262
3	304
3	358
4	181
4	387
5	385
6	98
7	297
8	77
8	214
8	480
9	112
9	226
11	194
11	321
12	69
12	217
13	33
13	178
14	121
15	375
16	231
16	411
16	493
17	0
17	175
17	256
18	24
18	24
18	31
19	403
19	479
20	294
21	82
21	305
21	319
21	387
23	47
23	100
23	345
24	128
24	404
25	14
25	37
25	117
25	221
25	298
26	276
27	408
29	84
29	379
29	403
30	2
30	47
31	246
31	373
32	10
32	137
32	381
33	481
34	129
35	38
35	119
35	414
36	419
37	120
38	309
40	32
40	75
40	463
41	229
41	290
41	366
42	468
44	155
44	325
45	225
45	481
46	82
46	211
46	341
46	463
47	91
47	117
47	228
47	413
47	478
48	210
48	407
51	130
51	187
51	194
51	281
51	340
51	345
52	43
52	165
52	165
52	299
52	324
54	11
54	173
54	327
54	470
54	499
56	112
56	246
56	341
57	472
58	467
59	209
59	244
60	163
60	360
62	103
63	73
63	113
64	202
64	375
66	177
67	488
68	25
69	265
69	338
69	365
70	100
70	324
72	102
75	131
75	199
75	276
76	16
77	380
78	58
78	258
78	453
80	229
80	400
80	479
81	6
81	334
82	4
82	332
82	332
82	472
83	94
84	100
84	440
84	488
85	21
85	30
85	134
85	364
85	395
85	466
86	75
86	90
86	218
88	81
88	87
90	12
90	123
90	201
90	344
90	401
91	62
91	282
91	456
91	462
92	0
92	410
93	309
94	442
95	98
95	204
95	215
95	272
95	444
97	7
98	197
99	48
99	435
100	80
100	391
102	199
103	141
103	222
104	493
105	215
105	252
105	474
106	222
106	399
107	431
107	465
108	209
108	255
109	84
110	199
111	66
112	344
112	374
112	435
113	249
114	439
115	101
116	197
116	485
117	375
118	15
119	218
119	389
119	405
119	493
120	51
120	173
121	306
122	180
122	191
122	219
122	451
123	482
124	281
124	459
124	486
125	175
125	271
125	369
125	463
126	422
127	55
128	264
128	491
128	494
129	14
129	179
129	412
130	167
130	174
130	209
130	326
131	246
131	300
131	344
132	140
133	365
135	443
135	491
136	221
137	34
137	156
138	158
138	187
138	417
139	25
139	105
139	316
139	493
141	492
142	24
142	86
143	255
143	312
143	375
144	246
144	324
144	458
145	69
145	276
145	315
145	393
146	370
147	456
148	341
148	486
149	5
149	201
151	345
152	30
152	48
153	431
153	462
154	139
154	400
155	92
155	165
156	108
156	363
156	385
156	435
156	493
157	156
157	288
157	289
158	34
158	295
160	318
160	467
161	457
162	250
163	456
164	138
164	343
164	415
165	183
165	278
165	389
166	12
166	292
167	47
167	417
168	263
169	79
169	247
169	391
170	27
170	80
170	86
171	89
172	129
172	134
172	298
174	337
175	35
175	252
175	256
175	269
176	349
176	446
176	492
177	8
178	172
178	218
178	323
178	331
178	336
180	326
180	330
180	456
182	48
183	471
184	185
184	298
185	304
185	427
186	14
186	184
186	279
187	165
188	26
188	276
189	461
190	90
192	488
193	111
193	479
194	11
194	113
194	327
194	437
195	350
196	15
196	324
196	455
197	15
200	83
200	117
200	133
200	193
200	357
200	436
201	14
201	70
201	196
201	458
202	40
202	50
202	130
202	204
203	212
203	433
203	478
204	443
205	125
206	299
207	51
207	52
207	233
208	133
208	488
209	232
209	305
210	179
210	449
211	1
212	369
212	484
213	68
213	196
213	301
213	387
213	421
213	444
213	469
214	89
214	308
215	291
215	373
216	269
217	14
217	53
218	21
218	97
218	213
218	220
218	375
219	194
220	12
220	239
220	484
221	35
222	217
223	0
223	21
223	90
223	243
223	436
223	443
224	64
225	474
226	90
226	361
227	355
227	382
228	320
230	23
230	74
230	92
230	106
230	120
230	144
230	410
230	414
230	434
231	132
231	229
231	280
231	286
232	266
232	352
233	265
233	344
234	108
234	197
234	304
234	396
235	1
235	153
235	461
236	13
237	51
237	411
237	440
238	291
239	60
239	104
239	139
239	213
239	400
240	27
240	444
240	491
241	40
242	9
242	370
242	384
242	461
242	478
243	461
244	32
244	348
244	386
244	403
244	454
245	29
245	209
245	238
245	263
246	3
247	39
247	89
247	461
248	268
248	304
248	399
249	186
249	459
250	129
250	253
250	459
251	458
253	9
253	163
254	153
254	232
254	279
255	496
256	319
257	297
258	389
259	257
259	291
259	314
260	213
260	296
260	447
261	47
261	52
261	104
261	299
261	435
262	471
263	59
265	400
265	474
266	295
266	338
268	323
268	399
269	456
270	176
270	239
270	300
271	44
271	108
271	209
271	367
271	369
271	413
273	405
273	421
274	123
274	460
274	476
275	1
275	9
275	42
275	388
277	149
277	200
278	322
278	375
279	0
279	160
279	376
279	411
280	263
280	364
280	416
281	86
281	221
281	249
282	106
282	481
283	58
284	149
284	262
284	334
284	337
285	109
285	298
286	130
287	254
288	43
288	51
288	86
288	96
288	294
288	478
289	129
289	232
289	304
289	317
289	391
290	457
292	33
292	456
293	66
293	163
293	191
293	226
294	18
294	324
294	444
294	496
296	20
296	63
296	294
296	411
297	229
298	18
298	82
298	122
298	350
298	465
299	118
299	139
299	247
299	275
299	435
302	370
303	78
304	420
305	40
305	122
305	183
305	401
305	419
305	484
306	7
306	404
307	89
307	132
307	254
308	388
308	398
309	67
309	114
310	200
310	268
310	383
311	30
311	328
312	30
312	41
312	354
312	416
313	487
314	104
314	237
314	282
315	238
316	28
316	179
316	219
316	358
317	366
317	369
317	417
317	471
317	487
318	282
318	385
319	143
319	155
319	250
320	109
320	336
320	412
321	157
321	220
321	322
322	362
322	477
323	33
323	185
324	120
324	122
324	417
324	447
325	290
327	190
328	48
328	69
328	82
328	443
329	378
331	97
331	186
331	355
331	371
332	126
332	213
333	91
333	418
334	61
334	205
334	466
335	75
335	183
336	24
336	95
336	143
336	413
337	218
337	483
338	96
338	260
339	27
339	305
339	429
340	29
340	240
340	310
340	488
341	170
341	414
342	74
343	2
343	94
344	42
344	58
345	89
345	453
346	254
346	432
348	0
348	88
348	187
348	312
348	499
349	259
350	215
351	102
351	186
351	190
351	261
351	285
351	371
352	4
352	224
352	363
353	32
353	40
355	178
356	254
357	270
357	374
357	387
357	393
358	352
358	483
358	491
359	119
359	135
359	270
359	367
359	448
361	145
361	158
362	23
362	110
362	443
362	483
363	413
364	89
364	290
364	490
365	44
365	270
365	289
365	341
366	17
366	433
367	64
367	221
368	75
368	168
368	293
369	40
369	58
369	82
369	99
370	0
370	33
370	144
370	403
370	468
371	164
371	422
372	155
372	258
372	328
373	108
373	353
373	434
373	446
374	327
375	18
375	31
376	210
376	428
377	392
378	149
378	368
379	237
380	128
380	188
380	234
380	283
381	378
383	135
384	6
384	278
384	447
385	177
385	317
385	406
385	432
385	438
385	441
386	371
387	308
388	71
388	163
388	235
389	300
389	413
389	492
390	30
390	224
390	337
391	225
392	74
392	186
393	414
395	62
395	214
395	303
396	258
397	79
397	269
398	233
398	302
400	218
400	331
400	349
401	179
401	182
402	107
402	388
403	196
403	415
405	26
405	302
406	327
406	441
407	162
407	291
408	202
409	33
409	347
410	44
410	123
410	486
413	335
414	29
414	327
415	71
415	408
416	42
416	196
416	213
416	225
416	277
416	288
417	92
417	97
418	113
418	212
418	248
419	119
420	8
420	183
420	206
421	126
421	247
421	271
421	363
422	75
423	127
423	231
423	364
423	388
424	106
424	119
424	237
424	283
425	0
425	193
425	279
425	484
427	24
427	172
428	33
428	79
428	195
429	153
429	315
429	334
431	29
432	106
432	211
434	169
434	454
435	98
435	287
435	378
435	391
436	390
436	456
437	316
437	416
439	70
439	291
439	371
440	277
440	498
441	341
441	406
441	443
442	111
442	398
443	4
444	141
444	197
446	111
446	157
446	383
446	390
447	200
447	222
448	114
448	368
449	33
449	175
449	355
450	163
450	177
451	359
452	94
452	365
452	462
452	473
453	352
454	135
454	162
454	468
454	472
455	59
455	405
455	428
456	378
456	474
457	146
458	91
458	280
458	432
458	443
459	184
459	353
460	103
460	468
461	201
462	35
462	159
463	251
463	451
464	222
464	291
466	8
466	369
467	179
468	68
468	226
468	294
468	390
469	151
469	339
470	102
470	183
470	451
471	299
472	393
472	450
473	182
473	446
474	57
474	121
474	180
476	72
477	206
478	50
478	344
479	147
479	221
479	429
479	473
480	429
480	436
481	333
482	60
483	164
483	167
483	338
484	91
484	442
485	44
485	52
485	317
486	432
487	207
487	389
488	119
488	324
488	424
490	116
491	475
492	162
493	116
493	214
494	39
494	96
494	142
494	159
494	265
494	323
494	432
495	68
495	267
495	303
495	403
496	240
496	451
497	28
497	159
497	471
498	21
498	50
498	213
498	405
499	24
499	193
499	441
