0	110
0	216
0	443
0	444
0	458
1	444
2	239
3	64
6	21
6	488
7	59
7	95
7	464
8	97
8	300
8	300
8	333
9	441
10	151
11	168
11	300
12	268
13	7
13	457
14	34
14	153
14	469
15	180
15	401
15	441
16	102
16	231
16	281
16	283
18	14
18	115
19	8
20	394
20	464
20	493
21	263
21	431
21	458
22	24
22	102
22	467
23	261
23	449
24	220
24	230
24	352
24	485
25	331
25	386
26	189
27	52
27	240
27	291
27	340
27	450
28	102
28	116
28	412
29	266
30	377
31	7
31	216
32	140
32	288
32	437
32	442
33	55
33	97
33	296
33	382
34	117
34	188
34	252
35	24
35	56
35	431
35	464
36	174
36	200
36	361
36	425
36	444
37	215
38	148
38	434
39	447
40	422
40	427
42	6
44	2
44	73
44	130
45	172
45	292
46	78
47	25
47	210
47	253
48	118
48	152
49	227
49	263
49	295
50	76
50	271
50	392
50	444
51	419
52	184
52	198
52	260
53	365
53	391
53	474
54	365
55	123
56	9
56	75
56	111
56	125
56	140
56	372
57	20
57	91
57	262
59	158
60	24
61	472
62	76
62	126
62	269
62	460
63	93
64	155
64	243
65	222
65	464
66	258
66	313
66	409
66	463
67	149
67	313
68	150
68	166
68	331
68	474
69	93
69	189
69	240
69	246
69	400
70	451
71	190
72	157
72	230
72	345
72	482
73	44
73	85
74	137
74	305
74	331
75	127
75	228
75	260
75	344
76	155
76	241
77	237
77	463
77	491
78	129
78	222
78	307
78	314
78	428
79	428
79	495
80	156
80	237
81	84
82	222
82	314
83	49
83	229
83	233
84	58
84	101
84	181
85	69
85	90
85	167
85	355
86	103
87	251
87	382
87	397
88	140
89	218
89	475
90	186
91	88
91	346
91	371
91	381
93	333
93	390
94	279
94	355
95	133
95	142
95	206
95	382
95	432
96	311
96	344
97	40
98	260
98	437
98	470
99	186
100	53
100	235
102	38
102	41
103	66
103	123
103	261
104	50
104	75
105	136
105	283
105	367
106	11
106	125
106	451
107	196
107	239
107	330
108	332
108	416
109	54
109	334
110	70
111	94
111	103
111	215
111	400
112	262
113	142
113	330
113	384
114	238
114	451
116	434
117	15
117	303
117	444
119	126
119	355
119	389
121	235
121	434
121	456
122	31
122	371
123	291
125	83
125	159
125	382
126	133
126	216
126	381
126	443
127	209
127	227
127	465
128	195
128	428
130	105
130	369
130	454
131	452
132	35
132	356
132	424
133	498
134	19
134	388
135	178
135	219
136	88
136	339
136	487
137	82
137	368
138	4
138	90
139	178
139	180
140	47
140	153
140	425
141	69
141	363
141	365
141	424
143	20
144	394
145	218
145	313
146	160
146	292
146	423
146	483
147	54
147	141
147	305
148	115
148	490
149	160
149	479
150	131
150	388
151	88
151	335
152	144
152	173
152	365
153	39
153	151
153	171
153	178
154	364
155	88
155	349
155	352
155	418
155	480
156	433
157	60
158	76
158	452
159	297
160	184
160	198
161	55
161	56
161	60
162	32
163	208
163	244
163	366
164	139
164	437
165	250
165	368
165	414
165	446
165	476
166	141
166	263
167	39
167	257
167	323
167	436
167	482
168	32
168	420
169	29
169	243
170	105
170	177
170	267
170	412
170	421
170	470
171	147
171	334
171	357
171	431
173	73
173	431
174	237
174	375
175	326
176	360
176	494
177	112
177	400
178	5
179	391
180	99
182	245
182	302
182	476
183	101
183	351
184	251
184	451
185	162
185	257
186	119
187	226
188	0
188	67
189	321
189	324
189	471
191	190
192	194
192	482
194	287
195	45
195	116
195	122
197	238
197	445
198	105
198	219
199	23
200	24
200	136
200	483
201	266
201	460
202	49
202	101
202	181
202	229
203	30
203	115
203	147
203	168
203	309
203	409
204	63
204	196
204	196
204	461
205	76
205	89
205	201
205	334
206	262
206	306
206	456
208	396
209	214
209	397
209	488
211	179
212	153
213	275
213	427
214	485
215	207
215	301
216	286
217	416
217	446
217	458
218	72
218	350
218	404
219	30
220	379
222	8
223	356
223	448
224	271
225	58
225	475
226	133
226	158
226	171
226	277
227	285
227	410
228	47
228	372
230	94
230	363
230	483
231	296
231	453
232	325
232	326
234	148
234	242
234	310
236	359
237	290
237	403
238	65
238	79
238	113
238	486
240	267
240	361
240	425
240	471
241	136
241	284
241	301
242	38
242	177
243	162
243	264
245	365
245	381
246	213
247	182
247	274
249	416
250	89
250	319
251	317
252	300
254	28
254	103
254	113
255	330
256	424
257	319
257	466
259	17
260	20
260	69
260	359
262	456
263	81
263	230
265	115
265	286
265	340
267	39
267	209
267	341
267	419
268	85
268	293
268	478
269	55
269	174
269	399
270	100
270	170
270	401
270	416
271	16
271	187
271	236
271	264
272	215
273	125
274	437
275	39
275	409
276	296
277	447
277	451
278	14
278	40
278	370
279	172
279	208
279	370
280	173
280	253
280	273
283	316
284	43
284	244
285	75
286	15
286	23
286	227
286	273
286	497
287	373
287	492
288	96
288	446
289	416
290	24
290	293
292	57
292	215
292	258
292	431
293	152
293	441
294	34
294	295
294	365
295	39
296	171
297	234
298	20
298	148
298	272
298	426
299	71
299	76
299	80
299	414
300	19
301	368
302	45
302	73
302	251
302	358
303	95
303	384
304	159
304	331
304	470
304	491
305	296
306	101
306	478
307	30
307	233
307	327
307	340
307	367
307	460
308	236
308	394
309	311
309	437
310	373
310	377
310	461
311	307
312	122
312	264
312	424
313	21
313	91
313	487
314	145
314	185
315	167
315	392
316	118
316	142
317	144
317	215
318	6
319	381
320	9
320	9
320	298
322	57
322	392
323	166
323	173
323	229
324	122
324	137
324	331
324	371
325	320
325	346
325	384
326	156
326	179
327	9
327	99
328	247
328	272
328	364
328	417
329	125
329	155
329	416
331	106
331	388
331	424
332	63
332	352
332	371
332	374
333	415
334	351
334	413
334	497
335	218
335	421
336	78
336	375
336	419
337	27
337	57
337	93
338	25
338	36
339	488
340	65
341	226
341	475
342	57
343	146
343	274
343	412
345	111
346	194
346	276
346	389
346	457
347	209
347	437
348	9
348	29
348	266
348	362
349	240
349	244
349	286
349	461
350	384
351	61
351	101
351	117
351	211
351	349
352	9
352	171
352	436
353	14
353	35
353	43
353	160
354	46
355	395
355	442
356	162
356	329
357	201
357	274
358	261
358	495
359	88
359	91
359	114
359	328
360	292
360	405
362	106
362	244
363	181
363	261
363	413
364	89
364	201
364	411
364	437
365	6
365	120
365	190
365	335
365	468
366	97
367	183
367	283
369	436
369	478
370	147
371	287
371	436
371	488
372	152
372	269
373	195
374	205
374	269
375	169
375	356
375	422
375	493
377	53
377	388
378	15
378	246
379	92
381	6
381	264
381	305
381	374
382	229
382	377
383	450
384	118
384	129
385	11
385	106
385	194
385	230
385	317
386	20
386	51
386	130
386	247
386	308
386	391
387	156
387	228
387	493
388	161
389	2
389	99
389	321
390	368
390	404
391	51
391	117
391	169
391	286
392	165
392	168
392	211
392	410
392	450
393	56
394	125
394	405
395	68
395	170
395	345
396	166
396	190
397	10
397	235
397	266
397	497
398	105
398	125
399	194
399	305
399	487
401	57
401	70
401	93
401	307
401	330
401	394
401	427
401	428
402	34
402	216
402	258
402	303
403	182
406	65
406	212
407	3
407	249
407	363
408	219
409	103
410	14
410	419
411	30
411	264
411	344
411	441
411	444
412	92
412	195
413	113
413	138
413	490
414	2
414	23
414	200
415	18
415	66
415	171
415	312
417	151
417	204
418	60
418	264
418	324
419	64
419	103
419	109
419	225
422	235
423	130
423	234
424	5
424	134
424	313
424	358
425	190
426	268
426	379
427	83
428	185
428	379
429	265
430	121
431	202
431	383
431	489
432	124
432	399
435	123
436	292
437	115
437	212
437	412
438	199
439	217
440	290
440	385
440	412
441	142
441	174
441	200
441	496
442	253
442	299
443	213
443	285
443	441
444	481
445	363
447	293
447	332
447	364
447	460
447	493
448	79
448	363
449	343
449	392
450	90
450	392
452	285
453	304
453	470
455	208
455	240
455	403
456	60
456	61
456	440
457	81
457	93
458	94
458	99
458	154
458	166
458	290
458	395
458	495
459	247
459	335
460	377
461	222
461	240
461	340
461	352
461	361
463	402
463	472
464	486
465	235
466	469
467	154
468	352
469	239
469	328
469	435
470	319
470	435
471	265
471	340
472	222
473	136
473	219
474	197
474	211
475	350
476	499
477	148
478	206
478	466
478	474
479	327
479	487
480	276
480	373
480	430
481	32
481	121
481	153
481	176
481	203
481	360
482	243
482	326
482	420
483	231
484	237
484	403
485	44
486	106
487	106
487	302
487	354
488	211
488	296
488	333
488	333
488	341
488	446
490	331
490	368
491	97
491	140
491	358
492	155
493	43
493	178
493	245
493	295
494	98
494	136
494	167
495	245
495	369
495	423
495	476
496	334
497	302
497	380
497	457
498	420
499	77
