0	10	0	10	1.0
0	49	0	49	1.0
0	129	0	129	1.0
1	166	1	166	1.0
1	137	1	137	1.0
1	127	1	127	1.0
2	192	2	192	1.0
2	102	2	102	1.0
2	197	2	197	1.0
2	79	2	79	1.0
3	60	3	60	1.0
3	109	3	109	1.0
3	197	3	197	1.0
4	162	4	162	1.0
4	127	4	127	1.0
4	104	4	104	1.0
4	82	4	82	1.0
5	105	5	105	1.0
6	33	6	33	1.0
8	54	8	54	1.0
9	168	9	168	1.0
10	53	10	53	1.0
10	0	10	0	1.0
10	129	10	129	1.0
10	58	10	58	1.0
13	173	13	173	1.0
13	123	13	123	1.0
13	166	13	166	1.0
13	4	13	4	1.0
14	68	14	68	1.0
14	53	14	53	1.0
14	129	14	129	1.0
14	139	14	139	1.0
15	46	15	46	1.0
15	122	15	122	1.0
16	46	16	46	1.0
16	27	16	27	1.0
17	157	17	157	1.0
17	178	17	178	1.0
17	103	17	103	1.0
18	122	18	122	1.0
18	63	18	63	1.0
18	16	18	16	1.0
19	87	19	87	1.0
19	183	19	183	1.0
19	103	19	103	1.0
20	81	20	81	1.0
20	95	20	95	1.0
20	31	20	31	1.0
21	6	21	6	1.0
21	33	21	33	1.0
22	23	22	23	1.0
22	143	22	143	1.0
22	50	22	50	1.0
22	55	22	55	1.0
23	194	23	194	1.0
23	55	23	55	1.0
23	113	23	113	1.0
23	134	23	134	1.0
24	189	24	189	1.0
24	123	24	123	1.0
25	82	25	82	1.0
25	62	25	62	1.0
25	56	25	56	1.0
25	123	25	123	1.0
26	104	26	104	1.0
26	127	26	127	1.0
26	131	26	131	1.0
26	56	26	56	1.0
27	183	27	183	1.0
27	87	27	87	1.0
27	67	27	67	1.0
27	46	27	46	1.0
28	117	28	117	1.0
28	103	28	103	1.0
28	15	28	15	1.0
29	55	29	55	1.0
29	194	29	194	1.0
29	143	29	143	1.0
30	100	30	100	1.0
30	158	30	158	1.0
30	106	30	106	1.0
30	44	30	44	1.0
31	81	31	81	1.0
31	95	31	95	1.0
32	197	32	197	1.0
32	2	32	2	1.0
32	148	32	148	1.0
32	199	32	199	1.0
33	6	33	6	1.0
34	106	34	106	1.0
34	0	34	0	1.0
34	100	34	100	1.0
34	191	34	191	1.0
35	179	35	179	1.0
35	121	35	121	1.0
36	103	36	103	1.0
36	87	36	87	1.0
36	142	36	142	1.0
36	157	36	157	1.0
37	2	37	2	1.0
37	96	37	96	1.0
37	91	37	91	1.0
37	192	37	192	1.0
38	100	38	100	1.0
38	139	38	139	1.0
38	58	38	58	1.0
38	68	38	68	1.0
39	190	39	190	1.0
41	73	41	73	1.0
42	55	42	55	1.0
42	134	42	134	1.0
42	194	42	194	1.0
42	22	42	22	1.0
43	23	43	23	1.0
43	101	43	101	1.0
44	108	44	108	1.0
44	158	44	158	1.0
44	30	44	30	1.0
44	175	44	175	1.0
46	15	46	15	1.0
46	27	46	27	1.0
46	157	46	157	1.0
46	16	46	16	1.0
47	68	47	68	1.0
47	49	47	49	1.0
47	126	47	126	1.0
47	93	47	93	1.0
48	28	48	28	1.0
48	117	48	117	1.0
49	93	49	93	1.0
49	10	49	10	1.0
49	129	49	129	1.0
50	143	50	143	1.0
50	23	50	23	1.0
50	170	50	170	1.0
51	73	51	73	1.0
52	190	52	190	1.0
53	10	53	10	1.0
53	108	53	108	1.0
53	14	53	14	1.0
55	23	55	23	1.0
55	138	55	138	1.0
55	194	55	194	1.0
56	137	56	137	1.0
56	82	56	82	1.0
56	189	56	189	1.0
57	99	57	99	1.0
58	139	58	139	1.0
58	10	58	10	1.0
58	68	58	68	1.0
59	61	59	61	1.0
59	56	59	56	1.0
59	25	59	25	1.0
59	130	59	130	1.0
60	79	60	79	1.0
60	3	60	3	1.0
60	109	60	109	1.0
60	132	60	132	1.0
61	104	61	104	1.0
61	131	61	131	1.0
61	59	61	59	1.0
61	25	61	25	1.0
62	107	62	107	1.0
62	123	62	123	1.0
62	25	62	25	1.0
63	103	63	103	1.0
63	157	63	157	1.0
63	18	63	18	1.0
66	170	66	170	1.0
66	50	66	50	1.0
66	92	66	92	1.0
66	143	66	143	1.0
67	27	67	27	1.0
67	163	67	163	1.0
67	87	67	87	1.0
68	129	68	129	1.0
68	139	68	139	1.0
68	93	68	93	1.0
68	58	68	58	1.0
73	184	73	184	1.0
73	165	73	165	1.0
74	161	74	161	1.0
74	138	74	138	1.0
74	143	74	143	1.0
74	29	74	29	1.0
75	35	75	35	1.0
76	50	76	50	1.0
76	113	76	113	1.0
76	143	76	143	1.0
77	96	77	96	1.0
77	91	77	91	1.0
77	85	77	85	1.0
77	132	77	132	1.0
78	95	78	95	1.0
78	31	78	31	1.0
79	60	79	60	1.0
79	109	79	109	1.0
79	2	79	2	1.0
79	91	79	91	1.0
80	102	80	102	1.0
80	171	80	171	1.0
80	133	80	133	1.0
81	20	81	20	1.0
81	31	81	31	1.0
82	196	82	196	1.0
82	56	82	56	1.0
82	153	82	153	1.0
82	25	82	25	1.0
83	61	83	61	1.0
83	82	83	82	1.0
84	99	84	99	1.0
84	186	84	186	1.0
85	77	85	77	1.0
85	114	85	114	1.0
85	132	85	132	1.0
86	40	86	40	1.0
87	19	87	19	1.0
87	27	87	27	1.0
87	103	87	103	1.0
87	36	87	36	1.0
88	157	88	157	1.0
88	19	88	19	1.0
88	122	88	122	1.0
89	55	89	55	1.0
89	144	89	144	1.0
89	23	89	23	1.0
90	62	90	62	1.0
90	123	90	123	1.0
90	196	90	196	1.0
91	77	91	77	1.0
91	96	91	96	1.0
91	132	91	132	1.0
91	79	91	79	1.0
92	170	92	170	1.0
92	152	92	152	1.0
92	101	92	101	1.0
92	66	92	66	1.0
93	49	93	49	1.0
93	68	93	68	1.0
93	129	93	129	1.0
93	198	93	198	1.0
94	187	94	187	1.0
95	81	95	81	1.0
95	31	95	31	1.0
95	78	95	78	1.0
96	77	96	77	1.0
96	91	96	91	1.0
96	132	96	132	1.0
96	2	96	2	1.0
97	86	97	86	1.0
98	33	98	33	1.0
98	6	98	6	1.0
98	185	98	185	1.0
99	84	99	84	1.0
99	193	99	193	1.0
100	30	100	30	1.0
100	38	100	38	1.0
100	160	100	160	1.0
100	129	100	129	1.0
101	23	101	23	1.0
101	134	101	134	1.0
101	143	101	143	1.0
102	2	102	2	1.0
102	150	102	150	1.0
102	192	102	192	1.0
103	36	103	36	1.0
103	181	103	181	1.0
103	178	103	178	1.0
103	157	103	157	1.0
104	26	104	26	1.0
104	61	104	61	1.0
104	4	104	4	1.0
105	5	105	5	1.0
106	30	106	30	1.0
106	108	106	108	1.0
106	68	106	68	1.0
107	62	107	62	1.0
107	56	107	56	1.0
107	127	107	127	1.0
108	44	108	44	1.0
108	106	108	106	1.0
108	129	108	129	1.0
108	53	108	53	1.0
109	79	109	79	1.0
109	91	109	91	1.0
109	60	109	60	1.0
109	3	109	3	1.0
110	190	110	190	1.0
110	151	110	151	1.0
111	151	111	151	1.0
111	52	111	52	1.0
112	23	112	23	1.0
112	55	112	55	1.0
112	152	112	152	1.0
112	194	112	194	1.0
113	23	113	23	1.0
113	55	113	55	1.0
113	50	113	50	1.0
114	77	114	77	1.0
114	85	114	85	1.0
114	91	114	91	1.0
114	60	114	60	1.0
115	188	115	188	1.0
115	175	115	175	1.0
115	129	115	129	1.0
115	160	115	160	1.0
117	28	117	28	1.0
117	122	117	122	1.0
117	103	117	103	1.0
117	156	117	156	1.0
118	0	118	0	1.0
118	100	118	100	1.0
118	47	118	47	1.0
118	126	118	126	1.0
119	146	119	146	1.0
119	98	119	98	1.0
120	124	120	124	1.0
120	60	120	60	1.0
120	150	120	150	1.0
120	114	120	114	1.0
121	179	121	179	1.0
121	35	121	35	1.0
122	157	122	157	1.0
122	117	122	117	1.0
122	178	122	178	1.0
123	62	123	62	1.0
123	173	123	173	1.0
123	189	123	189	1.0
124	120	124	120	1.0
124	2	124	2	1.0
124	77	124	77	1.0
124	150	124	150	1.0
125	23	125	23	1.0
125	170	125	170	1.0
126	47	126	47	1.0
126	100	126	100	1.0
126	198	126	198	1.0
126	129	126	129	1.0
127	26	127	26	1.0
127	62	127	62	1.0
127	4	127	4	1.0
127	56	127	56	1.0
128	183	128	183	1.0
128	15	128	15	1.0
128	19	128	19	1.0
128	103	128	103	1.0
129	175	129	175	1.0
129	68	129	68	1.0
129	10	129	10	1.0
129	198	129	198	1.0
130	162	130	162	1.0
130	24	130	24	1.0
130	61	130	61	1.0
131	162	131	162	1.0
131	61	131	61	1.0
131	26	131	26	1.0
131	173	131	173	1.0
132	77	132	77	1.0
132	96	132	96	1.0
132	91	132	91	1.0
132	60	132	60	1.0
133	102	133	102	1.0
133	2	133	2	1.0
133	80	133	80	1.0
133	77	133	77	1.0
134	194	134	194	1.0
134	23	134	23	1.0
134	101	134	101	1.0
135	173	135	173	1.0
135	56	135	56	1.0
135	90	135	90	1.0
135	25	135	25	1.0
137	56	137	56	1.0
137	173	137	173	1.0
137	82	137	82	1.0
137	196	137	196	1.0
138	55	138	55	1.0
138	23	138	23	1.0
138	152	138	152	1.0
139	58	139	58	1.0
139	68	139	68	1.0
139	10	139	10	1.0
139	38	139	38	1.0
140	170	140	170	1.0
140	134	140	134	1.0
140	23	140	23	1.0
140	55	140	55	1.0
141	78	141	78	1.0
141	167	141	167	1.0
142	103	142	103	1.0
142	36	142	36	1.0
142	27	142	27	1.0
143	50	143	50	1.0
143	170	143	170	1.0
144	89	144	89	1.0
144	55	144	55	1.0
145	69	145	69	1.0
146	119	146	119	1.0
148	77	148	77	1.0
148	96	148	96	1.0
148	2	148	2	1.0
148	91	148	91	1.0
149	150	149	150	1.0
149	192	149	192	1.0
149	2	149	2	1.0
150	2	150	2	1.0
150	197	150	197	1.0
150	180	150	180	1.0
150	102	150	102	1.0
151	190	151	190	1.0
151	52	151	52	1.0
152	55	152	55	1.0
152	138	152	138	1.0
152	112	152	112	1.0
153	82	153	82	1.0
153	56	153	56	1.0
153	62	153	62	1.0
154	49	154	49	1.0
154	198	154	198	1.0
154	129	154	129	1.0
155	159	155	159	1.0
156	117	156	117	1.0
156	122	156	122	1.0
156	28	156	28	1.0
156	103	156	103	1.0
157	122	157	122	1.0
157	103	157	103	1.0
157	46	157	46	1.0
158	30	158	30	1.0
158	44	158	44	1.0
158	100	158	100	1.0
159	155	159	155	1.0
160	100	160	100	1.0
160	93	160	93	1.0
160	115	160	115	1.0
160	49	160	49	1.0
161	113	161	113	1.0
161	55	161	55	1.0
161	112	161	112	1.0
161	101	161	101	1.0
162	130	162	130	1.0
162	131	162	131	1.0
162	4	162	4	1.0
162	26	162	26	1.0
163	67	163	67	1.0
163	122	163	122	1.0
163	103	163	103	1.0
163	117	163	117	1.0
164	157	164	157	1.0
164	122	164	122	1.0
164	46	164	46	1.0
164	103	164	103	1.0
165	73	165	73	1.0
165	184	165	184	1.0
166	1	166	1	1.0
167	141	167	141	1.0
168	9	168	9	1.0
169	60	169	60	1.0
169	199	169	199	1.0
169	180	169	180	1.0
170	50	170	50	1.0
170	143	170	143	1.0
170	23	170	23	1.0
170	140	170	140	1.0
171	79	171	79	1.0
171	192	171	192	1.0
171	2	171	2	1.0
171	80	171	80	1.0
172	178	172	178	1.0
172	103	172	103	1.0
173	137	173	137	1.0
173	189	173	189	1.0
173	123	173	123	1.0
173	131	173	131	1.0
174	199	174	199	1.0
174	77	174	77	1.0
174	2	174	2	1.0
175	198	175	198	1.0
175	129	175	129	1.0
175	44	175	44	1.0
175	139	175	139	1.0
176	76	176	76	1.0
176	125	176	125	1.0
176	194	176	194	1.0
177	50	177	50	1.0
177	143	177	143	1.0
178	103	178	103	1.0
178	122	178	122	1.0
178	172	178	172	1.0
178	15	178	15	1.0
179	121	179	121	1.0
179	35	179	35	1.0
180	77	180	77	1.0
180	150	180	150	1.0
180	171	180	171	1.0
180	79	180	79	1.0
181	103	181	103	1.0
181	157	181	157	1.0
181	46	181	46	1.0
181	36	181	36	1.0
182	15	182	15	1.0
182	103	182	103	1.0
182	28	182	28	1.0
183	27	183	27	1.0
183	19	183	19	1.0
183	87	183	87	1.0
184	73	184	73	1.0
185	98	185	98	1.0
186	193	186	193	1.0
186	57	186	57	1.0
188	115	188	115	1.0
188	10	188	10	1.0
188	58	188	58	1.0
189	24	189	24	1.0
189	56	189	56	1.0
189	173	189	173	1.0
189	137	189	137	1.0
190	151	190	151	1.0
190	52	190	52	1.0
191	100	191	100	1.0
191	30	191	30	1.0
191	106	191	106	1.0
192	2	192	2	1.0
192	199	192	199	1.0
192	79	192	79	1.0
192	171	192	171	1.0
193	186	193	186	1.0
193	99	193	99	1.0
194	134	194	134	1.0
194	23	194	23	1.0
194	55	194	55	1.0
194	112	194	112	1.0
196	82	196	82	1.0
196	137	196	137	1.0
196	1	196	1	1.0
197	2	197	2	1.0
197	150	197	150	1.0
197	91	197	91	1.0
198	175	198	175	1.0
198	129	198	129	1.0
198	139	198	139	1.0
198	93	198	93	1.0
199	174	199	174	1.0
199	192	199	192	1.0
199	2	199	2	1.0
199	79	199	79	1.0
