0	175	0	175	1.0
0	81	0	81	1.0
0	141	0	141	1.0
1	54	1	54	1.0
1	127	1	127	1.0
1	155	1	155	1.0
2	102	2	102	1.0
2	199	2	199	1.0
2	37	2	37	1.0
3	6	3	6	1.0
3	116	3	116	1.0
4	26	4	26	1.0
5	119	5	119	1.0
6	85	6	85	1.0
6	96	6	96	1.0
7	178	7	178	1.0
7	15	7	15	1.0
7	69	7	69	1.0
7	183	7	183	1.0
8	54	8	54	1.0
8	127	8	127	1.0
8	83	8	83	1.0
9	190	9	190	1.0
9	119	9	119	1.0
9	5	9	5	1.0
10	53	10	53	1.0
10	58	10	58	1.0
10	68	10	68	1.0
11	35	11	35	1.0
11	134	11	134	1.0
11	75	11	75	1.0
12	185	12	185	1.0
12	80	12	80	1.0
13	151	13	151	1.0
14	68	14	68	1.0
14	53	14	53	1.0
14	78	14	78	1.0
15	69	15	69	1.0
15	19	15	19	1.0
15	65	15	65	1.0
15	178	15	178	1.0
16	46	16	46	1.0
16	27	16	27	1.0
16	28	16	28	1.0
16	122	16	122	1.0
17	69	17	69	1.0
17	178	17	178	1.0
17	19	17	19	1.0
17	15	17	15	1.0
18	168	18	168	1.0
18	157	18	157	1.0
18	84	18	84	1.0
19	87	19	87	1.0
19	183	19	183	1.0
19	69	19	69	1.0
19	15	19	15	1.0
20	30	20	30	1.0
20	10	20	10	1.0
21	79	21	79	1.0
21	91	21	91	1.0
22	23	22	23	1.0
22	55	22	55	1.0
22	170	22	170	1.0
23	55	23	55	1.0
23	170	23	170	1.0
24	127	24	127	1.0
24	130	24	130	1.0
24	1	24	1	1.0
25	111	25	111	1.0
25	61	25	61	1.0
25	104	25	104	1.0
27	46	27	46	1.0
27	16	27	16	1.0
27	28	27	28	1.0
27	122	27	122	1.0
28	103	28	103	1.0
28	46	28	46	1.0
28	27	28	27	1.0
28	16	28	16	1.0
29	74	29	74	1.0
29	89	29	89	1.0
29	113	29	113	1.0
29	177	29	177	1.0
30	78	30	78	1.0
30	160	30	160	1.0
31	81	31	81	1.0
31	40	31	40	1.0
31	86	31	86	1.0
32	197	32	197	1.0
32	192	32	192	1.0
32	91	32	91	1.0
33	60	33	60	1.0
34	30	34	30	1.0
34	78	34	78	1.0
34	58	34	58	1.0
35	184	35	184	1.0
35	73	35	73	1.0
35	75	35	75	1.0
37	2	37	2	1.0
37	132	37	132	1.0
37	102	37	102	1.0
38	44	38	44	1.0
38	108	38	108	1.0
38	118	38	118	1.0
39	61	39	61	1.0
39	104	39	104	1.0
40	86	40	86	1.0
40	81	40	81	1.0
40	31	40	31	1.0
42	55	42	55	1.0
42	22	42	22	1.0
42	23	42	23	1.0
43	101	43	101	1.0
43	194	43	194	1.0
44	108	44	108	1.0
44	38	44	38	1.0
45	165	45	165	1.0
46	27	46	27	1.0
46	16	46	16	1.0
46	122	46	122	1.0
46	28	46	28	1.0
47	126	47	126	1.0
47	108	47	108	1.0
47	118	47	118	1.0
48	28	48	28	1.0
48	103	48	103	1.0
48	46	48	46	1.0
50	73	50	73	1.0
50	184	50	184	1.0
50	71	50	71	1.0
52	61	52	61	1.0
52	159	52	159	1.0
53	10	53	10	1.0
53	14	53	14	1.0
53	68	53	68	1.0
54	62	54	62	1.0
54	1	54	1	1.0
54	110	54	110	1.0
54	8	54	8	1.0
55	23	55	23	1.0
55	195	55	195	1.0
55	170	55	170	1.0
56	187	56	187	1.0
57	168	57	168	1.0
57	99	57	99	1.0
58	10	58	10	1.0
58	68	58	68	1.0
58	188	58	188	1.0
59	137	59	137	1.0
59	107	59	107	1.0
59	153	59	153	1.0
60	33	60	33	1.0
61	104	61	104	1.0
61	52	61	52	1.0
61	25	61	25	1.0
61	159	61	159	1.0
62	54	62	54	1.0
62	127	62	127	1.0
62	1	62	1	1.0
64	159	64	159	1.0
64	104	64	104	1.0
65	15	65	15	1.0
65	183	65	183	1.0
65	67	65	67	1.0
65	72	65	72	1.0
66	73	66	73	1.0
66	50	66	50	1.0
66	35	66	35	1.0
67	87	67	87	1.0
67	72	67	72	1.0
67	19	67	19	1.0
67	183	67	183	1.0
68	58	68	58	1.0
68	10	68	10	1.0
69	15	69	15	1.0
69	19	69	19	1.0
69	142	69	142	1.0
69	87	69	87	1.0
70	114	70	114	1.0
70	98	70	98	1.0
71	134	71	134	1.0
71	50	71	50	1.0
71	184	71	184	1.0
72	67	72	67	1.0
72	15	72	15	1.0
72	69	72	69	1.0
72	19	72	19	1.0
73	184	73	184	1.0
73	35	73	35	1.0
73	50	73	50	1.0
73	134	73	134	1.0
74	138	74	138	1.0
74	29	74	29	1.0
74	112	74	112	1.0
74	177	74	177	1.0
75	184	75	184	1.0
75	73	75	73	1.0
75	35	75	35	1.0
75	134	75	134	1.0
76	55	76	55	1.0
76	23	76	23	1.0
78	30	78	30	1.0
78	68	78	68	1.0
78	14	78	14	1.0
79	91	79	91	1.0
79	171	79	171	1.0
79	192	79	192	1.0
80	171	80	171	1.0
80	105	80	105	1.0
80	197	80	197	1.0
81	86	81	86	1.0
81	31	81	31	1.0
81	40	81	40	1.0
82	196	82	196	1.0
82	153	82	153	1.0
82	137	82	137	1.0
82	166	82	166	1.0
83	54	83	54	1.0
83	24	83	24	1.0
83	162	83	162	1.0
84	168	84	168	1.0
84	99	84	99	1.0
85	6	85	6	1.0
85	96	85	96	1.0
86	81	86	81	1.0
86	40	86	40	1.0
86	175	86	175	1.0
86	198	86	198	1.0
87	19	87	19	1.0
87	69	87	69	1.0
87	183	87	183	1.0
89	144	89	144	1.0
89	152	89	152	1.0
89	113	89	113	1.0
89	29	89	29	1.0
90	196	90	196	1.0
90	107	90	107	1.0
90	82	90	82	1.0
91	79	91	79	1.0
91	197	91	197	1.0
92	170	92	170	1.0
92	55	92	55	1.0
95	129	95	129	1.0
95	97	95	97	1.0
96	6	96	6	1.0
96	85	96	85	1.0
97	95	97	95	1.0
97	129	97	129	1.0
97	13	97	13	1.0
98	114	98	114	1.0
98	70	98	70	1.0
99	84	99	84	1.0
99	168	99	168	1.0
99	182	99	182	1.0
100	129	100	129	1.0
100	95	100	95	1.0
101	143	101	143	1.0
101	194	101	194	1.0
102	2	102	2	1.0
102	133	102	133	1.0
102	180	102	180	1.0
103	28	103	28	1.0
103	122	103	122	1.0
103	163	103	163	1.0
103	46	103	46	1.0
104	61	104	61	1.0
104	64	104	64	1.0
105	197	105	197	1.0
105	91	105	91	1.0
105	171	105	171	1.0
107	90	107	90	1.0
107	153	107	153	1.0
107	137	107	137	1.0
108	44	108	44	1.0
108	47	108	47	1.0
109	132	109	132	1.0
109	2	109	2	1.0
109	102	109	102	1.0
110	54	110	54	1.0
110	1	110	1	1.0
110	62	110	62	1.0
111	25	111	25	1.0
111	64	111	64	1.0
111	61	111	61	1.0
112	152	112	152	1.0
112	113	112	113	1.0
112	138	112	138	1.0
112	74	112	74	1.0
113	112	113	112	1.0
113	89	113	89	1.0
113	138	113	138	1.0
113	29	113	29	1.0
114	70	114	70	1.0
114	98	114	98	1.0
115	44	115	44	1.0
115	118	115	118	1.0
116	149	116	149	1.0
116	85	116	85	1.0
116	3	116	3	1.0
117	168	117	168	1.0
117	99	117	99	1.0
118	47	118	47	1.0
118	126	118	126	1.0
118	115	118	115	1.0
119	5	119	5	1.0
119	190	119	190	1.0
120	79	120	79	1.0
120	91	120	91	1.0
120	197	120	197	1.0
121	170	121	170	1.0
121	55	121	55	1.0
121	125	121	125	1.0
122	46	122	46	1.0
122	163	122	163	1.0
122	103	122	103	1.0
122	28	122	28	1.0
124	6	124	6	1.0
124	85	124	85	1.0
124	96	124	96	1.0
125	23	125	23	1.0
125	170	125	170	1.0
126	47	126	47	1.0
126	118	126	118	1.0
127	62	127	62	1.0
127	1	127	1	1.0
128	183	128	183	1.0
128	15	128	15	1.0
128	19	128	19	1.0
129	95	129	95	1.0
129	97	129	97	1.0
130	162	130	162	1.0
130	24	130	24	1.0
130	62	130	62	1.0
131	162	131	162	1.0
131	1	131	1	1.0
132	109	132	109	1.0
132	180	132	180	1.0
132	2	132	2	1.0
133	102	133	102	1.0
133	2	133	2	1.0
133	180	133	180	1.0
134	71	134	71	1.0
134	73	134	73	1.0
135	52	135	52	1.0
135	25	135	25	1.0
136	141	136	141	1.0
136	40	136	40	1.0
136	81	136	81	1.0
137	82	137	82	1.0
137	196	137	196	1.0
137	189	137	189	1.0
138	152	138	152	1.0
138	112	138	112	1.0
138	74	138	74	1.0
138	113	138	113	1.0
140	170	140	170	1.0
140	23	140	23	1.0
140	55	140	55	1.0
141	175	141	175	1.0
141	198	141	198	1.0
141	136	141	136	1.0
142	69	142	69	1.0
142	15	142	15	1.0
142	87	142	87	1.0
143	101	143	101	1.0
144	89	144	89	1.0
144	29	144	29	1.0
144	152	144	152	1.0
144	113	144	113	1.0
145	193	145	193	1.0
146	150	146	150	1.0
147	154	147	154	1.0
147	10	147	10	1.0
147	68	147	68	1.0
148	2	148	2	1.0
148	132	148	132	1.0
148	180	148	180	1.0
149	116	149	116	1.0
149	6	149	6	1.0
149	85	149	85	1.0
151	13	151	13	1.0
152	138	152	138	1.0
152	112	152	112	1.0
152	89	152	89	1.0
152	113	152	113	1.0
153	82	153	82	1.0
153	196	153	196	1.0
153	166	153	166	1.0
153	107	153	107	1.0
154	147	154	147	1.0
154	20	154	20	1.0
154	188	154	188	1.0
154	30	154	30	1.0
155	1	155	1	1.0
155	24	155	24	1.0
155	127	155	127	1.0
156	36	156	36	1.0
157	168	157	168	1.0
157	99	157	99	1.0
157	18	157	18	1.0
158	106	158	106	1.0
159	64	159	64	1.0
159	52	159	52	1.0
160	30	160	30	1.0
160	78	160	78	1.0
160	147	160	147	1.0
161	55	161	55	1.0
161	23	161	23	1.0
161	76	161	76	1.0
162	130	162	130	1.0
162	131	162	131	1.0
163	122	163	122	1.0
163	103	163	103	1.0
163	27	163	27	1.0
164	157	164	157	1.0
164	168	164	168	1.0
164	18	164	18	1.0
165	45	165	45	1.0
166	82	166	82	1.0
166	196	166	196	1.0
166	137	166	137	1.0
167	198	167	198	1.0
167	175	167	175	1.0
167	0	167	0	1.0
168	18	168	18	1.0
168	84	168	84	1.0
168	157	168	157	1.0
168	99	168	99	1.0
169	199	169	199	1.0
169	180	169	180	1.0
169	174	169	174	1.0
169	102	169	102	1.0
170	23	170	23	1.0
170	140	170	140	1.0
170	92	170	92	1.0
171	79	171	79	1.0
171	192	171	192	1.0
171	80	171	80	1.0
172	193	172	193	1.0
173	56	173	56	1.0
174	199	174	199	1.0
174	2	174	2	1.0
174	180	174	180	1.0
175	198	175	198	1.0
175	141	175	141	1.0
175	86	175	86	1.0
176	134	176	134	1.0
176	184	176	184	1.0
177	29	177	29	1.0
177	89	177	89	1.0
177	113	177	113	1.0
177	74	177	74	1.0
178	15	178	15	1.0
178	69	178	69	1.0
178	7	178	7	1.0
178	19	178	19	1.0
179	165	179	165	1.0
179	41	179	41	1.0
180	102	180	102	1.0
180	2	180	2	1.0
180	132	180	132	1.0
181	142	181	142	1.0
181	67	181	67	1.0
181	178	181	178	1.0
182	99	182	99	1.0
182	84	182	84	1.0
182	168	182	168	1.0
183	19	183	19	1.0
183	87	183	87	1.0
183	69	183	69	1.0
183	128	183	128	1.0
184	35	184	35	1.0
184	73	184	73	1.0
184	75	184	75	1.0
184	50	184	50	1.0
185	12	185	12	1.0
185	91	185	91	1.0
185	197	185	197	1.0
186	168	186	168	1.0
186	117	186	117	1.0
187	56	187	56	1.0
188	10	188	10	1.0
188	58	188	58	1.0
188	14	188	14	1.0
188	154	188	154	1.0
189	137	189	137	1.0
189	196	189	196	1.0
189	166	189	166	1.0
191	139	191	139	1.0
192	79	192	79	1.0
192	171	192	171	1.0
192	197	192	197	1.0
192	91	192	91	1.0
193	145	193	145	1.0
194	101	194	101	1.0
195	55	195	55	1.0
195	23	195	23	1.0
196	82	196	82	1.0
196	137	196	137	1.0
196	166	196	166	1.0
196	90	196	90	1.0
197	105	197	105	1.0
197	91	197	91	1.0
197	32	197	32	1.0
198	175	198	175	1.0
198	141	198	141	1.0
198	86	198	86	1.0
199	174	199	174	1.0
199	2	199	2	1.0
199	169	199	169	1.0
