-0.3932401084597332	2.9052904633349366	1.8416425556902871	0.7307554738674233	-1.2219117482929143	3.3705683326590101	-0.1038606699465194	4.0543954459428369	3.5267524690699190	-0.6245580534923880	3.6858167471212973	1.7126349843487296	-3.0822748297886378	1.7818707782057335	1.1415211574003963	3.0203164471123158	-3.7804064339914873	1.7994300826562473	-1.9517306906074137	-2.3698098830848733	2.9135974323022475	0.3958505774280721	-2.4298288813358955	1.6098271380909279	0.3185202910417859	4
-1.2061924617830404	0.3712061409818287	-0.5826115638249709	1.2173347123744067	0.3697026766921555	3.4169574985824971	-2.0190941575385972	-1.4348299728136600	1.2556167857629585	0.3128662413605621	0.5749854839561563	-0.1830745844407310	-0.3018105421504481	-2.2830208471076618	-0.9689031567540296	0.7493127756012107	2.8187532356449831	0.3404544860048532	2.5025051925808492	1.1988039631737206	1.0709578605116576	0.7308566268682222	-0.3476838480729176	-1.8017725984928541	0.7341769479614710	3
2.4539765360224162	1.1883660733486445	0.9993509178446809	1.0597782960096516	-3.9712735522612017	1.8993515089474209	1.7413254462928218	-0.4130292934547054	0.2679066510919805	-0.3916851900787267	1.2221729121995231	0.3124051646711890	-2.0478025837329854	3.3397300648548254	-2.5137757254488085	2.2544077692110154	-2.0456259587823680	-2.5042570400427326	1.5310267781608187	-1.9686249838798338	-0.7556160788413846	0.1299187102300539	-0.2289645689959822	-0.8781810640939152	0.7728195813334481	1
-1.2681859751259592	-1.5433655117020020	3.8810600477595858	-0.6320963139824962	-1.9194892770091234	2.9338275266548588	-0.4409365466597203	1.5433336466815464	3.2184113993450820	0.7212415492821969	1.1680800350433524	0.8218406755627118	-3.8000565058769551	-1.3089880966527641	-1.3926199066586753	-0.7626024726945069	-0.6275639125392427	0.7405624524362548	-2.2059792150318334	1.5075586446925506	-1.1824608254596676	-0.3299996757670332	-2.5427327262542576	-4.2829759096659359	-0.6198398947860924	2
-0.1751028118872304	-2.4025154534365107	2.6411119843495738	-0.3444967033122002	-2.6879837486539202	2.2510096308229004	-1.3000108254902092	3.1781883566447755	2.8767742477714147	0.6654473773893861	0.5711231346254859	-0.5425692828591776	-2.7668164671701798	-1.2894236370812027	-0.3675267589808984	2.3048708201073262	-1.2434880384062088	2.4110119714936804	-0.7806525893449245	4.2024447420455049	-2.3394211141379344	1.6589385748512704	-3.4820153992773530	-4.2962382424154919	-1.0172195706939973	2
0.6512470596213508	0.8174149995128777	-2.3131003388578688	0.6195057491007079	-0.2930294294217551	-0.3012225167514868	1.0754175964463795	1.1156646319491674	1.2881613256703657	3.2184172856825803	0.9058491792704194	-2.1377503674607281	-1.8524484326809993	3.2100319227603151	-3.3969431872748421	-3.8531773409044581	0.1303498144202162	-2.0662120967264146	-0.9649650608555460	-3.6987300155950500	-2.8854670994035101	1.2986619915085871	-3.6806344556401580	0.4584145998362668	1.3222086628714533	0
0.4016905121100043	0.3434400367424335	0.8604927767906752	1.0946941358731912	0.1848973545487380	2.7183990916138874	-1.2722524081943487	0.6342070539266690	4.1709721843917382	-0.3316078104478206	3.3639909216032331	1.9825523348045930	-3.1557547475083534	0.1054068209122809	2.2285052240781531	1.7282254022659758	-2.9580368869554539	0.8397195366741953	-1.2187476160293969	-1.4993618218982170	2.3159594096578955	-0.4012450793201364	-1.1000050823661884	1.6805150202093972	1.0005101569352441	4
2.0146867953800203	-2.0084140401172084	3.5137845100611567	0.1648499064803832	-2.6711088617520646	4.9309706844586643	-0.9342358533988053	1.7348008241321600	3.0429599682966528	-0.5150301895273520	2.1052320077356881	2.1339315445634766	-2.7727081001208962	1.2739181847437182	-1.0214149557670749	2.3661470524623187	0.1397506678100975	-0.2805460354076003	-1.8737412137116773	2.4434694951830020	-1.5242837191269607	0.4547946837004813	-1.6432332124211473	-3.3207235715845380	-0.3577283853673187	2
-0.5772465611086268	-0.1757610104555251	-3.5272536930915006	0.0738395696226122	-0.4888463288491529	0.4478956512131501	-5.2155227191431610	-0.9745601454232413	0.8950007578312863	1.2803200349339190	-0.8418597000950898	-0.6840956413906224	-1.1264225429652921	-0.9836249952853002	-2.3807656963387718	0.8130763699218692	2.5429920879726353	1.0668143972043183	0.8123333237866504	-2.1513912771868071	0.6654598916085464	0.9404318993384666	2.6871225254990403	-1.8648434855118610	0.3195286355925456	3
-1.9399341935208434	0.1475306902166540	2.4786335612922392	0.3612120654128750	-2.3600413481587896	3.7022297512613096	-0.2740134321950317	1.3302341564549907	5.1996441533667319	0.1114252047886260	3.3559724164281262	-0.1923229534393246	-2.4051229927151980	1.2912340138692611	-0.0718172611434842	3.7520916652117693	-1.1586495366820913	1.1531998677413406	-1.3563760804411642	2.9200952035710017	-3.9528897466980091	0.5351852347825020	-2.9028878108114373	-2.0690818346157624	0.4455558450839253	2
0.8207385163662022	2.5581300348355889	-0.1029010463982615	3.1109408954664191	-0.9219420067158313	2.7263088955969739	-1.3664914775646941	1.4444156051496231	3.5646362418073574	-1.5485642963049635	2.6973817659549910	2.1919976776305172	-1.6927798087855326	2.4933714583687774	1.5387137887289333	1.8473945887752385	-2.0763593798440909	1.1638209069075587	-2.8332902378061688	-3.4360397359086958	2.1329715926477153	-0.8683503315387167	-0.2226018171104407	2.1225193528200075	1.4951955134866557	4
3.2664316199006271	-0.4026685447533001	0.0217372289801827	1.0691203103576596	-1.8165289220757417	3.4611515727999640	4.9275210408252290	-1.3154183991386685	-1.0704719414434034	1.4136166186032446	1.2986233675523091	-1.2253319633437370	-1.3104963896410093	3.2763663995205214	-2.5129483635402328	1.6573492204207514	-2.8775022422520586	-3.3683748894162377	1.4900027660926900	-1.9428035901677840	-0.1294495082908755	-2.7928436391233440	-0.1578440838115106	-1.8344501241561424	3.1606590826087242	1
1.5594145733958544	4.1225653152553479	0.9215006031928062	2.5137291762810943	-0.2292849661131428	2.2402435988899532	-2.4671624491752038	1.4666678575712500	2.5825870307080407	0.3676803433753075	2.2980870036405001	2.7313753431536756	-1.4697983640906633	1.8249111356767806	1.0887737558880342	2.7516720887828736	-1.3167867012137160	0.7034945441308422	-3.1462936417852840	-0.8717169042590973	2.2899660692515464	-0.0625269440207411	-0.6625201907168610	1.3625006286280470	1.4649708922264786	4
-2.8541859454710736	-1.0722395022873346	-2.3106850578984099	0.1805992277602269	-0.9560979646999392	1.8861145505901455	-0.6698473046924740	-2.0780548464472304	0.4902428777107987	0.1041765062797957	0.8753365807873850	0.3919806254695775	1.0265786191416715	0.4735436036332572	-0.7142890528814581	1.7526396675692990	2.4548378930756303	0.1585996391583785	0.8463313525573235	-0.7008015258987890	2.1448985210962648	0.9512249626355944	0.8950717291155111	-2.6900438574155334	3.2994088052513031	3
-1.5779875258188363	-1.5628864053145051	1.3229318301370510	1.1253751233634084	-2.5619161148147453	3.6810927756324614	0.0313441214123106	1.1900565889389911	2.3079442905618275	3.4096646492907769	1.7255659446670817	1.2729134035550882	-0.4309649907564923	0.2198640840323872	-2.1678709810556525	2.3531586651910970	-0.7652747281991271	0.6888739340972969	-2.6091902079314258	3.6321346950127937	-0.7671251603334823	1.5363035037013562	-3.6065758285892326	-2.2354613449234346	0.7448385130360287	2
2.8132476832878721	2.6987861698842788	-0.4701972631574745	0.7500747510239431	-2.9558265470781029	3.8343395363316706	3.4595375055838051	-0.8385682517459458	-0.1041699187059751	-0.8778091267297436	0.4887274866024309	-1.4943728185964336	-1.8714065274990364	4.1372874633301748	-1.6669468913815964	3.0109386641146991	-0.6708149371701404	-4.2105569829993215	2.3008265532476004	-2.9852024626907765	-0.7921108123597543	-2.6222282930738956	-1.5176008932515577	-1.4301042088932281	-0.2491732129461237	1
1.3122770704111439	1.3073850680832666	1.1658053341340051	1.3696991887862600	1.5659059899189458	1.5759928426602823	-0.6830466453928893	1.7804549165639865	4.0564327004251943	-1.6579658243209991	0.1058275285609569	2.1506143078901405	-2.9355362260019562	0.2620426754750298	-0.3309285752433579	2.9294826125385995	-4.1406096764045435	0.2784409871078544	-1.7194072962875615	-0.9762993777839335	1.5439031055677721	1.1061865405009543	-3.1363330553318756	0.3706692360278314	2.4269077046003495	4
2.8270192549336910	0.9471180363795954	-0.0792962983616292	1.2377005334791211	-2.1664483885877122	2.3817495748966540	2.2993672595367802	-0.9904810606557179	1.0740602168480344	-1.3172943423991896	-0.0009568754974335	-2.1936009373664906	-1.1578991826278624	3.9674921370340841	-0.8451387750966264	2.2768602165173299	-2.4741728640470688	-4.0628440152451564	1.3110474076307668	-2.3956342261029935	0.8744168277497529	-3.6099473289107245	0.2909546559103323	-0.7987825970304282	1.0863787884586382	1
-0.6262072356867185	0.2970787386453939	-0.5260413834477397	1.4747311355741179	-0.4533972244217248	-2.6130968709642381	0.0487519038980166	1.1127185924484477	1.0153292960675140	3.0978810370478405	1.9822040258425786	-1.8788706225848133	-1.4182203841780003	2.0508865431420289	-4.7368161675288016	-1.8365456643260016	-2.1537438900737103	-3.6803122543587525	0.0680810960203616	-1.1396064200540632	-2.1384023064069866	1.2639688984445574	-2.2147577791761526	-1.6622211758119207	-0.0202423189944190	0
1.7896490682316974	1.7994869556068642	1.4447892079630820	2.9925658406904754	-1.8959373690433066	2.5276246177792938	2.3320827253088843	-0.4089714945311693	0.1529013069372267	0.2646345388582128	0.3623984230653005	-1.0308420821025126	-1.2836463104625291	4.1302505806870542	-0.3726254359601007	2.4612017187818278	-2.5651666603882015	-2.6439771283562581	1.3312219596791273	-3.2971034802093553	1.4766432835234848	-2.6206113385529282	0.6893697900501623	0.1396079328700744	-0.2204945801445088	1
1.1414350914008375	2.6796630968437221	0.2262898497156989	4.4218381182516282	0.9319484566569577	1.7500515111449542	-2.4587144679186039	2.3950654112059029	2.7886414109151150	-0.7274893629208006	4.1396050281492318	0.1609168323178245	-0.7491174068243889	2.2241759680207567	1.5211098845600675	1.5406721797019534	-1.5634413463032879	0.3697314590384022	-3.0147675811077068	-1.3177973335047020	0.6633893108125354	-1.0059759711855190	-2.5740152309851743	0.9620401310325917	1.7193785077292572	4
2.3595845380590279	-0.8917794767965130	1.8719686399661271	1.4271710292555473	-1.9810861232087169	1.8423862398711728	2.7964113749009427	0.6479960147186337	-0.9174622042856320	0.2773185293866374	2.6190625953976219	-2.6352280901509157	-2.7372351401409412	3.2068716699192081	-3.0417750240689747	2.8172547444136127	-4.5291954935628835	-3.7522157083092447	-0.0883366124748590	-4.3890756550616050	-0.1580390628630805	-4.3293371896382693	-2.4605017281648900	-2.1584819906399346	1.0505633723782659	1
-0.5667805428821165	-2.2669734644880095	2.3856914993008180	1.8784963879434109	-3.8410789924733524	1.2907875484225113	-0.8896533830947543	-0.5358689915076811	1.7732154492379140	0.7725348579030162	0.5197467826096229	-0.2289552060909243	-1.4906078664888933	-0.2952551042395508	-2.3292299907603380	3.2366290382619343	0.2861074825905989	1.5012374181477606	-2.0254082260374693	1.8668156137080869	-4.6800669574617810	1.4843793940067400	-1.8166868063041384	-2.0142049218711358	1.3671268762327526	2
1.4525320145605130	-1.0739610860452342	4.0904522349495194	1.5140254537658822	-0.9761352512214904	1.6297660214691148	-0.7632209758786533	2.1269612743968325	1.2572686331546705	-0.3752818084483394	2.4413117664899153	0.6532331583449692	-3.5231375956063724	-0.6927035400884700	-1.8624896850375681	3.6594210306226174	-0.6713300802210995	1.2686337569822601	-1.9803740620759265	3.6775061545462870	-2.6956630367167964	-0.2398914439729458	-2.7537702357938034	-2.3373602669097937	-1.6052668293905172	2
-2.0899490839244930	1.3981504683504666	-0.8086598647809726	0.3552454566899615	-0.2210566181726724	1.4331197896130423	-1.5978440989188130	-0.2797441849719793	-1.7942327789243451	-0.0709774674165887	0.2905617255359603	0.8076560549488525	-0.6079492749419769	-1.0735437024979420	-3.2500984766146130	1.4361131742220379	1.8521583676121389	-0.4394464534721896	3.1859142586174261	-2.6115092041423615	-0.0752041140392191	2.0283702718149912	1.6157059032767216	-0.6342026479308909	0.4906145521669794	3
0.8689986362636790	1.5770749166928606	1.3234647825482500	1.8737229391980130	-1.1886654569304382	-2.4378347653702033	0.1671233176945297	-0.7100908634457022	1.7382720812758721	3.1005028195002247	-0.0444080125824537	-2.2256717547030656	-3.4769796910494937	3.8833665937371182	-1.8193823682151602	-3.0248117971816497	-2.7731241817365682	-3.6553313134345644	1.4149258185057016	-3.6992731368300289	-1.7780863745200677	0.7908908586965113	-1.5359324503132425	0.2894228131266915	-0.9221974163668336	0
0.7847344650685237	0.0078690860389779	0.0243535810960825	-1.4814106665443585	-0.0407179975811763	-1.8335782514445436	1.0024058681572912	0.0212533960510818	1.7751185711957216	2.4997209591770226	2.9413532159786513	-1.4563297665374295	-2.9332404945967494	3.1036062849472135	-1.2393030813051935	-2.5563582591693788	-1.3116765816828346	-1.9122745870993532	0.4528712628704262	-2.6943854774318896	-2.9127886101584215	1.5213073391906540	-2.0317598946529540	-0.4535060783035367	0.4772950608612494	0
-1.4926230458845222	-0.3553841778990938	2.7524395984844006	0.8699024678240393	-2.9773859435667611	2.8486309221504329	-0.0810947214058744	0.5693500063758353	1.9415707928703669	-0.8682394087691561	-0.3286204736260729	-1.1626904965034972	-3.3507127129697611	0.4587088628618011	-0.9596011957378301	2.3160169471195693	0.1762063790345847	0.3489598464074430	-3.1813410666843289	2.7203218327616510	-1.5845781841145987	-2.7349089294030793	-2.1968278829967711	-1.8619558673176102	-0.5778092086789322	2
3.3535100895632968	1.1610438351853862	0.5040236473615464	3.1286547871172448	0.2275966915257641	1.4568672809383245	-0.0829495921886190	1.1807915675262628	3.2764423108325347	-2.1119770231453656	2.0233687600651491	1.3137346125941609	-2.2090564741426992	1.2500616082383533	1.8088427999442702	2.4710084971953163	-3.4865062834111522	-0.9016028495491302	-2.3166775509755038	-3.2995948213525246	1.7498514455530363	-0.3083652199325526	-1.5914094957164715	0.5958664152571764	-0.6522740270744378	4
1.3253273061689619	2.3855320882778601	0.0434703134737864	0.6318716190113257	-2.6812278579783153	1.7310571815352083	3.7643326987806920	-1.2682360703807887	0.5350000723748870	0.8158157283434747	0.4385912827572499	0.9840852152802184	-0.4039842986601896	3.8870470521641298	-1.1441719108235668	2.3784114431953913	-3.1435247281186252	-2.5367784510162794	-0.6949164604764766	-2.6086439207526162	1.2608775707453594	-3.8034577528084181	0.1753734552088754	-1.8064331543268328	2.0201775231811232	1
1.5256814577745668	0.3211476740691586	-0.1124946123010818	-0.7232814653795542	0.3180199569022932	-0.9135539435034528	2.0646044677059505	-1.0150481605772002	1.1189569050130908	1.3818248641006141	3.6826666800652461	-2.5664336486195736	-2.2766149691948447	1.2906708378028711	-1.1330991928751619	-1.3526451143936422	-1.9573626015855834	-1.1005761985152942	0.7455022958793212	-1.5315604801063993	-2.3227383953286642	3.3197348352597440	-1.8721514615040160	0.2980754007778983	0.5375743329257388	0
3.7354804867760825	1.1655374838463626	0.7332033587170017	0.0033286427139203	-2.5220081552029892	1.6285734459397130	2.7338432867125753	-0.3938741252301211	0.1913742753952448	0.2494833984886086	0.4667047709524830	-1.1570478930965773	-0.6070390086680961	3.1113430480421895	-1.2506892039795989	1.0023719619729563	-1.8352813774949523	-4.3617456518769089	1.4156135002291939	-1.3764206899990996	-0.7637398991862403	-2.1018686884355029	1.3103597129819675	0.2802990306965796	0.4130148337393864	1
2.3781898983594618	0.3524919596019311	0.0574060799131124	-0.3173580266842084	-3.4704023642942841	0.3533670755147047	3.7028796213934507	-1.3921536013586207	-0.6893641975367616	-0.6644637654224099	1.0817266239781382	-2.1726320297475370	-0.6602661804499346	2.3595394774558831	-2.4436202851976354	1.8657420226923740	-2.1167787365790658	-1.5930677043110699	2.6187080063861892	-1.2809999367317615	-1.8257334359865725	-1.3654281862660465	0.8814337946168651	-0.3948741212264034	2.0267009045956650	1
-1.4503913807438324	-1.4246362634879692	-0.7357560097366760	-1.7624787855659214	-0.5678721763696912	2.1107217563976728	-1.2794783032358255	-1.8051586638257917	-0.1225909521484904	0.3472150727339564	-1.0665413443619873	0.3253803031802316	1.5212012101253030	-0.8235297726507067	-3.7455026528964579	0.7596544064105751	2.2558767446874328	-0.8286601247449288	3.2717526529014420	-1.0634712858950219	-0.1137993271932994	0.9017980287426535	1.4284790287758935	-0.4620511301250252	0.6821069695253128	3
-2.1051938508602133	-1.4827902303402476	-1.8982065543357602	0.4312109470332629	0.3065896642602408	0.9374619315121095	-1.9613880028863107	-1.3110429465680660	0.7033285520402647	2.1191371071502569	-2.4625994566559894	-1.8230409525754783	0.2409807680275842	0.9973370908340184	-2.3158108006283395	0.6784219660049714	1.9694840931812816	-0.8631325403017576	3.5397758700274720	-1.4071876339337011	0.6695602126612759	0.1769410615491770	2.3986506645591925	-1.8618637023599760	2.3464966551087807	3
-0.5283266597551866	-1.6182290240314932	3.7620411865811469	1.3676522368835751	-1.8864719516208555	3.1129975117898705	-1.1511528356325138	2.3224139714291416	1.8504668934851480	-0.3917239278037588	4.0782310030409334	1.2202416404682372	-2.9206318987748001	0.9471892262557176	-2.6501704556724635	2.0474018485752881	-1.2339523934374450	1.5939672873722199	-1.1276388618522892	3.3863247880062164	-3.0587862466377791	-1.8136423657456786	-1.3672828900865215	-1.5894673265181192	0.1968811900434504	2
-1.0242461090181716	-2.1492836404808791	2.0382147402163082	0.3420944478944078	-2.0689050409512983	3.8639204169033605	1.3927416423896473	1.4311624733273316	1.6962803867534011	0.1028227306190374	0.3946356105176043	0.8171427930273188	-3.7518962374735025	-1.1745967047793664	-3.1088065643607932	2.4300706234401512	0.7190288340675834	0.9877462719607746	-3.2721090047173025	1.7162432724454524	-2.2341577401438011	-1.1088530086031816	-2.6696638579997942	-4.0878525020531988	-0.3416890904185943	2
0.5460085001970482	1.1996456918220320	0.3478500260125206	3.7567026274950619	-0.2094943243803260	2.7861259546867339	-2.5358081487467352	0.3961234060405614	3.2224213535421544	-1.6958009314072515	1.7127397316002393	1.8071670434822469	-2.0449917365736874	0.9257181266864803	1.6215455480093546	2.3752834817532138	-0.9150293211720082	0.4447500283191992	-2.5156003074742754	-2.3400110008510122	0.2298022523979377	-0.2781108336129601	-0.6553847454013078	3.3773036626986528	0.8509382551475759	4
3.0697120773944211	3.4061607734128598	2.0990763981832803	1.3692107721236479	-2.6868586558676473	3.5421116288846357	1.9989158061289194	-0.4262942349327369	1.9190572715202363	0.1091996372727419	0.5254475211080060	-1.5196603076868818	-2.1290224751858351	4.9487435290372073	-1.3662957825766073	3.1634819737291968	-1.5730203448338427	-2.7749640227453267	1.4080690644319767	-3.7203997854349184	-0.1477806202631083	-4.4618165724883747	-0.4547815188607573	0.3258155519425434	0.7280626871739886	1
-0.8790936450730755	-0.6490453695471197	-3.3915826704115637	-1.1844971735197325	1.4647361407577053	1.4303761669414998	-2.4212012283856619	-2.4516135933260270	1.7929760564239312	-0.3024676501155028	0.4670620125262875	0.2420552315511384	-0.7062741214679253	-0.5684490813915962	-0.5978354128638412	1.7689248825500741	2.8660007322511101	-0.3709080340780176	1.8728041886423312	-3.1603675164374279	1.3253474660784894	0.2664635710199730	1.9030791825052020	-2.6507778280881422	0.3210820205287260	3
-1.7231834762000839	-0.3037082643407951	-3.1813639978648807	-0.7826409766177687	1.4594785055449031	2.1233992013865501	-1.3385554386408716	0.3507271638400529	0.8599911414034476	1.6714102895835599	0.5830000635636419	-2.4545498443490792	-0.4006121757282874	-0.5551869364728949	-0.7513237660189924	1.7249386867956837	2.0511430103104598	0.9761475768167831	1.2158196179958276	-2.3158836213273388	0.6669726678520955	-0.3708740235519077	3.6325893694342497	-2.7122818489670939	-1.1642514267411670	3
1.7476623698917395	0.2051302252195069	1.4887765457386992	0.8225134808632050	-3.6784733083218404	4.1124171324687646	1.9613551004181229	-1.0088324700409934	-0.2518265749857357	-0.2471833828203637	1.3194578465827398	-2.5378193752983296	-1.7594428125043065	4.2511217382986022	-4.4250026739156292	2.3326957554851728	-1.8780912669865684	-4.1471962592000429	2.8962122554255227	-2.8151551111264821	0.5279255556373401	-3.0866485660955658	-0.7775813497258620	-1.6571203996247608	1.7666194557164314	1
-1.2820765192859089	-2.6679292128146397	-1.0497254642205993	-0.1510039088736588	-0.7033823838909667	1.7424629466980948	-3.0871036857478358	-3.3194277988948802	0.5699523933929092	1.2549817704706796	-0.8874722143838775	-0.9588464203299366	-1.2994555446122200	0.5113002968970728	-4.1745867714209863	1.0119954268290423	1.7309138669024340	1.8762089375306930	1.1044384198555810	-2.1979697801449416	1.7405732218255794	-1.0671195719232223	1.1893444712357015	-2.4741552415764332	1.5186221147138357	3
1.7373367058086036	-0.1339702121715405	0.5389016468785293	-0.5666753336453670	-1.6951581338889590	-1.0297168257280465	0.6401625947330529	0.6120669767283931	0.4014301808999878	2.3745415480846881	2.7225639571574627	-2.0126061602037320	-3.2062589412010398	3.6665645521002457	-2.7519906091219575	-2.3269236147390568	-1.2878805797509287	-3.6206331995661616	1.4090512347090149	-2.2994716871954917	-1.5844248405523920	1.0064209250407434	-1.1180275162158675	-0.4613495346526251	-1.3898444119835127	0
1.6189716390430080	-3.0994180588259446	3.4981625778661600	1.3880540855481556	-0.4944145455883084	2.6043581954186816	-2.3336064095283544	1.0739268711550656	3.1854199101858827	-0.3752461001028243	2.8789948272162560	-0.4234819456683955	-1.8889131081115753	-0.1626415525360600	-0.8111860098120456	2.2536499580465876	-0.8973199734225192	0.7122464199959049	-1.5451095190896427	3.4233432501024144	-0.4248249704195617	0.6210968553508195	-1.6258666918321132	-2.8798166109191490	-0.5235251364063656	2
0.9747890976837802	-0.4902983969476742	-0.1541875631907573	-0.4553286022989568	-0.0648977001821014	-1.0423506607992574	1.4166286301055506	-0.3417530775902540	2.0772262206415570	3.4634325200315685	2.4622557354899834	-2.8073001258228225	-2.6575296191638249	1.4871057499992812	-1.5110853055085818	-1.9127757905879008	-2.3913175188700402	-2.7750529131181234	1.1299278876228001	-1.6405621691207892	-1.1867633678641671	1.5301414449543602	-2.0142142638866947	1.5204541605728619	-2.4026440796886277	0
-0.8869525240197303	-2.2072734553614435	1.7966003992708721	0.2911269088533832	-3.0739650303629809	4.3145170598135287	1.2307924204261107	0.8729121645318335	2.5273180179324668	-1.2684461180232258	0.3316548975112987	1.0568274947054908	-2.3773754324122423	-0.9219817019336312	-2.7376594417192233	3.3975663018870743	-0.7431038398373931	0.1800045043949612	-3.1478126479094382	1.4098362633656933	-1.8431013809760246	0.5214486976553807	-1.0674662416143894	-2.8644937823190117	-0.4118541261241549	2
2.5930832058886302	1.1637444606572140	0.7123514124140011	2.1388368719305570	-2.7423717529224994	2.9838569049074009	1.0993680699216044	0.0902016212321156	1.4377749106251161	1.8082839048212558	0.5152566242947830	-0.6475217922978117	-1.7524930215503109	4.3851479902218795	-1.5635602441419878	2.4698506450148261	-2.3068118594043359	-4.5417128925149832	1.4429029103729398	-0.6036276654496588	0.4834630087496549	-3.8770376246713996	-1.3444646941097096	-0.4062528971818263	1.8785045089671555	1
1.6916263230186961	2.1116141761389686	1.3594691942269328	2.5063737575661733	-0.8389930167510449	0.6538561349812830	-2.9049145041782181	1.1280011528914706	2.9594396327788148	0.0138975548416077	1.9670367991564552	2.5415976795371957	-4.2265543895032369	3.0645337327210953	-0.4947114434681559	4.1744185384291974	-1.5317697423723433	1.7944485957405962	-3.6571424088083431	-1.2992988767693425	2.6712548241342562	-0.4048787290063858	-0.1950030631184156	1.0903164904226579	-1.1574437871609811	4
-0.4749483189465585	-0.9634741211758163	-2.4458473682308286	-0.8444612659501858	0.8517779990311325	0.2309583399033417	-2.2037597418372146	-1.3848461551564359	0.5431818994297716	-0.9464543150993852	0.1356869634964052	-2.2705578569710592	1.9710247514512163	0.8001173048484653	-3.4405589862972015	1.7497294840766691	2.6983122277559759	-0.7393548699323331	3.2183823337594930	-0.2314202285587619	1.5547649706998958	2.0446283910947893	0.0966511438531130	-1.7890625849442978	0.8797933917051892	3
0.3157067556499278	-2.0884464212918394	3.4116471164941577	0.2981709775736536	-1.8422388793490212	3.5234891968058784	-0.1125617352158514	2.3270607826876142	3.5246254873128464	0.0492378291022647	1.3792666879769737	-0.2633034490819322	-2.8737565375522247	1.8084566820630392	0.3588999671871813	-0.7510782339968234	0.4915179816887028	-1.1808746641850083	-2.7702901139436400	4.3992071005515374	-2.6076362813091705	-0.1402611933857384	-3.4991733997941319	-3.4581583863650809	-2.2845047150999909	2
3.3848346131830018	0.8928394879342543	1.9219509218618338	1.6337394218854142	-0.4639006941470596	2.8830772904612578	3.4435047622656794	-1.3591493360051907	-0.5315804945768859	-0.2376252359572905	-1.2465717894118011	-0.8927005714687435	-1.6530019816520078	4.4866229639789914	-1.5525792958029503	0.2638102869680112	-2.1104980598537408	-1.4663925611039850	-0.0517756417601165	-1.5734113961426823	0.7652964577681411	-2.6630375075640496	0.4206293184198557	-1.0536031298666706	1.6604285307680928	1
2.3360289409930708	2.1810635522959636	0.3793467212461322	1.3722396168641839	0.1088027661953739	3.0443866627481890	-1.9076546198859501	2.4008283036313007	3.8661626455289508	-0.5714453550297121	1.7885079773577450	2.7468127651553504	-0.6678689039159220	0.8650679449839394	0.8725657697249232	3.2341766539037842	-3.5225749058761644	-0.0007041726199889	-0.1346538053367126	-1.9282460038572218	0.8013170206452008	1.9199123026157960	-1.0036970500288298	0.7361044530687851	-0.3333583884915821	4
-0.7816340985174787	-0.1368917064663330	-2.0034281223594501	2.5961035890142261	0.8486556860231670	2.2280694970987840	-1.1929182985401718	-2.3201614536830082	-0.7727916285907088	2.1185350544091683	-2.7329914664053976	-0.7778192625967171	-0.3840240720800346	-0.6241083808002770	-2.5660902231372362	1.9462352733222563	1.7018313026557230	1.7256137024883289	2.9451921614953416	-1.6566563147011228	0.0075505732022851	0.3669923449604759	1.4411695781611085	-3.1060544748810122	-1.1709656506446482	3
-0.5403678246175228	0.9790664006353340	-0.7195248683748982	-1.9516591351921846	-2.3569924669706497	-2.5604861183627365	1.0328199503024289	1.7871510839957241	2.6473359161135397	2.3137998773020625	2.4204597125863128	-2.3467688721276563	-0.5764937494049986	4.4035517105861706	-2.7370243536895189	-1.5807542533564602	-2.0297730737212567	-3.2016678776812588	1.5576086672968277	-1.9709292904130460	-2.8913000414871295	-0.5001401234801053	-0.8165706921943627	-1.0399766244834299	-0.7964765047833073	0
-0.8727766673537003	2.0290357695170305	0.1319027020704064	2.7031733705051799	1.4513566537229179	1.5394945110635319	-1.8085419225902211	3.3085491662874995	2.7130313987811481	-0.6090452751619990	5.4897225731506714	1.0217965537248217	-1.3456846890475478	2.0367671224682313	1.7399070430182397	2.7989350818882350	-2.5778538307853713	2.5617679413791725	-2.3242918728991375	-3.7129343042686589	1.1729349315581530	-0.4305501024669480	-0.9643050708569324	2.4482404335487957	-1.2776170764668853	4
-0.5416391643198781	-1.7056451540818360	-0.7904276713880136	-0.9661311069755874	1.3471681988012199	-0.3148783960558943	-2.4156082258332723	-1.1736360682561624	1.1728373028090751	0.3407625621674167	1.0871359416110993	-0.7679044607082515	-0.4148392943882702	0.2341243540507701	-0.5045743886321463	1.0686769284112070	1.1492488919729986	1.7259584056711332	0.3410162513412409	-1.4898404495475623	-0.4323622239105098	0.0667528406058066	2.5204405818009490	-0.1605683081629836	-0.7047325867028369	3
-1.2887896777641370	-1.9074917693013469	-1.3350938680555022	0.9628275886107882	1.8208071312621925	0.7140318852446037	-3.2354967455980304	-1.0935863240798915	0.6835132922013066	2.1403089272392055	-0.3592878892792404	-1.4277688336137504	-1.6687672219661138	-0.1021779142229188	-3.2129020483999455	-0.2725431293335292	2.1491590262647269	1.4844309926449766	0.5438125010610775	-3.1229264909300287	-0.3265622741141651	-0.1845995663173480	1.4372508516772040	-0.7212649841730114	-0.6404401235709045	3
1.0279598657249784	2.2564220707549025	0.7002500920620216	2.4948897507909011	0.1326285079774547	2.7484633325483157	-2.5069032736164409	1.1880903091708384	3.4585123113854013	-1.0632977730103828	3.8549675923956892	2.6374905559986916	-3.7870132967000520	0.2199299384881179	2.7781940699635008	1.5931160187805058	-3.6536014211138816	-1.0582830370204022	-2.9944800515308234	-2.9560807511076712	2.4648353458479799	0.8769778203904139	-2.1412508388424367	1.0617696166659125	-0.2125258915035865	4
0.1155009997460031	-0.1716305956780781	0.9390421569410292	-1.7468448961647913	-0.6791942363843503	-0.3909528210194118	0.4710268748879960	-0.0700869800479136	2.1125677674934962	1.9480067564562882	2.5730890078974320	-2.5472147056435515	-1.3311725325503787	1.9252421279775263	-4.5327465232905233	-2.3067260743742439	-2.6558650356609736	-3.2178008760569914	0.3068766258542880	-2.6399658066218499	-3.8510691620425499	-0.9306933086215436	-1.9117081956903546	0.0548197909930105	-0.2730667383587743	0
0.2714831727019841	0.2248589022818043	0.1248048453285191	-0.1090597171632592	-1.3889199286630962	-0.1479632918336482	0.5139567956141559	0.9622568699517220	4.0357503005975062	2.8786922365825349	1.8051449127925669	-1.8451023614382949	-1.8109301820268247	2.6040730160871544	-0.7567334310075582	-2.0247908265310057	-1.9781789055883459	-2.6483905144518212	0.5438032089603356	-1.9361393327688958	-3.3595614837885193	0.9881588191355826	-2.7135039573497819	0.0032818256037451	-1.1209136930964270	0
0.1523108107417336	-0.7646644825343788	0.4094854255832535	-1.5383953364687479	-1.2959092203017379	-2.2671751141106782	1.0342156738342514	1.7076707985924371	3.7468838553948087	3.0305911085459400	2.8680557559253752	-1.6831774681586400	-1.6242114468191149	3.5300173410550597	-2.9465287638713278	-3.1520033515549750	-1.7445596970118133	-4.1078770696662374	-0.6023928654138966	-0.0655994973430527	-1.0360122495747190	2.4152345535296442	-2.5025156738767373	-1.0020864433293337	-0.7218264336885230	0
0.5362177399577599	-0.6340508998749804	0.0641798776488984	-0.8232564591309290	0.2919807717399125	-0.1402987113941716	0.0641096304733306	1.2156802392949646	3.1255845885906233	1.3269980088362594	0.8149897010545450	-2.0924304068499864	-4.6726753378354138	3.1238503012252501	-5.8432194543358964	-1.6803716217016007	-0.5531803421312343	-3.5452681071146506	-0.5855731538504019	-3.1937356032679833	-0.5015482520089924	1.7755829854241005	-1.8449573218679416	0.2190825936671673	0.5193707856068264	0
2.5661281321311260	3.1493046805047045	-0.8433207331449017	2.8896855575168918	-3.1435407143524285	1.6933337221440827	1.3242247683281432	-0.6212975691056410	0.3899644271992133	1.8970152205475541	-1.1874418039465913	-0.7784863438240923	0.1476894697593631	0.5090435117877976	-3.4199318266780416	1.3968171706682111	-1.9046297709715438	-3.5939178654316244	3.0875289498108955	-4.3506946464011680	-1.9394791041555735	-4.0452965409623829	0.2038121202743363	-0.6933284131868045	1.7278886506016211	1
2.6606831577487102	0.6013732515266261	2.1302523930218209	1.6887821627664177	-1.4229309076482930	1.9723015334148424	1.8328421671299253	-0.4782259320777953	0.7574571069483987	0.6667824149555479	0.7936975685913286	-0.2142604539287603	-3.8484223157278974	3.0702853558782426	-2.9002448845049424	2.1414379758378699	-3.9328491223331055	-2.2787916933343340	0.6591101965444401	-2.0835199116750869	-0.0158879435330250	-2.7339420959167917	-2.2680225364382647	-0.9952507761898670	3.1447220226869552	1
1.7938621151442367	2.6244607037746590	-0.1375760072167536	3.0393624109472714	-0.0417849593061830	2.4917559460487615	-4.2087291007100571	0.9444155129104133	1.2573683429766596	0.2153923626460702	2.8870271332683992	0.3073139390186572	-1.8387541830745064	2.4878262603566013	-0.2244435792517401	2.6471234044671501	-2.3511084148507240	1.1882971658410848	-3.4207984787531087	-1.2022342066983853	0.1394035249264143	0.1001409525544964	-3.8630362485820071	3.4776290869631965	0.7927778540432515	4
-0.8265611204454366	-1.0348838811551100	3.5401006171341671	0.6491690383883615	-0.6097826154874764	3.4187013754785900	1.0104550354074042	0.9566774120825536	3.5185912335385923	-1.5391224541379358	1.0769519892902626	0.3656529745771903	-1.4864426222364742	0.0056392514454609	-0.7975093356483600	1.1130064181032870	0.8013314498382860	0.8040836938795616	-1.4458725031230069	3.6719949865350596	-1.0012094298169987	-0.3771004200385646	-2.9708536328298880	-3.4678351911885019	0.6752156926286954	2
-0.8239531434929039	-0.3883316496735891	3.0971429650348981	-0.8002358923785375	-0.7468716080861084	2.4546492400407640	-0.3726219590651382	3.0863212269285212	4.9968243102461889	-0.5405378375216052	0.0521228648958554	-0.1633798393814500	-1.2161391956381713	-1.2410750557623802	-0.8265407639858507	1.9634877382859794	1.5865289864381205	-0.2557497533055361	-2.8122261765397649	1.8807633698452129	-3.5619237330452043	1.0355531728006300	-3.4959048774007795	-2.0815531705383323	-0.2711946944303472	2
2.6293630660933109	0.9536126368486578	1.3075263312741681	0.2350195351683151	-3.6971335398691032	2.6928106841512101	1.8487710494532359	0.2396198956273199	-0.2422237469652649	-0.8813814721945601	-0.6218509717349148	-1.2335906149903222	-3.2288141816264542	3.8192707757074853	-1.6099940680491929	2.0974093408886914	-3.5100616169558170	-4.4227438340632128	3.4040123106813054	-0.9054723032846848	-0.6209255012245132	-2.0046030826138526	1.1014741339737484	-2.2348866834262857	1.4637056821745134	1
3.1042639244978640	1.3559458981478216	1.8257072196747415	2.8068905500898298	-3.5226218875940907	3.5328175446801948	2.0334649137925589	-1.6025160041045887	1.5325417400113623	0.4361462216147265	-2.4416866368846528	-0.6407811607355943	-2.4948349636749247	2.2232356239990922	-2.1494768395837216	4.3163282618935366	-1.6353073472261523	-2.6702157315433901	2.2037918114237574	-3.0835560838947051	0.7455897637960837	-3.9650766094215735	-0.1970996977501513	0.3672973009465619	2.7987894712250725	1
-0.9202130453607332	1.2957124404006475	-3.1656993154980464	-0.3510106846199015	1.8551310648490991	1.5736705062627545	-3.1225599531745329	0.0033296674297736	0.7710001471537274	0.2608896169167911	0.4667577645968525	0.4045515324628666	0.3004777410370855	-0.3693573038159859	-2.0961409073378396	0.3302824815884058	2.3915353596206010	-0.0859282283242642	1.5031899310017940	-1.8365706157044426	2.8081214628044715	2.2651033128100835	1.8688388147643171	0.7061217338629679	-0.6487981283803328	3
1.2573950068209030	2.4369223513105647	1.3918448733383346	3.2801392796813378	0.1701626707127523	2.1003140552201520	-0.9941926144896376	0.6012383034476648	2.7074834532186500	-1.1528754079855332	2.5698024268213553	0.8873313244353705	-0.3649900391544789	1.7466032937423139	1.6828972187268283	3.2454961356915182	-2.5997266160878509	0.3940607127185558	-2.0047070588204043	-0.6640989754217310	1.1501324051683728	0.0670162729139825	-0.5708872384916794	1.0228722922745939	0.2727580514962216	4
2.0529162155078939	0.7428523647428151	-2.0575573692748788	0.0163429832501287	-1.3015682683233654	-2.4561972748946186	1.1678415495451864	0.6345389217376105	3.2608198199529657	1.7023614944152521	1.3590182334751393	-1.8823012969958448	-4.1457835050579792	2.5061102518382121	-2.5817977739170885	-4.1894689597770496	-3.0718497167576357	-4.0571564328742760	0.8514047476741772	-1.7327974269160209	-2.9136846547208708	2.6526626302656853	0.1560000045933176	0.0912612066017207	-0.4420690893402719	0
-1.6879569721731111	0.6701856141258169	-0.9439777916583518	-0.9011409083835471	-0.5187910847320476	1.9028864651676616	-2.3904021658574677	-2.7787065210549842	1.0674977918634503	2.0395452770914306	-1.6062474369004123	0.2744135286636564	0.4924828989295581	0.4848608368286484	-2.9496351116385342	1.9881114710891612	2.9350149887350234	0.7230723152217773	3.6537152865725289	-3.2781726140305887	0.4680406106321912	0.8981582362707838	1.3621407534007648	-1.2763956512310197	2.1275721064567357	3
2.5380164231087416	0.3669198931615369	0.9662488770310537	1.9398484816698924	-1.5313714832045853	2.7270089281093330	1.9477820951744640	-1.7954870072143390	-0.8739884625457386	-0.5592702385227950	0.6122735662749078	-1.8800326847884168	-0.9410579117741837	1.6080498951396567	-2.3206853822292675	3.0427542451466811	-3.1380300502577714	-2.1707261892342999	0.4063044115549818	-2.6764511581656829	0.8105526022664228	-2.5732645961986704	-0.8748014422517196	-2.2902000160396963	1.9350088655108042	1
1.1199634828145724	-1.9096149674611791	-0.2517810355812518	-2.2126057988718033	-0.1661923135429962	0.0090932230934220	-1.4914461433165522	0.7058679614930168	3.6769072648650427	1.8121632936218597	3.5504208921031077	-1.0062577773886054	-1.8431132665487140	2.6032479698306235	-2.6624583619407156	-4.5165941061231889	-0.0147196772559131	-3.5463014243246231	1.3305503450775129	-2.1657543523086460	0.1191082957240202	3.1348334556995852	-3.1878322915039403	-1.6542806236948324	-0.1352376379689344	0
-0.3561153044069391	-1.3485728112190041	2.1057935999250610	1.7419734009522267	-1.9847178290236904	4.3899315986396159	0.7758336750204263	1.3712622523996614	4.1160278389528600	0.4054394478903728	1.6506040549610241	-0.5814971600093135	-0.1799829832336368	-0.2487139169777484	-1.7619604632559989	-0.0800958594010233	-0.6592285000333290	0.5447534639520772	-2.4927600326362880	4.0411115792396171	-1.6293904682185887	1.4686467940355719	-3.1935243289603230	-2.7319181261219412	-2.6640614643117919	2
-0.4904168018479738	1.3469295437734945	-1.9322486116248343	0.9284406287018727	-1.7216152717226127	1.0149262740173599	-0.5990540451484812	-0.8586424193332332	1.4583788220168334	1.2478927615287074	0.2447307012994712	-0.5840399462382208	-2.9333710075740624	-0.9167176145560765	-3.0395735792413259	1.7014336653567292	1.6205983755805580	-0.7472883426250296	2.8301138829321419	-3.0461472739753388	0.3716336341075781	0.0265182782826369	-0.3104070198132767	-1.1875529721179781	2.3439357456656480	3
-1.5111323465558044	2.2319000806572955	0.0731106018630414	4.4264573961894413	0.5038751528176846	1.5317572517283251	-1.4285885299191008	2.4924639511172075	3.5080490593859865	-1.2127507796967223	2.4867716622937186	2.3300820935145956	-3.1280589451344953	1.2072277051653355	1.5386166052864014	1.1066198037476596	-2.8220301538076660	0.9652756140384313	-0.7704391241262243	-3.5518249235155634	2.1637592386926343	0.4374795266273060	-2.5239226518698423	1.3433259061204790	0.7321619003960971	4
0.3333161733936509	1.1262047514469642	-0.9370240792700391	-0.4064842906392255	-0.3628299739288033	-0.8030843151115024	1.6967419298025594	0.1380821080707584	2.8333573917388413	3.7759816480116699	2.2238022429215634	-0.3847786481938149	-2.0649565288906278	3.4611613699563115	-3.2146002521637973	-1.3894346119897096	-2.2928256286830782	-3.3607435412465243	0.9317965828306053	-1.9559608933183417	-3.1035619928411737	1.2330730963539780	-3.4446278133449493	1.2050966972739481	0.0606733184636370	0
0.7047769429389312	0.8863437868977263	-0.7796491606498603	-1.0143656206511460	-0.2542048964315571	-2.3335444822786391	0.5229797560576278	1.0880201482198757	0.8236896979295441	3.6871359715244045	2.4024597906487437	-2.3187606415837685	-2.8710993316275495	3.1206740381481959	-2.6570512137326299	-1.0010145300687250	-1.5152281496353799	-2.7072580519277767	-0.9930008764276568	-2.4164270755105561	0.7161589740041312	-0.9096834754324736	-0.8457930291207791	0.2044487455757967	-1.6327757354184553	0
2.2676358428744514	0.2974858468014987	-0.6566346022162929	-0.4098842940031623	-2.0114840979301007	-1.7461859435500324	0.1812938751770178	-0.8149503588687339	4.1654899807233434	1.2272150820681951	2.3506106366392321	-2.6329779609632933	-3.3681143936195626	2.9427459298452106	-2.7473301352683168	-3.3570196015564964	-1.4745117076574696	-4.6044841375315659	1.4914989047022471	-3.4278550886116745	-1.7131263598553341	1.6531900090417528	-3.2339950920172580	0.2324389392343332	-0.9515711067192609	0
1.4144967510855206	1.3355773573552034	-0.6901079031574080	2.4505062419868970	-0.4379102442039747	0.0001592957067680	-1.4247886506006184	2.5780284447160309	2.3382668910485744	0.1677777824986714	3.3631659116923966	1.8884129603622415	-1.0039320591497289	1.7164263955067942	0.8742659741116749	2.1086023997554406	-3.1261192610451416	0.1556248259419591	-2.4674552027498056	-2.9296834066112316	1.4274667257632125	0.6287405297258770	-2.2809533121646925	3.8213942395723706	1.5947308695412525	4
-1.5919924529954974	-2.6858731824637498	2.2990690933330202	0.0483724297998558	-2.2163820591842809	3.2022857885201512	-0.0338076442131388	2.2379601155535394	3.8343382653589115	0.8092516962989100	0.9897078099277682	-1.9965933319329427	-1.7670740234005868	0.5408657476964496	-2.5495921765569411	1.2547254012982998	-0.9607226711532524	0.7357406706318593	-1.7239726597246481	2.8826054371163830	-2.6178191696549522	2.4634386704008131	-3.5513672040000630	-3.7042046807865225	-0.3303113576544066	2
-0.7419314686690712	-0.8226154193677951	-3.7323962340820640	0.4365996469679422	-0.0416952989670993	1.6931336303523890	-2.8743350368534935	-1.5805171864766454	1.7795441773674148	1.0282308744575255	-0.3644897412163204	-0.5863458001100295	1.5424786593896858	0.6996032407826986	-1.0331787585652681	1.2319194780185492	0.2864098129006099	-0.4931118404964056	1.4987291619728436	-3.5159549321288504	0.0102504022400125	0.1013922260876353	-0.1281140085161634	-1.3497197578952269	0.8800929558420989	3
-0.8261993225604058	-2.0148869757086141	2.3216451585138951	0.1356886534965884	-1.5963078258632803	2.3805737876591264	0.0988399299271677	1.1840017359607899	3.6835394931452754	-0.7820544070627299	0.2845344484754593	-0.1007464839087656	1.7386211691540088	-1.3183032053747419	-0.3915273954449154	2.4250719807204302	-0.8799570042805291	1.3802330439994135	-1.3829524006791005	2.9785966618389907	-2.3902222961227784	0.7150123057200879	-3.5029873392659825	-2.3983859104070286	1.1063615620240472	2
1.1334239473260017	2.7711074199703125	-0.7357454841762665	3.2401564130603866	-0.1664418142317778	0.5744334235987898	-2.0728224420864469	-0.5154344894928298	4.6836390253827247	-0.2415187875817515	2.7528420945267844	1.0342482622364579	-3.3020560743262379	2.8423500862989961	0.7895059227192092	2.3258752586982632	-2.0290625581353923	1.0018775337724715	-3.1349872987411027	-2.0678404624058384	1.2864373947227128	1.0699140171027914	-2.8250500727848697	0.8327567157280107	-1.0160399069814949	4
0.6152883344494438	-0.1547712226122516	-1.1495535627908617	-0.3124948467633646	-1.2093526373012840	-1.0836917896127105	0.6447903209220565	1.4396137997640026	1.5432772760819953	1.2852197811933050	2.7220140660526604	-1.7723642349555828	-3.2743453937042766	2.4341412443729316	-2.4307412457460091	-0.8038042173166584	-1.8690598591861196	-1.2068889079595355	-0.3106515490941000	-3.0754163032549044	-3.4030527877473729	2.5458925898846996	-3.2155728316403716	0.5332999689643843	-0.8263054493156456	0
1.0213932682831195	0.0678839580391000	-0.9112739535178452	-0.8123215027039025	-1.9581886089136575	-1.0415469091090439	1.1263849031627347	1.4338620751772280	2.8720941620048865	1.3392541114018450	2.6324891827515584	-0.7902271387567388	-1.7521528888586781	3.0550574859520152	-3.4585802603838722	-2.6387423428024297	-0.4071459692794624	-2.8828440642702597	1.3862889953553641	-1.8840813772636973	-0.5155240861771984	2.0809296951821770	-0.9971373747821173	0.8319239762730277	-0.9778077150885052	0
-0.2406529162313924	-2.0083097450659420	2.2732819440361607	0.8467364655351519	-3.4871599736679624	2.8046154628026652	0.3301447060250646	0.3378991404410627	2.9375770041617737	1.1832381810837600	1.8013347136075812	-0.4566604522935934	-0.6607735259724326	1.5923983224875906	0.5052523735892869	0.8048240629967793	1.3786652785728939	0.1997787591538570	0.1915388678875372	4.6087392529484905	-2.9969913066369038	-0.8245754947466786	-5.1422617157027570	-2.8305372471291164	0.7334066746160421	2
0.8903974959531018	1.2758197317162310	2.3217576491558907	2.8307272113234130	-0.5373139730553583	0.9504013885792060	-0.8736087672886343	1.2425945125597420	2.5412845767852676	-0.7126653587580127	3.2666720886848100	2.3304551254495651	-2.9554068685163868	2.3134001247919560	1.1330979148475593	0.8239204122255013	-2.0377370040118739	0.8186475416690193	-3.3147682472157647	-3.4217379026250865	1.6447515767621979	-0.4673593316020014	-0.8536651589834380	0.1768057255698334	2.3944987529245969	4
-2.1992898821158327	-0.9236967859041642	-0.3364767720856212	0.7646808781163009	-0.1002168389274943	1.5807671047403402	-1.8397117097354370	-0.9977049788258816	1.0483442223359485	0.8332215392870534	-1.0738810712416658	-1.1560303620935122	-2.1422573540660119	-0.6171683232764683	-1.6274211866770554	-0.1214896049241337	4.1180040370364486	-0.3410845630474308	1.1914244047224374	-1.9868877311342428	1.4257281287122632	2.1999847128515451	2.3268092074104167	-2.6178406079486232	2.1354863982022390	3
1.6604307821374258	2.4607135020737476	-0.0740331087592032	1.9823661580895831	0.8586497165198995	3.2911828149677289	-1.2657224917470231	1.6774901685865238	3.6094050658122243	-0.0626329201182798	3.5931583703859200	-0.9529264126400028	0.1587240055958428	1.4832455410595398	0.2487234543906908	0.8609720077595142	-2.0951555626963634	0.2728440393627571	-3.2501916709335883	-2.9713419113261073	5.3917149558890092	1.8043013302086617	-2.5538399183023093	0.7396882821580579	0.0713458653932264	4
-1.8237732210376920	-0.6684557585863276	-1.5384952844088151	0.0844137266538275	3.1536155699578350	0.6877592351279757	-2.3952479299505187	-1.8399510635796004	0.6847232242059440	-0.3294753815981808	-0.5508009162973991	-1.4149434710967623	-0.5340708005169423	0.4061664855121458	-1.1657912244639941	1.7782526378577876	1.2199629373733916	-1.4922481674132833	2.3858199483288915	-2.7941694395514634	1.2254450750331372	-0.9895994770927037	2.3764303366751038	-1.8030348203996271	0.9714313794092881	3
1.9221226108833123	3.2105133575713718	1.2403745613464796	3.1444214945675029	-3.2635573820744397	1.5920135102926880	3.2697332283250349	1.0082876796573932	0.4042030375175176	1.3181919317466475	0.1417640820924976	-3.1998029060091326	-0.5715461300200080	1.3852266973606673	-1.5420107261265115	2.5786145750917417	-2.7207580446163475	-3.0068650065053397	3.9921889071469598	-1.8820084603624472	0.6788053725889996	-3.6443003012604613	-1.1848420656785801	-0.3094230471311684	0.0952580233271703	1
1.0389185695983214	2.8207946863492812	0.9147910729782860	2.7761903962942633	-0.4648809343004119	2.9788093436803473	-2.4991751588257864	2.3763252789800462	3.1322233197181673	-0.5451164629127141	2.8850625620959742	2.2661513827768243	-3.6118473325397096	2.2675228082351904	0.8918542762851764	3.7476388452082419	-2.6709842364828380	-0.3478748959030441	-1.4379870212212538	-2.6793830793329789	3.4117230206181013	0.6638120347140319	-1.2955093817211847	3.3840891259201014	0.5956696306930880	4
3.1473541820252553	1.5248486571853548	1.9064649280318531	1.1741142960781730	-4.8251631176175485	2.1143612704467754	3.4788529352558077	-0.1408827879772315	0.3049839200909744	-1.2124175495023051	1.6319198722512664	-0.6767566730018414	-1.6576373329750698	2.2099036965249796	-3.0410680937873744	2.0911228362066718	-1.7269645579384183	-3.0426639812369825	0.4382169316739963	-3.1676088841027266	0.1959245375954209	-3.4058121842937883	-0.4961528020332118	1.2205728150424562	1.8981623838849560	1
-1.2988548216828197	-1.6042180455176538	2.5098979095578935	0.6132527555778242	-1.5984330167995213	1.5006200584268066	-0.0454081639743692	2.4885707999294064	2.4885037861959294	0.1096322651144772	3.4293250558125710	0.3357076138677696	-1.0085750591237475	-0.1695513960802795	-2.4423489916290055	2.0430572788581527	0.3831475575831510	-2.3119280356377172	-2.3042426231666058	4.0686289118368855	-3.5765708303001746	-1.1472288467794771	-3.9623251878975188	-2.2931369722913226	1.0029379526434423	2
-0.1857398689593379	0.2113607951173485	-0.4023565039022945	-0.9657796068519523	-1.9360048934908292	-0.0997002218717276	2.6698618061419523	-0.3947372024525951	1.4248510406558756	2.2851794044579519	1.9648369213693990	-2.9199086366135152	-5.0809844682057523	3.4020827912419049	-2.8218421508368139	-2.6071894723561009	-2.9567467380973946	-2.6929240030716666	1.5972681260101744	-3.1811179895754287	-1.7943481295447468	2.8757018214882883	-3.1480100656303236	0.7131242763101957	-1.4895447183363699	0
-0.1539494648321200	0.2316440203881819	-2.4456355798799954	0.2820965601497561	0.4582560959451485	1.3238754668480415	-3.4020910074648518	-0.5388897566536460	-0.0463339925883884	2.0069238274015451	-1.5536983128773982	-0.5296600800659633	-1.5960024372330996	-1.3195911899257819	-3.8727429685458361	1.7667817454897818	2.3825903795060408	-1.0648590896794277	1.7360308330092442	-2.4187127425098494	2.3320475301192900	1.3684520028918481	4.4509108784383260	-2.1302436723243292	1.9675171866700645	3
G4
0	95	5.443456679704734	6	6.018716179819291	10	6.3192682491333825	78	6.370442016669853	
1	13	6.581308864414665	91	6.645631430610804	33	6.874027123078022	24	7.139498630751699	
2	31	5.206466604341458	68	5.4668063756843335	32	5.484035596112159	96	5.570070800152677	
3	36	5.512653874989524	66	5.731475138101675	83	6.328021376246499	50	6.359003354923467	
4	83	5.146329668834553	23	6.3326856829541684	3	6.378496370737969	44	6.423950968782577	
5	79	5.907635332851482	26	6.039876205636718	87	6.100468578422307	60	6.736086579612239	
6	58	4.926835034487357	10	5.597794942093083	37	5.684462227035617	71	5.729325349168481	
7	44	5.482516217709408	46	5.987898760499033	66	6.135552177736863	35	6.262301760600154	
8	99	5.144616525211645	57	5.508191593194403	39	5.783485636013305	70	6.1533053779451965	
9	35	6.592191625792972	83	6.597746936628853	66	6.776393185894127	67	6.890826077671141	
10	37	4.353996519334144	12	4.673254822437173	90	4.675959174605291	95	5.037757438059459	
11	74	5.346030359401594	51	5.896926463521197	41	5.94210354926706	17	6.069410822950179	
12	71	4.518150643174802	10	4.673254822437173	95	5.208598838464532	20	5.496127898205731	
13	91	6.3986364460100775	39	6.412642482884174	1	6.581308864414665	84	6.763497688131043	
14	83	6.11354276425557	76	6.249825054474781	85	6.703244874335145	46	7.09243170910064	
15	17	5.042894356315038	38	5.3943854302552445	41	5.729412398904616	31	5.974938857000527	
16	52	6.118530677904551	6	6.347174221281131	28	6.577730827458244	71	6.844535520077731	
17	19	4.438081564783177	31	4.561763624141413	15	5.042894356315038	47	5.0644385228207325	
18	61	5.8992914927252595	79	5.954250771431035	43	5.997281878471136	59	6.090734592560868	
19	17	4.438081564783177	38	4.978196902729242	51	5.620291005094466	31	5.717550439109067	
20	71	5.030598424467542	12	5.496127898205731	65	5.595075928255007	10	5.611449712749738	
21	64	5.966810104816878	74	6.080929983462987	41	6.660196708136219	11	6.923933516291713	
22	46	6.684176135154859	85	6.875857521288494	83	6.990827805208751	14	7.191157530352638	
23	35	5.173341630816163	44	5.4410252642668455	7	6.310602817213526	4	6.3326856829541684	
24	33	5.50523219235829	73	6.160143663448734	77	6.311734074322036	70	6.348583227084133	
25	43	5.582503936764114	81	6.112985524177328	60	6.383621460511902	26	6.4300086430597085	
26	30	4.443896247036789	87	4.527760966485152	43	4.607078443277867	60	4.6891958481326235	
27	36	5.650042622303427	66	6.034270197990742	46	6.134954193851005	3	6.75817058094011	
28	71	5.146987355790369	58	5.4186123265299635	10	5.753433302547976	52	5.926843784857461	
29	17	5.688390107844953	19	5.7904994598563615	74	6.1504926879660395	51	6.206851599315209	
30	26	4.443896247036789	45	5.226392972356479	87	5.266660875706023	43	6.390419358833591	
31	17	4.561763624141413	2	5.206466604341458	32	5.234173232058782	68	5.585571064965742	
32	31	5.234173232058782	2	5.484035596112159	11	6.2207224520256075	96	6.538916309896709	
33	73	5.287696784590599	24	5.50523219235829	34	5.824167390440514	49	5.855506058728499	
34	73	5.305533619920364	93	5.541236023368698	91	5.75633299221095	33	5.824167390440514	
35	23	5.173341630816163	7	6.262301760600154	44	6.3130193705837465	97	6.464085625456303	
36	46	4.131896364247478	3	5.512653874989524	27	5.650042622303427	66	6.114173264286512	
37	10	4.353996519334144	71	5.054338011731816	12	5.641985450175843	6	5.684462227035617	
38	19	4.978196902729242	17	5.224271137944207	15	5.3943854302552445	47	5.548609492662887	
39	93	4.831747608314653	84	5.586617285886756	40	5.690170289383241	8	5.783485636013305	
40	39	5.690170289383241	56	6.06778741078678	93	6.1644135216389415	8	6.407988103937347	
41	15	5.729412398904616	17	5.792672855393679	68	5.881397702936967	11	5.94210354926706	
42	57	5.747602807928125	73	6.248770090409343	34	6.293835088631233	8	6.402617000146314	
43	88	4.594355433894751	26	4.607078443277867	45	5.045900539545126	80	5.342996442690489	
44	23	5.4410252642668455	7	5.482516217709408	66	6.113651819908134	35	6.3130193705837465	
45	60	4.94160197631956	43	5.045900539545126	26	5.215351319732992	30	5.226392972356479	
46	36	4.131896364247478	7	5.987898760499033	27	6.134954193851005	66	6.455742348692381	
47	17	5.0644385228207325	38	5.548609492662887	64	5.57987254704671	19	5.766826371377127	
48	12	5.535453838217609	86	5.853190560506465	95	6.066263079692867	10	6.673518161422476	
49	33	5.855506058728499	34	6.426085414882919	93	6.862046252370275	84	6.900163428841248	
50	76	5.759189345913467	66	6.1818387033154005	7	6.294776882873989	3	6.359003354923467	
51	19	5.620291005094466	17	5.643848158584039	74	5.798261740385467	11	5.896926463521197	
52	71	5.332064134499814	28	5.926843784857461	95	6.1126809028222775	16	6.118530677904551	
53	34	6.508794056627544	57	6.739616992127577	73	6.837251701200584	42	7.097889738419206	
54	59	5.741336305753684	43	5.7552389170853	60	5.776240054628381	88	5.8446398511422	
55	78	6.172659507923636	10	6.174925409404385	20	6.327744833229191	82	6.349394410521007	
56	57	5.3605302601792095	40	6.06778741078678	39	6.277978693760979	93	6.285364829381447	
57	56	5.3605302601792095	8	5.508191593194403	42	5.747602807928125	40	6.521054059853582	
58	6	4.926835034487357	95	5.274096623417385	28	5.4186123265299635	78	5.631800749694427	
59	26	5.66029460596489	60	5.697050005586593	54	5.741336305753684	79	5.747597269466274	
60	79	4.653282751167746	26	4.6891958481326235	45	4.94160197631956	87	5.1291026680624405	
61	88	5.255440916254623	60	5.684305540084796	26	5.870449178251246	18	5.8992914927252595	
62	88	6.198935609391338	43	6.612609101412769	81	6.809264499481039	87	6.832258228745374	
63	94	6.718956295877408	69	7.326739920958896	31	7.594805637537699	17	7.879469727286028	
64	74	5.4201896713917	47	5.57987254704671	21	5.966810104816878	2	6.066627500403654	
65	20	5.595075928255007	82	6.057253711295662	12	6.222905534065255	37	6.311991785120777	
66	85	5.432002728193637	3	5.731475138101675	76	5.924312960500491	67	5.952875462400659	
67	85	5.92897951556623	66	5.952875462400659	83	6.353817318912565	97	6.759814413744083	
68	2	5.4668063756843335	17	5.546159432491777	31	5.585571064965742	41	5.881397702936967	
69	38	5.8498919287683115	47	6.306007194087835	17	6.393349841461884	19	6.549280528457909	
70	8	6.1533053779451965	39	6.2109802851628135	24	6.348583227084133	99	6.881489418314662	
71	12	4.518150643174802	20	5.030598424467542	37	5.054338011731816	10	5.070567990205214	
72	81	5.560911033225527	88	5.993908057894442	43	6.16110658106254	26	6.238781141549241	
73	33	5.287696784590599	34	5.305533619920364	24	6.160143663448734	42	6.248770090409343	
74	17	5.179063881061277	11	5.346030359401594	64	5.4201896713917	51	5.798261740385467	
75	61	6.065321246017211	88	6.166652832623452	81	6.656477664130191	26	6.842530924351814	
76	83	5.278758288749748	50	5.759189345913467	66	5.924312960500491	14	6.249825054474781	
77	24	6.311734074322036	73	6.505665215591965	91	6.977413914259417	84	7.129067637506773	
78	10	5.419031547346018	58	5.631800749694427	95	5.850611678893589	6	5.95854190657009	
79	60	4.653282751167746	26	4.962684630404035	87	5.441154434881565	45	5.529971453346914	
80	43	5.342996442690489	45	5.751917681382981	26	6.269027352042351	88	6.408829109781157	
81	43	5.501726569798962	88	5.528755522488857	72	5.560911033225527	60	5.7922221848795585	
82	10	5.525988010329776	95	5.83784073931152	20	5.934836311721089	65	6.057253711295662	
83	4	5.146329668834553	76	5.278758288749748	14	6.11354276425557	85	6.251441003989861	
84	39	5.586617285886756	93	6.2014318054846305	34	6.331734569066681	8	6.383288716565844	
85	66	5.432002728193637	67	5.92897951556623	83	6.251441003989861	76	6.582113975898112	
86	48	5.853190560506465	71	6.1249424779120645	58	6.216817673015308	10	6.254187522490209	
87	26	4.527760966485152	60	5.1291026680624405	30	5.266660875706023	79	5.441154434881565	
88	43	4.594355433894751	61	5.255440916254623	81	5.528755522488857	26	5.595011719000956	
89	66	6.320071529085692	50	6.546089000247232	97	6.7469470376319896	85	6.874812962664309	
90	10	4.675959174605291	12	5.77435564327673	6	5.827051578830944	78	5.999693983625054	
91	34	5.75633299221095	99	6.0112893600238735	8	6.37020920875223	13	6.3986364460100775	
92	20	7.272447234492179	71	7.3381549295540465	10	7.338412611653412	12	7.455537730243481	
93	39	4.831747608314653	34	5.541236023368698	40	6.1644135216389415	84	6.2014318054846305	
94	19	6.147704455779397	63	6.718956295877408	47	6.784365697920797	17	6.794576468695956	
95	10	5.037757438059459	12	5.208598838464532	58	5.274096623417385	0	5.443456679704734	
96	2	5.570070800152677	31	5.858100867206503	38	5.9341570074495555	17	6.0180725669972785	
97	35	6.464085625456303	66	6.583755160108774	89	6.7469470376319896	67	6.759814413744083	
98	45	5.459649209495991	43	5.52689962991436	87	5.6079518183	26	5.989939311737271	
99	8	5.144616525211645	91	6.0112893600238735	34	6.199716446758995	73	6.7712286139847455	
