2.6067598915402668	5.9052904633349366	4.8416425556902869	3.7307554738674233	1.7780882517070857	6.3705683326590101	2.8961393300534803	7.0543954459428369	6.5267524690699190	2.3754419465076122	6.6858167471212973	4.7126349843487301	-0.0822748297886378	4.7818707782057333	4.1415211574003958	6.0203164471123163	-0.7804064339914873	4.7994300826562473	1.0482693093925863	0.6301901169151267	5.9135974323022475	3.3958505774280718	0.5701711186641045	4.6098271380909281	3.3185202910417857	4
-1.2061924617830404	0.3712061409818287	-0.5826115638249709	1.2173347123744067	0.3697026766921555	3.4169574985824971	-2.0190941575385972	-1.4348299728136600	1.2556167857629585	0.3128662413605621	0.5749854839561563	-0.1830745844407310	-0.3018105421504481	-2.2830208471076618	-0.9689031567540296	0.7493127756012107	2.8187532356449831	0.3404544860048532	2.5025051925808492	1.1988039631737206	1.0709578605116576	0.7308566268682222	-0.3476838480729176	-1.8017725984928541	0.7341769479614710	3
2.4539765360224162	1.1883660733486445	0.9993509178446809	1.0597782960096516	-3.9712735522612017	1.8993515089474209	1.7413254462928218	-0.4130292934547054	0.2679066510919805	-0.3916851900787267	1.2221729121995231	0.3124051646711890	-2.0478025837329854	3.3397300648548254	-2.5137757254488085	2.2544077692110154	-2.0456259587823680	-2.5042570400427326	1.5310267781608187	-1.9686249838798338	-0.7556160788413846	0.1299187102300539	-0.2289645689959822	-0.8781810640939152	0.7728195813334481	1
1.7318140248740408	1.4566344882979980	6.8810600477595862	2.3679036860175038	1.0805107229908766	5.9338275266548592	2.5590634533402796	4.5433336466815462	6.2184113993450820	3.7212415492821966	4.1680800350433529	3.8218406755627119	-0.8000565058769551	1.6910119033472359	1.6073800933413247	2.2373975273054931	2.3724360874607573	3.7405624524362548	0.7940207849681666	4.5075586446925504	1.8175391745403324	2.6700003242329666	0.4572672737457424	-1.2829759096659359	2.3801601052139079	2
-0.1751028118872304	-2.4025154534365107	2.6411119843495738	-0.3444967033122002	-2.6879837486539202	2.2510096308229004	-1.3000108254902092	3.1781883566447755	2.8767742477714147	0.6654473773893861	0.5711231346254859	-0.5425692828591776	-2.7668164671701798	-1.2894236370812027	-0.3675267589808984	2.3048708201073262	-1.2434880384062088	2.4110119714936804	-0.7806525893449245	4.2024447420455049	-2.3394211141379344	1.6589385748512704	-3.4820153992773530	-4.2962382424154919	-1.0172195706939973	2
0.6512470596213508	0.8174149995128777	-2.3131003388578688	0.6195057491007079	-0.2930294294217551	-0.3012225167514868	1.0754175964463795	1.1156646319491674	1.2881613256703657	3.2184172856825803	0.9058491792704194	-2.1377503674607281	-1.8524484326809993	3.2100319227603151	-3.3969431872748421	-3.8531773409044581	0.1303498144202162	-2.0662120967264146	-0.9649650608555460	-3.6987300155950500	-2.8854670994035101	1.2986619915085871	-3.6806344556401580	0.4584145998362668	1.3222086628714533	0
0.4016905121100043	0.3434400367424335	0.8604927767906752	1.0946941358731912	0.1848973545487380	2.7183990916138874	-1.2722524081943487	0.6342070539266690	4.1709721843917382	-0.3316078104478206	3.3639909216032331	1.9825523348045930	-3.1557547475083534	0.1054068209122809	2.2285052240781531	1.7282254022659758	-2.9580368869554539	0.8397195366741953	-1.2187476160293969	-1.4993618218982170	2.3159594096578955	-0.4012450793201364	-1.1000050823661884	1.6805150202093972	1.0005101569352441	4
5.0146867953800207	0.9915859598827916	6.5137845100611571	3.1648499064803830	0.3288911382479354	7.9309706844586643	2.0657641466011949	4.7348008241321597	6.0429599682966533	2.4849698104726481	5.1052320077356885	5.1339315445634766	0.2272918998791038	4.2739181847437182	1.9785850442329251	5.3661470524623187	3.1397506678100973	2.7194539645923999	1.1262587862883227	5.4434694951830025	1.4757162808730393	3.4547946837004813	1.3567667875788527	-0.3207235715845380	2.6422716146326812	2
-0.5772465611086268	-0.1757610104555251	-3.5272536930915006	0.0738395696226122	-0.4888463288491529	0.4478956512131501	-5.2155227191431610	-0.9745601454232413	0.8950007578312863	1.2803200349339190	-0.8418597000950898	-0.6840956413906224	-1.1264225429652921	-0.9836249952853002	-2.3807656963387718	0.8130763699218692	2.5429920879726353	1.0668143972043183	0.8123333237866504	-2.1513912771868071	0.6654598916085464	0.9404318993384666	2.6871225254990403	-1.8648434855118610	0.3195286355925456	3
1.0600658064791566	3.1475306902166542	5.4786335612922397	3.3612120654128752	0.6399586518412104	6.7022297512613100	2.7259865678049682	4.3302341564549902	8.1996441533667319	3.1114252047886262	6.3559724164281262	2.8076770465606753	0.5948770072848020	4.2912340138692606	2.9281827388565160	6.7520916652117693	1.8413504633179087	4.1531998677413409	1.6436239195588358	5.9200952035710017	-0.9528897466980091	3.5351852347825021	0.0971121891885627	0.9309181653842376	3.4455558450839252	2
6.8207385163662018	8.5581300348355889	5.8970989536017386	9.1109408954664186	5.0780579932841690	8.7263088955969739	4.6335085224353056	7.4444156051496231	9.5646362418073565	4.4514357036950365	8.6973817659549901	8.1919976776305177	4.3072201912144674	8.4933714583687774	7.5387137887289333	7.8473945887752388	3.9236406201559091	7.1638209069075582	3.1667097621938312	2.5639602640913042	8.1329715926477153	5.1316496684612831	5.7773981828895593	8.1225193528200066	7.4951955134866557	4
3.2664316199006271	-0.4026685447533001	0.0217372289801827	1.0691203103576596	-1.8165289220757417	3.4611515727999640	4.9275210408252290	-1.3154183991386685	-1.0704719414434034	1.4136166186032446	1.2986233675523091	-1.2253319633437370	-1.3104963896410093	3.2763663995205214	-2.5129483635402328	1.6573492204207514	-2.8775022422520586	-3.3683748894162377	1.4900027660926900	-1.9428035901677840	-0.1294495082908755	-2.7928436391233440	-0.1578440838115106	-1.8344501241561424	3.1606590826087242	1
1.5594145733958544	4.1225653152553479	0.9215006031928062	2.5137291762810943	-0.2292849661131428	2.2402435988899532	-2.4671624491752038	1.4666678575712500	2.5825870307080407	0.3676803433753075	2.2980870036405001	2.7313753431536756	-1.4697983640906633	1.8249111356767806	1.0887737558880342	2.7516720887828736	-1.3167867012137160	0.7034945441308422	-3.1462936417852840	-0.8717169042590973	2.2899660692515464	-0.0625269440207411	-0.6625201907168610	1.3625006286280470	1.4649708922264786	4
-2.8541859454710736	-1.0722395022873346	-2.3106850578984099	0.1805992277602269	-0.9560979646999392	1.8861145505901455	-0.6698473046924740	-2.0780548464472304	0.4902428777107987	0.1041765062797957	0.8753365807873850	0.3919806254695775	1.0265786191416715	0.4735436036332572	-0.7142890528814581	1.7526396675692990	2.4548378930756303	0.1585996391583785	0.8463313525573235	-0.7008015258987890	2.1448985210962648	0.9512249626355944	0.8950717291155111	-2.6900438574155334	3.2994088052513031	3
4.4220124741811642	4.4371135946854947	7.3229318301370512	7.1253751233634084	3.4380838851852547	9.6810927756324610	6.0313441214123102	7.1900565889389911	8.3079442905618279	9.4096646492907769	7.7255659446670819	7.2729134035550880	5.5690350092435077	6.2198640840323876	3.8321290189443475	8.3531586651910974	5.2347252718008725	6.6888739340972965	3.3908097920685742	9.6321346950127946	5.2328748396665175	7.5363035037013564	2.3934241714107674	3.7645386550765654	6.7448385130360284	2
2.8132476832878721	2.6987861698842788	-0.4701972631574745	0.7500747510239431	-2.9558265470781029	3.8343395363316706	3.4595375055838051	-0.8385682517459458	-0.1041699187059751	-0.8778091267297436	0.4887274866024309	-1.4943728185964336	-1.8714065274990364	4.1372874633301748	-1.6669468913815964	3.0109386641146991	-0.6708149371701404	-4.2105569829993215	2.3008265532476004	-2.9852024626907765	-0.7921108123597543	-2.6222282930738956	-1.5176008932515577	-1.4301042088932281	-0.2491732129461237	1
1.3122770704111439	1.3073850680832666	1.1658053341340051	1.3696991887862600	1.5659059899189458	1.5759928426602823	-0.6830466453928893	1.7804549165639865	4.0564327004251943	-1.6579658243209991	0.1058275285609569	2.1506143078901405	-2.9355362260019562	0.2620426754750298	-0.3309285752433579	2.9294826125385995	-4.1406096764045435	0.2784409871078544	-1.7194072962875615	-0.9762993777839335	1.5439031055677721	1.1061865405009543	-3.1363330553318756	0.3706692360278314	2.4269077046003495	4
5.8270192549336910	3.9471180363795955	2.9207037016383710	4.2377005334791207	0.8335516114122878	5.3817495748966540	5.2993672595367798	2.0095189393442823	4.0740602168480340	1.6827056576008104	2.9990431245025664	0.8063990626335094	1.8421008173721376	6.9674921370340837	2.1548612249033736	5.2768602165173295	0.5258271359529312	-1.0628440152451564	4.3110474076307668	0.6043657738970065	3.8744168277497528	-0.6099473289107245	3.2909546559103324	2.2012174029695717	4.0863787884586387	1
-0.6262072356867185	0.2970787386453939	-0.5260413834477397	1.4747311355741179	-0.4533972244217248	-2.6130968709642381	0.0487519038980166	1.1127185924484477	1.0153292960675140	3.0978810370478405	1.9822040258425786	-1.8788706225848133	-1.4182203841780003	2.0508865431420289	-4.7368161675288016	-1.8365456643260016	-2.1537438900737103	-3.6803122543587525	0.0680810960203616	-1.1396064200540632	-2.1384023064069866	1.2639688984445574	-2.2147577791761526	-1.6622211758119207	-0.0202423189944190	0
1.7896490682316974	1.7994869556068642	1.4447892079630820	2.9925658406904754	-1.8959373690433066	2.5276246177792938	2.3320827253088843	-0.4089714945311693	0.1529013069372267	0.2646345388582128	0.3623984230653005	-1.0308420821025126	-1.2836463104625291	4.1302505806870542	-0.3726254359601007	2.4612017187818278	-2.5651666603882015	-2.6439771283562581	1.3312219596791273	-3.2971034802093553	1.4766432835234848	-2.6206113385529282	0.6893697900501623	0.1396079328700744	-0.2204945801445088	1
4.1414350914008375	5.6796630968437221	3.2262898497156991	7.4218381182516282	3.9319484566569578	4.7500515111449539	0.5412855320813961	5.3950654112059029	5.7886414109151154	2.2725106370791996	7.1396050281492318	3.1609168323178247	2.2508825931756111	5.2241759680207567	4.5211098845600670	4.5406721797019536	1.4365586536967121	3.3697314590384022	-0.0147675811077068	1.6822026664952980	3.6633893108125353	1.9940240288144810	0.4259847690148257	3.9620401310325919	4.7193785077292567	4
8.3595845380590283	5.1082205232034870	7.8719686399661271	7.4271710292555468	4.0189138767912826	7.8423862398711730	8.7964113749009432	6.6479960147186334	5.0825377957143676	6.2773185293866369	8.6190625953976223	3.3647719098490843	3.2627648598590588	9.2068716699192077	2.9582249759310253	8.8172547444136136	1.4708045064371165	2.2477842916907553	5.9116633875251408	1.6109243449383950	5.8419609371369194	1.6706628103617307	3.5394982718351100	3.8415180093600654	7.0505633723782655	1
-0.5667805428821165	-2.2669734644880095	2.3856914993008180	1.8784963879434109	-3.8410789924733524	1.2907875484225113	-0.8896533830947543	-0.5358689915076811	1.7732154492379140	0.7725348579030162	0.5197467826096229	-0.2289552060909243	-1.4906078664888933	-0.2952551042395508	-2.3292299907603380	3.2366290382619343	0.2861074825905989	1.5012374181477606	-2.0254082260374693	1.8668156137080869	-4.6800669574617810	1.4843793940067400	-1.8166868063041384	-2.0142049218711358	1.3671268762327526	2
1.4525320145605130	-1.0739610860452342	4.0904522349495194	1.5140254537658822	-0.9761352512214904	1.6297660214691148	-0.7632209758786533	2.1269612743968325	1.2572686331546705	-0.3752818084483394	2.4413117664899153	0.6532331583449692	-3.5231375956063724	-0.6927035400884700	-1.8624896850375681	3.6594210306226174	-0.6713300802210995	1.2686337569822601	-1.9803740620759265	3.6775061545462870	-2.6956630367167964	-0.2398914439729458	-2.7537702357938034	-2.3373602669097937	-1.6052668293905172	2
0.9100509160755070	4.3981504683504671	2.1913401352190274	3.3552454566899614	2.7789433818273275	4.4331197896130421	1.4021559010811870	2.7202558150280209	1.2057672210756549	2.9290225325834114	3.2905617255359605	3.8076560549488523	2.3920507250580232	1.9264562975020580	-0.2500984766146130	4.4361131742220383	4.8521583676121391	2.5605535465278102	6.1859142586174265	0.3884907958576385	2.9247958859607808	5.0283702718149907	4.6157059032767211	2.3657973520691091	3.4906145521669796	3
6.8689986362636795	7.5770749166928608	7.3234647825482497	7.8737229391980126	4.8113345430695613	3.5621652346297967	6.1671233176945295	5.2899091365542983	7.7382720812758716	9.1005028195002247	5.9555919874175460	3.7743282452969344	2.5230203089505063	9.8833665937371187	4.1806176317848394	2.9751882028183503	3.2268758182634318	2.3446686865654356	7.4149258185057016	2.3007268631699711	4.2219136254799325	6.7908908586965113	4.4640675496867575	6.2894228131266914	5.0778025836331668	0
3.7847344650685235	3.0078690860389781	3.0243535810960824	1.5185893334556415	2.9592820024188238	1.1664217485554564	4.0024058681572914	3.0212533960510819	4.7751185711957218	5.4997209591770222	5.9413532159786513	1.5436702334625705	0.0667595054032506	6.1036062849472135	1.7606969186948065	0.4436417408306212	1.6883234183171654	1.0877254129006468	3.4528712628704263	0.3056145225681104	0.0872113898415785	4.5213073391906544	0.9682401053470460	2.5464939216964630	3.4772950608612492	0
-1.4926230458845222	-0.3553841778990938	2.7524395984844006	0.8699024678240393	-2.9773859435667611	2.8486309221504329	-0.0810947214058744	0.5693500063758353	1.9415707928703669	-0.8682394087691561	-0.3286204736260729	-1.1626904965034972	-3.3507127129697611	0.4587088628618011	-0.9596011957378301	2.3160169471195693	0.1762063790345847	0.3489598464074430	-3.1813410666843289	2.7203218327616510	-1.5845781841145987	-2.7349089294030793	-2.1968278829967711	-1.8619558673176102	-0.5778092086789322	2
6.3535100895632972	4.1610438351853860	3.5040236473615463	6.1286547871172452	3.2275966915257643	4.4568672809383241	2.9170504078113808	4.1807915675262626	6.2764423108325342	0.8880229768546344	5.0233687600651491	4.3137346125941605	0.7909435258573008	4.2500616082383535	4.8088427999442702	5.4710084971953163	-0.4865062834111522	2.0983971504508698	0.6833224490244962	-0.2995948213525246	4.7498514455530358	2.6916347800674476	1.4085905042835285	3.5958664152571762	2.3477259729255620	4
4.3253273061689619	5.3855320882778601	3.0434703134737866	3.6318716190113256	0.3187721420216847	4.7310571815352080	6.7643326987806915	1.7317639296192113	3.5350000723748871	3.8158157283434746	3.4385912827572498	3.9840852152802184	2.5960157013398106	6.8870470521641298	1.8558280891764332	5.3784114431953913	-0.1435247281186252	0.4632215489837206	2.3050835395235234	0.3913560792473838	4.2608775707453592	-0.8034577528084181	3.1753734552088755	1.1935668456731672	5.0201775231811236	1
1.5256814577745668	0.3211476740691586	-0.1124946123010818	-0.7232814653795542	0.3180199569022932	-0.9135539435034528	2.0646044677059505	-1.0150481605772002	1.1189569050130908	1.3818248641006141	3.6826666800652461	-2.5664336486195736	-2.2766149691948447	1.2906708378028711	-1.1330991928751619	-1.3526451143936422	-1.9573626015855834	-1.1005761985152942	0.7455022958793212	-1.5315604801063993	-2.3227383953286642	3.3197348352597440	-1.8721514615040160	0.2980754007778983	0.5375743329257388	0
3.7354804867760825	1.1655374838463626	0.7332033587170017	0.0033286427139203	-2.5220081552029892	1.6285734459397130	2.7338432867125753	-0.3938741252301211	0.1913742753952448	0.2494833984886086	0.4667047709524830	-1.1570478930965773	-0.6070390086680961	3.1113430480421895	-1.2506892039795989	1.0023719619729563	-1.8352813774949523	-4.3617456518769089	1.4156135002291939	-1.3764206899990996	-0.7637398991862403	-2.1018686884355029	1.3103597129819675	0.2802990306965796	0.4130148337393864	1
2.3781898983594618	0.3524919596019311	0.0574060799131124	-0.3173580266842084	-3.4704023642942841	0.3533670755147047	3.7028796213934507	-1.3921536013586207	-0.6893641975367616	-0.6644637654224099	1.0817266239781382	-2.1726320297475370	-0.6602661804499346	2.3595394774558831	-2.4436202851976354	1.8657420226923740	-2.1167787365790658	-1.5930677043110699	2.6187080063861892	-1.2809999367317615	-1.8257334359865725	-1.3654281862660465	0.8814337946168651	-0.3948741212264034	2.0267009045956650	1
1.5496086192561676	1.5753637365120308	2.2642439902633242	1.2375212144340786	2.4321278236303088	5.1107217563976732	1.7205216967641745	1.1948413361742083	2.8774090478515095	3.3472150727339565	1.9334586556380127	3.3253803031802316	4.5212012101253034	2.1764702273492933	-0.7455026528964579	3.7596544064105752	5.2558767446874324	2.1713398752550712	6.2717526529014425	1.9365287141049781	2.8862006728067007	3.9017980287426535	4.4284790287758931	2.5379488698749748	3.6821069695253126	3
-2.1051938508602133	-1.4827902303402476	-1.8982065543357602	0.4312109470332629	0.3065896642602408	0.9374619315121095	-1.9613880028863107	-1.3110429465680660	0.7033285520402647	2.1191371071502569	-2.4625994566559894	-1.8230409525754783	0.2409807680275842	0.9973370908340184	-2.3158108006283395	0.6784219660049714	1.9694840931812816	-0.8631325403017576	3.5397758700274720	-1.4071876339337011	0.6695602126612759	0.1769410615491770	2.3986506645591925	-1.8618637023599760	2.3464966551087807	3
2.4716733402448137	1.3817709759685068	6.7620411865811469	4.3676522368835755	1.1135280483791445	6.1129975117898709	1.8488471643674862	5.3224139714291416	4.8504668934851480	2.6082760721962410	7.0782310030409334	4.2202416404682372	0.0793681012251999	3.9471892262557176	0.3498295443275365	5.0474018485752881	1.7660476065625550	4.5939672873722195	1.8723611381477108	6.3863247880062168	-0.0587862466377791	1.1863576342543214	1.6327171099134785	1.4105326734818808	3.1968811900434506	2
-1.0242461090181716	-2.1492836404808791	2.0382147402163082	0.3420944478944078	-2.0689050409512983	3.8639204169033605	1.3927416423896473	1.4311624733273316	1.6962803867534011	0.1028227306190374	0.3946356105176043	0.8171427930273188	-3.7518962374735025	-1.1745967047793664	-3.1088065643607932	2.4300706234401512	0.7190288340675834	0.9877462719607746	-3.2721090047173025	1.7162432724454524	-2.2341577401438011	-1.1088530086031816	-2.6696638579997942	-4.0878525020531988	-0.3416890904185943	2
0.5460085001970482	1.1996456918220320	0.3478500260125206	3.7567026274950619	-0.2094943243803260	2.7861259546867339	-2.5358081487467352	0.3961234060405614	3.2224213535421544	-1.6958009314072515	1.7127397316002393	1.8071670434822469	-2.0449917365736874	0.9257181266864803	1.6215455480093546	2.3752834817532138	-0.9150293211720082	0.4447500283191992	-2.5156003074742754	-2.3400110008510122	0.2298022523979377	-0.2781108336129601	-0.6553847454013078	3.3773036626986528	0.8509382551475759	4
6.0697120773944206	6.4061607734128598	5.0990763981832803	4.3692107721236475	0.3131413441323527	6.5421116288846353	4.9989158061289194	2.5737057650672632	4.9190572715202361	3.1091996372727420	3.5254475211080059	1.4803396923131182	0.8709775248141649	7.9487435290372073	1.6337042174233927	6.1634819737291968	1.4269796551661573	0.2250359772546733	4.4080690644319764	-0.7203997854349184	2.8522193797368915	-1.4618165724883747	2.5452184811392424	3.3258155519425436	3.7280626871739884	1
-0.8790936450730755	-0.6490453695471197	-3.3915826704115637	-1.1844971735197325	1.4647361407577053	1.4303761669414998	-2.4212012283856619	-2.4516135933260270	1.7929760564239312	-0.3024676501155028	0.4670620125262875	0.2420552315511384	-0.7062741214679253	-0.5684490813915962	-0.5978354128638412	1.7689248825500741	2.8660007322511101	-0.3709080340780176	1.8728041886423312	-3.1603675164374279	1.3253474660784894	0.2664635710199730	1.9030791825052020	-2.6507778280881422	0.3210820205287260	3
-1.7231834762000839	-0.3037082643407951	-3.1813639978648807	-0.7826409766177687	1.4594785055449031	2.1233992013865501	-1.3385554386408716	0.3507271638400529	0.8599911414034476	1.6714102895835599	0.5830000635636419	-2.4545498443490792	-0.4006121757282874	-0.5551869364728949	-0.7513237660189924	1.7249386867956837	2.0511430103104598	0.9761475768167831	1.2158196179958276	-2.3158836213273388	0.6669726678520955	-0.3708740235519077	3.6325893694342497	-2.7122818489670939	-1.1642514267411670	3
4.7476623698917395	3.2051302252195066	4.4887765457386992	3.8225134808632051	-0.6784733083218404	7.1124171324687646	4.9613551004181229	1.9911675299590066	2.7481734250142642	2.7528166171796364	4.3194578465827398	0.4621806247016704	1.2405571874956935	7.2511217382986022	-1.4250026739156292	5.3326957554851724	1.1219087330134316	-1.1471962592000429	5.8962122554255227	0.1848448888735179	3.5279255556373403	-0.0866485660955658	2.2224186502741379	1.3428796003752392	4.7666194557164312	1
1.7179234807140911	0.3320707871853603	1.9502745357794007	2.8489960911263412	2.2966176161090335	4.7424629466980948	-0.0871036857478358	-0.3194277988948802	3.5699523933929092	4.2549817704706800	2.1125277856161224	2.0411535796700635	1.7005444553877800	3.5113002968970726	-1.1745867714209863	4.0119954268290421	4.7309138669024335	4.8762089375306932	4.1044384198555814	0.8020302198550584	4.7405732218255796	1.9328804280767777	4.1893444712357013	0.5258447584235668	4.5186221147138355	3
4.7373367058086036	2.8660297878284595	3.5389016468785295	2.4333246663546331	1.3048418661110410	1.9702831742719535	3.6401625947330531	3.6120669767283928	3.4014301808999878	5.3745415480846876	5.7225639571574627	0.9873938397962680	-0.2062589412010398	6.6665645521002457	0.2480093908780425	0.6730763852609432	1.7121194202490713	-0.6206331995661616	4.4090512347090147	0.7005283128045083	1.4155751594476080	4.0064209250407430	1.8819724837841325	2.5386504653473749	1.6101555880164873	0
1.6189716390430080	-3.0994180588259446	3.4981625778661600	1.3880540855481556	-0.4944145455883084	2.6043581954186816	-2.3336064095283544	1.0739268711550656	3.1854199101858827	-0.3752461001028243	2.8789948272162560	-0.4234819456683955	-1.8889131081115753	-0.1626415525360600	-0.8111860098120456	2.2536499580465876	-0.8973199734225192	0.7122464199959049	-1.5451095190896427	3.4233432501024144	-0.4248249704195617	0.6210968553508195	-1.6258666918321132	-2.8798166109191490	-0.5235251364063656	2
0.9747890976837802	-0.4902983969476742	-0.1541875631907573	-0.4553286022989568	-0.0648977001821014	-1.0423506607992574	1.4166286301055506	-0.3417530775902540	2.0772262206415570	3.4634325200315685	2.4622557354899834	-2.8073001258228225	-2.6575296191638249	1.4871057499992812	-1.5110853055085818	-1.9127757905879008	-2.3913175188700402	-2.7750529131181234	1.1299278876228001	-1.6405621691207892	-1.1867633678641671	1.5301414449543602	-2.0142142638866947	1.5204541605728619	-2.4026440796886277	0
2.1130474759802698	0.7927265446385565	4.7966003992708721	3.2911269088533830	-0.0739650303629809	7.3145170598135287	4.2307924204261109	3.8729121645318334	5.5273180179324672	1.7315538819767742	3.3316548975112985	4.0568274947054910	0.6226245675877577	2.0780182980663691	0.2623405582807767	6.3975663018870748	2.2568961601626070	3.1800045043949612	-0.1478126479094382	4.4098362633656931	1.1568986190239754	3.5214486976553809	1.9325337583856106	0.1355062176809883	2.5881458738758449	2
5.5930832058886306	4.1637444606572140	3.7123514124140011	5.1388368719305575	0.2576282470775006	5.9838569049074009	4.0993680699216046	3.0902016212321155	4.4377749106251159	4.8082839048212556	3.5152566242947829	2.3524782077021884	1.2475069784496891	7.3851479902218795	1.4364397558580122	5.4698506450148265	0.6931881405956641	-1.5417128925149832	4.4429029103729398	2.3963723345503412	3.4834630087496548	-0.8770376246713996	1.6555353058902904	2.5937471028181736	4.8785045089671559	1
1.6916263230186961	2.1116141761389686	1.3594691942269328	2.5063737575661733	-0.8389930167510449	0.6538561349812830	-2.9049145041782181	1.1280011528914706	2.9594396327788148	0.0138975548416077	1.9670367991564552	2.5415976795371957	-4.2265543895032369	3.0645337327210953	-0.4947114434681559	4.1744185384291974	-1.5317697423723433	1.7944485957405962	-3.6571424088083431	-1.2992988767693425	2.6712548241342562	-0.4048787290063858	-0.1950030631184156	1.0903164904226579	-1.1574437871609811	4
2.5250516810534416	2.0365258788241838	0.5541526317691714	2.1555387340498142	3.8517779990311327	3.2309583399033417	0.7962402581627854	1.6151538448435641	3.5431818994297717	2.0535456849006151	3.1356869634964051	0.7294421430289408	4.9710247514512158	3.8001173048484653	-0.4405589862972015	4.7497294840766688	5.6983122277559755	2.2606451300676671	6.2183823337594930	2.7685797714412379	4.5547649706998961	5.0446283910947898	3.0966511438531130	1.2109374150557022	3.8797933917051894	3
0.3157067556499278	-2.0884464212918394	3.4116471164941577	0.2981709775736536	-1.8422388793490212	3.5234891968058784	-0.1125617352158514	2.3270607826876142	3.5246254873128464	0.0492378291022647	1.3792666879769737	-0.2633034490819322	-2.8737565375522247	1.8084566820630392	0.3588999671871813	-0.7510782339968234	0.4915179816887028	-1.1808746641850083	-2.7702901139436400	4.3992071005515374	-2.6076362813091705	-0.1402611933857384	-3.4991733997941319	-3.4581583863650809	-2.2845047150999909	2
3.3848346131830018	0.8928394879342543	1.9219509218618338	1.6337394218854142	-0.4639006941470596	2.8830772904612578	3.4435047622656794	-1.3591493360051907	-0.5315804945768859	-0.2376252359572905	-1.2465717894118011	-0.8927005714687435	-1.6530019816520078	4.4866229639789914	-1.5525792958029503	0.2638102869680112	-2.1104980598537408	-1.4663925611039850	-0.0517756417601165	-1.5734113961426823	0.7652964577681411	-2.6630375075640496	0.4206293184198557	-1.0536031298666706	1.6604285307680928	1
2.3360289409930708	2.1810635522959636	0.3793467212461322	1.3722396168641839	0.1088027661953739	3.0443866627481890	-1.9076546198859501	2.4008283036313007	3.8661626455289508	-0.5714453550297121	1.7885079773577450	2.7468127651553504	-0.6678689039159220	0.8650679449839394	0.8725657697249232	3.2341766539037842	-3.5225749058761644	-0.0007041726199889	-0.1346538053367126	-1.9282460038572218	0.8013170206452008	1.9199123026157960	-1.0036970500288298	0.7361044530687851	-0.3333583884915821	4
5.2183659014825210	5.8631082935336671	3.9965718776405499	8.5961035890142270	6.8486556860231671	8.2280694970987831	4.8070817014598282	3.6798385463169918	5.2272083714092910	8.1185350544091683	3.2670085335946024	5.2221807374032831	5.6159759279199655	5.3758916191997228	3.4339097768627638	7.9462352733222561	7.7018313026557230	7.7256137024883289	8.9451921614953420	4.3433436852988772	6.0075505732022849	6.3669923449604759	7.4411695781611087	2.8939455251189878	4.8290343493553518	3
2.4596321753824775	3.9790664006353342	2.2804751316251020	1.0483408648078154	0.6430075330293503	0.4395138816372635	4.0328199503024287	4.7871510839957239	5.6473359161135397	5.3137998773020625	5.4204597125863128	0.6532311278723437	2.4235062505950014	7.4035517105861706	0.2629756463104811	1.4192457466435398	0.9702269262787433	-0.2016678776812588	4.5576086672968277	1.0290707095869540	0.1086999585128705	2.4998598765198947	2.1834293078056373	1.9600233755165701	2.2035234952166927	0
2.1272233326462997	5.0290357695170300	3.1319027020704064	5.7031733705051799	4.4513566537229181	4.5394945110635323	1.1914580774097789	6.3085491662874995	5.7130313987811476	2.3909547248380010	8.4897225731506722	4.0217965537248217	1.6543153109524522	5.0367671224682313	4.7399070430182402	5.7989350818882350	0.4221461692146287	5.5617679413791725	0.6757081271008625	-0.7129343042686589	4.1729349315581530	2.5694498975330520	2.0356949291430677	5.4482404335487953	1.7223829235331147	4
-0.5416391643198781	-1.7056451540818360	-0.7904276713880136	-0.9661311069755874	1.3471681988012199	-0.3148783960558943	-2.4156082258332723	-1.1736360682561624	1.1728373028090751	0.3407625621674167	1.0871359416110993	-0.7679044607082515	-0.4148392943882702	0.2341243540507701	-0.5045743886321463	1.0686769284112070	1.1492488919729986	1.7259584056711332	0.3410162513412409	-1.4898404495475623	-0.4323622239105098	0.0667528406058066	2.5204405818009490	-0.1605683081629836	-0.7047325867028369	3
1.7112103222358630	1.0925082306986531	1.6649061319444978	3.9628275886107884	4.8208071312621925	3.7140318852446037	-0.2354967455980304	1.9064136759201085	3.6835132922013067	5.1403089272392055	2.6407121107207594	1.5722311663862496	1.3312327780338862	2.8978220857770811	-0.2129020483999455	2.7274568706664706	5.1491590262647264	4.4844309926449766	3.5438125010610775	-0.1229264909300287	2.6734377258858348	2.8154004336826519	4.4372508516772040	2.2787350158269888	2.3595598764290955	3
7.0279598657249789	8.2564220707549030	6.7002500920620216	8.4948897507909003	6.1326285079774543	8.7484633325483152	3.4930967263835591	7.1880903091708381	9.4585123113854017	4.9367022269896168	9.8549675923956883	8.6374905559986921	2.2129867032999480	6.2199299384881179	8.7781940699635008	7.5931160187805062	2.3463985788861184	4.9417169629795978	3.0055199484691766	3.0439192488923288	8.4648353458479804	6.8769778203904135	3.8587491611575633	7.0617696166659130	5.7874741084964132	4
0.1155009997460031	-0.1716305956780781	0.9390421569410292	-1.7468448961647913	-0.6791942363843503	-0.3909528210194118	0.4710268748879960	-0.0700869800479136	2.1125677674934962	1.9480067564562882	2.5730890078974320	-2.5472147056435515	-1.3311725325503787	1.9252421279775263	-4.5327465232905233	-2.3067260743742439	-2.6558650356609736	-3.2178008760569914	0.3068766258542880	-2.6399658066218499	-3.8510691620425499	-0.9306933086215436	-1.9117081956903546	0.0548197909930105	-0.2730667383587743	0
0.2714831727019841	0.2248589022818043	0.1248048453285191	-0.1090597171632592	-1.3889199286630962	-0.1479632918336482	0.5139567956141559	0.9622568699517220	4.0357503005975062	2.8786922365825349	1.8051449127925669	-1.8451023614382949	-1.8109301820268247	2.6040730160871544	-0.7567334310075582	-2.0247908265310057	-1.9781789055883459	-2.6483905144518212	0.5438032089603356	-1.9361393327688958	-3.3595614837885193	0.9881588191355826	-2.7135039573497819	0.0032818256037451	-1.1209136930964270	0
0.1523108107417336	-0.7646644825343788	0.4094854255832535	-1.5383953364687479	-1.2959092203017379	-2.2671751141106782	1.0342156738342514	1.7076707985924371	3.7468838553948087	3.0305911085459400	2.8680557559253752	-1.6831774681586400	-1.6242114468191149	3.5300173410550597	-2.9465287638713278	-3.1520033515549750	-1.7445596970118133	-4.1078770696662374	-0.6023928654138966	-0.0655994973430527	-1.0360122495747190	2.4152345535296442	-2.5025156738767373	-1.0020864433293337	-0.7218264336885230	0
3.5362177399577597	2.3659491001250195	3.0641798776488987	2.1767435408690710	3.2919807717399125	2.8597012886058284	3.0641096304733306	4.2156802392949650	6.1255845885906233	4.3269980088362594	3.8149897010545448	0.9075695931500136	-1.6726753378354138	6.1238503012252501	-2.8432194543358964	1.3196283782983993	2.4468196578687658	-0.5452681071146506	2.4144268461495981	-0.1937356032679833	2.4984517479910076	4.7755829854241005	1.1550426781320584	3.2190825936671672	3.5193707856068261	0
5.5661281321311264	6.1493046805047040	2.1566792668550985	5.8896855575168914	-0.1435407143524285	4.6933337221440823	4.3242247683281434	2.3787024308943590	3.3899644271992133	4.8970152205475541	1.8125581960534087	2.2215136561759077	3.1476894697593631	3.5090435117877976	-0.4199318266780416	4.3968171706682107	1.0953702290284562	-0.5939178654316244	6.0875289498108955	-1.3506946464011680	1.0605208958444265	-1.0452965409623829	3.2038121202743364	2.3066715868131955	4.7278886506016207	1
2.6606831577487102	0.6013732515266261	2.1302523930218209	1.6887821627664177	-1.4229309076482930	1.9723015334148424	1.8328421671299253	-0.4782259320777953	0.7574571069483987	0.6667824149555479	0.7936975685913286	-0.2142604539287603	-3.8484223157278974	3.0702853558782426	-2.9002448845049424	2.1414379758378699	-3.9328491223331055	-2.2787916933343340	0.6591101965444401	-2.0835199116750869	-0.0158879435330250	-2.7339420959167917	-2.2680225364382647	-0.9952507761898670	3.1447220226869552	1
4.7938621151442362	5.6244607037746590	2.8624239927832464	6.0393624109472714	2.9582150406938172	5.4917559460487615	-1.2087291007100571	3.9444155129104130	4.2573683429766600	3.2153923626460701	5.8870271332683988	3.3073139390186572	1.1612458169254936	5.4878262603566013	2.7755564207482601	5.6471234044671501	0.6488915851492760	4.1882971658410852	-0.4207984787531087	1.7977657933016147	3.1394035249264141	3.1001409525544963	-0.8630362485820071	6.4776290869631961	3.7927778540432513	4
-0.8265611204454366	-1.0348838811551100	3.5401006171341671	0.6491690383883615	-0.6097826154874764	3.4187013754785900	1.0104550354074042	0.9566774120825536	3.5185912335385923	-1.5391224541379358	1.0769519892902626	0.3656529745771903	-1.4864426222364742	0.0056392514454609	-0.7975093356483600	1.1130064181032870	0.8013314498382860	0.8040836938795616	-1.4458725031230069	3.6719949865350596	-1.0012094298169987	-0.3771004200385646	-2.9708536328298880	-3.4678351911885019	0.6752156926286954	2
2.1760468565070958	2.6116683503264109	6.0971429650348981	2.1997641076214625	2.2531283919138918	5.4546492400407640	2.6273780409348619	6.0863212269285212	7.9968243102461889	2.4594621624783946	3.0521228648958552	2.8366201606185499	1.7838608043618287	1.7589249442376198	2.1734592360141494	4.9634877382859797	4.5865289864381200	2.7442502466944640	0.1877738234602351	4.8807633698452131	-0.5619237330452043	4.0355531728006300	-0.4959048774007795	0.9184468294616677	2.7288053055696526	2
5.6293630660933109	3.9536126368486579	4.3075263312741683	3.2350195351683153	-0.6971335398691032	5.6928106841512101	4.8487710494532354	3.2396198956273201	2.7577762530347352	2.1186185278054399	2.3781490282650850	1.7664093850096778	-0.2288141816264542	6.8192707757074853	1.3900059319508071	5.0974093408886914	-0.5100616169558170	-1.4227438340632128	6.4040123106813054	2.0945276967153150	2.3790744987754868	0.9953969173861474	4.1014741339737482	0.7651133165737143	4.4637056821745134	1
9.1042639244978645	7.3559458981478212	7.8257072196747419	8.8068905500898289	2.4773781124059093	9.5328175446801957	8.0334649137925584	4.3974839958954117	7.5325417400113626	6.4361462216147265	3.5583133631153472	5.3592188392644058	3.5051650363250753	8.2232356239990914	3.8505231604162784	10.3163282618935366	4.3646926527738472	3.3297842684566099	8.2037918114237574	2.9164439161052949	6.7455897637960831	2.0349233905784265	5.8029003022498484	6.3672973009465617	8.7987894712250725	1
2.0797869546392667	4.2957124404006475	-0.1656993154980464	2.6489893153800983	4.8551310648490986	4.5736705062627543	-0.1225599531745329	3.0033296674297736	3.7710001471537273	3.2608896169167911	3.4667577645968524	3.4045515324628663	3.3004777410370854	2.6306426961840139	0.9038590926621604	3.3302824815884060	5.3915353596206010	2.9140717716757356	4.5031899310017938	1.1634293842955574	5.8081214628044719	5.2651033128100835	4.8688388147643167	3.7061217338629682	2.3512018716196672	3
1.2573950068209030	2.4369223513105647	1.3918448733383346	3.2801392796813378	0.1701626707127523	2.1003140552201520	-0.9941926144896376	0.6012383034476648	2.7074834532186500	-1.1528754079855332	2.5698024268213553	0.8873313244353705	-0.3649900391544789	1.7466032937423139	1.6828972187268283	3.2454961356915182	-2.5997266160878509	0.3940607127185558	-2.0047070588204043	-0.6640989754217310	1.1501324051683728	0.0670162729139825	-0.5708872384916794	1.0228722922745939	0.2727580514962216	4
2.0529162155078939	0.7428523647428151	-2.0575573692748788	0.0163429832501287	-1.3015682683233654	-2.4561972748946186	1.1678415495451864	0.6345389217376105	3.2608198199529657	1.7023614944152521	1.3590182334751393	-1.8823012969958448	-4.1457835050579792	2.5061102518382121	-2.5817977739170885	-4.1894689597770496	-3.0718497167576357	-4.0571564328742760	0.8514047476741772	-1.7327974269160209	-2.9136846547208708	2.6526626302656853	0.1560000045933176	0.0912612066017207	-0.4420690893402719	0
1.3120430278268889	3.6701856141258169	2.0560222083416484	2.0988590916164531	2.4812089152679526	4.9028864651676614	0.6095978341425323	0.2212934789450158	4.0674977918634507	5.0395452770914311	1.3937525630995877	3.2744135286636564	3.4924828989295582	3.4848608368286484	0.0503648883614658	4.9881114710891614	5.9350149887350234	3.7230723152217773	6.6537152865725293	-0.2781726140305887	3.4680406106321913	3.8981582362707838	4.3621407534007650	1.7236043487689803	5.1275721064567357	3
2.5380164231087416	0.3669198931615369	0.9662488770310537	1.9398484816698924	-1.5313714832045853	2.7270089281093330	1.9477820951744640	-1.7954870072143390	-0.8739884625457386	-0.5592702385227950	0.6122735662749078	-1.8800326847884168	-0.9410579117741837	1.6080498951396567	-2.3206853822292675	3.0427542451466811	-3.1380300502577714	-2.1707261892342999	0.4063044115549818	-2.6764511581656829	0.8105526022664228	-2.5732645961986704	-0.8748014422517196	-2.2902000160396963	1.9350088655108042	1
1.1199634828145724	-1.9096149674611791	-0.2517810355812518	-2.2126057988718033	-0.1661923135429962	0.0090932230934220	-1.4914461433165522	0.7058679614930168	3.6769072648650427	1.8121632936218597	3.5504208921031077	-1.0062577773886054	-1.8431132665487140	2.6032479698306235	-2.6624583619407156	-4.5165941061231889	-0.0147196772559131	-3.5463014243246231	1.3305503450775129	-2.1657543523086460	0.1191082957240202	3.1348334556995852	-3.1878322915039403	-1.6542806236948324	-0.1352376379689344	0
2.6438846955930608	1.6514271887809959	5.1057935999250610	4.7419734009522267	1.0152821709763096	7.3899315986396159	3.7758336750204262	4.3712622523996618	7.1160278389528600	3.4054394478903727	4.6506040549610237	2.4185028399906865	2.8200170167663634	2.7512860830222516	1.2380395367440011	2.9199041405989767	2.3407714999666709	3.5447534639520772	0.5072399673637120	7.0411115792396171	1.3706095317814113	4.4686467940355721	-0.1935243289603230	0.2680818738780588	0.3359385356882081	2
2.5095831981520265	4.3469295437734949	1.0677513883751657	3.9284406287018729	1.2783847282773873	4.0149262740173599	2.4009459548515188	2.1413575806667668	4.4583788220168330	4.2478927615287070	3.2447307012994711	2.4159600537617791	0.0666289924259376	2.0832823854439235	-0.0395735792413259	4.7014336653567295	4.6205983755805580	2.2527116573749701	5.8301138829321424	-0.0461472739753388	3.3716336341075781	3.0265182782826368	2.6895929801867231	1.8124470278820219	5.3439357456656484	3
1.4888676534441956	5.2319000806572955	3.0731106018630414	7.4264573961894413	3.5038751528176846	4.5317572517283251	1.5714114700808992	5.4924639511172071	6.5080490593859865	1.7872492203032777	5.4867716622937186	5.3300820935145961	-0.1280589451344953	4.2072277051653355	4.5386166052864017	4.1066198037476598	0.1779698461923340	3.9652756140384313	2.2295608758737755	-0.5518249235155634	5.1637592386926343	3.4374795266273059	0.4760773481301577	4.3433259061204792	3.7321619003960969	4
3.3333161733936509	4.1262047514469646	2.0629759207299609	2.5935157093607746	2.6371700260711965	2.1969156848884976	4.6967419298025597	3.1380821080707584	5.8333573917388417	6.7759816480116699	5.2238022429215629	2.6152213518061851	0.9350434711093722	6.4611613699563115	-0.2146002521637973	1.6105653880102904	0.7071743713169218	-0.3607435412465243	3.9317965828306054	1.0440391066816583	-0.1035619928411737	4.2330730963539782	-0.4446278133449493	4.2050966972739481	3.0606733184636372	0
3.7047769429389312	3.8863437868977262	2.2203508393501394	1.9856343793488540	2.7457951035684429	0.6664555177213609	3.5229797560576279	4.0880201482198757	3.8236896979295443	6.6871359715244045	5.4024597906487433	0.6812393584162315	0.1289006683724505	6.1206740381481959	0.3429487862673701	1.9989854699312750	1.4847718503646201	0.2927419480722233	2.0069991235723430	0.5835729244894439	3.7161589740041312	2.0903165245675264	2.1542069708792209	3.2044487455757968	1.3672242645815447	0
2.2676358428744514	0.2974858468014987	-0.6566346022162929	-0.4098842940031623	-2.0114840979301007	-1.7461859435500324	0.1812938751770178	-0.8149503588687339	4.1654899807233434	1.2272150820681951	2.3506106366392321	-2.6329779609632933	-3.3681143936195626	2.9427459298452106	-2.7473301352683168	-3.3570196015564964	-1.4745117076574696	-4.6044841375315659	1.4914989047022471	-3.4278550886116745	-1.7131263598553341	1.6531900090417528	-3.2339950920172580	0.2324389392343332	-0.9515711067192609	0
4.4144967510855206	4.3355773573552039	2.3098920968425922	5.4505062419868970	2.5620897557960252	3.0001592957067680	1.5752113493993816	5.5780284447160309	5.3382668910485744	3.1677777824986713	6.3631659116923966	4.8884129603622419	1.9960679408502711	4.7164263955067938	3.8742659741116752	5.1086023997554406	-0.1261192610451416	3.1556248259419593	0.5325447972501944	0.0703165933887684	4.4274667257632121	3.6287405297258770	0.7190466878353075	6.8213942395723706	4.5947308695412525	4
-1.5919924529954974	-2.6858731824637498	2.2990690933330202	0.0483724297998558	-2.2163820591842809	3.2022857885201512	-0.0338076442131388	2.2379601155535394	3.8343382653589115	0.8092516962989100	0.9897078099277682	-1.9965933319329427	-1.7670740234005868	0.5408657476964496	-2.5495921765569411	1.2547254012982998	-0.9607226711532524	0.7357406706318593	-1.7239726597246481	2.8826054371163830	-2.6178191696549522	2.4634386704008131	-3.5513672040000630	-3.7042046807865225	-0.3303113576544066	2
-0.7419314686690712	-0.8226154193677951	-3.7323962340820640	0.4365996469679422	-0.0416952989670993	1.6931336303523890	-2.8743350368534935	-1.5805171864766454	1.7795441773674148	1.0282308744575255	-0.3644897412163204	-0.5863458001100295	1.5424786593896858	0.6996032407826986	-1.0331787585652681	1.2319194780185492	0.2864098129006099	-0.4931118404964056	1.4987291619728436	-3.5159549321288504	0.0102504022400125	0.1013922260876353	-0.1281140085161634	-1.3497197578952269	0.8800929558420989	3
2.1738006774395942	0.9851130242913859	5.3216451585138955	3.1356886534965884	1.4036921741367197	5.3805737876591264	3.0988399299271676	4.1840017359607895	6.6835394931452754	2.2179455929372702	3.2845344484754593	2.8992535160912345	4.7386211691540083	1.6816967946252581	2.6084726045550846	5.4250719807204302	2.1200429957194711	4.3802330439994135	1.6170475993208995	5.9785966618389903	0.6097777038772216	3.7150123057200881	-0.5029873392659825	0.6016140895929714	4.1063615620240475	2
1.1334239473260017	2.7711074199703125	-0.7357454841762665	3.2401564130603866	-0.1664418142317778	0.5744334235987898	-2.0728224420864469	-0.5154344894928298	4.6836390253827247	-0.2415187875817515	2.7528420945267844	1.0342482622364579	-3.3020560743262379	2.8423500862989961	0.7895059227192092	2.3258752586982632	-2.0290625581353923	1.0018775337724715	-3.1349872987411027	-2.0678404624058384	1.2864373947227128	1.0699140171027914	-2.8250500727848697	0.8327567157280107	-1.0160399069814949	4
3.6152883344494438	2.8452287773877485	1.8504464372091383	2.6875051532366356	1.7906473626987160	1.9163082103872895	3.6447903209220565	4.4396137997640022	4.5432772760819953	4.2852197811933053	5.7220140660526599	1.2276357650444172	-0.2743453937042766	5.4341412443729311	0.5692587542539909	2.1961957826833416	1.1309401408138804	1.7931110920404645	2.6893484509059000	-0.0754163032549044	-0.4030527877473729	5.5458925898846996	-0.2155728316403716	3.5332999689643843	2.1736945506843544	0
4.0213932682831199	3.0678839580391002	2.0887260464821549	2.1876784972960976	1.0418113910863425	1.9584530908909561	4.1263849031627347	4.4338620751772275	5.8720941620048865	4.3392541114018446	5.6324891827515584	2.2097728612432612	1.2478471111413219	6.0550574859520152	-0.4585802603838722	0.3612576571975703	2.5928540307205377	0.1171559357297403	4.3862889953553639	1.1159186227363027	2.4844759138228016	5.0809296951821770	2.0028626252178827	3.8319239762730275	2.0221922849114948	0
2.7593470837686076	0.9916902549340580	5.2732819440361602	3.8467364655351517	-0.4871599736679624	5.8046154628026656	3.3301447060250644	3.3378991404410625	5.9375770041617741	4.1832381810837598	4.8013347136075808	2.5433395477064065	2.3392264740275674	4.5923983224875906	3.5052523735892871	3.8048240629967793	4.3786652785728943	3.1997787591538569	3.1915388678875374	7.6087392529484905	0.0030086933630962	2.1754245052533214	-2.1422617157027570	0.1694627528708836	3.7334066746160421	2
0.8903974959531018	1.2758197317162310	2.3217576491558907	2.8307272113234130	-0.5373139730553583	0.9504013885792060	-0.8736087672886343	1.2425945125597420	2.5412845767852676	-0.7126653587580127	3.2666720886848100	2.3304551254495651	-2.9554068685163868	2.3134001247919560	1.1330979148475593	0.8239204122255013	-2.0377370040118739	0.8186475416690193	-3.3147682472157647	-3.4217379026250865	1.6447515767621979	-0.4673593316020014	-0.8536651589834380	0.1768057255698334	2.3944987529245969	4
-2.1992898821158327	-0.9236967859041642	-0.3364767720856212	0.7646808781163009	-0.1002168389274943	1.5807671047403402	-1.8397117097354370	-0.9977049788258816	1.0483442223359485	0.8332215392870534	-1.0738810712416658	-1.1560303620935122	-2.1422573540660119	-0.6171683232764683	-1.6274211866770554	-0.1214896049241337	4.1180040370364486	-0.3410845630474308	1.1914244047224374	-1.9868877311342428	1.4257281287122632	2.1999847128515451	2.3268092074104167	-2.6178406079486232	2.1354863982022390	3
1.6604307821374258	2.4607135020737476	-0.0740331087592032	1.9823661580895831	0.8586497165198995	3.2911828149677289	-1.2657224917470231	1.6774901685865238	3.6094050658122243	-0.0626329201182798	3.5931583703859200	-0.9529264126400028	0.1587240055958428	1.4832455410595398	0.2487234543906908	0.8609720077595142	-2.0951555626963634	0.2728440393627571	-3.2501916709335883	-2.9713419113261073	5.3917149558890092	1.8043013302086617	-2.5538399183023093	0.7396882821580579	0.0713458653932264	4
1.1762267789623080	2.3315442414136722	1.4615047155911849	3.0844137266538274	6.1536155699578350	3.6877592351279755	0.6047520700494813	1.1600489364203996	3.6847232242059440	2.6705246184018190	2.4491990837026010	1.5850565289032377	2.4659291994830577	3.4061664855121458	1.8342087755360059	4.7782526378577881	4.2199629373733920	1.5077518325867167	5.3858199483288915	0.2058305604485366	4.2254450750331376	2.0104005229072963	5.3764303366751038	1.1969651796003729	3.9714313794092879	3
1.9221226108833123	3.2105133575713718	1.2403745613464796	3.1444214945675029	-3.2635573820744397	1.5920135102926880	3.2697332283250349	1.0082876796573932	0.4042030375175176	1.3181919317466475	0.1417640820924976	-3.1998029060091326	-0.5715461300200080	1.3852266973606673	-1.5420107261265115	2.5786145750917417	-2.7207580446163475	-3.0068650065053397	3.9921889071469598	-1.8820084603624472	0.6788053725889996	-3.6443003012604613	-1.1848420656785801	-0.3094230471311684	0.0952580233271703	1
4.0389185695983212	5.8207946863492808	3.9147910729782858	5.7761903962942629	2.5351190656995879	5.9788093436803473	0.5008248411742136	5.3763252789800458	6.1322233197181673	2.4548835370872859	5.8850625620959747	5.2661513827768243	-0.6118473325397096	5.2675228082351904	3.8918542762851764	6.7476388452082414	0.3290157635171620	2.6521251040969558	1.5620129787787462	0.3206169206670211	6.4117230206181013	3.6638120347140317	1.7044906182788153	6.3840891259201014	3.5956696306930880	4
6.1473541820252553	4.5248486571853546	4.9064649280318529	4.1741142960781730	-1.8251631176175485	5.1143612704467749	6.4788529352558077	2.8591172120227686	3.3049839200909745	1.7875824504976949	4.6319198722512667	2.3232433269981585	1.3423626670249302	5.2099036965249796	-0.0410680937873744	5.0911228362066723	1.2730354420615817	-0.0426639812369825	3.4382169316739963	-0.1676088841027266	3.1959245375954208	-0.4058121842937883	2.5038471979667882	4.2205728150424564	4.8981623838849560	1
1.7011451783171803	1.3957819544823462	5.5098979095578935	3.6132527555778244	1.4015669832004787	4.5006200584268061	2.9545918360256307	5.4885707999294064	5.4885037861959294	3.1096322651144774	6.4293250558125710	3.3357076138677697	1.9914249408762525	2.8304486039197205	0.5576510083709945	5.0430572788581527	3.3831475575831509	0.6880719643622828	0.6957573768333942	7.0686289118368855	-0.5765708303001746	1.8527711532205229	-0.9623251878975188	0.7068630277086774	4.0029379526434425	2
5.8142601310406619	6.2113607951173488	5.5976434960977048	5.0342203931480478	4.0639951065091706	5.9002997781282724	8.6698618061419523	5.6052627975474048	7.4248510406558754	8.2851794044579528	7.9648369213693986	3.0800913633864848	0.9190155317942477	9.4020827912419058	3.1781578491631861	3.3928105276438991	3.0432532619026054	3.3070759969283334	7.5972681260101744	2.8188820104245713	4.2056518704552532	8.8757018214882883	2.8519899343696764	6.7131242763101957	4.5104552816636296	0
2.8460505351678798	3.2316440203881820	0.5543644201200046	3.2820965601497560	3.4582560959451487	4.3238754668480412	-0.4020910074648518	2.4611102433463539	2.9536660074116114	5.0069238274015451	1.4463016871226018	2.4703399199340366	1.4039975627669004	1.6804088100742181	-0.8727429685458361	4.7667817454897818	5.3825903795060412	1.9351409103205723	4.7360308330092442	0.5812872574901506	5.3320475301192900	4.3684520028918481	7.4509108784383260	0.8697563276756708	4.9675171866700643	3
G4
0	95	5.443456679704733	78	6.370442016669853	55	6.537248819510322	82	7.1354132140728295	
1	13	6.581308864414665	91	6.645631430610804	39	7.241099380528683	34	7.859638069322707	
2	31	5.206466604341458	32	5.484035596112159	15	5.976729976619563	19	6.010974781707661	
3	7	6.600301547145075	46	6.735373481349513	67	6.882809884939796	76	6.943681004619889	
4	83	5.146329668834553	23	6.3326856829541684	44	6.423950968782577	66	6.968245988785622	
5	60	6.736086579612239	18	6.738471418336011	59	7.333599488506838	81	7.477589116687253	
6	37	5.684462227035617	71	5.729325349168481	90	5.827051578830944	52	6.1563071619118155	
7	46	5.987898760499033	35	6.262301760600154	3	6.600301547145075	9	7.247095857571643	
8	39	5.783485636013305	91	6.37020920875223	84	6.383288716565844	40	6.407988103937347	
9	35	6.592191625792972	67	6.890826077671141	85	7.0977289095759035	97	7.188979971569537	
10	58	5.927792688321217	69	12.583050132946417	14	13.423598485657534	21	13.802605980021442	
11	74	5.346030359401594	51	5.896926463521197	31	6.122410735422557	32	6.2207224520256075	
12	71	4.518150643174802	48	5.535453838217609	37	5.641985450175843	90	5.77435564327673	
13	91	6.3986364460100775	39	6.412642482884174	1	6.581308864414665	84	6.763497688131043	
14	53	13.326635833957903	10	13.423598485657534	58	13.491112443117188	98	14.496844926726398	
15	31	5.974938857000527	2	5.976729976619563	19	6.1908823896309695	11	6.777508461498932	
16	52	6.118530677904551	6	6.347174221281131	71	6.844535520077731	90	7.332309030701323	
17	47	5.064438522820732	38	5.224271137944207	68	5.546159432491777	29	5.688390107844953	
18	61	5.8992914927252595	59	6.090734592560868	60	6.650736419052755	5	6.738471418336011	
19	51	5.620291005094466	31	5.717550439109067	74	5.878495723490633	2	6.010974781707661	
20	65	5.595075928255006	82	5.934836311721088	55	6.327744833229191	78	6.407637568039933	
21	69	9.49165153099924	25	11.867856958245836	98	12.089614532994823	38	12.996400610953758	
22	83	6.990827805208751	36	7.275774257486689	23	7.4625445407447275	27	7.517616565211131	
23	44	5.4410252642668455	4	6.3326856829541684	36	6.733729318285168	66	6.84464134143333	
24	33	5.50523219235829	73	6.160143663448734	77	6.311734074322034	70	6.348583227084134	
25	98	6.661967715197729	21	11.867856958245836	69	13.136395472312204	53	14.095354508891695	
26	87	4.527760966485152	43	4.607078443277868	79	4.962684630404036	88	5.595011719000956	
27	36	5.650042622303427	66	6.034270197990742	23	6.957620154778414	50	7.245757644449146	
28	82	6.4178609057894365	95	6.581946329438419	78	6.755689234186819	20	6.83822193609695	
29	17	5.688390107844953	47	6.424039047039039	96	6.716788965494155	38	6.828744899299356	
30	45	5.226392972356479	60	6.46653224309464	59	7.273233356295934	72	7.4117862659665255	
31	2	5.206466604341458	32	5.234173232058782	19	5.717550439109067	15	5.974938857000527	
32	31	5.234173232058782	2	5.484035596112159	11	6.2207224520256075	74	6.655190042363573	
33	73	5.287696784590599	24	5.50523219235829	49	5.8555060587284995	42	6.975079898679782	
34	91	5.75633299221095	84	6.331734569066681	8	6.760274524138347	13	6.792722772215162	
35	7	6.262301760600154	97	6.464085625456303	9	6.592191625792972	3	7.3214583922184815	
36	27	5.650042622303427	66	6.114173264286512	23	6.733729318285168	83	6.804665949182302	
37	71	5.054338011731816	12	5.641985450175843	6	5.684462227035617	90	6.2662457067878075	
38	17	5.224271137944207	47	5.548609492662887	96	5.9341570074495555	41	6.630512690389608	
39	84	5.586617285886756	40	5.690170289383241	8	5.783485636013305	56	6.277978693760979	
40	39	5.690170289383241	56	6.06778741078678	8	6.407988103937347	84	7.106012596285498	
41	17	5.792672855393678	68	5.881397702936967	47	6.1206237074905046	96	6.2700973501295705	
42	57	5.747602807928125	73	6.248770090409343	33	6.975079898679782	93	7.235968396759726	
43	88	4.594355433894752	26	4.607078443277868	80	5.34299644269049	87	5.7184629693015685	
44	23	5.4410252642668455	66	6.113651819908134	4	6.423950968782577	83	7.0025292099695005	
45	60	4.94160197631956	30	5.226392972356479	81	6.105785279044989	61	6.383916714614084	
46	7	5.987898760499033	3	6.735373481349513	85	7.066276553404788	76	7.140766374536566	
47	17	5.064438522820732	38	5.548609492662887	41	6.1206237074905046	68	6.2897944862135216	
48	12	5.535453838217609	86	5.853190560506465	71	6.758315629163687	90	6.778968325960707	
49	33	5.8555060587284995	93	6.862046252370273	70	6.911073691993318	73	7.205533135780779	
50	66	6.1818387033154005	83	6.673547049252189	44	7.152533065960333	4	7.2351615745532145	
51	19	5.620291005094466	74	5.798261740385467	11	5.896926463521197	31	6.027560551833618	
52	71	5.332064134499814	16	6.118530677904551	6	6.1563071619118155	12	6.163282428871634	
53	69	13.16195315809197	14	13.326635833957903	25	14.095354508891695	10	14.985293474890879	
54	43	5.7552389170853	88	5.8446398511422	26	6.0197132508389615	79	6.252308927599587	
55	78	6.172659507923636	20	6.327744833229191	82	6.349394410521007	0	6.537248819510322	
56	40	6.06778741078678	39	6.277978693760979	8	6.480351125105483	84	6.882321755140796	
57	42	5.747602807928125	93	6.533441949603535	70	7.3294080503236865	99	7.403331973213105	
58	10	5.927792688321217	14	13.491112443117188	95	13.562800347815685	25	14.240129595826064	
59	60	5.697050005586593	18	6.090734592560868	45	6.393543962933567	81	6.821449719970441	
60	45	4.94160197631956	61	5.684305540084796	59	5.697050005586593	81	5.7922221848795585	
61	60	5.684305540084796	18	5.8992914927252595	75	6.065321246017211	45	6.383916714614084	
62	88	6.198935609391338	43	6.612609101412769	87	6.832258228745374	26	7.08840734323743	
63	17	7.879469727286028	47	7.922836799826078	96	7.97978947977905	38	8.155595486812842	
64	74	5.4201896713917	2	6.066627500403654	11	6.2516726104085105	51	6.312098169987386	
65	20	5.595075928255006	82	6.057253711295662	95	6.855347980219655	55	7.816092662690352	
66	27	6.034270197990742	44	6.113651819908134	36	6.114173264286512	50	6.1818387033154005	
67	85	5.928979515566229	97	6.759814413744083	3	6.882809884939796	9	6.890826077671141	
68	17	5.546159432491777	41	5.881397702936967	47	6.2897944862135216	38	7.4309108242191275	
69	21	9.49165153099924	10	12.583050132946417	25	13.136395472312204	53	13.16195315809197	
70	24	6.348583227084134	99	6.881489418314661	49	6.911073691993318	93	7.084796009252631	
71	12	4.518150643174802	37	5.054338011731816	52	5.332064134499814	6	5.729325349168481	
72	81	5.560911033225527	45	6.6529165235545	60	6.688946758343732	61	6.8635102342354966	
73	33	5.287696784590599	24	6.160143663448734	42	6.248770090409343	77	6.505665215591965	
74	11	5.346030359401594	64	5.4201896713917	51	5.798261740385467	19	5.878495723490633	
75	61	6.065321246017211	81	6.656477664130191	60	7.5029366453180755	45	7.935256591983334	
76	85	6.582113975898112	3	6.943681004619889	67	7.0887692552860955	46	7.140766374536566	
77	24	6.311734074322034	73	6.505665215591965	99	7.4288983277454905	42	7.7093506428404925	
78	95	5.850611678893588	55	6.172659507923636	82	6.25148846672215	0	6.370442016669853	
79	26	4.962684630404036	87	5.441154434881565	88	5.75669009976097	43	6.01845919212514	
80	43	5.34299644269049	26	6.269027352042351	88	6.408829109781157	54	6.540106420891822	
81	72	5.560911033225527	60	5.7922221848795585	45	6.105785279044989	61	6.565997956619293	
82	95	5.83784073931152	20	5.934836311721088	65	6.057253711295662	78	6.25148846672215	
83	4	5.146329668834553	66	6.412989322310962	50	6.673547049252189	36	6.804665949182302	
84	39	5.586617285886756	34	6.331734569066681	8	6.383288716565844	13	6.763497688131043	
85	67	5.928979515566229	76	6.582113975898112	89	6.874812962664309	46	7.066276553404788	
86	48	5.853190560506465	71	6.1249424779120645	12	6.333265663292962	37	6.456207105891196	
87	26	4.527760966485152	79	5.441154434881565	43	5.7184629693015685	88	5.83227570800769	
88	43	4.594355433894752	26	5.595011719000956	79	5.75669009976097	87	5.83227570800769	
89	97	6.7469470376319896	85	6.874812962664309	76	7.291797419960274	9	7.2923934783405295	
90	12	5.77435564327673	6	5.827051578830944	71	6.035763659361468	37	6.2662457067878075	
91	34	5.75633299221095	8	6.37020920875223	13	6.3986364460100775	39	6.586163928688012	
92	71	7.3381549295540465	12	7.455537730243481	86	7.642779050166244	6	7.858654973595258	
93	57	6.533441949603535	49	6.862046252370273	99	6.952569454508996	73	7.033017197848939	
94	19	6.147704455779397	15	7.091027667267272	31	7.215490176289368	74	7.412850371622845	
95	0	5.443456679704733	82	5.83784073931152	78	5.850611678893588	28	6.581946329438419	
96	38	5.9341570074495555	17	6.0180725669972785	41	6.2700973501295705	29	6.716788965494155	
97	35	6.464085625456303	89	6.7469470376319896	67	6.759814413744083	85	7.144724644083224	
98	25	6.661967715197729	21	12.089614532994823	88	13.938050311349926	79	14.047519446703358	
99	73	6.771228613984746	24	6.869209326147098	70	6.881489418314661	93	6.952569454508996	
