2.6067598915402668	5.9052904633349366	4.8416425556902869	3.7307554738674233	1.7780882517070857	6.3705683326590101	2.8961393300534803	7.0543954459428369	6.5267524690699190	2.3754419465076122	6.6858167471212973	4.7126349843487301	-0.0822748297886378	4.7818707782057333	4.1415211574003958	6.0203164471123163	-0.7804064339914873	4.7994300826562473	1.0482693093925863	0.6301901169151267	5.9135974323022475	3.3958505774280718	0.5701711186641045	4.6098271380909281	3.3185202910417857	4
4.7938075382169600	6.3712061409818288	5.4173884361750293	7.2173347123744067	6.3697026766921550	9.4169574985824980	3.9809058424614028	4.5651700271863405	7.2556167857629585	6.3128662413605623	6.5749854839561568	5.8169254155592691	5.6981894578495513	3.7169791528923382	5.0310968432459706	6.7493127756012106	8.8187532356449836	6.3404544860048535	8.5025051925808484	7.1988039631737202	7.0709578605116574	6.7308566268682224	5.6523161519270824	4.1982274015071459	6.7341769479614708	3
2.4539765360224162	1.1883660733486445	0.9993509178446809	1.0597782960096516	-3.9712735522612017	1.8993515089474209	1.7413254462928218	-0.4130292934547054	0.2679066510919805	-0.3916851900787267	1.2221729121995231	0.3124051646711890	-2.0478025837329854	3.3397300648548254	-2.5137757254488085	2.2544077692110154	-2.0456259587823680	-2.5042570400427326	1.5310267781608187	-1.9686249838798338	-0.7556160788413846	0.1299187102300539	-0.2289645689959822	-0.8781810640939152	0.7728195813334481	1
7.7318140248740406	7.4566344882979978	12.8810600477595862	8.3679036860175042	7.0805107229908764	11.9338275266548592	8.5590634533402792	10.5433336466815462	12.2184113993450829	9.7212415492821975	10.1680800350433529	9.8218406755627115	5.1999434941230449	7.6910119033472357	7.6073800933413249	8.2373975273054931	8.3724360874607573	9.7405624524362544	6.7940207849681666	10.5075586446925513	7.8175391745403324	8.6700003242329657	6.4572672737457424	4.7170240903340641	8.3801601052139070	2
2.8248971881127698	0.5974845465634893	5.6411119843495738	2.6555032966878001	0.3120162513460798	5.2510096308229004	1.6999891745097908	6.1781883566447755	5.8767742477714151	3.6654473773893859	3.5711231346254859	2.4574307171408223	0.2331835328298202	1.7105763629187973	2.6324732410191016	5.3048708201073262	1.7565119615937912	5.4110119714936804	2.2193474106550752	7.2024447420455049	0.6605788858620656	4.6589385748512706	-0.4820153992773530	-1.2962382424154919	1.9827804293060027	2
3.6512470596213507	3.8174149995128777	0.6868996611421312	3.6195057491007079	2.7069705705782448	2.6987774832485130	4.0754175964463792	4.1156646319491674	4.2881613256703659	6.2184172856825803	3.9058491792704193	0.8622496325392719	1.1475515673190007	6.2100319227603151	-0.3969431872748421	-0.8531773409044581	3.1303498144202164	0.9337879032735854	2.0350349391444542	-0.6987300155950500	0.1145329005964899	4.2986619915085873	-0.6806344556401580	3.4584145998362668	4.3222086628714536	0
6.4016905121100045	6.3434400367424333	6.8604927767906752	7.0946941358731914	6.1848973545487382	8.7183990916138878	4.7277475918056515	6.6342070539266693	10.1709721843917382	5.6683921895521792	9.3639909216032322	7.9825523348045930	2.8442452524916466	6.1054068209122807	8.2285052240781535	7.7282254022659753	3.0419631130445461	6.8397195366741954	4.7812523839706031	4.5006381781017826	8.3159594096578964	5.5987549206798635	4.8999949176338120	7.6805150202093975	7.0005101569352437	4
8.0146867953800207	3.9915859598827916	9.5137845100611571	6.1648499064803826	3.3288911382479354	10.9309706844586643	5.0657641466011949	7.7348008241321597	9.0429599682966533	5.4849698104726485	8.1052320077356885	8.1339315445634774	3.2272918998791038	7.2739181847437182	4.9785850442329256	8.3661470524623187	6.1397506678100973	5.7194539645924003	4.1262587862883224	8.4434694951830025	4.4757162808730389	6.4547946837004808	4.3567667875788523	2.6792764284154620	5.6422716146326817	2
2.4227534388913732	2.8242389895444751	-0.5272536930915006	3.0738395696226122	2.5111536711508471	3.4478956512131500	-2.2155227191431610	2.0254398545767587	3.8950007578312862	4.2803200349339185	2.1581402999049102	2.3159043586093775	1.8735774570347079	2.0163750047146998	0.6192343036612282	3.8130763699218693	5.5429920879726353	4.0668143972043183	3.8123333237866506	0.8486087228131929	3.6654598916085464	3.9404318993384666	5.6871225254990403	1.1351565144881390	3.3195286355925457	3
1.0600658064791566	3.1475306902166542	5.4786335612922397	3.3612120654128752	0.6399586518412104	6.7022297512613100	2.7259865678049682	4.3302341564549902	8.1996441533667319	3.1114252047886262	6.3559724164281262	2.8076770465606753	0.5948770072848020	4.2912340138692606	2.9281827388565160	6.7520916652117693	1.8413504633179087	4.1531998677413409	1.6436239195588358	5.9200952035710017	-0.9528897466980091	3.5351852347825021	0.0971121891885627	0.9309181653842376	3.4455558450839252	2
6.8207385163662018	8.5581300348355889	5.8970989536017386	9.1109408954664186	5.0780579932841690	8.7263088955969739	4.6335085224353056	7.4444156051496231	9.5646362418073565	4.4514357036950365	8.6973817659549901	8.1919976776305177	4.3072201912144674	8.4933714583687774	7.5387137887289333	7.8473945887752388	3.9236406201559091	7.1638209069075582	3.1667097621938312	2.5639602640913042	8.1329715926477153	5.1316496684612831	5.7773981828895593	8.1225193528200066	7.4951955134866557	4
6.2664316199006276	2.5973314552466999	3.0217372289801827	4.0691203103576594	1.1834710779242583	6.4611515727999640	7.9275210408252290	1.6845816008613315	1.9295280585565966	4.4136166186032444	4.2986233675523096	1.7746680366562630	1.6895036103589907	6.2763663995205210	0.4870516364597672	4.6573492204207518	0.1224977577479414	-0.3683748894162377	4.4900027660926902	1.0571964098322160	2.8705504917091247	0.2071563608766560	2.8421559161884895	1.1655498758438576	6.1606590826087242	1
7.5594145733958547	10.1225653152553470	6.9215006031928059	8.5137291762810943	5.7707150338868569	8.2402435988899541	3.5328375508247962	7.4666678575712497	8.5825870307080407	6.3676803433753077	8.2980870036405001	8.7313753431536760	4.5302016359093367	7.8249111356767802	7.0887737558880346	8.7516720887828736	4.6832132987862840	6.7034945441308427	2.8537063582147160	5.1282830957409029	8.2899660692515464	5.9374730559792592	5.3374798092831393	7.3625006286280472	7.4649708922264786	4
0.1458140545289264	1.9277604977126654	0.6893149421015901	3.1805992277602266	2.0439020353000608	4.8861145505901451	2.3301526953075262	0.9219451535527696	3.4902428777107986	3.1041765062797957	3.8753365807873852	3.3919806254695777	4.0265786191416719	3.4735436036332574	2.2857109471185417	4.7526396675692988	5.4548378930756307	3.1585996391583784	3.8463313525573235	2.2991984741012113	5.1448985210962643	3.9512249626355942	3.8950717291155112	0.3099561425844666	6.2994088052513035	3
7.4220124741811642	7.4371135946854947	10.3229318301370512	10.1253751233634084	6.4380838851852547	12.6810927756324610	9.0313441214123102	10.1900565889389902	11.3079442905618279	12.4096646492907769	10.7255659446670819	10.2729134035550871	8.5690350092435068	9.2198640840323876	6.8321290189443475	11.3531586651910974	8.2347252718008725	9.6888739340972965	6.3908097920685742	12.6321346950127946	8.2328748396665183	10.5363035037013564	5.3934241714107678	6.7645386550765654	9.7448385130360293	2
5.8132476832878721	5.6987861698842792	2.5298027368425258	3.7500747510239432	0.0441734529218971	6.8343395363316706	6.4595375055838051	2.1614317482540542	2.8958300812940250	2.1221908732702564	3.4887274866024311	1.5056271814035664	1.1285934725009636	7.1372874633301748	1.3330531086184036	6.0109386641146987	2.3291850628298594	-1.2105569829993215	5.3008265532476004	0.0147975373092235	2.2078891876402458	0.3777717069261044	1.4823991067484423	1.5698957911067719	2.7508267870538763	1
7.3122770704111435	7.3073850680832670	7.1658053341340047	7.3696991887862602	7.5659059899189458	7.5759928426602823	5.3169533546071106	7.7804549165639862	10.0564327004251943	4.3420341756790011	6.1058275285609565	8.1506143078901410	3.0644637739980438	6.2620426754750298	5.6690714247566421	8.9294826125385995	1.8593903235954565	6.2784409871078548	4.2805927037124381	5.0237006222160669	7.5439031055677717	7.1061865405009543	2.8636669446681244	6.3706692360278314	8.4269077046003495	4
11.8270192549336919	9.9471180363795959	8.9207037016383701	10.2377005334791207	6.8335516114122878	11.3817495748966540	11.2993672595367798	8.0095189393442823	10.0740602168480340	7.6827056576008106	8.9990431245025668	6.8063990626335098	7.8421008173721374	12.9674921370340837	8.1548612249033745	11.2768602165173295	6.5258271359529312	4.9371559847548436	10.3110474076307668	6.6043657738970065	9.8744168277497533	5.3900526710892755	9.2909546559103333	8.2012174029695721	10.0863787884586387	1
2.3737927643132815	3.2970787386453937	2.4739586165522605	4.4747311355741175	2.5466027755782754	0.3869031290357619	3.0487519038980166	4.1127185924484477	4.0153292960675140	6.0978810370478405	4.9822040258425790	1.1211293774151867	1.5817796158219997	5.0508865431420293	-1.7368161675288016	1.1634543356739984	0.8462561099262897	-0.6803122543587525	3.0680810960203617	1.8603935799459368	0.8615976935930134	4.2639688984445572	0.7852422208238474	1.3377788241880793	2.9797576810055810	0
10.7896490682316966	10.7994869556068647	10.4447892079630815	11.9925658406904745	7.1040626309566939	11.5276246177792938	11.3320827253088847	8.5910285054688309	9.1529013069372276	9.2646345388582123	9.3623984230653008	7.9691579178974870	7.7163536895374705	13.1302505806870542	8.6273745640398989	11.4612017187818278	6.4348333396117985	6.3560228716437415	10.3312219596791266	5.7028965197906452	10.4766432835234848	6.3793886614470718	9.6893697900501614	9.1396079328700743	8.7795054198554912	1
10.1414350914008367	11.6796630968437221	9.2262898497156982	13.4218381182516282	9.9319484566569578	10.7500515111449531	6.5412855320813961	11.3950654112059020	11.7886414109151154	8.2725106370792005	13.1396050281492318	9.1609168323178238	8.2508825931756107	11.2241759680207558	10.5211098845600670	10.5406721797019536	7.4365586536967125	9.3697314590384018	5.9852324188922932	7.6822026664952983	9.6633893108125353	7.9940240288144810	6.4259847690148257	9.9620401310325910	10.7193785077292567	4
8.3595845380590283	5.1082205232034870	7.8719686399661271	7.4271710292555468	4.0189138767912826	7.8423862398711730	8.7964113749009432	6.6479960147186334	5.0825377957143676	6.2773185293866369	8.6190625953976223	3.3647719098490843	3.2627648598590588	9.2068716699192077	2.9582249759310253	8.8172547444136136	1.4708045064371165	2.2477842916907553	5.9116633875251408	1.6109243449383950	5.8419609371369194	1.6706628103617307	3.5394982718351100	3.8415180093600654	7.0505633723782655	1
5.4332194571178833	3.7330265355119905	8.3856914993008189	7.8784963879434109	2.1589210075266476	7.2907875484225109	5.1103466169052458	5.4641310084923189	7.7732154492379140	6.7725348579030165	6.5197467826096229	5.7710447939090752	4.5093921335111062	5.7047448957604487	3.6707700092396620	9.2366290382619347	6.2861074825905989	7.5012374181477606	3.9745917739625307	7.8668156137080869	1.3199330425382190	7.4843793940067398	4.1833131936958612	3.9857950781288642	7.3671268762327529	2
4.4525320145605125	1.9260389139547658	7.0904522349495194	4.5140254537658819	2.0238647487785095	4.6297660214691145	2.2367790241213465	5.1269612743968320	4.2572686331546707	2.6247181915516604	5.4413117664899158	3.6532331583449693	-0.5231375956063724	2.3072964599115302	1.1375103149624319	6.6594210306226174	2.3286699197789007	4.2686337569822603	1.0196259379240735	6.6775061545462870	0.3043369632832036	2.7601085560270544	0.2462297642061966	0.6626397330902063	1.3947331706094828	2
3.9100509160755070	7.3981504683504671	5.1913401352190274	6.3552454566899614	5.7789433818273270	7.4331197896130421	4.4021559010811870	5.7202558150280209	4.2057672210756554	5.9290225325834118	6.2905617255359605	6.8076560549488523	5.3920507250580236	4.9264562975020585	2.7499015233853870	7.4361131742220383	7.8521583676121391	5.5605535465278102	9.1859142586174265	3.3884907958576385	5.9247958859607808	8.0283702718149907	7.6157059032767211	5.3657973520691087	6.4906145521669796	3
9.8689986362636795	10.5770749166928617	10.3234647825482497	10.8737229391980126	7.8113345430695613	6.5621652346297967	9.1671233176945286	8.2899091365542983	10.7382720812758716	12.1005028195002247	8.9555919874175451	6.7743282452969344	5.5230203089505068	12.8833665937371187	7.1806176317848394	5.9751882028183498	6.2268758182634318	5.3446686865654360	10.4149258185057008	5.3007268631699711	7.2219136254799325	9.7908908586965104	7.4640675496867575	9.2894228131266914	8.0778025836331668	0
6.7847344650685235	6.0078690860389781	6.0243535810960829	4.5185893334556413	5.9592820024188242	4.1664217485554564	7.0024058681572914	6.0212533960510815	7.7751185711957218	8.4997209591770222	8.9413532159786513	4.5436702334625707	3.0667595054032506	9.1036062849472135	4.7606969186948067	3.4436417408306212	4.6883234183171654	4.0877254129006468	6.4528712628704259	3.3056145225681104	3.0872113898415785	7.5213073391906544	3.9682401053470460	5.5464939216964630	6.4772950608612492	0
1.5073769541154778	2.6446158221009064	5.7524395984844006	3.8699024678240392	0.0226140564332389	5.8486309221504325	2.9189052785941256	3.5693500063758354	4.9415707928703672	2.1317605912308437	2.6713795263739271	1.8373095034965028	-0.3507127129697611	3.4587088628618012	2.0403988042621699	5.3160169471195697	3.1762063790345847	3.3489598464074430	-0.1813410666843289	5.7203218327616510	1.4154218158854013	0.2650910705969207	0.8031721170032289	1.1380441326823898	2.4221907913210678	2
9.3535100895632972	7.1610438351853860	6.5040236473615458	9.1286547871172452	6.2275966915257648	7.4568672809383241	5.9170504078113808	7.1807915675262626	9.2764423108325342	3.8880229768546344	8.0233687600651500	7.3137346125941605	3.7909435258573008	7.2500616082383535	7.8088427999442702	8.4710084971953172	2.5134937165888478	5.0983971504508698	3.6833224490244962	2.7004051786474754	7.7498514455530358	5.6916347800674476	4.4085905042835289	6.5958664152571762	5.3477259729255620	4
4.3253273061689619	5.3855320882778601	3.0434703134737866	3.6318716190113256	0.3187721420216847	4.7310571815352080	6.7643326987806915	1.7317639296192113	3.5350000723748871	3.8158157283434746	3.4385912827572498	3.9840852152802184	2.5960157013398106	6.8870470521641298	1.8558280891764332	5.3784114431953913	-0.1435247281186252	0.4632215489837206	2.3050835395235234	0.3913560792473838	4.2608775707453592	-0.8034577528084181	3.1753734552088755	1.1935668456731672	5.0201775231811236	1
10.5256814577745672	9.3211476740691595	8.8875053876989192	8.2767185346204464	9.3180199569022939	8.0864460564965484	11.0646044677059514	7.9849518394228003	10.1189569050130910	10.3818248641006150	12.6826666800652461	6.4335663513804260	6.7233850308051553	10.2906708378028711	7.8669008071248383	7.6473548856063580	7.0426373984144170	7.8994238014847058	9.7455022958793212	7.4684395198936002	6.6772616046713358	12.3197348352597444	7.1278485384959840	9.2980754007778987	9.5375743329257396	0
6.7354804867760825	4.1655374838463626	3.7332033587170015	3.0033286427139201	0.4779918447970108	4.6285734459397130	5.7338432867125757	2.6061258747698788	3.1913742753952450	3.2494833984886085	3.4667047709524832	1.8429521069034227	2.3929609913319041	6.1113430480421895	1.7493107960204011	4.0023719619729565	1.1647186225050477	-1.3617456518769089	4.4156135002291936	1.6235793100009004	2.2362601008137597	0.8981313115644971	4.3103597129819677	3.2802990306965798	3.4130148337393864	1
2.3781898983594618	0.3524919596019311	0.0574060799131124	-0.3173580266842084	-3.4704023642942841	0.3533670755147047	3.7028796213934507	-1.3921536013586207	-0.6893641975367616	-0.6644637654224099	1.0817266239781382	-2.1726320297475370	-0.6602661804499346	2.3595394774558831	-2.4436202851976354	1.8657420226923740	-2.1167787365790658	-1.5930677043110699	2.6187080063861892	-1.2809999367317615	-1.8257334359865725	-1.3654281862660465	0.8814337946168651	-0.3948741212264034	2.0267009045956650	1
1.5496086192561676	1.5753637365120308	2.2642439902633242	1.2375212144340786	2.4321278236303088	5.1107217563976732	1.7205216967641745	1.1948413361742083	2.8774090478515095	3.3472150727339565	1.9334586556380127	3.3253803031802316	4.5212012101253034	2.1764702273492933	-0.7455026528964579	3.7596544064105752	5.2558767446874324	2.1713398752550712	6.2717526529014425	1.9365287141049781	2.8862006728067007	3.9017980287426535	4.4284790287758931	2.5379488698749748	3.6821069695253126	3
-2.1051938508602133	-1.4827902303402476	-1.8982065543357602	0.4312109470332629	0.3065896642602408	0.9374619315121095	-1.9613880028863107	-1.3110429465680660	0.7033285520402647	2.1191371071502569	-2.4625994566559894	-1.8230409525754783	0.2409807680275842	0.9973370908340184	-2.3158108006283395	0.6784219660049714	1.9694840931812816	-0.8631325403017576	3.5397758700274720	-1.4071876339337011	0.6695602126612759	0.1769410615491770	2.3986506645591925	-1.8618637023599760	2.3464966551087807	3
5.4716733402448137	4.3817709759685073	9.7620411865811469	7.3676522368835755	4.1135280483791448	9.1129975117898709	4.8488471643674860	8.3224139714291425	7.8504668934851480	5.6082760721962410	10.0782310030409334	7.2202416404682372	3.0793681012251999	6.9471892262557180	3.3498295443275365	8.0474018485752872	4.7660476065625552	7.5939672873722195	4.8723611381477108	9.3863247880062168	2.9412137533622209	4.1863576342543212	4.6327171099134787	4.4105326734818808	6.1968811900434506	2
1.9757538909818284	0.8507163595191209	5.0382147402163078	3.3420944478944077	0.9310949590487017	6.8639204169033601	4.3927416423896473	4.4311624733273316	4.6962803867534006	3.1028227306190375	3.3946356105176045	3.8171427930273190	-0.7518962374735025	1.8254032952206336	-0.1088065643607932	5.4300706234401517	3.7190288340675837	3.9877462719607744	-0.2721090047173025	4.7162432724454524	0.7658422598561989	1.8911469913968184	0.3303361420002058	-1.0878525020531988	2.6583109095814059	2
3.5460085001970483	4.1996456918220320	3.3478500260125204	6.7567026274950619	2.7905056756196740	5.7861259546867334	0.4641918512532648	3.3961234060405614	6.2224213535421544	1.3041990685927485	4.7127397316002391	4.8071670434822469	0.9550082634263126	3.9257181266864802	4.6215455480093546	5.3752834817532138	2.0849706788279918	3.4447500283191994	0.4843996925257246	0.6599889991489878	3.2298022523979375	2.7218891663870401	2.3446152545986925	6.3773036626986528	3.8509382551475762	4
9.0697120773944206	9.4061607734128607	8.0990763981832803	7.3692107721236475	3.3131413441323527	9.5421116288846353	7.9989158061289194	5.5737057650672632	7.9190572715202361	6.1091996372727415	6.5254475211080063	4.4803396923131178	3.8709775248141649	10.9487435290372073	4.6337042174233929	9.1634819737291977	4.4269796551661571	3.2250359772546733	7.4080690644319764	2.2796002145650816	5.8522193797368915	1.5381834275116253	5.5452184811392424	6.3258155519425436	6.7280626871739884	1
5.1209063549269249	5.3509546304528808	2.6084173295884363	4.8155028264802677	7.4647361407577053	7.4303761669414996	3.5787987716143381	3.5483864066739730	7.7929760564239317	5.6975323498844972	6.4670620125262879	6.2420552315511380	5.2937258785320749	5.4315509186084032	5.4021645871361592	7.7689248825500741	8.8660007322511092	5.6290919659219822	7.8728041886423314	2.8396324835625721	7.3253474660784894	6.2664635710199725	7.9030791825052020	3.3492221719118578	6.3210820205287259	3
4.2768165237999156	5.6962917356592051	2.8186360021351193	5.2173590233822313	7.4594785055449027	8.1233992013865510	4.6614445613591284	6.3507271638400526	6.8599911414034480	7.6714102895835596	6.5830000635636416	3.5454501556509208	5.5993878242717123	5.4448130635271053	5.2486762339810076	7.7249386867956833	8.0511430103104598	6.9761475768167829	7.2158196179958276	3.6841163786726612	6.6669726678520957	5.6291259764480923	9.6325893694342497	3.2877181510329061	4.8357485732588330	3
10.7476623698917386	9.2051302252195057	10.4887765457386983	9.8225134808632042	5.3215266916781596	13.1124171324687637	10.9613551004181229	7.9911675299590064	8.7481734250142651	8.7528166171796364	10.3194578465827398	6.4621806247016700	7.2405571874956935	13.2511217382986022	4.5749973260843708	11.3326957554851724	7.1219087330134316	4.8528037407999571	11.8962122554255227	6.1848448888735179	9.5279255556373403	5.9133514339044346	8.2224186502741379	7.3428796003752392	10.7666194557164303	1
4.7179234807140915	3.3320707871853603	4.9502745357794007	5.8489960911263417	5.2966176161090335	7.7424629466980948	2.9128963142521642	2.6805722011051198	6.5699523933929092	7.2549817704706800	5.1125277856161224	5.0411535796700635	4.7005444553877798	6.5113002968970726	1.8254132285790137	7.0119954268290421	7.7309138669024335	7.8762089375306932	7.1044384198555814	3.8020302198550584	7.7405732218255796	4.9328804280767775	7.1893444712357013	3.5258447584235668	7.5186221147138355	3
10.7373367058086036	8.8660297878284595	9.5389016468785286	8.4333246663546326	7.3048418661110412	7.9702831742719535	9.6401625947330523	9.6120669767283928	9.4014301808999878	11.3745415480846876	11.7225639571574618	6.9873938397962680	5.7937410587989602	12.6665645521002457	6.2480093908780425	6.6730763852609432	7.7121194202490715	5.3793668004338384	10.4090512347090147	6.7005283128045079	7.4155751594476076	10.0064209250407430	7.8819724837841321	8.5386504653473754	7.6101555880164877	0
7.6189716390430080	2.9005819411740554	9.4981625778661609	7.3880540855481556	5.5055854544116913	8.6043581954186816	3.6663935904716456	7.0739268711550656	9.1854199101858818	5.6247538998971756	8.8789948272162569	5.5765180543316042	4.1110868918884247	5.8373584474639397	5.1888139901879544	8.2536499580465872	5.1026800265774810	6.7122464199959051	4.4548904809103576	9.4233432501024144	5.5751750295804383	6.6210968553508192	4.3741333081678864	3.1201833890808510	5.4764748635936344	2
3.9747890976837801	2.5097016030523260	2.8458124368092426	2.5446713977010433	2.9351022998178986	1.9576493392007426	4.4166286301055511	2.6582469224097460	5.0772262206415570	6.4634325200315690	5.4622557354899834	0.1926998741771775	0.3424703808361751	4.4871057499992810	1.4889146944914182	1.0872242094120992	0.6086824811299598	0.2249470868818766	4.1299278876228005	1.3594378308792108	1.8132366321358329	4.5301414449543600	0.9857857361133053	4.5204541605728616	0.5973559203113723	0
11.1130474759802702	9.7927265446385565	13.7966003992708721	12.2911269088533821	8.9260349696370191	16.3145170598135287	13.2307924204261109	12.8729121645318330	14.5273180179324672	10.7315538819767742	12.3316548975112994	13.0568274947054910	9.6226245675877582	11.0780182980663682	9.2623405582807763	15.3975663018870748	11.2568961601626079	12.1800045043949616	8.8521873520905618	13.4098362633656940	10.1568986190239752	12.5214486976553800	10.9325337583856097	9.1355062176809874	11.5881458738758454	2
8.5930832058886306	7.1637444606572140	6.7123514124140016	8.1388368719305575	3.2576282470775006	8.9838569049074017	7.0993680699216046	6.0902016212321151	7.4377749106251159	7.8082839048212556	6.5152566242947829	5.3524782077021884	4.2475069784496888	10.3851479902218795	4.4364397558580126	8.4698506450148265	3.6931881405956641	1.4582871074850168	7.4429029103729398	5.3963723345503407	6.4834630087496548	2.1229623753286004	4.6555353058902904	5.5937471028181740	7.8785045089671559	1
1.6916263230186961	2.1116141761389686	1.3594691942269328	2.5063737575661733	-0.8389930167510449	0.6538561349812830	-2.9049145041782181	1.1280011528914706	2.9594396327788148	0.0138975548416077	1.9670367991564552	2.5415976795371957	-4.2265543895032369	3.0645337327210953	-0.4947114434681559	4.1744185384291974	-1.5317697423723433	1.7944485957405962	-3.6571424088083431	-1.2992988767693425	2.6712548241342562	-0.4048787290063858	-0.1950030631184156	1.0903164904226579	-1.1574437871609811	4
2.5250516810534416	2.0365258788241838	0.5541526317691714	2.1555387340498142	3.8517779990311327	3.2309583399033417	0.7962402581627854	1.6151538448435641	3.5431818994297717	2.0535456849006151	3.1356869634964051	0.7294421430289408	4.9710247514512158	3.8001173048484653	-0.4405589862972015	4.7497294840766688	5.6983122277559755	2.2606451300676671	6.2183823337594930	2.7685797714412379	4.5547649706998961	5.0446283910947898	3.0966511438531130	1.2109374150557022	3.8797933917051894	3
6.3157067556499280	3.9115535787081606	9.4116471164941586	6.2981709775736530	4.1577611206509788	9.5234891968058779	5.8874382647841488	8.3270607826876137	9.5246254873128464	6.0492378291022648	7.3792666879769735	5.7366965509180678	3.1262434624477753	7.8084566820630394	6.3588999671871811	5.2489217660031766	6.4915179816887028	4.8191253358149915	3.2297098860563600	10.3992071005515374	3.3923637186908295	5.8597388066142617	2.5008266002058681	2.5418416136349191	3.7154952849000091	2
6.3848346131830018	3.8928394879342543	4.9219509218618338	4.6337394218854140	2.5360993058529404	5.8830772904612578	6.4435047622656789	1.6408506639948093	2.4684195054231139	2.7623747640427094	1.7534282105881989	2.1072994285312565	1.3469980183479922	7.4866229639789914	1.4474207041970497	3.2638102869680115	0.8895019401462592	1.5336074388960150	2.9482243582398837	1.4265886038573177	3.7652964577681409	0.3369624924359504	3.4206293184198557	1.9463968701333294	4.6604285307680930	1
5.3360289409930708	5.1810635522959636	3.3793467212461321	4.3722396168641842	3.1088027661953737	6.0443866627481890	1.0923453801140499	5.4008283036313003	6.8661626455289504	2.4285546449702879	4.7885079773577450	5.7468127651553509	2.3321310960840780	3.8650679449839394	3.8725657697249232	6.2341766539037842	-0.5225749058761644	2.9992958273800112	2.8653461946632874	1.0717539961427782	3.8013170206452007	4.9199123026157956	1.9963029499711702	3.7361044530687852	2.6666416115084179	4
8.2183659014825210	8.8631082935336671	6.9965718776405499	11.5961035890142270	9.8486556860231680	11.2280694970987831	7.8070817014598282	6.6798385463169918	8.2272083714092901	11.1185350544091683	6.2670085335946020	8.2221807374032831	8.6159759279199655	8.3758916191997237	6.4339097768627642	10.9462352733222552	10.7018313026557230	10.7256137024883280	11.9451921614953420	7.3433436852988772	9.0075505732022840	9.3669923449604759	10.4411695781611087	5.8939455251189878	7.8290343493553518	3
5.4596321753824775	6.9790664006353342	5.2804751316251020	4.0483408648078152	3.6430075330293503	3.4395138816372635	7.0328199503024287	7.7871510839957239	8.6473359161135406	8.3137998773020634	8.4204597125863128	3.6532311278723437	5.4235062505950014	10.4035517105861715	3.2629756463104811	4.4192457466435400	3.9702269262787433	2.7983321223187412	7.5576086672968277	4.0290707095869536	3.1086999585128705	5.4998598765198947	5.1834293078056373	4.9600233755165704	5.2035234952166931	0
2.1272233326462997	5.0290357695170300	3.1319027020704064	5.7031733705051799	4.4513566537229181	4.5394945110635323	1.1914580774097789	6.3085491662874995	5.7130313987811476	2.3909547248380010	8.4897225731506722	4.0217965537248217	1.6543153109524522	5.0367671224682313	4.7399070430182402	5.7989350818882350	0.4221461692146287	5.5617679413791725	0.6757081271008625	-0.7129343042686589	4.1729349315581530	2.5694498975330520	2.0356949291430677	5.4482404335487953	1.7223829235331147	4
8.4583608356801214	7.2943548459181642	8.2095723286119870	8.0338688930244118	10.3471681988012207	8.6851216039441059	6.5843917741667273	7.8263639317438374	10.1728373028090751	9.3407625621674164	10.0871359416110984	8.2320955392917483	8.5851607056117292	9.2341243540507705	8.4954256113678532	10.0686769284112074	10.1492488919729986	10.7259584056711326	9.3410162513412409	7.5101595504524372	8.5676377760894908	9.0667528406058064	11.5204405818009494	8.8394316918370173	8.2952674132971627	3
4.7112103222358632	4.0925082306986535	4.6649061319444982	6.9628275886107884	7.8208071312621925	6.7140318852446033	2.7645032544019696	4.9064136759201080	6.6835132922013063	8.1403089272392055	5.6407121107207594	4.5722311663862492	4.3312327780338862	5.8978220857770811	2.7870979516000545	5.7274568706664706	8.1491590262647264	7.4844309926449766	6.5438125010610779	2.8770735090699713	5.6734377258858348	5.8154004336826519	7.4372508516772040	5.2787350158269888	5.3595598764290955	3
10.0279598657249789	11.2564220707549030	9.7002500920620207	11.4948897507909003	9.1326285079774543	11.7484633325483152	6.4930967263835591	10.1880903091708390	12.4585123113854017	7.9367022269896168	12.8549675923956883	11.6374905559986921	5.2129867032999480	9.2199299384881179	11.7781940699635008	10.5931160187805062	5.3463985788861184	7.9417169629795978	6.0055199484691766	6.0439192488923288	11.4648353458479804	9.8769778203904135	6.8587491611575633	10.0617696166659130	8.7874741084964132	4
6.1155009997460033	5.8283694043219221	6.9390421569410297	4.2531551038352085	5.3208057636156498	5.6090471789805880	6.4710268748879960	5.9299130199520862	8.1125677674934966	7.9480067564562882	8.5730890078974316	3.4527852943564485	4.6688274674496215	7.9252421279775263	1.4672534767094767	3.6932739256257561	3.3441349643390264	2.7821991239430086	6.3068766258542883	3.3600341933781501	2.1489308379574501	5.0693066913784559	4.0882918043096454	6.0548197909930099	5.7269332616412258	0
3.2714831727019842	3.2248589022818042	3.1248048453285193	2.8909402828367408	1.6110800713369038	2.8520367081663518	3.5139567956141557	3.9622568699517222	7.0357503005975062	5.8786922365825349	4.8051449127925672	1.1548976385617051	1.1890698179731753	5.6040730160871544	2.2432665689924418	0.9752091734689943	1.0218210944116541	0.3516094855481788	3.5438032089603357	1.0638606672311042	-0.3595614837885193	3.9881588191355828	0.2864960426502181	3.0032818256037452	1.8790863069035730	0
3.1523108107417337	2.2353355174656211	3.4094854255832536	1.4616046635312521	1.7040907796982621	0.7328248858893218	4.0342156738342512	4.7076707985924369	6.7468838553948087	6.0305911085459396	5.8680557559253756	1.3168225318413600	1.3757885531808851	6.5300173410550597	0.0534712361286722	-0.1520033515549750	1.2554403029881867	-1.1078770696662374	2.3976071345861034	2.9344005026569473	1.9639877504252810	5.4152345535296442	0.4974843261232627	1.9979135566706663	2.2781735663114770	0
3.5362177399577597	2.3659491001250195	3.0641798776488987	2.1767435408690710	3.2919807717399125	2.8597012886058284	3.0641096304733306	4.2156802392949650	6.1255845885906233	4.3269980088362594	3.8149897010545448	0.9075695931500136	-1.6726753378354138	6.1238503012252501	-2.8432194543358964	1.3196283782983993	2.4468196578687658	-0.5452681071146506	2.4144268461495981	-0.1937356032679833	2.4984517479910076	4.7755829854241005	1.1550426781320584	3.2190825936671672	3.5193707856068261	0
5.5661281321311264	6.1493046805047040	2.1566792668550985	5.8896855575168914	-0.1435407143524285	4.6933337221440823	4.3242247683281434	2.3787024308943590	3.3899644271992133	4.8970152205475541	1.8125581960534087	2.2215136561759077	3.1476894697593631	3.5090435117877976	-0.4199318266780416	4.3968171706682107	1.0953702290284562	-0.5939178654316244	6.0875289498108955	-1.3506946464011680	1.0605208958444265	-1.0452965409623829	3.2038121202743364	2.3066715868131955	4.7278886506016207	1
8.6606831577487107	6.6013732515266259	8.1302523930218200	7.6887821627664179	4.5770690923517066	7.9723015334148428	7.8328421671299253	5.5217740679222045	6.7574571069483991	6.6667824149555477	6.7936975685913286	5.7857395460712393	2.1515776842721026	9.0702853558782426	3.0997551154950576	8.1414379758378708	2.0671508776668945	3.7212083066656660	6.6591101965444404	3.9164800883249131	5.9841120564669747	3.2660579040832083	3.7319774635617353	5.0047492238101334	9.1447220226869561	1
13.7938621151442362	14.6244607037746590	11.8624239927832456	15.0393624109472714	11.9582150406938172	14.4917559460487624	7.7912708992899429	12.9444155129104139	13.2573683429766600	12.2153923626460710	14.8870271332683988	12.3073139390186572	10.1612458169254936	14.4878262603566021	11.7755564207482593	14.6471234044671501	9.6488915851492756	13.1882971658410852	8.5792015212468904	10.7977657933016147	12.1394035249264149	12.1001409525544972	8.1369637514179924	15.4776290869631961	12.7927778540432513	4
5.1734388795545634	4.9651161188448896	9.5401006171341667	6.6491690383883615	5.3902173845125239	9.4187013754785909	7.0104550354074044	6.9566774120825539	9.5185912335385918	4.4608775458620640	7.0769519892902624	6.3656529745771904	4.5135573777635258	6.0056392514454604	5.2024906643516395	7.1130064181032875	6.8013314498382860	6.8040836938795621	4.5541274968769931	9.6719949865350596	4.9987905701830009	5.6228995799614356	3.0291463671701120	2.5321648088114981	6.6752156926286954	2
5.1760468565070958	5.6116683503264113	9.0971429650348981	5.1997641076214620	5.2531283919138918	8.4546492400407640	5.6273780409348619	9.0863212269285221	10.9968243102461898	5.4594621624783946	6.0521228648958552	5.8366201606185495	4.7838608043618285	4.7589249442376200	5.1734592360141498	7.9634877382859797	7.5865289864381200	5.7442502466944640	3.1877738234602351	7.8807633698452131	2.4380762669547957	7.0355531728006300	2.5040951225992205	3.9184468294616677	5.7288053055696526	2
11.6293630660933118	9.9536126368486570	10.3075263312741683	9.2350195351683162	5.3028664601308968	11.6928106841512101	10.8487710494532354	9.2396198956273210	8.7577762530347343	8.1186185278054399	8.3781490282650850	7.7664093850096778	5.7711858183735458	12.8192707757074853	7.3900059319508067	11.0974093408886922	5.4899383830441835	4.5772561659367872	12.4040123106813063	8.0945276967153141	8.3790744987754877	6.9953969173861470	10.1014741339737490	6.7651133165737143	10.4637056821745134	1
12.1042639244978645	10.3559458981478212	10.8257072196747419	11.8068905500898289	5.4773781124059093	12.5328175446801957	11.0334649137925584	7.3974839958954117	10.5325417400113626	9.4361462216147274	6.5583133631153476	8.3592188392644058	6.5051650363250753	11.2232356239990914	6.8505231604162784	13.3163282618935366	7.3646926527738472	6.3297842684566099	11.2037918114237574	5.9164439161052949	9.7455897637960831	5.0349233905784265	8.8029003022498493	9.3672973009465608	11.7987894712250725	1
2.0797869546392667	4.2957124404006475	-0.1656993154980464	2.6489893153800983	4.8551310648490986	4.5736705062627543	-0.1225599531745329	3.0033296674297736	3.7710001471537273	3.2608896169167911	3.4667577645968524	3.4045515324628663	3.3004777410370854	2.6306426961840139	0.9038590926621604	3.3302824815884060	5.3915353596206010	2.9140717716757356	4.5031899310017938	1.1634293842955574	5.8081214628044719	5.2651033128100835	4.8688388147643167	3.7061217338629682	2.3512018716196672	3
4.2573950068209028	5.4369223513105647	4.3918448733383348	6.2801392796813378	3.1701626707127524	5.1003140552201520	2.0058073855103622	3.6012383034476647	5.7074834532186500	1.8471245920144668	5.5698024268213553	3.8873313244353707	2.6350099608455211	4.7466032937423144	4.6828972187268283	6.2454961356915177	0.4002733839121491	3.3940607127185558	0.9952929411795957	2.3359010245782690	4.1501324051683728	3.0670162729139827	2.4291127615083203	4.0228722922745934	3.2727580514962216	4
2.0529162155078939	0.7428523647428151	-2.0575573692748788	0.0163429832501287	-1.3015682683233654	-2.4561972748946186	1.1678415495451864	0.6345389217376105	3.2608198199529657	1.7023614944152521	1.3590182334751393	-1.8823012969958448	-4.1457835050579792	2.5061102518382121	-2.5817977739170885	-4.1894689597770496	-3.0718497167576357	-4.0571564328742760	0.8514047476741772	-1.7327974269160209	-2.9136846547208708	2.6526626302656853	0.1560000045933176	0.0912612066017207	-0.4420690893402719	0
7.3120430278268884	9.6701856141258169	8.0560222083416484	8.0988590916164540	8.4812089152679526	10.9028864651676614	6.6095978341425319	6.2212934789450163	10.0674977918634507	11.0395452770914311	7.3937525630995875	9.2744135286636560	9.4924828989295591	9.4848608368286484	6.0503648883614662	10.9881114710891623	11.9350149887350234	9.7230723152217777	12.6537152865725293	5.7218273859694113	9.4680406106321904	9.8981582362707847	10.3621407534007659	7.7236043487689798	11.1275721064567357	3
11.5380164231087416	9.3669198931615369	9.9662488770310542	10.9398484816698929	7.4686285167954143	11.7270089281093330	10.9477820951744640	7.2045129927856610	8.1260115374542607	8.4407297614772041	9.6122735662749079	7.1199673152115830	8.0589420882258160	10.6080498951396578	6.6793146177707321	12.0427542451466820	5.8619699497422282	6.8292738107657005	9.4063044115549808	6.3235488418343166	9.8105526022664229	6.4267354038013291	8.1251985577482806	6.7097999839603037	10.9350088655108042	1
1.1199634828145724	-1.9096149674611791	-0.2517810355812518	-2.2126057988718033	-0.1661923135429962	0.0090932230934220	-1.4914461433165522	0.7058679614930168	3.6769072648650427	1.8121632936218597	3.5504208921031077	-1.0062577773886054	-1.8431132665487140	2.6032479698306235	-2.6624583619407156	-4.5165941061231889	-0.0147196772559131	-3.5463014243246231	1.3305503450775129	-2.1657543523086460	0.1191082957240202	3.1348334556995852	-3.1878322915039403	-1.6542806236948324	-0.1352376379689344	0
5.6438846955930604	4.6514271887809961	8.1057935999250610	7.7419734009522267	4.0152821709763096	10.3899315986396168	6.7758336750204258	7.3712622523996618	10.1160278389528600	6.4054394478903731	7.6506040549610237	5.4185028399906869	5.8200170167663634	5.7512860830222516	4.2380395367440009	5.9199041405989767	5.3407714999666709	6.5447534639520768	3.5072399673637120	10.0411115792396171	4.3706095317814118	7.4686467940355721	2.8064756710396770	3.2680818738780588	3.3359385356882081	2
5.5095831981520265	7.3469295437734949	4.0677513883751661	6.9284406287018729	4.2783847282773877	7.0149262740173599	5.4009459548515188	5.1413575806667673	7.4583788220168330	7.2478927615287070	6.2447307012994706	5.4159600537617791	3.0666289924259376	5.0832823854439235	2.9604264207586741	7.7014336653567295	7.6205983755805580	5.2527116573749701	8.8301138829321424	2.9538527260246612	6.3716336341075781	6.0265182782826372	5.6895929801867231	4.8124470278820217	8.3439357456656484	3
7.4888676534441956	11.2319000806572955	9.0731106018630410	13.4264573961894413	9.5038751528176846	10.5317572517283260	7.5714114700808990	11.4924639511172071	12.5080490593859857	7.7872492203032779	11.4867716622937195	11.3300820935145961	5.8719410548655047	10.2072277051653355	10.5386166052864017	10.1066198037476589	6.1779698461923340	9.9652756140384309	8.2295608758737764	5.4481750764844366	11.1637592386926343	9.4374795266273068	6.4760773481301577	10.3433259061204801	9.7321619003960969	4
12.3333161733936514	13.1262047514469646	11.0629759207299614	11.5935157093607746	11.6371700260711961	11.1969156848884985	13.6967419298025597	12.1380821080707584	14.8333573917388417	15.7759816480116690	14.2238022429215629	11.6152213518061842	9.9350434711093722	15.4611613699563115	8.7853997478362018	10.6105653880102899	9.7071743713169223	8.6392564587534757	12.9317965828306054	10.0440391066816588	8.8964380071588263	13.2330730963539782	8.5553721866550507	13.2050966972739481	12.0606733184636372	0
12.7047769429389312	12.8863437868977257	11.2203508393501394	10.9856343793488538	11.7457951035684438	9.6664555177213600	12.5229797560576284	13.0880201482198757	12.8236896979295452	15.6871359715244054	14.4024597906487433	9.6812393584162315	9.1289006683724505	15.1206740381481950	9.3429487862673710	10.9989854699312755	10.4847718503646199	9.2927419480722229	11.0069991235723421	9.5835729244894434	12.7161589740041308	11.0903165245675268	11.1542069708792209	12.2044487455757960	10.3672242645815444	0
5.2676358428744514	3.2974858468014987	2.3433653977837072	2.5901157059968378	0.9885159020698993	1.2538140564499676	3.1812938751770177	2.1850496411312661	7.1654899807233434	4.2272150820681951	5.3506106366392316	0.3670220390367067	-0.3681143936195626	5.9427459298452110	0.2526698647316832	-0.3570196015564964	1.5254882923425304	-1.6044841375315659	4.4914989047022473	-0.4278550886116745	1.2868736401446659	4.6531900090417526	-0.2339950920172580	3.2324389392343331	2.0484288932807391	0
10.4144967510855206	10.3355773573552039	8.3098920968425922	11.4505062419868970	8.5620897557960252	9.0001592957067675	7.5752113493993818	11.5780284447160309	11.3382668910485744	9.1677777824986713	12.3631659116923966	10.8884129603622419	7.9960679408502706	10.7164263955067938	9.8742659741116761	11.1086023997554406	5.8738807389548580	9.1556248259419597	6.5325447972501944	6.0703165933887684	10.4274667257632121	9.6287405297258779	6.7190466878353075	12.8213942395723706	10.5947308695412516	4
-1.5919924529954974	-2.6858731824637498	2.2990690933330202	0.0483724297998558	-2.2163820591842809	3.2022857885201512	-0.0338076442131388	2.2379601155535394	3.8343382653589115	0.8092516962989100	0.9897078099277682	-1.9965933319329427	-1.7670740234005868	0.5408657476964496	-2.5495921765569411	1.2547254012982998	-0.9607226711532524	0.7357406706318593	-1.7239726597246481	2.8826054371163830	-2.6178191696549522	2.4634386704008131	-3.5513672040000630	-3.7042046807865225	-0.3303113576544066	2
5.2580685313309292	5.1773845806322054	2.2676037659179360	6.4365996469679416	5.9583047010329011	7.6931336303523885	3.1256649631465065	4.4194828135233548	7.7795441773674145	7.0282308744575257	5.6355102587836798	5.4136541998899705	7.5424786593896860	6.6996032407826984	4.9668212414347321	7.2319194780185487	6.2864098129006099	5.5068881595035943	7.4987291619728431	2.4840450678711496	6.0102504022400129	6.1013922260876354	5.8718859914838362	4.6502802421047731	6.8800929558420991	3
2.1738006774395942	0.9851130242913859	5.3216451585138955	3.1356886534965884	1.4036921741367197	5.3805737876591264	3.0988399299271676	4.1840017359607895	6.6835394931452754	2.2179455929372702	3.2845344484754593	2.8992535160912345	4.7386211691540083	1.6816967946252581	2.6084726045550846	5.4250719807204302	2.1200429957194711	4.3802330439994135	1.6170475993208995	5.9785966618389903	0.6097777038772216	3.7150123057200881	-0.5029873392659825	0.6016140895929714	4.1063615620240475	2
1.1334239473260017	2.7711074199703125	-0.7357454841762665	3.2401564130603866	-0.1664418142317778	0.5744334235987898	-2.0728224420864469	-0.5154344894928298	4.6836390253827247	-0.2415187875817515	2.7528420945267844	1.0342482622364579	-3.3020560743262379	2.8423500862989961	0.7895059227192092	2.3258752586982632	-2.0290625581353923	1.0018775337724715	-3.1349872987411027	-2.0678404624058384	1.2864373947227128	1.0699140171027914	-2.8250500727848697	0.8327567157280107	-1.0160399069814949	4
3.6152883344494438	2.8452287773877485	1.8504464372091383	2.6875051532366356	1.7906473626987160	1.9163082103872895	3.6447903209220565	4.4396137997640022	4.5432772760819953	4.2852197811933053	5.7220140660526599	1.2276357650444172	-0.2743453937042766	5.4341412443729311	0.5692587542539909	2.1961957826833416	1.1309401408138804	1.7931110920404645	2.6893484509059000	-0.0754163032549044	-0.4030527877473729	5.5458925898846996	-0.2155728316403716	3.5332999689643843	2.1736945506843544	0
7.0213932682831199	6.0678839580391006	5.0887260464821544	5.1876784972960976	4.0418113910863429	4.9584530908909557	7.1263849031627347	7.4338620751772275	8.8720941620048865	7.3392541114018446	8.6324891827515593	5.2097728612432608	4.2478471111413221	9.0550574859520161	2.5414197396161278	3.3612576571975703	5.5928540307205381	3.1171559357297403	7.3862889953553639	4.1159186227363023	5.4844759138228021	8.0809296951821779	5.0028626252178832	6.8319239762730275	5.0221922849114948	0
5.7593470837686080	3.9916902549340580	8.2732819440361602	6.8467364655351517	2.5128400263320376	8.8046154628026656	6.3301447060250648	6.3378991404410625	8.9375770041617741	7.1832381810837598	7.8013347136075808	5.5433395477064060	5.3392264740275674	7.5923983224875906	6.5052523735892871	6.8048240629967793	7.3786652785728943	6.1997787591538565	6.1915388678875374	10.6087392529484905	3.0030086933630962	5.1754245052533214	0.8577382842972430	3.1694627528708836	6.7334066746160417	2
3.8903974959531018	4.2758197317162310	5.3217576491558907	5.8307272113234134	2.4626860269446418	3.9504013885792060	2.1263912327113657	4.2425945125597417	5.5412845767852676	2.2873346412419870	6.2666720886848104	5.3304551254495651	0.0445931314836132	5.3134001247919560	4.1330979148475588	3.8239204122255011	0.9622629959881261	3.8186475416690193	-0.3147682472157647	-0.4217379026250865	4.6447515767621983	2.5326406683979985	2.1463348410165621	3.1768057255698334	5.3944987529245969	4
0.8007101178841673	2.0763032140958360	2.6635232279143786	3.7646808781163008	2.8997831610725058	4.5807671047403407	1.1602882902645630	2.0022950211741186	4.0483442223359489	3.8332215392870532	1.9261189287583342	1.8439696379064878	0.8577426459339881	2.3828316767235318	1.3725788133229446	2.8785103950758661	7.1180040370364486	2.6589154369525692	4.1914244047224374	1.0131122688657572	4.4257281287122634	5.1999847128515455	5.3268092074104167	0.3821593920513768	5.1354863982022394	3
4.6604307821374258	5.4607135020737481	2.9259668912407966	4.9823661580895831	3.8586497165198996	6.2911828149677289	1.7342775082529769	4.6774901685865240	6.6094050658122239	2.9373670798817200	6.5931583703859200	2.0470735873599972	3.1587240055958428	4.4832455410595395	3.2487234543906909	3.8609720077595142	0.9048444373036366	3.2728440393627571	-0.2501916709335883	0.0286580886738927	8.3917149558890092	4.8043013302086619	0.4461600816976907	3.7396882821580579	3.0713458653932264	4
7.1762267789623078	8.3315442414136722	7.4615047155911851	9.0844137266538283	12.1536155699578359	9.6877592351279755	6.6047520700494813	7.1600489364203996	9.6847232242059444	8.6705246184018190	8.4491990837026005	7.5850565289032374	8.4659291994830568	9.4061664855121450	7.8342087755360055	10.7782526378577881	10.2199629373733920	7.5077518325867167	11.3858199483288907	6.2058305604485362	10.2254450750331376	8.0104005229072968	11.3764303366751030	7.1969651796003724	9.9714313794092888	3
7.9221226108833118	9.2105133575713722	7.2403745613464796	9.1444214945675029	2.7364426179255603	7.5920135102926878	9.2697332283250340	7.0082876796573927	6.4042030375175170	7.3181919317466475	6.1417640820924975	2.8001970939908674	5.4284538699799922	7.3852266973606673	4.4579892738734888	8.5786145750917413	3.2792419553836525	2.9931349934946603	9.9921889071469607	4.1179915396375524	6.6788053725890002	2.3556996987395387	4.8151579343214195	5.6905769528688310	6.0952580233271707	1
10.0389185695983212	11.8207946863492808	9.9147910729782858	11.7761903962942629	8.5351190656995879	11.9788093436803464	6.5008248411742136	11.3763252789800458	12.1322233197181681	8.4548835370872855	11.8850625620959747	11.2661513827768243	5.3881526674602904	11.2675228082351904	9.8918542762851764	12.7476388452082414	6.3290157635171624	8.6521251040969567	7.5620129787787462	6.3206169206670211	12.4117230206181013	9.6638120347140308	7.7044906182788155	12.3840891259201022	9.5956696306930880	4
9.1473541820252553	7.5248486571853546	7.9064649280318529	7.1741142960781730	1.1748368823824515	8.1143612704467749	9.4788529352558086	5.8591172120227686	6.3049839200909741	4.7875824504976947	7.6319198722512667	5.3232433269981581	4.3423626670249300	8.2099036965249788	2.9589319062126256	8.0911228362066723	4.2730354420615821	2.9573360187630175	6.4382169316739963	2.8323911158972734	6.1959245375954204	2.5941878157062117	5.5038471979667882	7.2205728150424564	7.8981623838849560	1
4.7011451783171800	4.3957819544823460	8.5098979095578926	6.6132527555778244	4.4015669832004782	7.5006200584268061	5.9545918360256307	8.4885707999294056	8.4885037861959294	6.1096322651144774	9.4293250558125710	6.3357076138677701	4.9914249408762528	5.8304486039197201	3.5576510083709945	8.0430572788581536	6.3831475575831504	3.6880719643622828	3.6957573768333942	10.0686289118368855	2.4234291696998254	4.8527711532205231	2.0376748121024812	3.7068630277086774	7.0029379526434425	2
8.8142601310406619	9.2113607951173488	8.5976434960977048	8.0342203931480469	7.0639951065091706	8.9002997781282716	11.6698618061419523	8.6052627975474039	10.4248510406558754	11.2851794044579528	10.9648369213693986	6.0800913633864848	3.9190155317942477	12.4020827912419058	6.1781578491631866	6.3928105276438991	6.0432532619026054	6.3070759969283330	10.5972681260101744	5.8188820104245718	7.2056518704552532	11.8757018214882883	5.8519899343696764	9.7131242763101966	7.5104552816636296	0
5.8460505351678798	6.2316440203881820	3.5543644201200046	6.2820965601497560	6.4582560959451492	7.3238754668480412	2.5979089925351482	5.4611102433463543	5.9536660074116110	8.0069238274015451	4.4463016871226015	5.4703399199340366	4.4039975627669001	4.6804088100742183	2.1272570314541639	7.7667817454897818	8.3825903795060412	4.9351409103205723	7.7360308330092442	3.5812872574901506	8.3320475301192900	7.3684520028918481	10.4509108784383251	3.8697563276756708	7.9675171866700643	3
G4
0	55	6.537248819510322	52	6.839155509535736	90	6.970863321154746	71	7.058412828666674	
1	24	7.139498630751699	39	7.241099380528683	77	7.465479149612606	84	7.910132039544613	
2	32	5.484035596112159	72	10.985783347873104	86	11.398324867923636	48	11.412225575474855	
3	14	7.6912992874575865	56	11.949809507950608	30	12.349685454176118	43	12.518226461335601	
4	23	6.3326856829541684	85	6.591503017603212	36	7.35587484499897	9	7.364971683560479	
5	87	6.100468578422307	60	6.736086579612239	18	6.73847141833601	62	7.065414963105031	
6	10	5.597794942093083	28	6.191734413924292	16	6.347174221281133	12	6.360832972569465	
7	44	5.482516217709409	66	6.135552177736864	35	6.262301760600155	50	6.294776882873989	
8	70	6.153305377945197	91	6.370209208752231	49	7.6720430069918875	33	7.714697516338447	
9	85	7.0977289095759035	4	7.364971683560479	27	7.532140986865345	23	7.578874684117014	
10	12	4.673254822437171	6	5.597794942093083	28	5.753433302547976	16	7.855594895443855	
11	51	5.896926463521197	31	6.122410735422557	29	6.270600881253178	15	6.777508461498932	
12	10	4.673254822437171	6	6.360832972569465	28	7.033653802151881	16	7.383091115470245	
13	91	6.398636446010076	49	6.951052078073869	33	7.038516840654655	8	8.100536080256399	
14	3	7.6912992874575865	20	12.247668543283423	30	12.57484313008127	56	12.583807261898938	
15	31	5.974938857000526	11	6.777508461498932	29	7.174816000412432	51	7.501722045716502	
16	6	6.347174221281133	28	6.577730827458245	12	7.383091115470245	10	7.855594895443855	
17	19	4.438081564783175	74	5.1790638810612775	68	5.546159432491778	41	5.792672855393679	
18	61	5.899291492725259	87	6.5272402136047045	60	6.650736419052755	5	6.73847141833601	
19	17	4.438081564783175	74	5.878495723490631	69	6.549280528457909	68	6.963445035670608	
20	82	5.934836311721089	78	6.407637568039932	58	6.9743794974164475	95	7.175197660786862	
21	64	5.9668101048168785	96	7.354297182840218	47	7.7453439756858815	38	8.18159003958295	
22	35	7.738120986606846	97	7.834455998509101	89	7.934055854748023	44	8.049987818788962	
23	4	6.3326856829541684	36	6.733729318285168	27	6.957620154778413	9	7.578874684117014	
24	77	6.311734074322034	99	6.869209326147098	1	7.139498630751699	39	7.478029024411378	
25	43	5.582503936764115	98	6.66196771519773	30	8.315752632846753	19	10.499540556941318	
26	88	5.595011719000957	59	5.66029460596489	54	6.019713250838962	77	10.50258939097658	
27	36	5.6500426223034275	23	6.957620154778413	9	7.532140986865345	85	7.953601911147887	
28	10	5.753433302547976	6	6.191734413924292	16	6.577730827458245	12	7.033653802151881	
29	51	6.206851599315209	11	6.270600881253178	31	6.620947061209304	15	7.174816000412432	
30	43	6.390419358833593	98	6.608954224057234	25	8.315752632846753	56	10.262722488329349	
31	15	5.974938857000526	51	6.027560551833618	11	6.122410735422557	29	6.620947061209304	
32	2	5.484035596112159	34	11.501035151056463	72	11.519264919601515	75	13.609925344604152	
33	49	5.8555060587284995	13	7.038516840654655	91	7.201329611231785	70	7.361470760217882	
34	32	11.501035151056463	2	11.995004623480265	75	12.98093788909175	83	13.950782080134978	
35	7	6.262301760600155	44	6.313019370583746	97	6.464085625456303	66	6.922201240038828	
36	27	5.6500426223034275	23	6.733729318285168	4	7.35587484499897	85	8.02157946580511	
37	71	5.054338011731816	90	6.2662457067878075	52	6.833405859226986	55	7.140816994497063	
38	47	5.548609492662887	96	5.934157007449556	64	6.962731247836387	94	7.028035954096331	
39	84	5.5866172858867555	40	5.69017028938324	99	6.96084562433962	57	7.076631088454091	
40	39	5.69017028938324	57	6.521054059853583	84	7.106012596285498	99	7.297203489799532	
41	17	5.792672855393679	68	5.881397702936967	74	5.985040562623007	19	7.04218082517325	
42	57	5.747602807928125	39	7.116716714116151	84	7.21553669113663	99	7.321708308219761	
43	98	5.526899629914361	25	5.582503936764115	30	6.390419358833593	68	10.202948682446817	
44	7	5.482516217709409	66	6.113651819908135	35	6.313019370583746	76	6.8614390427401	
45	60	4.941601976319561	87	5.793694845105373	81	6.10578527904499	61	6.383916714614084	
46	65	13.331743054358936	79	13.998203139800763	14	14.136352110262013	80	14.142008676330363	
47	38	5.548609492662887	64	5.579872547046709	94	6.784365697920799	96	6.794444134654275	
48	86	5.853190560506465	2	11.412225575474855	83	14.160290311963086	32	14.67111999374104	
49	33	5.8555060587284995	70	6.911073691993318	13	6.951052078073869	8	7.6720430069918875	
50	76	5.759189345913467	66	6.1818387033154005	7	6.294776882873989	89	6.546089000247233	
51	11	5.896926463521197	31	6.027560551833618	29	6.206851599315209	15	7.501722045716502	
52	71	5.332064134499813	37	6.833405859226986	0	6.839155509535736	55	7.922036587530655	
53	73	6.837251701200585	93	7.502845609922925	56	8.423634066180224	74	11.566168569931087	
54	59	5.741336305753685	88	5.844639851142201	26	6.019713250838962	47	11.144251079870694	
55	0	6.537248819510322	71	6.752526365815209	37	7.140816994497063	90	7.4053669624948295	
56	93	6.285364829381446	73	8.209053567284636	53	8.423634066180224	30	10.262722488329349	
57	42	5.747602807928125	40	6.521054059853583	84	6.870959217453692	39	7.076631088454091	
58	95	5.274096623417386	78	5.631800749694426	82	6.740360064481489	20	6.9743794974164475	
59	26	5.66029460596489	54	5.741336305753685	88	6.761611296329193	64	10.220579142148981	
60	45	4.941601976319561	87	5.1291026680624405	61	5.684305540084796	81	5.792222184879559	
61	60	5.684305540084796	18	5.899291492725259	45	6.383916714614084	81	6.565997956619293	
62	81	6.809264499481039	87	6.832258228745374	5	7.065414963105031	18	7.117020183927974	
63	31	7.594805637537699	15	7.970863673693417	29	8.426948021413605	11	8.521797793933473	
64	47	5.579872547046709	21	5.9668101048168785	96	6.543010776382251	38	6.962731247836387	
65	80	12.535989026218134	79	12.789632201053	46	13.331743054358936	95	14.249106570207541	
66	76	5.924312960500491	67	5.95287546240066	44	6.113651819908135	7	6.135552177736864	
67	66	5.95287546240066	97	6.759814413744084	50	7.087302402163859	76	7.088769255286096	
68	17	5.546159432491778	41	5.881397702936967	19	6.963445035670608	74	7.072517798674543	
69	17	6.393349841461885	19	6.549280528457909	74	6.756498575440996	41	7.225457109797103	
70	8	6.153305377945197	49	6.911073691993318	33	7.361470760217882	91	7.618363578904595	
71	37	5.054338011731816	52	5.332064134499813	90	6.035763659361468	55	6.752526365815209	
72	75	8.691112265883726	2	10.985783347873104	32	11.519264919601515	86	13.523545590822087	
73	53	6.837251701200585	93	7.033017197848938	56	8.209053567284636	74	12.266774970308719	
74	17	5.1790638810612775	19	5.878495723490631	41	5.985040562623007	69	6.756498575440996	
75	72	8.691112265883726	2	12.19680405196019	83	12.286472745922552	34	12.98093788909175	
76	50	5.759189345913467	66	5.924312960500491	44	6.8614390427401	67	7.088769255286096	
77	24	6.311734074322034	84	7.129067637506773	99	7.42889832774549	1	7.465479149612606	
78	58	5.631800749694426	95	5.850611678893588	82	6.251488466722149	20	6.407637568039932	
79	80	7.001689792107623	65	12.789632201053	46	13.998203139800763	82	15.85633390248994	
80	79	7.001689792107623	65	12.535989026218134	46	14.142008676330363	82	14.498233717241662	
81	60	5.792222184879559	45	6.10578527904499	87	6.560686855357962	61	6.565997956619293	
82	95	5.83784073931152	20	5.934836311721089	78	6.251488466722149	58	6.740360064481489	
83	75	12.286472745922552	2	12.347755442656593	86	13.416322877399814	32	13.746761530486761	
84	39	5.5866172858867555	57	6.870959217453692	40	7.106012596285498	77	7.129067637506773	
85	4	6.591503017603212	9	7.0977289095759035	27	7.953601911147887	36	8.02157946580511	
86	48	5.853190560506465	2	11.398324867923636	83	13.416322877399814	75	13.505216135509375	
87	60	5.1291026680624405	45	5.793694845105373	5	6.100468578422307	18	6.5272402136047045	
88	26	5.595011719000957	54	5.844639851142201	59	6.761611296329193	77	9.85619793236467	
89	66	6.320071529085692	50	6.546089000247233	97	6.7469470376319896	76	7.291797419960274	
90	71	6.035763659361468	37	6.2662457067878075	0	6.970863321154746	55	7.4053669624948295	
91	8	6.370209208752231	13	6.398636446010076	33	7.201329611231785	70	7.618363578904595	
92	71	7.3381549295540465	0	7.7879707743109075	52	7.974088353901974	55	8.223456460497772	
93	56	6.285364829381446	73	7.033017197848938	53	7.502845609922925	74	11.008210265303989	
94	47	6.784365697920799	38	7.028035954096331	96	7.329186731970443	64	8.305126145989437	
95	58	5.274096623417386	82	5.83784073931152	78	5.850611678893588	20	7.175197660786862	
96	38	5.934157007449556	64	6.543010776382251	47	6.794444134654275	94	7.329186731970443	
97	35	6.464085625456303	66	6.583755160108774	89	6.7469470376319896	67	6.759814413744084	
98	43	5.526899629914361	30	6.608954224057234	25	6.66196771519773	68	12.114912985037947	
99	24	6.869209326147098	39	6.96084562433962	40	7.297203489799532	42	7.321708308219761	
