2.6067598915402668	5.9052904633349366	4.8416425556902869	3.7307554738674233	1.7780882517070857	6.3705683326590101	2.8961393300534803	7.0543954459428369	6.5267524690699190	2.3754419465076122	6.6858167471212973	4.7126349843487301	-0.0822748297886378	4.7818707782057333	4.1415211574003958	6.0203164471123163	-0.7804064339914873	4.7994300826562473	1.0482693093925863	0.6301901169151267	5.9135974323022475	3.3958505774280718	0.5701711186641045	4.6098271380909281	3.3185202910417857	4
4.7938075382169600	6.3712061409818288	5.4173884361750293	7.2173347123744067	6.3697026766921550	9.4169574985824980	3.9809058424614028	4.5651700271863405	7.2556167857629585	6.3128662413605623	6.5749854839561568	5.8169254155592691	5.6981894578495513	3.7169791528923382	5.0310968432459706	6.7493127756012106	8.8187532356449836	6.3404544860048535	8.5025051925808484	7.1988039631737202	7.0709578605116574	6.7308566268682224	5.6523161519270824	4.1982274015071459	6.7341769479614708	3
2.4539765360224162	1.1883660733486445	0.9993509178446809	1.0597782960096516	-3.9712735522612017	1.8993515089474209	1.7413254462928218	-0.4130292934547054	0.2679066510919805	-0.3916851900787267	1.2221729121995231	0.3124051646711890	-2.0478025837329854	3.3397300648548254	-2.5137757254488085	2.2544077692110154	-2.0456259587823680	-2.5042570400427326	1.5310267781608187	-1.9686249838798338	-0.7556160788413846	0.1299187102300539	-0.2289645689959822	-0.8781810640939152	0.7728195813334481	1
7.7318140248740406	7.4566344882979978	12.8810600477595862	8.3679036860175042	7.0805107229908764	11.9338275266548592	8.5590634533402792	10.5433336466815462	12.2184113993450829	9.7212415492821975	10.1680800350433529	9.8218406755627115	5.1999434941230449	7.6910119033472357	7.6073800933413249	8.2373975273054931	8.3724360874607573	9.7405624524362544	6.7940207849681666	10.5075586446925513	7.8175391745403324	8.6700003242329657	6.4572672737457424	4.7170240903340641	8.3801601052139070	2
8.8248971881127698	6.5974845465634893	11.6411119843495747	8.6555032966878009	6.3120162513460798	11.2510096308228995	7.6999891745097910	12.1781883566447746	11.8767742477714151	9.6654473773893859	9.5711231346254859	8.4574307171408218	6.2331835328298197	7.7105763629187969	8.6324732410191025	11.3048708201073254	7.7565119615937910	11.4110119714936804	8.2193474106550752	13.2024447420455040	6.6605788858620656	10.6589385748512697	5.5179846007226470	4.7037617575845081	7.9827804293060023	2
6.6512470596213511	6.8174149995128772	3.6868996611421312	6.6195057491007079	5.7069705705782443	5.6987774832485130	7.0754175964463792	7.1156646319491674	7.2881613256703659	9.2184172856825803	6.9058491792704189	3.8622496325392719	4.1475515673190007	9.2100319227603151	2.6030568127251579	2.1468226590955419	6.1303498144202164	3.9337879032735854	5.0350349391444542	2.3012699844049500	3.1145329005964899	7.2986619915085873	2.3193655443598420	6.4584145998362672	7.3222086628714536	0
9.4016905121100045	9.3434400367424324	9.8604927767906752	10.0946941358731905	9.1848973545487382	11.7183990916138878	7.7277475918056515	9.6342070539266693	13.1709721843917382	8.6683921895521792	12.3639909216032322	10.9825523348045930	5.8442452524916462	9.1054068209122807	11.2285052240781535	10.7282254022659753	6.0419631130445461	9.8397195366741954	7.7812523839706031	7.5006381781017826	11.3159594096578964	8.5987549206798626	7.8999949176338120	10.6805150202093984	10.0005101569352437	4
8.0146867953800207	3.9915859598827916	9.5137845100611571	6.1648499064803826	3.3288911382479354	10.9309706844586643	5.0657641466011949	7.7348008241321597	9.0429599682966533	5.4849698104726485	8.1052320077356885	8.1339315445634774	3.2272918998791038	7.2739181847437182	4.9785850442329256	8.3661470524623187	6.1397506678100973	5.7194539645924003	4.1262587862883224	8.4434694951830025	4.4757162808730389	6.4547946837004808	4.3567667875788523	2.6792764284154620	5.6422716146326817	2
2.4227534388913732	2.8242389895444751	-0.5272536930915006	3.0738395696226122	2.5111536711508471	3.4478956512131500	-2.2155227191431610	2.0254398545767587	3.8950007578312862	4.2803200349339185	2.1581402999049102	2.3159043586093775	1.8735774570347079	2.0163750047146998	0.6192343036612282	3.8130763699218693	5.5429920879726353	4.0668143972043183	3.8123333237866506	0.8486087228131929	3.6654598916085464	3.9404318993384666	5.6871225254990403	1.1351565144881390	3.3195286355925457	3
1.0600658064791566	3.1475306902166542	5.4786335612922397	3.3612120654128752	0.6399586518412104	6.7022297512613100	2.7259865678049682	4.3302341564549902	8.1996441533667319	3.1114252047886262	6.3559724164281262	2.8076770465606753	0.5948770072848020	4.2912340138692606	2.9281827388565160	6.7520916652117693	1.8413504633179087	4.1531998677413409	1.6436239195588358	5.9200952035710017	-0.9528897466980091	3.5351852347825021	0.0971121891885627	0.9309181653842376	3.4455558450839252	2
9.8207385163662018	11.5581300348355889	8.8970989536017377	12.1109408954664186	8.0780579932841690	11.7263088955969739	7.6335085224353056	10.4444156051496222	12.5646362418073565	7.4514357036950365	11.6973817659549901	11.1919976776305177	7.3072201912144674	11.4933714583687774	10.5387137887289342	10.8473945887752379	6.9236406201559095	10.1638209069075582	6.1667097621938307	5.5639602640913042	11.1329715926477153	8.1316496684612822	8.7773981828895593	11.1225193528200066	10.4951955134866566	4
9.2664316199006276	5.5973314552466995	6.0217372289801823	7.0691203103576594	4.1834710779242581	9.4611515727999631	10.9275210408252299	4.6845816008613319	4.9295280585565964	7.4136166186032444	7.2986233675523096	4.7746680366562630	4.6895036103589902	9.2763663995205210	3.4870516364597672	7.6573492204207518	3.1224977577479414	2.6316251105837623	7.4900027660926902	4.0571964098322155	5.8705504917091247	3.2071563608766560	5.8421559161884895	4.1655498758438574	9.1606590826087242	1
7.5594145733958547	10.1225653152553470	6.9215006031928059	8.5137291762810943	5.7707150338868569	8.2402435988899541	3.5328375508247962	7.4666678575712497	8.5825870307080407	6.3676803433753077	8.2980870036405001	8.7313753431536760	4.5302016359093367	7.8249111356767802	7.0887737558880346	8.7516720887828736	4.6832132987862840	6.7034945441308427	2.8537063582147160	5.1282830957409029	8.2899660692515464	5.9374730559792592	5.3374798092831393	7.3625006286280472	7.4649708922264786	4
0.1458140545289264	1.9277604977126654	0.6893149421015901	3.1805992277602266	2.0439020353000608	4.8861145505901451	2.3301526953075262	0.9219451535527696	3.4902428777107986	3.1041765062797957	3.8753365807873852	3.3919806254695777	4.0265786191416719	3.4735436036332574	2.2857109471185417	4.7526396675692988	5.4548378930756307	3.1585996391583784	3.8463313525573235	2.2991984741012113	5.1448985210962643	3.9512249626355942	3.8950717291155112	0.3099561425844666	6.2994088052513035	3
13.4220124741811642	13.4371135946854956	16.3229318301370512	16.1253751233634084	12.4380838851852538	18.6810927756324610	15.0313441214123102	16.1900565889389902	17.3079442905618279	18.4096646492907752	16.7255659446670819	16.2729134035550871	14.5690350092435068	15.2198640840323876	12.8321290189443467	17.3531586651910956	14.2347252718008725	15.6888739340972965	12.3908097920685734	18.6321346950127946	14.2328748396665183	16.5363035037013546	11.3934241714107678	12.7645386550765654	15.7448385130360293	2
5.8132476832878721	5.6987861698842792	2.5298027368425258	3.7500747510239432	0.0441734529218971	6.8343395363316706	6.4595375055838051	2.1614317482540542	2.8958300812940250	2.1221908732702564	3.4887274866024311	1.5056271814035664	1.1285934725009636	7.1372874633301748	1.3330531086184036	6.0109386641146987	2.3291850628298594	-1.2105569829993215	5.3008265532476004	0.0147975373092235	2.2078891876402458	0.3777717069261044	1.4823991067484423	1.5698957911067719	2.7508267870538763	1
10.3122770704111435	10.3073850680832670	10.1658053341340047	10.3696991887862602	10.5659059899189458	10.5759928426602823	8.3169533546071115	10.7804549165639862	13.0564327004251943	7.3420341756790011	9.1058275285609565	11.1506143078901410	6.0644637739980443	9.2620426754750298	8.6690714247566412	11.9294826125385995	4.8593903235954565	9.2784409871078548	7.2805927037124381	8.0237006222160669	10.5439031055677717	10.1061865405009534	5.8636669446681244	9.3706692360278314	11.4269077046003495	4
11.8270192549336919	9.9471180363795959	8.9207037016383701	10.2377005334791207	6.8335516114122878	11.3817495748966540	11.2993672595367798	8.0095189393442823	10.0740602168480340	7.6827056576008106	8.9990431245025668	6.8063990626335098	7.8421008173721374	12.9674921370340837	8.1548612249033745	11.2768602165173295	6.5258271359529312	4.9371559847548436	10.3110474076307668	6.6043657738970065	9.8744168277497533	5.3900526710892755	9.2909546559103333	8.2012174029695721	10.0863787884586387	1
2.3737927643132815	3.2970787386453937	2.4739586165522605	4.4747311355741175	2.5466027755782754	0.3869031290357619	3.0487519038980166	4.1127185924484477	4.0153292960675140	6.0978810370478405	4.9822040258425790	1.1211293774151867	1.5817796158219997	5.0508865431420293	-1.7368161675288016	1.1634543356739984	0.8462561099262897	-0.6803122543587525	3.0680810960203617	1.8603935799459368	0.8615976935930134	4.2639688984445572	0.7852422208238474	1.3377788241880793	2.9797576810055810	0
10.7896490682316966	10.7994869556068647	10.4447892079630815	11.9925658406904745	7.1040626309566939	11.5276246177792938	11.3320827253088847	8.5910285054688309	9.1529013069372276	9.2646345388582123	9.3623984230653008	7.9691579178974870	7.7163536895374705	13.1302505806870542	8.6273745640398989	11.4612017187818278	6.4348333396117985	6.3560228716437415	10.3312219596791266	5.7028965197906452	10.4766432835234848	6.3793886614470718	9.6893697900501614	9.1396079328700743	8.7795054198554912	1
13.1414350914008367	14.6796630968437221	12.2262898497156982	16.4218381182516282	12.9319484566569578	13.7500515111449531	9.5412855320813961	14.3950654112059020	14.7886414109151154	11.2725106370792005	16.1396050281492336	12.1609168323178238	11.2508825931756107	14.2241759680207558	13.5211098845600670	13.5406721797019536	10.4365586536967125	12.3697314590384018	8.9852324188922932	10.6822026664952983	12.6633893108125353	10.9940240288144810	9.4259847690148248	12.9620401310325910	13.7193785077292567	4
8.3595845380590283	5.1082205232034870	7.8719686399661271	7.4271710292555468	4.0189138767912826	7.8423862398711730	8.7964113749009432	6.6479960147186334	5.0825377957143676	6.2773185293866369	8.6190625953976223	3.3647719098490843	3.2627648598590588	9.2068716699192077	2.9582249759310253	8.8172547444136136	1.4708045064371165	2.2477842916907553	5.9116633875251408	1.6109243449383950	5.8419609371369194	1.6706628103617307	3.5394982718351100	3.8415180093600654	7.0505633723782655	1
5.4332194571178833	3.7330265355119905	8.3856914993008189	7.8784963879434109	2.1589210075266476	7.2907875484225109	5.1103466169052458	5.4641310084923189	7.7732154492379140	6.7725348579030165	6.5197467826096229	5.7710447939090752	4.5093921335111062	5.7047448957604487	3.6707700092396620	9.2366290382619347	6.2861074825905989	7.5012374181477606	3.9745917739625307	7.8668156137080869	1.3199330425382190	7.4843793940067398	4.1833131936958612	3.9857950781288642	7.3671268762327529	2
7.4525320145605125	4.9260389139547662	10.0904522349495203	7.5140254537658819	5.0238647487785091	7.6297660214691145	5.2367790241213470	8.1269612743968320	7.2572686331546707	5.6247181915516604	8.4413117664899158	6.6532331583449693	2.4768624043936276	5.3072964599115302	4.1375103149624319	9.6594210306226174	5.3286699197789007	7.2686337569822603	4.0196259379240740	9.6775061545462862	3.3043369632832036	5.7601085560270544	3.2462297642061966	3.6626397330902063	4.3947331706094825	2
9.9100509160755070	13.3981504683504671	11.1913401352190274	12.3552454566899605	11.7789433818273270	13.4331197896130412	10.4021559010811870	11.7202558150280218	10.2057672210756554	11.9290225325834118	12.2905617255359605	12.8076560549488523	11.3920507250580236	10.9264562975020585	8.7499015233853861	13.4361131742220383	13.8521583676121391	11.5605535465278102	15.1859142586174265	9.3884907958576385	11.9247958859607799	14.0283702718149907	13.6157059032767211	11.3657973520691087	12.4906145521669796	3
15.8689986362636795	16.5770749166928617	16.3234647825482497	16.8737229391980108	13.8113345430695613	12.5621652346297967	15.1671233176945286	14.2899091365542983	16.7382720812758734	18.1005028195002247	14.9555919874175451	12.7743282452969353	11.5230203089505068	18.8833665937371187	13.1806176317848394	11.9751882028183498	12.2268758182634318	11.3446686865654360	16.4149258185057008	11.3007268631699702	13.2219136254799317	15.7908908586965104	13.4640675496867566	15.2894228131266914	14.0778025836331668	0
6.7847344650685235	6.0078690860389781	6.0243535810960829	4.5185893334556413	5.9592820024188242	4.1664217485554564	7.0024058681572914	6.0212533960510815	7.7751185711957218	8.4997209591770222	8.9413532159786513	4.5436702334625707	3.0667595054032506	9.1036062849472135	4.7606969186948067	3.4436417408306212	4.6883234183171654	4.0877254129006468	6.4528712628704259	3.3056145225681104	3.0872113898415785	7.5213073391906544	3.9682401053470460	5.5464939216964630	6.4772950608612492	0
1.5073769541154778	2.6446158221009064	5.7524395984844006	3.8699024678240392	0.0226140564332389	5.8486309221504325	2.9189052785941256	3.5693500063758354	4.9415707928703672	2.1317605912308437	2.6713795263739271	1.8373095034965028	-0.3507127129697611	3.4587088628618012	2.0403988042621699	5.3160169471195697	3.1762063790345847	3.3489598464074430	-0.1813410666843289	5.7203218327616510	1.4154218158854013	0.2650910705969207	0.8031721170032289	1.1380441326823898	2.4221907913210678	2
9.3535100895632972	7.1610438351853860	6.5040236473615458	9.1286547871172452	6.2275966915257648	7.4568672809383241	5.9170504078113808	7.1807915675262626	9.2764423108325342	3.8880229768546344	8.0233687600651500	7.3137346125941605	3.7909435258573008	7.2500616082383535	7.8088427999442702	8.4710084971953172	2.5134937165888478	5.0983971504508698	3.6833224490244962	2.7004051786474754	7.7498514455530358	5.6916347800674476	4.4085905042835289	6.5958664152571762	5.3477259729255620	4
7.3253273061689619	8.3855320882778592	6.0434703134737866	6.6318716190113260	3.3187721420216847	7.7310571815352080	9.7643326987806915	4.7317639296192109	6.5350000723748867	6.8158157283434750	6.4385912827572493	6.9840852152802189	5.5960157013398106	9.8870470521641298	4.8558280891764332	8.3784114431953913	2.8564752718813748	3.4632215489837206	5.3050835395235234	3.3913560792473838	7.2608775707453592	2.1965422471915819	6.1753734552088755	4.1935668456731676	8.0201775231811236	1
10.5256814577745672	9.3211476740691595	8.8875053876989192	8.2767185346204464	9.3180199569022939	8.0864460564965484	11.0646044677059514	7.9849518394228003	10.1189569050130910	10.3818248641006150	12.6826666800652461	6.4335663513804260	6.7233850308051553	10.2906708378028711	7.8669008071248383	7.6473548856063580	7.0426373984144170	7.8994238014847058	9.7455022958793212	7.4684395198936002	6.6772616046713358	12.3197348352597444	7.1278485384959840	9.2980754007778987	9.5375743329257396	0
9.7354804867760834	7.1655374838463626	6.7332033587170015	6.0033286427139201	3.4779918447970108	7.6285734459397130	8.7338432867125757	5.6061258747698783	6.1913742753952450	6.2494833984886089	6.4667047709524832	4.8429521069034225	5.3929609913319041	9.1113430480421904	4.7493107960204011	7.0023719619729565	4.1647186225050472	1.6382543481230911	7.4156135002291936	4.6235793100009008	5.2362601008137597	3.8981313115644971	7.3103597129819677	6.2802990306965798	6.4130148337393864	1
5.3781898983594623	3.3524919596019309	3.0574060799131124	2.6826419733157918	-0.4704023642942841	3.3533670755147047	6.7028796213934507	1.6078463986413793	2.3106358024632385	2.3355362345775901	4.0817266239781382	0.8273679702524630	2.3397338195500654	5.3595394774558827	0.5563797148023646	4.8657420226923742	0.8832212634209342	1.4069322956889301	5.6187080063861892	1.7190000632682385	1.1742665640134275	1.6345718137339535	3.8814337946168651	2.6051258787735967	5.0267009045956650	1
1.5496086192561676	1.5753637365120308	2.2642439902633242	1.2375212144340786	2.4321278236303088	5.1107217563976732	1.7205216967641745	1.1948413361742083	2.8774090478515095	3.3472150727339565	1.9334586556380127	3.3253803031802316	4.5212012101253034	2.1764702273492933	-0.7455026528964579	3.7596544064105752	5.2558767446874324	2.1713398752550712	6.2717526529014425	1.9365287141049781	2.8862006728067007	3.9017980287426535	4.4284790287758931	2.5379488698749748	3.6821069695253126	3
-2.1051938508602133	-1.4827902303402476	-1.8982065543357602	0.4312109470332629	0.3065896642602408	0.9374619315121095	-1.9613880028863107	-1.3110429465680660	0.7033285520402647	2.1191371071502569	-2.4625994566559894	-1.8230409525754783	0.2409807680275842	0.9973370908340184	-2.3158108006283395	0.6784219660049714	1.9694840931812816	-0.8631325403017576	3.5397758700274720	-1.4071876339337011	0.6695602126612759	0.1769410615491770	2.3986506645591925	-1.8618637023599760	2.3464966551087807	3
8.4716733402448128	7.3817709759685073	12.7620411865811469	10.3676522368835755	7.1135280483791448	12.1129975117898709	7.8488471643674860	11.3224139714291425	10.8504668934851480	8.6082760721962401	13.0782310030409334	10.2202416404682381	6.0793681012251994	9.9471892262557180	6.3498295443275365	11.0474018485752872	7.7660476065625552	10.5939672873722195	7.8723611381477108	12.3863247880062168	5.9412137533622209	7.1863576342543212	7.6327171099134787	7.4105326734818808	9.1968811900434506	2
4.9757538909818280	3.8507163595191209	8.0382147402163078	6.3420944478944072	3.9310949590487017	9.8639204169033601	7.3927416423896473	7.4311624733273316	7.6962803867534006	6.1028227306190370	6.3946356105176045	6.8171427930273190	2.2481037625264975	4.8254032952206334	2.8911934356392068	8.4300706234401517	6.7190288340675837	6.9877462719607744	2.7278909952826975	7.7162432724454524	3.7658422598561989	4.8911469913968180	3.3303361420002058	1.9121474979468012	5.6583109095814059	2
3.5460085001970483	4.1996456918220320	3.3478500260125204	6.7567026274950619	2.7905056756196740	5.7861259546867334	0.4641918512532648	3.3961234060405614	6.2224213535421544	1.3041990685927485	4.7127397316002391	4.8071670434822469	0.9550082634263126	3.9257181266864802	4.6215455480093546	5.3752834817532138	2.0849706788279918	3.4447500283191994	0.4843996925257246	0.6599889991489878	3.2298022523979375	2.7218891663870401	2.3446152545986925	6.3773036626986528	3.8509382551475762	4
9.0697120773944206	9.4061607734128607	8.0990763981832803	7.3692107721236475	3.3131413441323527	9.5421116288846353	7.9989158061289194	5.5737057650672632	7.9190572715202361	6.1091996372727415	6.5254475211080063	4.4803396923131178	3.8709775248141649	10.9487435290372073	4.6337042174233929	9.1634819737291977	4.4269796551661571	3.2250359772546733	7.4080690644319764	2.2796002145650816	5.8522193797368915	1.5381834275116253	5.5452184811392424	6.3258155519425436	6.7280626871739884	1
8.1209063549269249	8.3509546304528808	5.6084173295884359	7.8155028264802677	10.4647361407577044	10.4303761669414996	6.5787987716143377	6.5483864066739734	10.7929760564239317	8.6975323498844972	9.4670620125262879	9.2420552315511380	8.2937258785320758	8.4315509186084032	8.4021645871361592	10.7689248825500741	11.8660007322511092	8.6290919659219831	10.8728041886423306	5.8396324835625721	10.3253474660784903	9.2664635710199725	10.9030791825052020	6.3492221719118582	9.3210820205287259	3
7.2768165237999156	8.6962917356592051	5.8186360021351193	8.2173590233822313	10.4594785055449027	11.1233992013865510	7.6614445613591284	9.3507271638400518	9.8599911414034480	10.6714102895835588	9.5830000635636416	6.5454501556509204	8.5993878242717123	8.4448130635271053	8.2486762339810085	10.7249386867956833	11.0511430103104598	9.9761475768167820	10.2158196179958267	6.6841163786726607	9.6669726678520966	8.6291259764480923	12.6325893694342497	6.2877181510329061	7.8357485732588330	3
13.7476623698917386	12.2051302252195057	13.4887765457386983	12.8225134808632042	8.3215266916781587	16.1124171324687637	13.9613551004181229	10.9911675299590073	11.7481734250142651	11.7528166171796364	13.3194578465827398	9.4621806247016700	10.2405571874956927	16.2511217382986004	7.5749973260843708	14.3326957554851724	10.1219087330134307	7.8528037407999571	14.8962122554255227	9.1848448888735170	12.5279255556373403	8.9133514339044346	11.2224186502741379	10.3428796003752392	13.7666194557164303	1
4.7179234807140915	3.3320707871853603	4.9502745357794007	5.8489960911263417	5.2966176161090335	7.7424629466980948	2.9128963142521642	2.6805722011051198	6.5699523933929092	7.2549817704706800	5.1125277856161224	5.0411535796700635	4.7005444553877798	6.5113002968970726	1.8254132285790137	7.0119954268290421	7.7309138669024335	7.8762089375306932	7.1044384198555814	3.8020302198550584	7.7405732218255796	4.9328804280767775	7.1893444712357013	3.5258447584235668	7.5186221147138355	3
13.7373367058086036	11.8660297878284595	12.5389016468785286	11.4333246663546326	10.3048418661110404	10.9702831742719535	12.6401625947330523	12.6120669767283928	12.4014301808999878	14.3745415480846876	14.7225639571574618	9.9873938397962689	8.7937410587989611	15.6665645521002457	9.2480093908780425	9.6730763852609432	10.7121194202490706	8.3793668004338393	13.4090512347090147	9.7005283128045079	10.4155751594476076	13.0064209250407430	10.8819724837841321	11.5386504653473754	10.6101555880164877	0
7.6189716390430080	2.9005819411740554	9.4981625778661609	7.3880540855481556	5.5055854544116913	8.6043581954186816	3.6663935904716456	7.0739268711550656	9.1854199101858818	5.6247538998971756	8.8789948272162569	5.5765180543316042	4.1110868918884247	5.8373584474639397	5.1888139901879544	8.2536499580465872	5.1026800265774810	6.7122464199959051	4.4548904809103576	9.4233432501024144	5.5751750295804383	6.6210968553508192	4.3741333081678864	3.1201833890808510	5.4764748635936344	2
6.9747890976837805	5.5097016030523260	5.8458124368092426	5.5446713977010429	5.9351022998178991	4.9576493392007421	7.4166286301055511	5.6582469224097460	8.0772262206415562	9.4634325200315690	8.4622557354899826	3.1926998741771775	3.3424703808361751	7.4871057499992810	4.4889146944914184	4.0872242094120992	3.6086824811299598	3.2249470868818766	7.1299278876228005	4.3594378308792106	4.8132366321358333	7.5301414449543600	3.9857857361133053	7.5204541605728616	3.5973559203113723	0
14.1130474759802702	12.7927265446385565	16.7966003992708721	15.2911269088533821	11.9260349696370191	19.3145170598135287	16.2307924204261127	15.8729121645318330	17.5273180179324655	13.7315538819767742	15.3316548975112994	16.0568274947054910	12.6226245675877582	14.0780182980663682	12.2623405582807763	18.3975663018870748	14.2568961601626079	15.1800045043949616	11.8521873520905618	16.4098362633656940	13.1568986190239752	15.5214486976553800	13.9325337583856097	12.1355062176809874	14.5881458738758454	2
11.5930832058886306	10.1637444606572132	9.7123514124140016	11.1388368719305575	6.2576282470775002	11.9838569049074017	10.0993680699216046	9.0902016212321151	10.4377749106251159	10.8082839048212556	9.5152566242947820	8.3524782077021875	7.2475069784496888	13.3851479902218795	7.4364397558580126	11.4698506450148265	6.6931881405956641	4.4582871074850168	10.4429029103729398	8.3963723345503407	9.4834630087496556	5.1229623753286004	7.6555353058902904	8.5937471028181740	10.8785045089671559	1
4.6916263230186956	5.1116141761389686	4.3594691942269330	5.5063737575661733	2.1610069832489551	3.6538561349812833	0.0950854958217819	4.1280011528914704	5.9594396327788148	3.0138975548416078	4.9670367991564550	5.5415976795371957	-1.2265543895032369	6.0645337327210953	2.5052885565318439	7.1744185384291974	1.4682302576276567	4.7944485957405965	-0.6571424088083431	1.7007011232306575	5.6712548241342562	2.5951212709936140	2.8049969368815844	4.0903164904226577	1.8425562128390189	4
5.5250516810534416	5.0365258788241842	3.5541526317691714	5.1555387340498147	6.8517779990311327	6.2309583399033421	3.7962402581627854	4.6151538448435643	6.5431818994297721	5.0535456849006151	6.1356869634964051	3.7294421430289408	7.9710247514512158	6.8001173048484649	2.5594410137027985	7.7497294840766688	8.6983122277559755	5.2606451300676671	9.2183823337594930	5.7685797714412379	7.5547649706998961	8.0446283910947898	6.0966511438531130	4.2109374150557022	6.8797933917051894	3
9.3157067556499271	6.9115535787081601	12.4116471164941586	9.2981709775736530	7.1577611206509788	12.5234891968058779	8.8874382647841479	11.3270607826876137	12.5246254873128464	9.0492378291022639	10.3792666879769726	8.7366965509180687	6.1262434624477748	10.8084566820630386	9.3588999671871811	8.2489217660031766	9.4915179816887019	7.8191253358149915	6.2297098860563604	13.3992071005515374	6.3923637186908291	8.8597388066142617	5.5008266002058681	5.5418416136349187	6.7154952849000091	2
6.3848346131830018	3.8928394879342543	4.9219509218618338	4.6337394218854140	2.5360993058529404	5.8830772904612578	6.4435047622656789	1.6408506639948093	2.4684195054231139	2.7623747640427094	1.7534282105881989	2.1072994285312565	1.3469980183479922	7.4866229639789914	1.4474207041970497	3.2638102869680115	0.8895019401462592	1.5336074388960150	2.9482243582398837	1.4265886038573177	3.7652964577681409	0.3369624924359504	3.4206293184198557	1.9463968701333294	4.6604285307680930	1
11.3360289409930708	11.1810635522959636	9.3793467212461330	10.3722396168641851	9.1088027661953745	12.0443866627481881	7.0923453801140504	11.4008283036313003	12.8661626455289504	8.4285546449702871	10.7885079773577459	11.7468127651553509	8.3321310960840780	9.8650679449839398	9.8725657697249236	12.2341766539037842	5.4774250941238360	8.9992958273800117	8.8653461946632870	7.0717539961427782	9.8013170206452003	10.9199123026157956	7.9963029499711702	9.7361044530687852	8.6666416115084175	4
14.2183659014825210	14.8631082935336671	12.9965718776405499	17.5961035890142270	15.8486556860231680	17.2280694970987831	13.8070817014598290	12.6798385463169918	14.2272083714092901	17.1185350544091683	12.2670085335946020	14.2221807374032831	14.6159759279199655	14.3758916191997237	12.4339097768627642	16.9462352733222552	16.7018313026557230	16.7256137024883280	17.9451921614953420	13.3433436852988763	15.0075505732022840	15.3669923449604759	16.4411695781611087	11.8939455251189870	13.8290343493553518	3
5.4596321753824775	6.9790664006353342	5.2804751316251020	4.0483408648078152	3.6430075330293503	3.4395138816372635	7.0328199503024287	7.7871510839957239	8.6473359161135406	8.3137998773020634	8.4204597125863128	3.6532311278723437	5.4235062505950014	10.4035517105861715	3.2629756463104811	4.4192457466435400	3.9702269262787433	2.7983321223187412	7.5576086672968277	4.0290707095869536	3.1086999585128705	5.4998598765198947	5.1834293078056373	4.9600233755165704	5.2035234952166931	0
2.1272233326462997	5.0290357695170300	3.1319027020704064	5.7031733705051799	4.4513566537229181	4.5394945110635323	1.1914580774097789	6.3085491662874995	5.7130313987811476	2.3909547248380010	8.4897225731506722	4.0217965537248217	1.6543153109524522	5.0367671224682313	4.7399070430182402	5.7989350818882350	0.4221461692146287	5.5617679413791725	0.6757081271008625	-0.7129343042686589	4.1729349315581530	2.5694498975330520	2.0356949291430677	5.4482404335487953	1.7223829235331147	4
8.4583608356801214	7.2943548459181642	8.2095723286119870	8.0338688930244118	10.3471681988012207	8.6851216039441059	6.5843917741667273	7.8263639317438374	10.1728373028090751	9.3407625621674164	10.0871359416110984	8.2320955392917483	8.5851607056117292	9.2341243540507705	8.4954256113678532	10.0686769284112074	10.1492488919729986	10.7259584056711326	9.3410162513412409	7.5101595504524372	8.5676377760894908	9.0667528406058064	11.5204405818009494	8.8394316918370173	8.2952674132971627	3
4.7112103222358632	4.0925082306986535	4.6649061319444982	6.9628275886107884	7.8208071312621925	6.7140318852446033	2.7645032544019696	4.9064136759201080	6.6835132922013063	8.1403089272392055	5.6407121107207594	4.5722311663862492	4.3312327780338862	5.8978220857770811	2.7870979516000545	5.7274568706664706	8.1491590262647264	7.4844309926449766	6.5438125010610779	2.8770735090699713	5.6734377258858348	5.8154004336826519	7.4372508516772040	5.2787350158269888	5.3595598764290955	3
13.0279598657249789	14.2564220707549030	12.7002500920620207	14.4948897507909003	12.1326285079774543	14.7484633325483152	9.4930967263835591	13.1880903091708390	15.4585123113854017	10.9367022269896168	15.8549675923956883	14.6374905559986921	8.2129867032999471	12.2199299384881179	14.7781940699635008	13.5931160187805062	8.3463985788861184	10.9417169629795978	9.0055199484691766	9.0439192488923297	14.4648353458479804	12.8769778203904135	9.8587491611575633	13.0617696166659130	11.7874741084964132	4
6.1155009997460033	5.8283694043219221	6.9390421569410297	4.2531551038352085	5.3208057636156498	5.6090471789805880	6.4710268748879960	5.9299130199520862	8.1125677674934966	7.9480067564562882	8.5730890078974316	3.4527852943564485	4.6688274674496215	7.9252421279775263	1.4672534767094767	3.6932739256257561	3.3441349643390264	2.7821991239430086	6.3068766258542883	3.3600341933781501	2.1489308379574501	5.0693066913784559	4.0882918043096454	6.0548197909930099	5.7269332616412258	0
6.2714831727019842	6.2248589022818042	6.1248048453285193	5.8909402828367412	4.6110800713369038	5.8520367081663522	6.5139567956141562	6.9622568699517222	10.0357503005975062	8.8786922365825340	7.8051449127925672	4.1548976385617049	4.1890698179731753	8.6040730160871544	5.2432665689924418	3.9752091734689943	4.0218210944116546	3.3516094855481788	6.5438032089603357	4.0638606672311042	2.6404385162114807	6.9881588191355828	3.2864960426502181	6.0032818256037448	4.8790863069035728	0
3.1523108107417337	2.2353355174656211	3.4094854255832536	1.4616046635312521	1.7040907796982621	0.7328248858893218	4.0342156738342512	4.7076707985924369	6.7468838553948087	6.0305911085459396	5.8680557559253756	1.3168225318413600	1.3757885531808851	6.5300173410550597	0.0534712361286722	-0.1520033515549750	1.2554403029881867	-1.1078770696662374	2.3976071345861034	2.9344005026569473	1.9639877504252810	5.4152345535296442	0.4974843261232627	1.9979135566706663	2.2781735663114770	0
9.5362177399577597	8.3659491001250199	9.0641798776488987	8.1767435408690705	9.2919807717399117	8.8597012886058284	9.0641096304733306	10.2156802392949650	12.1255845885906233	10.3269980088362594	9.8149897010545448	6.9075695931500132	4.3273246621645862	12.1238503012252501	3.1567805456641036	7.3196283782983995	8.4468196578687653	5.4547318928853494	8.4144268461495990	5.8062643967320167	8.4984517479910071	10.7755829854241014	7.1550426781320589	9.2190825936671672	9.5193707856068261	0
5.5661281321311264	6.1493046805047040	2.1566792668550985	5.8896855575168914	-0.1435407143524285	4.6933337221440823	4.3242247683281434	2.3787024308943590	3.3899644271992133	4.8970152205475541	1.8125581960534087	2.2215136561759077	3.1476894697593631	3.5090435117877976	-0.4199318266780416	4.3968171706682107	1.0953702290284562	-0.5939178654316244	6.0875289498108955	-1.3506946464011680	1.0605208958444265	-1.0452965409623829	3.2038121202743364	2.3066715868131955	4.7278886506016207	1
11.6606831577487107	9.6013732515266259	11.1302523930218200	10.6887821627664188	7.5770690923517066	10.9723015334148428	10.8328421671299253	8.5217740679222054	9.7574571069483991	9.6667824149555486	9.7936975685913286	8.7857395460712393	5.1515776842721026	12.0702853558782426	6.0997551154950571	11.1414379758378708	5.0671508776668945	6.7212083066656660	9.6591101965444395	6.9164800883249136	8.9841120564669747	6.2660579040832083	6.7319774635617353	8.0047492238101334	12.1447220226869561	1
13.7938621151442362	14.6244607037746590	11.8624239927832456	15.0393624109472714	11.9582150406938172	14.4917559460487624	7.7912708992899429	12.9444155129104139	13.2573683429766600	12.2153923626460710	14.8870271332683988	12.3073139390186572	10.1612458169254936	14.4878262603566021	11.7755564207482593	14.6471234044671501	9.6488915851492756	13.1882971658410852	8.5792015212468904	10.7977657933016147	12.1394035249264149	12.1001409525544972	8.1369637514179924	15.4776290869631961	12.7927778540432513	4
5.1734388795545634	4.9651161188448896	9.5401006171341667	6.6491690383883615	5.3902173845125239	9.4187013754785909	7.0104550354074044	6.9566774120825539	9.5185912335385918	4.4608775458620640	7.0769519892902624	6.3656529745771904	4.5135573777635258	6.0056392514454604	5.2024906643516395	7.1130064181032875	6.8013314498382860	6.8040836938795621	4.5541274968769931	9.6719949865350596	4.9987905701830009	5.6228995799614356	3.0291463671701120	2.5321648088114981	6.6752156926286954	2
5.1760468565070958	5.6116683503264113	9.0971429650348981	5.1997641076214620	5.2531283919138918	8.4546492400407640	5.6273780409348619	9.0863212269285221	10.9968243102461898	5.4594621624783946	6.0521228648958552	5.8366201606185495	4.7838608043618285	4.7589249442376200	5.1734592360141498	7.9634877382859797	7.5865289864381200	5.7442502466944640	3.1877738234602351	7.8807633698452131	2.4380762669547957	7.0355531728006300	2.5040951225992205	3.9184468294616677	5.7288053055696526	2
14.6293630660933118	12.9536126368486570	13.3075263312741683	12.2350195351683162	8.3028664601308968	14.6928106841512101	13.8487710494532354	12.2396198956273210	11.7577762530347343	11.1186185278054399	11.3781490282650850	10.7664093850096769	8.7711858183735458	15.8192707757074853	10.3900059319508067	14.0974093408886922	8.4899383830441835	7.5772561659367872	15.4040123106813063	11.0945276967153141	11.3790744987754877	9.9953969173861470	13.1014741339737490	9.7651133165737143	13.4637056821745134	1
12.1042639244978645	10.3559458981478212	10.8257072196747419	11.8068905500898289	5.4773781124059093	12.5328175446801957	11.0334649137925584	7.3974839958954117	10.5325417400113626	9.4361462216147274	6.5583133631153476	8.3592188392644058	6.5051650363250753	11.2232356239990914	6.8505231604162784	13.3163282618935366	7.3646926527738472	6.3297842684566099	11.2037918114237574	5.9164439161052949	9.7455897637960831	5.0349233905784265	8.8029003022498493	9.3672973009465608	11.7987894712250725	1
2.0797869546392667	4.2957124404006475	-0.1656993154980464	2.6489893153800983	4.8551310648490986	4.5736705062627543	-0.1225599531745329	3.0033296674297736	3.7710001471537273	3.2608896169167911	3.4667577645968524	3.4045515324628663	3.3004777410370854	2.6306426961840139	0.9038590926621604	3.3302824815884060	5.3915353596206010	2.9140717716757356	4.5031899310017938	1.1634293842955574	5.8081214628044719	5.2651033128100835	4.8688388147643167	3.7061217338629682	2.3512018716196672	3
7.2573950068209028	8.4369223513105638	7.3918448733383348	9.2801392796813378	6.1701626707127524	8.1003140552201529	5.0058073855103622	6.6012383034476647	8.7074834532186500	4.8471245920144668	8.5698024268213544	6.8873313244353707	5.6350099608455206	7.7466032937423144	7.6828972187268283	9.2454961356915177	3.4002733839121491	6.3940607127185558	3.9952929411795957	5.3359010245782690	7.1501324051683728	6.0670162729139827	5.4291127615083203	7.0228722922745934	6.2727580514962220	4
5.0529162155078939	3.7428523647428151	0.9424426307251212	3.0163429832501287	1.6984317316766346	0.5438027251053814	4.1678415495451864	3.6345389217376107	6.2608198199529657	4.7023614944152516	4.3590182334751395	1.1176987030041552	-1.1457835050579792	5.5061102518382121	0.4182022260829115	-1.1894689597770496	-0.0718497167576357	-1.0571564328742760	3.8514047476741773	1.2672025730839791	0.0863153452791292	5.6526626302656853	3.1560000045933174	3.0912612066017209	2.5579309106597279	0
10.3120430278268884	12.6701856141258169	11.0560222083416484	11.0988590916164540	11.4812089152679526	13.9028864651676614	9.6095978341425319	9.2212934789450163	13.0674977918634507	14.0395452770914311	10.3937525630995875	12.2744135286636560	12.4924828989295591	12.4848608368286484	9.0503648883614662	13.9881114710891623	14.9350149887350234	12.7230723152217777	15.6537152865725293	8.7218273859694122	12.4680406106321904	12.8981582362707847	13.3621407534007659	10.7236043487689798	14.1275721064567357	3
11.5380164231087416	9.3669198931615369	9.9662488770310542	10.9398484816698929	7.4686285167954143	11.7270089281093330	10.9477820951744640	7.2045129927856610	8.1260115374542607	8.4407297614772041	9.6122735662749079	7.1199673152115830	8.0589420882258160	10.6080498951396578	6.6793146177707321	12.0427542451466820	5.8619699497422282	6.8292738107657005	9.4063044115549808	6.3235488418343166	9.8105526022664229	6.4267354038013291	8.1251985577482806	6.7097999839603037	10.9350088655108042	1
1.1199634828145724	-1.9096149674611791	-0.2517810355812518	-2.2126057988718033	-0.1661923135429962	0.0090932230934220	-1.4914461433165522	0.7058679614930168	3.6769072648650427	1.8121632936218597	3.5504208921031077	-1.0062577773886054	-1.8431132665487140	2.6032479698306235	-2.6624583619407156	-4.5165941061231889	-0.0147196772559131	-3.5463014243246231	1.3305503450775129	-2.1657543523086460	0.1191082957240202	3.1348334556995852	-3.1878322915039403	-1.6542806236948324	-0.1352376379689344	0
8.6438846955930604	7.6514271887809961	11.1057935999250610	10.7419734009522259	7.0152821709763096	13.3899315986396168	9.7758336750204258	10.3712622523996618	13.1160278389528600	9.4054394478903731	10.6506040549610237	8.4185028399906869	8.8200170167663643	8.7512860830222508	7.2380395367440009	8.9199041405989767	8.3407714999666709	9.5447534639520768	6.5072399673637120	13.0411115792396171	7.3706095317814118	10.4686467940355712	5.8064756710396770	6.2680818738780584	6.3359385356882081	2
5.5095831981520265	7.3469295437734949	4.0677513883751661	6.9284406287018729	4.2783847282773877	7.0149262740173599	5.4009459548515188	5.1413575806667673	7.4583788220168330	7.2478927615287070	6.2447307012994706	5.4159600537617791	3.0666289924259376	5.0832823854439235	2.9604264207586741	7.7014336653567295	7.6205983755805580	5.2527116573749701	8.8301138829321424	2.9538527260246612	6.3716336341075781	6.0265182782826372	5.6895929801867231	4.8124470278820217	8.3439357456656484	3
10.4888676534441956	14.2319000806572955	12.0731106018630410	16.4264573961894413	12.5038751528176846	13.5317572517283260	10.5714114700808999	14.4924639511172071	15.5080490593859857	10.7872492203032770	14.4867716622937195	14.3300820935145961	8.8719410548655055	13.2072277051653355	13.5386166052864017	13.1066198037476589	9.1779698461923331	12.9652756140384309	11.2295608758737764	8.4481750764844357	14.1637592386926343	12.4374795266273068	9.4760773481301577	13.3433259061204801	12.7321619003960969	4
15.3333161733936514	16.1262047514469629	14.0629759207299614	14.5935157093607746	14.6371700260711961	14.1969156848884985	16.6967419298025597	15.1380821080707584	17.8333573917388435	18.7759816480116690	17.2238022429215647	14.6152213518061842	12.9350434711093722	18.4611613699563115	11.7853997478362018	13.6105653880102899	12.7071743713169223	11.6392564587534757	15.9317965828306054	13.0440391066816588	11.8964380071588263	16.2330730963539764	11.5553721866550507	16.2050966972739481	15.0606733184636372	0
15.7047769429389312	15.8863437868977257	14.2203508393501394	13.9856343793488538	14.7457951035684438	12.6664555177213600	15.5229797560576284	16.0880201482198757	15.8236896979295452	18.6871359715244054	17.4024597906487415	12.6812393584162315	12.1289006683724505	18.1206740381481950	12.3429487862673710	13.9989854699312755	13.4847718503646199	12.2927419480722229	14.0069991235723421	12.5835729244894434	15.7161589740041308	14.0903165245675268	14.1542069708792209	15.2044487455757960	13.3672242645815444	0
8.2676358428744514	6.2974858468014983	5.3433653977837068	5.5901157059968378	3.9885159020698993	4.2538140564499676	6.1812938751770172	5.1850496411312665	10.1654899807233434	7.2272150820681951	8.3506106366392316	3.3670220390367067	2.6318856063804374	8.9427459298452110	3.2526698647316832	2.6429803984435036	4.5254882923425299	1.3955158624684341	7.4914989047022473	2.5721449113883255	4.2868736401446661	7.6531900090417526	2.7660049079827420	6.2324389392343331	5.0484288932807395	0
13.4144967510855206	13.3355773573552039	11.3098920968425922	14.4505062419868970	11.5620897557960252	12.0001592957067675	10.5752113493993818	14.5780284447160309	14.3382668910485744	12.1677777824986713	15.3631659116923966	13.8884129603622419	10.9960679408502706	13.7164263955067938	12.8742659741116761	14.1086023997554406	8.8738807389548580	12.1556248259419597	9.5325447972501944	9.0703165933887675	13.4274667257632121	12.6287405297258779	9.7190466878353075	15.8213942395723706	13.5947308695412516	4
-1.5919924529954974	-2.6858731824637498	2.2990690933330202	0.0483724297998558	-2.2163820591842809	3.2022857885201512	-0.0338076442131388	2.2379601155535394	3.8343382653589115	0.8092516962989100	0.9897078099277682	-1.9965933319329427	-1.7670740234005868	0.5408657476964496	-2.5495921765569411	1.2547254012982998	-0.9607226711532524	0.7357406706318593	-1.7239726597246481	2.8826054371163830	-2.6178191696549522	2.4634386704008131	-3.5513672040000630	-3.7042046807865225	-0.3303113576544066	2
5.2580685313309292	5.1773845806322054	2.2676037659179360	6.4365996469679416	5.9583047010329011	7.6931336303523885	3.1256649631465065	4.4194828135233548	7.7795441773674145	7.0282308744575257	5.6355102587836798	5.4136541998899705	7.5424786593896860	6.6996032407826984	4.9668212414347321	7.2319194780185487	6.2864098129006099	5.5068881595035943	7.4987291619728431	2.4840450678711496	6.0102504022400129	6.1013922260876354	5.8718859914838362	4.6502802421047731	6.8800929558420991	3
2.1738006774395942	0.9851130242913859	5.3216451585138955	3.1356886534965884	1.4036921741367197	5.3805737876591264	3.0988399299271676	4.1840017359607895	6.6835394931452754	2.2179455929372702	3.2845344484754593	2.8992535160912345	4.7386211691540083	1.6816967946252581	2.6084726045550846	5.4250719807204302	2.1200429957194711	4.3802330439994135	1.6170475993208995	5.9785966618389903	0.6097777038772216	3.7150123057200881	-0.5029873392659825	0.6016140895929714	4.1063615620240475	2
1.1334239473260017	2.7711074199703125	-0.7357454841762665	3.2401564130603866	-0.1664418142317778	0.5744334235987898	-2.0728224420864469	-0.5154344894928298	4.6836390253827247	-0.2415187875817515	2.7528420945267844	1.0342482622364579	-3.3020560743262379	2.8423500862989961	0.7895059227192092	2.3258752586982632	-2.0290625581353923	1.0018775337724715	-3.1349872987411027	-2.0678404624058384	1.2864373947227128	1.0699140171027914	-2.8250500727848697	0.8327567157280107	-1.0160399069814949	4
3.6152883344494438	2.8452287773877485	1.8504464372091383	2.6875051532366356	1.7906473626987160	1.9163082103872895	3.6447903209220565	4.4396137997640022	4.5432772760819953	4.2852197811933053	5.7220140660526599	1.2276357650444172	-0.2743453937042766	5.4341412443729311	0.5692587542539909	2.1961957826833416	1.1309401408138804	1.7931110920404645	2.6893484509059000	-0.0754163032549044	-0.4030527877473729	5.5458925898846996	-0.2155728316403716	3.5332999689643843	2.1736945506843544	0
7.0213932682831199	6.0678839580391006	5.0887260464821544	5.1876784972960976	4.0418113910863429	4.9584530908909557	7.1263849031627347	7.4338620751772275	8.8720941620048865	7.3392541114018446	8.6324891827515593	5.2097728612432608	4.2478471111413221	9.0550574859520161	2.5414197396161278	3.3612576571975703	5.5928540307205381	3.1171559357297403	7.3862889953553639	4.1159186227363023	5.4844759138228021	8.0809296951821779	5.0028626252178832	6.8319239762730275	5.0221922849114948	0
8.7593470837686080	6.9916902549340580	11.2732819440361602	9.8467364655351517	5.5128400263320376	11.8046154628026656	9.3301447060250648	9.3378991404410634	11.9375770041617741	10.1832381810837589	10.8013347136075808	8.5433395477064060	8.3392264740275674	10.5923983224875897	9.5052523735892862	9.8048240629967793	10.3786652785728943	9.1997787591538565	9.1915388678875374	13.6087392529484905	6.0030086933630962	8.1754245052533214	3.8577382842972430	6.1694627528708832	9.7334066746160417	2
3.8903974959531018	4.2758197317162310	5.3217576491558907	5.8307272113234134	2.4626860269446418	3.9504013885792060	2.1263912327113657	4.2425945125597417	5.5412845767852676	2.2873346412419870	6.2666720886848104	5.3304551254495651	0.0445931314836132	5.3134001247919560	4.1330979148475588	3.8239204122255011	0.9622629959881261	3.8186475416690193	-0.3147682472157647	-0.4217379026250865	4.6447515767621983	2.5326406683979985	2.1463348410165621	3.1768057255698334	5.3944987529245969	4
3.8007101178841673	5.0763032140958355	5.6635232279143786	6.7646808781163008	5.8997831610725058	7.5807671047403407	4.1602882902645630	5.0022950211741186	7.0483442223359489	6.8332215392870532	4.9261189287583340	4.8439696379064880	3.8577426459339881	5.3828316767235318	4.3725788133229448	5.8785103950758657	10.1180040370364495	5.6589154369525687	7.1914244047224374	4.0131122688657577	7.4257281287122634	8.1999847128515455	8.3268092074104167	3.3821593920513768	8.1354863982022394	3
7.6604307821374258	8.4607135020737481	5.9259668912407966	7.9823661580895831	6.8586497165198992	9.2911828149677298	4.7342775082529771	7.6774901685865240	9.6094050658122239	5.9373670798817200	9.5931583703859200	5.0470735873599972	6.1587240055958432	7.4832455410595395	6.2487234543906904	6.8609720077595142	3.9048444373036366	6.2728440393627576	2.7498083290664117	3.0286580886738927	11.3917149558890092	7.8043013302086619	3.4461600816976907	6.7396882821580579	6.0713458653932264	4
13.1762267789623078	14.3315442414136722	13.4615047155911860	15.0844137266538283	18.1536155699578359	15.6877592351279755	12.6047520700494822	13.1600489364203987	15.6847232242059444	14.6705246184018190	14.4491990837026005	13.5850565289032374	14.4659291994830568	15.4061664855121450	13.8342087755360055	16.7782526378577899	16.2199629373733920	13.5077518325867167	17.3858199483288907	12.2058305604485362	16.2254450750331358	14.0104005229072968	17.3764303366751030	13.1969651796003724	15.9714313794092888	3
13.9221226108833118	15.2105133575713722	13.2403745613464796	15.1444214945675029	8.7364426179255599	13.5920135102926878	15.2697332283250340	13.0082876796573927	12.4042030375175170	13.3181919317466466	12.1417640820924966	8.8001970939908674	11.4284538699799931	13.3852266973606682	10.4579892738734888	14.5786145750917413	9.2792419553836520	8.9931349934946603	15.9921889071469607	10.1179915396375524	12.6788053725890002	8.3556996987395387	10.8151579343214195	11.6905769528688310	12.0952580233271707	1
10.0389185695983212	11.8207946863492808	9.9147910729782858	11.7761903962942629	8.5351190656995879	11.9788093436803464	6.5008248411742136	11.3763252789800458	12.1322233197181681	8.4548835370872855	11.8850625620959747	11.2661513827768243	5.3881526674602904	11.2675228082351904	9.8918542762851764	12.7476388452082414	6.3290157635171624	8.6521251040969567	7.5620129787787462	6.3206169206670211	12.4117230206181013	9.6638120347140308	7.7044906182788155	12.3840891259201022	9.5956696306930880	4
15.1473541820252553	13.5248486571853554	13.9064649280318520	13.1741142960781730	7.1748368823824515	14.1143612704467749	15.4788529352558086	11.8591172120227686	12.3049839200909741	10.7875824504976947	13.6319198722512667	11.3232433269981581	10.3423626670249291	14.2099036965249788	8.9589319062126265	14.0911228362066723	10.2730354420615821	8.9573360187630175	12.4382169316739954	8.8323911158972734	12.1959245375954204	8.5941878157062117	11.5038471979667882	13.2205728150424555	13.8981623838849551	1
7.7011451783171800	7.3957819544823460	11.5098979095578926	9.6132527555778253	7.4015669832004782	10.5006200584268061	8.9545918360256316	11.4885707999294056	11.4885037861959294	9.1096322651144774	12.4293250558125710	9.3357076138677701	7.9914249408762528	8.8304486039197201	6.5576510083709945	11.0430572788581536	9.3831475575831504	6.6880719643622832	6.6957573768333942	13.0686289118368855	5.4234291696998254	7.8527711532205231	5.0376748121024812	6.7068630277086774	10.0029379526434425	2
8.8142601310406619	9.2113607951173488	8.5976434960977048	8.0342203931480469	7.0639951065091706	8.9002997781282716	11.6698618061419523	8.6052627975474039	10.4248510406558754	11.2851794044579528	10.9648369213693986	6.0800913633864848	3.9190155317942477	12.4020827912419058	6.1781578491631866	6.3928105276438991	6.0432532619026054	6.3070759969283330	10.5972681260101744	5.8188820104245718	7.2056518704552532	11.8757018214882883	5.8519899343696764	9.7131242763101966	7.5104552816636296	0
8.8460505351678798	9.2316440203881811	6.5543644201200042	9.2820965601497569	9.4582560959451492	10.3238754668480404	5.5979089925351477	8.4611102433463543	8.9536660074116110	11.0069238274015451	7.4463016871226015	8.4703399199340375	7.4039975627669001	7.6804088100742183	5.1272570314541639	10.7667817454897818	11.3825903795060412	7.9351409103205723	10.7360308330092451	6.5812872574901506	11.3320475301192900	10.3684520028918481	13.4509108784383251	6.8697563276756703	10.9675171866700651	3
G4
0	55	6.537248819510322	90	6.970863321154746	48	7.8030071891089685	37	8.24730969822542	
1	91	6.645631430610803	49	7.402780949195084	77	7.465479149612606	84	7.910132039544613	
2	86	11.398324867923636	34	11.995004623480265	75	12.19680405196019	83	12.347755442656593	
3	50	6.359003354923464	4	6.3784963707379685	76	6.943681004619888	35	7.321458392218482	
4	3	6.3784963707379685	76	7.0120608621158524	50	7.235161574553213	89	7.64027144755758	
5	26	6.039876205636718	60	6.73608657961224	88	7.008930908640282	59	7.33359948850684	
6	10	5.597794942093084	95	5.912571822445642	52	6.156307161911816	16	6.347174221281134	
7	44	5.482516217709409	66	6.135552177736864	23	6.310602817213525	36	6.75738624981235	
8	70	6.153305377945197	33	7.714697516338447	13	8.100536080256399	37	12.663267817034017	
9	85	7.0977289095759035	27	7.532140986865345	0	11.213881152675237	37	11.675517393342027	
10	95	5.037757438059459	6	5.597794942093084	52	6.6888504230528625	16	7.855594895443856	
11	31	6.122410735422557	29	6.270600881253178	21	6.923933516291713	38	8.132311460215552	
12	71	4.518150643174802	28	7.033653802151881	92	7.455537730243481	29	11.417241592088457	
13	33	7.038516840654655	8	8.100536080256399	70	8.134640239928801	85	11.409556748933937	
14	46	7.092431709100639	79	12.61856455786603	53	13.326635833957903	80	13.496816452296752	
15	32	7.362294999862147	51	7.501722045716502	63	7.970863673693417	87	12.052391200958267	
16	52	6.118530677904551	6	6.347174221281134	95	7.460879529596718	10	7.855594895443856	
17	19	4.438081564783175	47	5.064438522820731	74	5.1790638810612775	69	6.393349841461885	
18	61	5.899291492725259	87	6.5272402136047045	72	7.2548055980248325	32	10.99919225482963	
19	17	4.438081564783175	47	5.7668263713771255	74	5.878495723490631	69	6.549280528457909	
20	65	5.595075928255007	82	5.93483631172109	78	6.407637568039933	58	6.9743794974164475	
21	11	6.923933516291713	38	8.18159003958295	29	8.251576457592904	31	8.651170009567844	
22	36	7.275774257486689	23	7.462544540744727	44	8.049987818788962	67	8.070849447927714	
23	44	5.4410252642668455	7	6.310602817213525	36	6.733729318285168	66	6.844641341433329	
24	73	6.160143663448733	43	11.815166269593943	68	12.755232069315365	41	12.775728149256674	
25	79	6.722000258221991	80	7.103619659420086	93	13.26790400109199	53	14.095354508891695	
26	60	4.6891958481326235	45	5.215351319732992	88	5.595011719000957	59	5.66029460596489	
27	9	7.532140986865345	85	7.953601911147887	37	11.258651192750126	48	11.337709659765236	
28	71	5.146987355790369	12	7.033653802151881	92	7.596281868342469	29	10.65042205543583	
29	11	6.270600881253178	31	6.620947061209304	38	6.828744899299356	21	8.251576457592904	
30	98	6.608954224057234	62	8.577456874642463	56	10.262722488329349	64	10.751911003871859	
31	11	6.122410735422557	29	6.620947061209304	38	6.64735745359485	21	8.651170009567844	
32	15	7.362294999862147	51	7.526129187408888	63	8.288605190028404	87	10.514613735648032	
33	13	7.038516840654655	70	7.361470760217882	8	7.714697516338447	32	10.835635763659802	
34	2	11.995004623480265	75	12.98093788909175	83	13.950782080134978	8	15.227551354461758	
35	97	6.464085625456303	3	7.321458392218482	4	7.889992893009077	50	8.072234453739084	
36	66	6.114173264286512	23	6.733729318285168	7	6.75738624981235	22	7.275774257486689	
37	90	6.2662457067878075	55	7.140816994497063	48	7.1436606863790235	0	8.24730969822542	
38	31	6.64735745359485	29	6.828744899299356	11	8.132311460215552	21	8.18159003958295	
39	40	5.69017028938324	56	6.2779786937609785	99	6.96084562433962	6	12.20368148742118	
40	39	5.69017028938324	56	6.06778741078678	99	7.297203489799533	30	12.517667041113592	
41	68	5.881397702936966	96	6.2700973501295705	94	7.662583185784611	43	10.48872580889575	
42	57	5.747602807928125	91	6.777826911519843	84	7.21553669113663	77	7.7093506428404925	
43	68	10.202948682446817	41	10.48872580889575	96	10.807732259884657	94	11.26989948452361	
44	23	5.4410252642668455	7	5.482516217709409	66	6.113651819908135	67	8.038584346353263	
45	60	4.941601976319561	26	5.215351319732992	88	5.7481828859034785	81	6.10578527904499	
46	14	7.092431709100639	53	12.901576197647525	93	13.777505847467445	79	13.998203139800763	
47	17	5.064438522820731	64	5.579872547046709	19	5.7668263713771255	69	6.306007194087833	
48	90	6.778968325960706	37	7.1436606863790235	0	7.8030071891089685	55	8.093554765382544	
49	84	6.900163428841248	1	7.402780949195084	91	7.8429065348417355	42	7.911495546919877	
50	76	5.759189345913467	3	6.359003354923464	89	6.546089000247231	4	7.235161574553213	
51	15	7.501722045716502	32	7.526129187408888	63	9.45619805234526	90	10.956361542044004	
52	95	6.1126809028222775	16	6.118530677904551	6	6.156307161911816	10	6.6888504230528625	
53	93	7.5028456099229235	46	12.901576197647525	14	13.326635833957903	80	13.477969546927728	
54	59	5.741336305753685	60	5.776240054628381	88	5.844639851142201	26	6.019713250838962	
55	0	6.537248819510322	37	7.140816994497063	90	7.4053669624948295	48	8.093554765382544	
56	40	6.06778741078678	39	6.2779786937609785	99	8.728661690772277	30	10.262722488329349	
57	42	5.747602807928125	91	6.6673878383095815	84	6.870959217453692	77	7.943419784855604	
58	78	5.631800749694427	82	6.740360064481489	20	6.9743794974164475	65	7.906258141500955	
59	26	5.66029460596489	60	5.697050005586594	54	5.741336305753685	45	6.393543962933568	
60	26	4.6891958481326235	45	4.941601976319561	59	5.697050005586594	54	5.776240054628381	
61	18	5.899291492725259	72	6.8635102342354966	87	7.061083837762076	32	12.379206911854476	
62	98	7.211111008156384	30	8.577456874642463	64	10.414773794837984	47	11.797531279621868	
63	15	7.970863673693417	32	8.288605190028404	51	9.45619805234526	18	11.769596134655636	
64	74	5.420189671391701	47	5.579872547046709	17	6.746987990421771	69	6.825160334529783	
65	20	5.595075928255007	82	6.057253711295661	58	7.906258141500955	78	8.240853453840124	
66	67	5.95287546240066	44	6.113651819908135	36	6.114173264286512	7	6.135552177736864	
67	66	5.95287546240066	36	7.2812138523452195	7	7.6667852363444835	23	7.737888945490009	
68	41	5.881397702936966	96	7.447063215516622	94	7.753196439357776	43	10.202948682446817	
69	47	6.306007194087833	17	6.393349841461885	19	6.549280528457909	74	6.756498575440996	
70	8	6.153305377945197	33	7.361470760217882	13	8.134640239928801	37	11.516907076533577	
71	12	4.518150643174802	28	5.146987355790369	92	7.338154929554047	44	9.849550731493768	
72	61	6.8635102342354966	87	6.967653156826769	18	7.2548055980248325	32	11.519264919601515	
73	24	6.160143663448733	41	13.086023477667029	43	13.35860447770956	68	13.707640118275407	
74	17	5.1790638810612775	64	5.420189671391701	19	5.878495723490631	47	6.750099132603542	
75	2	12.19680405196019	83	12.286472745922552	34	12.98093788909175	86	13.505216135509375	
76	50	5.759189345913467	3	6.943681004619888	4	7.0120608621158524	89	7.2917974199602735	
77	91	6.977413914259417	84	7.129067637506773	1	7.465479149612606	42	7.7093506428404925	
78	58	5.631800749694427	82	6.251488466722149	20	6.407637568039933	65	8.240853453840124	
79	25	6.722000258221991	80	7.001689792107623	14	12.61856455786603	93	13.636439738510944	
80	79	7.001689792107623	25	7.103619659420086	93	11.784365511304664	53	13.477969546927728	
81	88	5.528755522488856	60	5.7922221848795585	26	5.971766053634966	45	6.10578527904499	
82	20	5.93483631172109	65	6.057253711295661	78	6.251488466722149	58	6.740360064481489	
83	75	12.286472745922552	2	12.347755442656593	86	13.416322877399814	34	13.950782080134978	
84	57	6.870959217453692	49	6.900163428841248	77	7.129067637506773	42	7.21553669113663	
85	9	7.0977289095759035	27	7.953601911147887	13	11.409556748933937	33	11.996699152936921	
86	2	11.398324867923636	83	13.416322877399814	75	13.505216135509375	87	14.731508631385314	
87	18	6.5272402136047045	72	6.967653156826769	61	7.061083837762076	32	10.514613735648032	
88	81	5.528755522488856	26	5.595011719000957	45	5.7481828859034785	60	5.783718923287357	
89	50	6.546089000247231	97	6.746947037631988	76	7.2917974199602735	4	7.64027144755758	
90	37	6.2662457067878075	48	6.778968325960706	0	6.970863321154746	55	7.4053669624948295	
91	1	6.645631430610803	57	6.6673878383095815	42	6.777826911519843	77	6.977413914259417	
92	71	7.338154929554047	12	7.455537730243481	28	7.596281868342469	84	12.058524677168139	
93	53	7.5028456099229235	80	11.784365511304664	25	13.26790400109199	79	13.636439738510944	
94	96	7.329186731970443	41	7.662583185784611	68	7.753196439357776	43	11.26989948452361	
95	10	5.037757438059459	6	5.912571822445642	52	6.1126809028222775	16	7.460879529596718	
96	41	6.2700973501295705	94	7.329186731970443	68	7.447063215516622	43	10.807732259884657	
97	35	6.464085625456303	89	6.746947037631988	50	7.250482487213616	76	7.704857135637611	
98	30	6.608954224057234	62	7.211111008156384	64	11.221862598328144	19	12.198823207917345	
99	39	6.96084562433962	40	7.297203489799533	56	8.728661690772277	74	12.821104054383714	
