-1.1549043080025942	0.5657674964842867	-2.5605828250583400	0
-1.6993194076465763	1.7505302260137809	0.8933060160704360	2
2.3463363056323807	-0.0542844176273984	-1.7793299517245851	0
-1.2768343349759130	-2.5029763599696868	-1.2918524962685984	0
-4.0738763029124252	-2.6297609976322804	-0.2420051505345639	3
-1.3445079329736243	-2.6785267707711147	-0.6171303795048314	3
-1.6435718572081268	-2.2646124592220436	-1.6471970908259632	3
-1.6920769957923762	2.9017573537320813	1.4140207721501532	2
1.3605272404419808	4.4445825558930032	1.9430278747682772	4
-1.2917841832961030	4.3894543705640494	2.1813769272009629	4
-1.4468759551653483	1.4873263249891984	1.4999185808865618	2
-1.7613490292167786	2.0150289405903328	0.7930095157013262	1
-0.3940853328761540	3.2347220632619909	3.0157253358069287	4
-3.8445125682208596	0.9301630475955651	-6.0289074480047313	1
1.3977539596106929	-0.2778798115839254	-0.3618991753904277	0
-1.8142305308058351	-3.8016112362248982	0.2498954229183704	3
-2.8607057969419598	-3.2312212700089926	-3.1918425777744068	0
-1.0135242399637865	3.4994911770463015	2.0260263116643311	2
-0.2328719591162547	1.3526712657179014	0.5503653118157635	2
-1.8290652618028411	-2.9746910632787373	-2.2364274023990633	0
-1.8156502096714959	-2.0189060713413065	-4.0465514658253765	0
-0.9513356724562824	2.2131168373664849	-0.4259600722028933	1
-1.7470182709113655	-3.6779870563470869	-0.8845704920129687	3
-0.2562280660102463	2.9633220816622727	2.3789343529649960	4
-3.8102886710123984	-0.5206186267841924	-7.0353665939814665	1
-1.3475184877820854	-3.7306489066626294	0.1822975877377877	3
1.3306204907633925	3.3498960260512325	2.3556516533246454	4
-0.2494467567827665	2.3928176416416660	1.2871144252035380	2
-3.5371315201463660	-2.8660822381139957	0.3796512742744194	3
-2.0010475391165219	-2.5814482362250213	-4.9064848518453044	0
-0.5785215227115379	2.8632002703049011	2.5260047913684298	4
-0.3858314454269706	2.8098708590606454	1.6465174063614239	4
-2.8625685892277000	-2.7711818100726737	1.2021013935828306	3
0.5947091987987863	-1.5373438625652511	1.4284431916654994	0
-0.1001555928755781	0.2539027369953430	-0.7483844553851480	1
-2.8138733809249743	-2.8870613204014290	-2.7334132282826689	0
0.3805791231129403	1.7584675609726346	0.0559895850157948	0
-1.6205350465557473	1.8213719147278828	1.0497583422829220	2
-1.4786268058842460	-2.4538173975851940	1.5775213339669556	3
0.8260871740616407	1.8885479896467425	-0.5079617713556818	1
-0.6798673591175852	1.1952365101456370	0.0329330191548636	2
-1.8067273398190604	-3.8672267379517704	-2.4137420159425322	0
0.7009183505414401	3.0297957433844664	2.5715310675143837	4
0.8056692543177335	1.6341668054828404	-1.6077423889187161	1
0.7531504958684339	2.0552855864522201	3.0879590209602155	4
-2.2798889504909208	-2.0946090597481244	-1.1631643679090116	0
-0.5130181375499244	3.2396416641564771	4.1206507968124697	4
-2.6411774026857087	1.1361486358927699	-4.5782795076256582	1
-2.9947477582107802	-0.2565582600315754	-4.6964354691934371	1
-3.0446106877049837	-3.3492036389719244	-0.3363472164828972	3
-2.5021450319781575	3.1762241707250745	1.5662402820582606	2
-3.0878146911120035	0.0212463298499277	-0.1124100105668818	3
-0.0580592601086306	4.2771555484586372	-1.2042456184489594	1
-0.7007216747679001	3.1891793801171517	2.6917586295680689	4
-4.4564590606045034	-1.3727439271639188	-4.3144589868992451	1
0.5929455362518108	0.9820773686070638	1.4892340208657884	0
-1.9023502566697978	1.3405268890699338	1.4686618562504914	2
-4.1157152639898849	-3.0011290614922226	-2.4631889119450170	0
-2.4087471550741588	-2.4257916630695329	-0.3008040669449144	3
-2.1754816614462484	2.4225668439241144	2.6865944366667969	2
-3.7673754547176976	-1.3116552254421827	-3.6782211940684642	0
0.4955651420951436	2.4963997762268235	3.0193486890573942	4
-0.8416346226849961	3.2305898653205483	-0.7418352067689908	2
-0.9497947901092735	2.0744716693800540	0.4448583046243502	2
0.6922851182108666	3.2485584038959852	3.2331368243940348	4
-2.1876133325418996	-1.9378515378864085	-4.7941599144490112	0
0.2400636284713864	2.7924200118927804	-3.6986819265256003	1
-0.9915908637593269	2.4245249812621967	3.2462860752413607	4
-0.0525176763992839	3.2844390287244916	1.1513488884729943	4
-3.1397613770072570	-1.8373436419390343	-4.9324797481390732	1
-1.4846216445370239	2.0871851111671349	2.4254898951360921	2
-2.6063770192515086	-2.1477253099241920	0.6502545924374610	3
-1.1078605166281008	-0.6662341875786846	-0.3041162948142229	3
-1.4458819534403320	2.2470364640382519	2.9682228613803305	2
0.8264282977768179	4.2261037995628925	1.3351543798441563	4
-0.4629038838580276	2.7247303905288875	3.9757607615916539	4
-0.4096823220052989	2.8355492182463977	1.1128725798497332	4
-2.0026066267693725	1.4042196067280697	-0.8262452585139011	2
-3.1229170470682259	-2.1699152138763314	-0.9200505563036373	3
0.0747679130556265	3.4627141989144472	-1.9339219245519705	1
-2.3360795277618109	-2.9446318329646939	1.0664976173014464	3
1.2168850683453964	2.4638856130752420	2.1472125080924340	4
-1.0312474124670823	2.0007147627167026	-2.0546338658800414	1
0.6225737521443707	2.9561859229852390	4.0400948783452577	4
-3.5112622787739869	-0.4988732096106647	1.2963421868172296	3
-2.7628996638221768	2.5680082531692086	1.0337057782179946	2
0.7203172846515522	3.5250688082076151	-1.7772954143581956	1
-0.5392107950825238	2.6058798584658271	2.2049912448788453	2
-1.0686532765121646	3.6949583630144245	-0.4467454167942595	1
-2.5291565718294304	-1.5303073336014532	-0.0574162363175759	3
-2.9577666166238230	-3.1949837546622435	0.0457586282346389	3
-1.6331223414866685	-2.8571853911689415	-2.5654681166342943	0
-1.4952243896269195	1.0482226751868040	1.4211220882037841	2
-4.1047969311398305	-0.6070713312893616	-3.5979103027911075	1
2.3738980983848865	-0.1947933511296469	-2.2113624438230950	0
0.4555019105197786	2.1498777701088567	-0.5705198412248458	1
0.4863811285728503	-2.2075464777736187	-1.0868651822402451	3
1.0297472331212689	3.2836228561885696	-1.9987612128137378	1
-3.2022275198848154	-1.8950258724239197	-2.5813227933547789	0
-1.3833486020021084	2.0348247086000626	0.9992105463887448	2
G4
0	82	1.5265480778458855	77	2.104644377832538	34	2.119862592556264	43	2.4275977165668854	
1	37	0.18895198011572664	11	0.2895973617819776	99	0.43803729566163346	10	0.707801380337732	
2	94	0.45514227121035505	14	1.7201492298872896	43	2.292152871764597	34	2.6726673096669002	
3	6	0.5635455086093702	5	0.7004624168709441	45	1.0906159030460272	19	1.1915097612497558	
4	28	0.8546340743474296	78	1.2552000730554567	49	1.2593195965415278	90	1.2837389100838712	
5	3	0.7004624168709441	22	1.1101619919492487	58	1.1386581982929889	6	1.1496963589816287	
6	3	0.5635455086093702	45	0.8173666716296618	19	0.9411757472245946	91	1.0929197357967513	
7	50	0.8687422149733589	99	1.0094319965823095	11	1.0847768774839304	17	1.0919113271563992	
8	74	0.8381556140448276	26	1.1702527055826406	42	1.6827720807572066	64	1.881861421037321	
9	17	0.9453025418495513	53	1.4319582479217392	12	1.6838667389421709	30	1.719582381365506	
10	92	0.4487298448329191	56	0.47956636303243333	37	0.5868459563344459	1	0.707801380337732	
11	1	0.2895973617819776	37	0.35107204578231116	99	0.43103951148603764	63	0.8850779552071643	
12	53	0.44839091082228544	30	0.6417720486342361	23	0.7058082826581593	67	1.0327586483227895	
13	24	1.7660404169713917	47	1.8959870792302584	48	1.9763322768767966	93	2.8880070299849776	
14	34	1.6358167923259865	2	1.7201492298872896	94	2.092910681528401	39	2.2453388638655953	
15	25	0.4768912356517025	22	1.143159366786444	80	1.293668897789318	90	1.3104745369135264	
16	35	0.5751493845769868	91	1.428008733984414	19	1.4293033610975288	41	1.4563014892718327	
17	53	0.798334751346832	30	0.9187338908442723	9	0.9453025418495513	23	0.9927330353847756	
18	40	0.7016600083892222	36	0.8862280873339744	63	1.0227931838315993	27	1.2747464309982197	
19	91	0.400585824292917	41	0.9102523746185283	6	0.9411757472245946	35	1.106580731105881	
20	65	0.8389545843623075	29	1.0441797189320918	69	1.603466314157246	91	1.7116181022546628	
21	63	0.8817876741849072	62	1.0710101696865828	40	1.149068437903529	77	1.3855372891037219	
22	5	1.1101619919492487	25	1.140430114820748	15	1.143159366786444	3	1.3295118281548077	
23	30	0.36814014069933565	87	0.487955297878281	53	0.588595884732449	12	0.7058082826581593	
24	13	1.7660404169713917	48	2.4910707866788973	69	2.57011764399168	54	2.9235238850077403	
25	15	0.4768912356517025	22	1.140430114820748	5	1.3213837925004392	80	1.5417151040937613	
26	42	0.7386426049412229	81	0.9172769895073244	64	1.0898264022139155	8	1.1702527055826406	
27	76	0.5020427331984749	31	0.5671901553458722	68	0.9231478979924715	87	0.9858278562847905	
28	90	0.7452007770398988	4	0.8546340743474296	49	0.9943022161910505	32	1.067925764162672	
29	65	0.6794412387763089	20	1.0441797189320918	69	1.3605280542769724	16	2.025145783323095	
30	23	0.36814014069933565	53	0.3855769599891798	87	0.41329024266920916	12	0.6417720486342361	
31	76	0.5347943934884878	27	0.5671901553458722	87	0.6140281602115807	23	0.7594596087655152	
32	80	0.5706698050766719	71	0.8711297377765477	28	1.067925764162672	90	1.2352325058996452	
33	38	2.271754877010062	14	2.3316209758142863	55	2.5201551490934566	72	2.580569331743457	
34	40	1.353747391655614	72	1.4350942031158447	14	1.6358167923259865	18	1.7063577794189844	
35	16	0.5751493845769868	98	1.0761434698439292	19	1.106580731105881	91	1.1930092827839727	
36	39	0.7303694090919866	95	0.7425156140157917	18	0.8862280873339744	40	1.2009610999195934	
37	1	0.18895198011572664	99	0.3230705563210536	11	0.35107204578231116	10	0.5868459563344459	
38	80	1.1123260399841284	32	1.4686576053101699	71	1.4917561864545101	25	1.895821034720918	
39	95	0.4577556158219398	36	0.7303694090919866	43	1.1290013662837735	18	1.5901617917569792	
40	18	0.7016600083892222	63	1.0077686857830328	21	1.149068437903529	36	1.2009610999195934	
41	19	0.9102523746185283	91	1.03602269631895	35	1.4412692593252527	16	1.4563014892718327	
42	64	0.696888665333888	61	0.7261004201649138	26	0.7386426049412229	81	0.8755125180932078	
43	39	1.1290013662837735	95	1.2101262666112882	97	1.709915765303854	36	1.7216725526519454	
44	61	0.5154020959821867	42	1.1041268378541578	81	1.125614381988617	64	1.2036117337652736	
45	6	0.8173666716296618	78	0.8806087177978814	58	0.9327119825058802	3	1.0906159030460272	
46	75	0.5372505750933837	12	1.1113188061392814	83	1.1732030315092492	67	1.287618238194923	
47	48	1.441736912725535	13	1.8959870792302584	93	2.4783304371779535	0	2.5701054956975993	
48	47	1.441736912725535	93	1.600570560975773	69	1.6048764048710185	60	1.6573905616650928	
49	90	0.42110633094949174	28	0.9943022161910505	58	1.121728766168003	4	1.2593195965415278	
50	85	0.8494189650442425	7	0.8687422149733589	59	1.3892090395749102	11	1.5795692128665477	
51	84	1.5602611795657848	89	1.6499824180929705	77	1.8973276967052708	72	2.1046613253253046	
52	79	1.10153768953509	86	1.2247001995940991	62	1.3867636665232528	88	1.3907049954022241	
53	30	0.3855769599891798	12	0.44839091082228544	23	0.588595884732449	87	0.7767023773702477	
54	60	0.9398758292488394	93	1.1060573195228243	69	1.5269234906448095	48	1.8783972977203396	
55	18	1.3041429465610903	36	1.64379768740739	27	1.6554954618712998	81	1.7372368585590428	
56	10	0.47956636303243333	92	0.5034414113034253	37	0.6972172583678619	1	0.735090881993157	
57	35	1.334475522143325	98	1.439402562674589	16	1.469328877932592	78	2.0144082864808763	
58	45	0.9327119825058802	89	0.935750099152398	78	0.9792740201116547	90	1.0065706853565566	
59	73	0.8015243089213329	70	0.8111375045199474	67	1.309525099201955	50	1.3892090395749102	
60	93	0.7853289475806995	54	0.9398758292488394	98	1.3648808012035347	69	1.4978024777114602	
61	44	0.5154020959821867	42	0.7261004201649138	64	0.806316759710999	23	1.092401020202387	
62	88	0.5951920320226896	21	1.0710101696865828	52	1.3867636665232528	79	1.5214289521607154	
63	99	0.7048738874827949	21	0.8817876741849072	11	0.8850779552071643	1	0.931574238011065	
64	42	0.696888665333888	61	0.806316759710999	83	0.8611170901738662	26	1.0898264022139155	
65	29	0.6794412387763089	20	0.8389545843623075	69	0.9673779572220047	48	1.8675553899309632	
66	79	1.8949920409478798	97	1.9376818269787621	86	2.111668525634366	82	2.223943117549869	
67	73	0.5614282846567623	30	0.9390779614217302	75	0.9496138839001865	53	0.9883329007969474	
68	76	0.5749339721630665	31	0.7625646709554272	27	0.9231478979924715	23	1.285138159560307	
69	65	0.9673779572220047	29	1.3605280542769724	60	1.4978024777114602	54	1.5269234906448095	
70	73	0.5671087120907798	59	0.8111375045199474	67	1.0151767865871537	87	1.1006659665433476	
71	32	0.8711297377765477	80	0.9388178716439337	89	0.9423194558414745	58	1.0103915248815718	
72	34	1.4350942031158447	89	1.6815367367592047	40	1.9395498295762152	45	2.037613559317828	
73	67	0.5614282846567623	70	0.5671087120907798	59	0.8015243089213329	30	1.1521843491351955	
74	8	0.8381556140448276	68	1.3011775531481893	26	1.4364416155945858	42	1.724973340648149	
75	46	0.5372505750933837	67	0.9496138839001865	12	1.0892637504195264	83	1.1117428840988706	
76	27	0.5020427331984749	31	0.5347943934884878	68	0.5749339721630665	87	1.1234984729249544	
77	21	1.3855372891037219	40	1.5910689544023646	82	1.6757934732641704	11	1.7473635267250252	
78	45	0.8806087177978814	58	0.9792740201116547	89	1.2271054202811336	4	1.2552000730554567	
79	86	0.6671985852529058	97	0.9737881412785263	52	1.10153768953509	62	1.5214289521607154	
80	32	0.5706698050766719	71	0.9388178716439337	38	1.1123260399841284	90	1.221097459237594	
81	42	0.8755125180932078	26	0.9172769895073244	44	1.125614381988617	61	1.1322460531877616	
82	0	1.5265480778458855	21	1.6444083597810486	77	1.6757934732641704	62	1.8088632058333038	
83	64	0.8611170901738662	75	1.1117428840988706	61	1.1267019440487722	46	1.1732030315092492	
84	51	1.5602611795657848	89	1.9649554295083	71	1.9887080633468626	32	2.364967485125374	
85	50	0.8494189650442425	11	1.1691126911500767	7	1.1843517818210116	1	1.3487718040571492	
86	97	0.4506552347880867	79	0.6671985852529058	52	1.2247001995940991	95	1.8486711058365728	
87	30	0.41329024266920916	23	0.487955297878281	31	0.6140281602115807	53	0.7767023773702477	
88	62	0.5951920320226896	52	1.3907049954022241	21	1.4866236100324142	63	1.8533919337483786	
89	58	0.935750099152398	71	0.9423194558414745	78	1.2271054202811336	45	1.2661949753880017	
90	49	0.42110633094949174	28	0.7452007770398988	58	1.0065706853565566	80	1.221097459237594	
91	19	0.400585824292917	41	1.03602269631895	6	1.0929197357967513	35	1.1930092827839727	
92	10	0.4487298448329191	56	0.5034414113034253	37	0.8668180542231786	1	0.9019315264094645	
93	60	0.7853289475806995	54	1.1060573195228243	48	1.600570560975773	98	1.8726741858914786	
94	2	0.45514227121035505	14	2.092910681528401	43	2.483705725830445	34	2.90905043637819	
95	39	0.4577556158219398	36	0.7425156140157917	43	1.2101262666112882	21	1.4156583949954948	
96	3	1.7995075396075508	5	1.947980486807662	6	2.203163202228851	14	2.2538388564503333	
97	86	0.4506552347880867	79	0.9737881412785263	52	1.673823529232206	43	1.709915765303854	
98	35	1.0761434698439292	60	1.3648808012035347	57	1.439402562674589	16	1.508240575948405	
99	37	0.3230705563210536	11	0.43103951148603764	1	0.43803729566163346	63	0.7048738874827949	
