-4.1549043080025942	-2.4342325035157133	-5.5605828250583400	0
-1.6993194076465763	1.7505302260137809	0.8933060160704360	2
2.3463363056323807	-0.0542844176273984	-1.7793299517245851	0
-1.2768343349759130	-2.5029763599696868	-1.2918524962685984	0
-4.0738763029124252	-2.6297609976322804	-0.2420051505345639	3
-1.3445079329736243	-2.6785267707711147	-0.6171303795048314	3
-1.6435718572081268	-2.2646124592220436	-1.6471970908259632	3
-1.6920769957923762	2.9017573537320813	1.4140207721501532	2
1.3605272404419808	4.4445825558930032	1.9430278747682772	4
-1.2917841832961030	4.3894543705640494	2.1813769272009629	4
-1.4468759551653483	1.4873263249891984	1.4999185808865618	2
-1.7613490292167786	2.0150289405903328	0.7930095157013262	1
-0.3940853328761540	3.2347220632619909	3.0157253358069287	4
-0.8445125682208596	3.9301630475955651	-3.0289074480047313	1
1.3977539596106929	-0.2778798115839254	-0.3618991753904277	0
-1.8142305308058351	-3.8016112362248982	0.2498954229183704	3
-2.8607057969419598	-3.2312212700089926	-3.1918425777744068	0
-4.0135242399637860	0.4994911770463015	-0.9739736883356689	2
-0.2328719591162547	1.3526712657179014	0.5503653118157635	2
-1.8290652618028411	-2.9746910632787373	-2.2364274023990633	0
-1.8156502096714959	-2.0189060713413065	-4.0465514658253765	0
-0.9513356724562824	2.2131168373664849	-0.4259600722028933	1
-1.7470182709113655	-3.6779870563470869	-0.8845704920129687	3
-0.2562280660102463	2.9633220816622727	2.3789343529649960	4
-0.8102886710123984	2.4793813732158076	-4.0353665939814665	1
-1.3475184877820854	-3.7306489066626294	0.1822975877377877	3
-1.6693795092366075	0.3498960260512325	-0.6443483466753546	4
-0.2494467567827665	2.3928176416416660	1.2871144252035380	2
-3.5371315201463660	-2.8660822381139957	0.3796512742744194	3
-5.0010475391165219	-5.5814482362250217	-7.9064848518453044	0
-0.5785215227115379	2.8632002703049011	2.5260047913684298	4
-3.3858314454269705	-0.1901291409393546	-1.3534825936385761	4
-2.8625685892277000	-2.7711818100726737	1.2021013935828306	3
-2.4052908012012137	-4.5373438625652511	-1.5715568083345006	0
-0.1001555928755781	0.2539027369953430	-0.7483844553851480	1
-2.8138733809249743	-2.8870613204014290	-2.7334132282826689	0
0.3805791231129403	1.7584675609726346	0.0559895850157948	0
-1.6205350465557473	1.8213719147278828	1.0497583422829220	2
-1.4786268058842460	-2.4538173975851940	1.5775213339669556	3
0.8260871740616407	1.8885479896467425	-0.5079617713556818	1
-0.6798673591175852	1.1952365101456370	0.0329330191548636	2
-1.8067273398190604	-3.8672267379517704	-2.4137420159425322	0
0.7009183505414401	3.0297957433844664	2.5715310675143837	4
3.8056692543177335	4.6341668054828400	1.3922576110812839	1
0.7531504958684339	2.0552855864522201	3.0879590209602155	4
-5.2798889504909212	-5.0946090597481248	-4.1631643679090118	0
-3.5130181375499245	0.2396416641564771	1.1206507968124697	4
-2.6411774026857087	1.1361486358927699	-4.5782795076256582	1
-2.9947477582107802	-0.2565582600315754	-4.6964354691934371	1
-3.0446106877049837	-3.3492036389719244	-0.3363472164828972	3
-2.5021450319781575	3.1762241707250745	1.5662402820582606	2
-3.0878146911120035	0.0212463298499277	-0.1124100105668818	3
-0.0580592601086306	4.2771555484586372	-1.2042456184489594	1
-3.7007216747678999	0.1891793801171517	-0.3082413704319311	4
-1.4564590606045034	1.6272560728360812	-1.3144589868992451	1
-2.4070544637481892	-2.0179226313929362	-1.5107659791342116	0
-4.9023502566697976	-1.6594731109300662	-1.5313381437495086	2
-4.1157152639898849	-3.0011290614922226	-2.4631889119450170	0
-2.4087471550741588	-2.4257916630695329	-0.3008040669449144	3
-2.1754816614462484	2.4225668439241144	2.6865944366667969	2
-6.7673754547176976	-4.3116552254421823	-6.6782211940684642	0
0.4955651420951436	2.4963997762268235	3.0193486890573942	4
-3.8416346226849960	0.2305898653205483	-3.7418352067689908	2
-0.9497947901092735	2.0744716693800540	0.4448583046243502	2
0.6922851182108666	3.2485584038959852	3.2331368243940348	4
-2.1876133325418996	-1.9378515378864085	-4.7941599144490112	0
3.2400636284713862	5.7924200118927800	-0.6986819265256003	1
-3.9915908637593267	-0.5754750187378033	0.2462860752413607	4
-3.0525176763992841	0.2844390287244916	-1.8486511115270057	4
-0.1397613770072570	1.1626563580609657	-1.9324797481390732	1
-1.4846216445370239	2.0871851111671349	2.4254898951360921	2
-2.6063770192515086	-2.1477253099241920	0.6502545924374610	3
-1.1078605166281008	-0.6662341875786846	-0.3041162948142229	3
-4.4458819534403320	-0.7529635359617481	-0.0317771386196695	2
0.8264282977768179	4.2261037995628925	1.3351543798441563	4
-3.4629038838580275	-0.2752696094711125	0.9757607615916539	4
-0.4096823220052989	2.8355492182463977	1.1128725798497332	4
-5.0026066267693725	-1.5957803932719303	-3.8262452585139011	2
-3.1229170470682259	-2.1699152138763314	-0.9200505563036373	3
0.0747679130556265	3.4627141989144472	-1.9339219245519705	1
-2.3360795277618109	-2.9446318329646939	1.0664976173014464	3
1.2168850683453964	2.4638856130752420	2.1472125080924340	4
-1.0312474124670823	2.0007147627167026	-2.0546338658800414	1
0.6225737521443707	2.9561859229852390	4.0400948783452577	4
-3.5112622787739869	-0.4988732096106647	1.2963421868172296	3
-5.7628996638221768	-0.4319917468307914	-1.9662942217820054	2
3.7203172846515522	6.5250688082076156	1.2227045856418044	1
-0.5392107950825238	2.6058798584658271	2.2049912448788453	2
-1.0686532765121646	3.6949583630144245	-0.4467454167942595	1
-2.5291565718294304	-1.5303073336014532	-0.0574162363175759	3
-2.9577666166238230	-3.1949837546622435	0.0457586282346389	3
-1.6331223414866685	-2.8571853911689415	-2.5654681166342943	0
-4.4952243896269195	-1.9517773248131960	-1.5788779117962159	2
-4.1047969311398305	-0.6070713312893616	-3.5979103027911075	1
2.3738980983848865	-0.1947933511296469	-2.2113624438230950	0
0.4555019105197786	2.1498777701088567	-0.5705198412248458	1
0.4863811285728503	-2.2075464777736187	-1.0868651822402451	3
1.0297472331212689	3.2836228561885696	-1.9987612128137378	1
-6.2022275198848149	-4.8950258724239202	-5.5813227933547793	0
-1.3833486020021084	2.0348247086000626	0.9992105463887448	2
G4
0	77	2.104644377832538	65	2.1688780332409308	48	2.6143792730603113	93	2.6819977867571896	
1	37	0.18895198011572664	11	0.2895973617819776	99	0.43803729566163346	10	0.707801380337732	
2	94	0.45514227121035505	14	1.7201492298872896	34	2.6726673096669002	69	2.772197936529961	
3	6	0.5635455086093702	5	0.7004624168709441	19	1.1915097612497558	55	1.2492388771042076	
4	28	0.8546340743474296	78	1.2552000730554567	49	1.2593195965415278	90	1.2837389100838712	
5	3	0.7004624168709441	22	1.1101619919492487	58	1.1386581982929889	6	1.1496963589816287	
6	3	0.5635455086093702	55	0.8138642453634448	19	0.9411757472245946	91	1.0929197357967513	
7	50	0.8687422149733589	99	1.0094319965823095	11	1.0847768774839304	37	1.1423826264109809	
8	74	0.8381556140448276	42	1.6827720807572066	64	1.881861421037321	81	1.9963679063183646	
9	12	1.6838667389421709	30	1.719582381365506	7	1.721136897030935	23	1.7734877259149247	
10	37	0.5868459563344459	1	0.707801380337732	99	0.7446467219206052	11	0.9365275176185155	
11	1	0.2895973617819776	37	0.35107204578231116	99	0.43103951148603764	63	0.8850779552071643	
12	30	0.6417720486342361	23	0.7058082826581593	87	1.0362401673871258	64	1.1079981753986865	
13	79	1.504186931853999	24	1.7660404169713917	52	2.017003568101379	82	2.1695275059108425	
14	34	1.6358167923259865	2	1.7201492298872896	94	2.092910681528401	39	2.2453388638655953	
15	25	0.4768912356517025	22	1.143159366786444	80	1.293668897789318	90	1.3104745369135264	
16	35	0.5751493845769868	91	1.428008733984414	19	1.4293033610975288	41	1.4563014892718327	
17	53	0.7983347513468319	31	1.0067777493053198	68	1.3171338718416272	51	1.3520163732572665	
18	40	0.7016600083892222	36	0.8862280873339744	63	1.0227931838315993	27	1.2747464309982197	
19	91	0.400585824292917	41	0.9102523746185283	6	0.9411757472245946	35	1.106580731105881	
20	65	0.8389545843623075	91	1.7116181022546628	16	1.8144907287498635	35	1.8639943849150304	
21	63	0.8817876741849072	40	1.149068437903529	54	1.1780546651522934	95	1.4156583949954948	
22	5	1.1101619919492487	25	1.140430114820748	15	1.143159366786444	33	1.2820947871903663	
23	30	0.36814014069933565	87	0.487955297878281	12	0.7058082826581593	42	0.9785915924816181	
24	13	1.7660404169713917	82	2.0496942771067235	47	2.3347766844360662	79	2.4832112881855775	
25	15	0.4768912356517025	22	1.140430114820748	5	1.3213837925004392	80	1.5417151040937613	
26	72	1.2097859476888004	54	1.4580919301296333	40	1.467121289390546	51	1.5501378588425445	
27	76	0.5020427331984749	87	0.9858278562847905	63	1.1407133287958902	99	1.2234300054094478	
28	90	0.7452007770398988	4	0.8546340743474296	49	0.9943022161910505	32	1.067925764162672	
29	60	2.498183381715659	98	2.705621482389712	45	3.785130534328639	0	4.015492691445981	
30	23	0.36814014069933565	87	0.41329024266920916	12	0.6417720486342361	70	1.1972135157725086	
31	68	0.7625646709554272	17	1.0067777493053198	53	1.155664322098325	51	1.2937367320889	
32	80	0.5706698050766719	71	0.8711297377765477	28	1.067925764162672	90	1.2352325058996452	
33	41	1.231507654022421	22	1.2820947871903663	19	1.7933132883644975	49	1.8292484369275264	
34	40	1.353747391655614	72	1.4350942031158447	69	1.4931454799377621	26	1.5755957359483714	
35	16	0.5751493845769868	19	1.106580731105881	91	1.1930092827839727	57	1.334475522143325	
36	39	0.7303694090919866	95	0.7425156140157917	18	0.8862280873339744	40	1.2009610999195934	
37	1	0.18895198011572664	99	0.3230705563210536	11	0.35107204578231116	10	0.5868459563344459	
38	80	1.1123260399841284	32	1.4686576053101699	71	1.4917561864545101	25	1.895821034720918	
39	95	0.4577556158219398	36	0.7303694090919866	18	1.5901617917569792	40	1.7438884821032907	
40	18	0.7016600083892222	63	1.0077686857830328	21	1.149068437903529	36	1.2009610999195934	
41	19	0.9102523746185283	91	1.03602269631895	33	1.231507654022421	35	1.4412692593252527	
42	64	0.696888665333888	61	0.7261004201649138	81	0.8755125180932078	23	0.9785915924816181	
43	86	1.9004061595012116	66	2.456316014700803	8	2.5135651053980586	74	3.0075991875495935	
44	61	0.5154020959821867	42	1.1041268378541578	81	1.125614381988617	64	1.2036117337652736	
45	98	1.7034421636547812	57	2.9373245354095516	60	3.0250857253510075	16	3.2043918620159864	
46	75	0.5372505750933837	84	0.7591276350766998	67	1.2876182381949228	51	1.3224724751784338	
47	48	1.441736912725535	62	1.7206897722844434	24	2.3347766844360662	93	2.4783304371779535	
48	62	1.3659400859019692	47	1.441736912725535	93	1.600570560975773	65	1.8675553899309632	
49	90	0.42110633094949174	28	0.9943022161910505	58	1.121728766168003	4	1.2593195965415278	
50	7	0.8687422149733589	59	1.3892090395749102	11	1.5795692128665477	99	1.6958835175211355	
51	53	0.6649860160129819	67	1.1408552143368407	75	1.1885828680266288	31	1.2937367320889	
52	79	1.10153768953509	88	1.3907049954022241	97	1.673823529232206	13	2.017003568101379	
53	51	0.6649860160129819	17	0.7983347513468319	67	0.9883329007969474	31	1.155664322098325	
54	82	0.9317377260974938	21	1.1780546651522934	26	1.4580919301296333	69	1.5269234906448095	
55	6	0.8138642453634448	78	0.940481628793201	3	1.2492388771042076	58	1.2768585830676435	
56	92	0.5034414113034252	85	1.5609108146139352	73	1.810747395267612	57	1.8130585085909194	
57	35	1.334475522143325	92	1.4237879718192763	16	1.469328877932592	56	1.8130585085909194	
58	89	0.935750099152398	78	0.9792740201116547	90	1.0065706853565566	71	1.0103915248815718	
59	70	0.8111375045199474	50	1.3892090395749102	7	1.4431726671078795	30	1.6644003530787637	
60	98	1.3648808012035347	29	2.498183381715659	45	3.0250857253510075	0	3.4057065482963047	
61	44	0.5154020959821867	42	0.7261004201649138	64	0.806316759710999	23	1.092401020202387	
62	93	0.8897443783931801	48	1.3659400859019692	47	1.7206897722844434	68	2.051767848902942	
63	99	0.7048738874827949	21	0.8817876741849072	11	0.8850779552071643	1	0.931574238011065	
64	42	0.696888665333888	61	0.806316759710999	83	0.8611170901738662	12	1.1079981753986865	
65	20	0.8389545843623075	48	1.8675553899309632	16	2.1663978344272294	0	2.1688780332409308	
66	86	2.1116685256343666	43	2.456316014700803	8	3.5111185562402634	74	3.523559579131918	
67	73	0.5614282846567625	75	0.9496138839001864	53	0.9883329007969474	51	1.1408552143368407	
68	31	0.7625646709554272	17	1.3171338718416272	53	1.673948922343346	51	1.7564308801235904	
69	82	1.2296385117241042	34	1.4931454799377621	54	1.5269234906448095	95	1.7843428162562083	
70	59	0.8111375045199474	87	1.1006659665433476	10	1.1036020832630815	30	1.1972135157725086	
71	32	0.8711297377765477	80	0.9388178716439337	89	0.9423194558414745	58	1.0103915248815718	
72	26	1.2097859476888004	34	1.4350942031158447	89	1.6815367367592047	40	1.9395498295762152	
73	67	0.5614282846567625	53	1.2326108821117772	75	1.4864622407071217	51	1.5653272071252546	
74	8	0.8381556140448276	42	1.724973340648149	76	1.873771786148778	23	1.9637309136948495	
75	84	0.393839503546658	46	0.5372505750933837	67	0.9496138839001864	51	1.1885828680266288	
76	27	0.5020427331984749	87	1.1234984729249544	63	1.1476949008750812	99	1.265742794963367	
77	93	1.354896568309844	0	2.104644377832538	57	2.1493030899719843	62	2.165781469256404	
78	55	0.940481628793201	58	0.9792740201116547	89	1.2271054202811336	4	1.2552000730554567	
79	97	0.9737881412785263	52	1.10153768953509	13	1.504186931853999	82	1.837194498280685	
80	32	0.5706698050766719	71	0.9388178716439337	38	1.1123260399841284	90	1.221097459237594	
81	42	0.8755125180932078	44	1.125614381988617	61	1.1322460531877616	64	1.4388009303133857	
82	54	0.9317377260974938	69	1.2296385117241042	21	1.6444083597810486	79	1.837194498280685	
83	64	0.8611170901738662	61	1.1267019440487722	44	1.317282958701446	12	1.4698676934592534	
84	75	0.393839503546658	46	0.7591276350766998	67	1.157238620239319	51	1.5602611795657848	
85	56	1.5609108146139352	92	2.0166408210418476	17	2.216455470379129	77	2.322039486058824	
86	43	1.9004061595012116	66	2.1116685256343666	8	3.2273669979843773	74	3.6976314764378375	
87	30	0.41329024266920916	23	0.487955297878281	27	0.9858278562847905	12	1.0362401673871258	
88	52	1.3907049954022241	21	1.4866236100324142	63	1.8533919337483786	79	1.890249542715866	
89	58	0.935750099152398	71	0.9423194558414745	78	1.2271054202811336	55	1.537824137664428	
90	49	0.42110633094949174	28	0.7452007770398988	58	1.0065706853565566	80	1.221097459237594	
91	19	0.400585824292917	41	1.03602269631895	6	1.0929197357967513	35	1.1930092827839727	
92	56	0.5034414113034252	57	1.4237879718192763	78	1.5378117782845757	4	1.5570564699427487	
93	62	0.8897443783931801	77	1.354896568309844	48	1.600570560975773	68	2.2275524842731067	
94	2	0.45514227121035505	14	2.092910681528401	69	2.870353502473584	34	2.90905043637819	
95	39	0.4577556158219398	36	0.7425156140157917	21	1.4156583949954948	18	1.5381093333530629	
96	3	1.7995075396075508	5	1.947980486807662	6	2.203163202228851	14	2.2538388564503333	
97	79	0.9737881412785263	52	1.673823529232206	95	1.9118077900923265	39	2.051875794867837	
98	60	1.3648808012035347	45	1.7034421636547812	29	2.705621482389712	0	3.2011664256422647	
99	37	0.3230705563210536	11	0.43103951148603764	1	0.43803729566163346	63	0.7048738874827949	
