-4.1549043080025942	-2.4342325035157133	-5.5605828250583400	0
-1.6993194076465763	1.7505302260137809	0.8933060160704360	2
2.3463363056323807	-0.0542844176273984	-1.7793299517245851	0
-1.2768343349759130	-2.5029763599696868	-1.2918524962685984	0
-4.0738763029124252	-2.6297609976322804	-0.2420051505345639	3
-1.3445079329736243	-2.6785267707711147	-0.6171303795048314	3
-1.6435718572081268	-2.2646124592220436	-1.6471970908259632	3
-1.6920769957923762	2.9017573537320813	1.4140207721501532	2
-1.6394727595580192	1.4445825558930032	-1.0569721252317228	4
-1.2917841832961030	4.3894543705640494	2.1813769272009633	4
-1.4468759551653483	1.4873263249891984	1.4999185808865618	2
1.2386509707832214	5.0150289405903328	3.7930095157013262	1
-0.3940853328761538	3.2347220632619909	3.0157253358069287	4
2.1554874317791404	6.9301630475955651	-0.0289074480047313	1
1.3977539596106929	-0.2778798115839254	-0.3618991753904277	0
-1.8142305308058351	-3.8016112362248982	0.2498954229183704	3
-2.8607057969419598	-3.2312212700089926	-3.1918425777744068	0
-4.0135242399637860	0.4994911770463015	-0.9739736883356689	2
2.7671280408837453	4.3526712657179019	3.5503653118157636	2
-1.8290652618028411	-2.9746910632787373	-2.2364274023990633	0
-1.8156502096714959	-2.0189060713413065	-4.0465514658253765	0
-0.9513356724562824	2.2131168373664849	-0.4259600722028933	1
-1.7470182709113655	-3.6779870563470869	-0.8845704920129687	3
-0.2562280660102463	2.9633220816622727	2.3789343529649960	4
2.1897113289876016	5.4793813732158076	-1.0353665939814665	1
-4.3475184877820858	-6.7306489066626298	-2.8177024122622125	3
1.3306204907633925	3.3498960260512325	2.3556516533246454	4
2.7505532432172335	5.3928176416416660	4.2871144252035380	2
-6.5371315201463656	-5.8660822381139957	-2.6203487257255809	3
-5.0010475391165219	-5.5814482362250217	-7.9064848518453044	0
2.4214784772884621	5.8632002703049011	5.5260047913684298	4
-3.3858314454269705	-0.1901291409393546	-1.3534825936385761	4
-5.8625685892277000	-5.7711818100726742	-1.7978986064171694	3
-2.4052908012012137	-4.5373438625652511	-1.5715568083345006	0
-0.1001555928755781	0.2539027369953430	-0.7483844553851480	1
-2.8138733809249743	-2.8870613204014290	-2.7334132282826689	0
0.3805791231129403	1.7584675609726346	0.0559895850157948	0
1.3794649534442527	4.8213719147278828	4.0497583422829218	2
-1.4786268058842460	-2.4538173975851940	1.5775213339669556	3
3.8260871740616409	4.8885479896467423	2.4920382286443181	1
2.3201326408824148	4.1952365101456373	3.0329330191548634	2
-1.8067273398190604	-3.8672267379517704	-2.4137420159425322	0
0.7009183505414400	3.0297957433844669	2.5715310675143837	4
6.8056692543177331	7.6341668054828400	4.3922576110812841	1
3.7531504958684341	5.0552855864522197	6.0879590209602155	4
-5.2798889504909212	-5.0946090597481248	-4.1631643679090118	0
-6.5130181375499241	-2.7603583358435229	-1.8793492031875303	4
-2.6411774026857087	1.1361486358927699	-4.5782795076256582	1
0.0052522417892198	2.7434417399684246	-1.6964354691934371	1
-3.0446106877049837	-3.3492036389719244	-0.3363472164828972	3
0.4978549680218425	6.1762241707250745	4.5662402820582608	2
-3.0878146911120035	0.0212463298499277	-0.1124100105668818	3
2.9419407398913693	7.2771555484586372	1.7957543815510406	1
-0.7007216747678999	3.1891793801171517	2.6917586295680689	4
-1.4564590606045034	1.6272560728360812	-1.3144589868992451	1
-2.4070544637481892	-2.0179226313929362	-1.5107659791342116	0
-1.9023502566697976	1.3405268890699338	1.4686618562504914	2
-4.1157152639898849	-3.0011290614922226	-2.4631889119450170	0
-5.4087471550741588	-5.4257916630695329	-3.3008040669449144	3
0.8245183385537516	5.4225668439241144	5.6865944366667964	2
-6.7673754547176976	-4.3116552254421823	-6.6782211940684642	0
3.4955651420951437	5.4963997762268235	6.0193486890573942	4
-0.8416346226849960	3.2305898653205483	-0.7418352067689908	2
-0.9497947901092735	2.0744716693800540	0.4448583046243502	2
3.6922851182108665	6.2485584038959852	6.2331368243940348	4
-2.1876133325418996	-1.9378515378864085	-4.7941599144490112	0
3.2400636284713862	5.7924200118927800	-0.6986819265256003	1
-3.9915908637593267	-0.5754750187378033	0.2462860752413607	4
-3.0525176763992841	0.2844390287244916	-1.8486511115270057	4
2.8602386229927430	4.1626563580609659	1.0675202518609268	1
-1.4846216445370239	2.0871851111671349	2.4254898951360921	2
-5.6063770192515090	-5.1477253099241924	-2.3497454075625388	3
-1.1078605166281008	-0.6662341875786846	-0.3041162948142229	3
-1.4458819534403320	2.2470364640382519	2.9682228613803305	2
0.8264282977768178	4.2261037995628925	1.3351543798441563	4
-3.4629038838580275	-0.2752696094711125	0.9757607615916539	4
5.5903176779947010	8.8355492182463973	7.1128725798497330	4
-2.0026066267693725	1.4042196067280697	-0.8262452585139011	2
-3.1229170470682259	-2.1699152138763314	-0.9200505563036373	3
3.0747679130556267	6.4627141989144476	1.0660780754480295	1
-2.3360795277618109	-2.9446318329646939	1.0664976173014464	3
1.2168850683453964	2.4638856130752420	2.1472125080924340	4
4.9687525875329177	8.0007147627167026	3.9453661341199586	1
3.6225737521443708	5.9561859229852390	7.0400948783452577	4
-3.5112622787739869	-0.4988732096106647	1.2963421868172296	3
-2.7628996638221768	2.5680082531692086	1.0337057782179946	2
6.7203172846515518	9.5250688082076156	4.2227045856418046	1
2.4607892049174760	5.6058798584658271	5.2049912448788458	2
1.9313467234878354	6.6949583630144245	2.5532545832057405	1
-2.5291565718294304	-1.5303073336014532	-0.0574162363175759	3
-5.9577666166238235	-6.1949837546622435	-2.9542413717653613	3
-1.6331223414866685	-2.8571853911689415	-2.5654681166342943	0
-1.4952243896269195	1.0482226751868040	1.4211220882037841	2
-4.1047969311398305	-0.6070713312893616	-3.5979103027911075	1
2.3738980983848865	-0.1947933511296469	-2.2113624438230950	0
3.4555019105197786	5.1498777701088567	2.4294801587751542	1
-2.5136188714271497	-5.2075464777736187	-4.0868651822402455	3
1.0297472331212689	3.2836228561885696	-1.9987612128137378	1
-6.2022275198848149	-4.8950258724239202	-5.5813227933547793	0
1.6166513979978916	5.0348247086000626	3.9992105463887446	2
G4
0	65	2.1688780332409308	93	2.6819977867571896	16	2.8144397735696516	20	2.817249853769164	
1	10	0.707801380337732	56	0.735090881993157	92	0.9019315264094645	63	0.931574238011065	
2	94	0.45514227121035505	14	1.7201492298872896	34	2.6726673096669002	36	3.243249734215055	
3	6	0.5635455086093702	5	0.7004624168709441	19	1.1915097612497558	55	1.2492388771042076	
4	78	1.2552000730554567	49	1.2593195965415278	89	1.9050014367972896	67	2.113123303962363	
5	3	0.7004624168709441	22	1.1101619919492487	6	1.1496963589816287	15	1.494554039680549	
6	3	0.5635455086093702	55	0.8138642453634448	19	0.9411757472245946	91	1.0929197357967513	
7	85	1.1843517818210116	1	1.2635348073255255	70	1.3151560545713623	10	1.4380949617257353	
8	54	0.3649152116977188	77	0.4321229688486684	21	1.2092782159257158	63	1.7685900137889856	
9	53	1.4319582479217392	12	1.6838667389421709	7	1.7211368970309353	23	1.7734877259149247	
10	92	0.4487298448329191	56	0.4795663630324331	1	0.707801380337732	70	1.1036020832630815	
11	37	0.351072045782311	99	0.4310395114860376	40	1.55543515209645	50	1.5795692128665477	
12	53	0.44839091082228544	23	0.7058082826581592	42	1.199306637712221	73	1.443625802976946	
13	79	1.504186931853999	66	1.708614232001919	24	1.7660404169713917	52	2.017003568101379	
14	34	1.6358167923259865	2	1.7201492298872896	94	2.092910681528401	36	2.314300387978208	
15	22	1.143159366786444	80	1.293668897789318	49	1.4360321712258217	5	1.494554039680549	
16	35	0.5751493845769868	91	1.428008733984414	19	1.4293033610975288	41	1.4563014892718327	
17	31	1.0067777493053198	68	1.3171338718416272	51	1.3520163732572665	67	1.6263662827528567	
18	40	0.7016600083892225	27	1.2747464309982193	99	1.410812485789931	95	1.5381093333530627	
19	91	0.400585824292917	41	0.9102523746185283	6	0.9411757472245946	35	1.106580731105881	
20	65	0.8389545843623075	91	1.7116181022546628	16	1.8144907287498635	35	1.8639943849150304	
21	63	0.8817876741849072	62	1.0710101696865828	54	1.1780546651522934	8	1.2092782159257158	
22	5	1.1101619919492487	15	1.143159366786444	33	1.2820947871903663	3	1.3295118281548077	
23	53	0.5885958847324488	12	0.7058082826581592	42	0.9785915924816181	73	1.508509994677831	
24	66	1.1465555841892154	13	1.7660404169713917	79	2.483211288185578	69	2.57011764399168	
25	90	1.7024920202362526	58	1.7499274039791046	32	2.0629962970749993	71	2.075898762852417	
26	42	0.7386426049412228	81	0.9172769895073244	74	1.4364416155945858	40	1.467121289390546	
27	87	0.9858278562847911	99	1.2234300054094478	18	1.2747464309982193	30	1.3654301001132905	
28	90	0.7452007770398982	32	1.0679257641626718	71	1.2064687202804607	58	1.3892899399356171	
29	60	2.498183381715659	98	2.705621482389712	45	3.785130534328639	0	4.015492691445981	
30	87	0.4132902426692088	61	1.2375754390575153	27	1.3654301001132905	64	1.5044886579393724	
31	68	0.7625646709554272	17	1.0067777493053198	51	1.2937367320889	67	1.7534810270899701	
32	71	0.8711297377765475	28	1.0679257641626718	90	1.2352325058996452	58	1.6074741276388065	
33	41	1.231507654022421	22	1.2820947871903663	19	1.7933132883644975	49	1.8292484369275264	
34	72	1.4350942031158447	14	1.6358167923259865	36	1.772523278712389	8	1.97039136233256	
35	16	0.5751493845769868	19	1.106580731105881	91	1.1930092827839727	57	1.334475522143325	
36	63	1.421609027335769	21	1.4876083016960033	34	1.772523278712389	48	2.0450031715752544	
37	99	0.3230705563210536	11	0.351072045782311	27	1.5042510519391494	40	1.5201430790606891	
38	80	1.1123260399841284	15	1.9213975776356076	89	2.151628333645006	5	2.210198705526966	
39	95	0.4577556158219401	18	1.5901617917569792	40	1.7438884821032905	69	1.8678954870621634	
40	18	0.7016600083892225	99	1.4606459056566465	26	1.467121289390546	37	1.5201430790606891	
41	19	0.9102523746185283	91	1.03602269631895	33	1.231507654022421	35	1.4412692593252527	
42	26	0.7386426049412228	81	0.8755125180932082	23	0.9785915924816181	12	1.199306637712221	
43	86	1.9004061595012116	82	1.925703050276659	76	3.2128095125692426	64	3.8732296213259745	
44	61	0.5154020959821871	64	1.203611733765274	83	1.3172829587014463	30	1.6558590089768308	
45	58	0.9327119825058802	98	1.7034421636547812	90	1.7696998078923076	71	1.843340478810105	
46	57	2.4790926597105343	71	2.5966886173376484	4	2.940640083550635	32	3.0813595712925377	
47	93	2.4783304371779535	68	2.8888546617145012	65	3.1147715460640213	20	3.304330501400033	
48	97	1.1969905934638188	62	1.3659400859019692	21	1.6764285473465896	54	1.8783972977203396	
49	4	1.2593195965415278	78	1.3181664023935127	15	1.4360321712258217	22	1.4465107588587491	
50	59	1.3892090395749097	11	1.5795692128665477	99	1.6958835175211358	37	1.6969426614035252	
51	67	1.1408552143368407	75	1.1885828680266288	31	1.2937367320889	17	1.3520163732572665	
52	79	1.1015376895350897	88	1.3907049954022241	13	2.017003568101379	95	2.2783029172953073	
53	12	0.44839091082228544	23	0.5885958847324488	73	1.2326108821117772	70	1.3783285422346596	
54	8	0.3649152116977188	77	0.7657513133032674	21	1.1780546651522934	62	1.8101343411902677	
55	6	0.8138642453634448	78	0.940481628793201	3	1.2492388771042076	19	1.332689705457878	
56	10	0.4795663630324331	92	0.5034414113034252	1	0.735090881993157	70	1.283555838293524	
57	35	1.334475522143325	16	1.469328877932592	78	2.0144082864808763	55	2.1893665881745594	
58	45	0.9327119825058802	90	1.0065706853565568	71	1.010391524881572	28	1.3892899399356171	
59	50	1.3892090395749097	30	1.6644003530787637	87	1.7154963257761309	37	1.8299271811051785	
60	98	1.3648808012035347	29	2.498183381715659	45	3.0250857253510075	0	3.4057065482963047	
61	44	0.5154020959821871	64	0.806316759710999	83	1.1267019440487722	30	1.2375754390575153	
62	21	1.0710101696865828	48	1.3659400859019692	63	1.6602859376580315	54	1.8101343411902677	
63	21	0.8817876741849072	1	0.931574238011065	10	1.3057494118857016	36	1.421609027335769	
64	61	0.806316759710999	83	0.8611170901738662	44	1.203611733765274	30	1.5044886579393724	
65	20	0.8389545843623075	16	2.1663978344272294	0	2.1688780332409308	35	2.3536944924880427	
66	24	1.1465555841892154	13	1.708614232001919	79	1.8949920409478802	69	2.4330776266028566	
67	75	0.9496138839001864	51	1.1408552143368407	84	1.157238620239319	17	1.6263662827528567	
68	31	0.7625646709554272	17	1.3171338718416272	51	1.7564308801235904	77	1.8443252108249413	
69	95	1.7843428162562083	39	1.8678954870621634	40	2.038534592314595	74	2.052325033528898	
70	73	0.5671087120907798	10	1.1036020832630815	56	1.283555838293524	7	1.3151560545713623	
71	32	0.8711297377765475	58	1.010391524881572	28	1.2064687202804607	90	1.2592220892098975	
72	34	1.4350942031158447	89	1.6815367367592047	5	2.0501954192829945	3	2.092318513704397	
73	70	0.5671087120907798	53	1.2326108821117772	12	1.443625802976946	23	1.508509994677831	
74	26	1.4364416155945858	42	1.7249733406481484	23	1.9637309136948495	81	1.9792189949888728	
75	84	0.393839503546658	67	0.9496138839001864	51	1.1885828680266288	89	1.8746888917150024	
76	86	3.178900346146259	43	3.2128095125692426	64	3.3270082763588356	82	3.3341248947152526	
77	8	0.4321229688486684	54	0.7657513133032674	21	1.3855372891037219	1	1.7801041453347357	
78	55	0.940481628793201	89	1.2271054202811336	4	1.2552000730554567	49	1.3181664023935127	
79	52	1.1015376895350897	13	1.504186931853999	88	1.890249542715866	66	1.8949920409478802	
80	38	1.1123260399841284	15	1.293668897789318	49	1.6228580894526152	89	1.816803479961917	
81	42	0.8755125180932082	26	0.9172769895073244	23	1.5726392167808019	74	1.9792189949888728	
82	43	1.925703050276659	86	2.3384932672319887	52	3.0417650943260415	64	3.1517163319801544	
83	64	0.8611170901738662	61	1.1267019440487722	44	1.3172829587014463	30	1.9348759604602765	
84	75	0.393839503546658	67	1.157238620239319	51	1.5602611795657848	89	1.9649554295083	
85	7	1.1843517818210116	1	1.3487718040571492	56	1.5609108146139352	10	1.7655441679589379	
86	43	1.9004061595012116	82	2.3384932672319887	76	3.178900346146259	64	4.893499465329095	
87	30	0.4132902426692088	27	0.9858278562847911	61	1.3213346190341027	99	1.5787905858949416	
88	52	1.3907049954022241	79	1.890249542715866	95	2.1738544525503363	11	2.199768752116524	
89	78	1.2271054202811336	55	1.537824137664428	51	1.6499824180929705	72	1.6815367367592047	
90	28	0.7452007770398982	58	1.0065706853565568	32	1.2352325058996452	71	1.2592220892098975	
91	19	0.400585824292917	41	1.03602269631895	6	1.0929197357967513	35	1.1930092827839727	
92	10	0.4487298448329191	56	0.5034414113034252	1	0.9019315264094645	70	1.4450986309534857	
93	68	2.2275524842731067	31	2.393367481468709	47	2.4783304371779535	65	2.6225144503691635	
94	2	0.45514227121035505	14	2.092910681528401	34	2.90905043637819	36	3.595752209288853	
95	39	0.4577556158219401	18	1.5381093333530627	40	1.601423950227265	69	1.7843428162562083	
96	16	2.1971336152391894	41	2.257320042000563	33	2.605318163309689	25	2.7007041578915487	
97	48	1.1969905934638188	62	2.2549380330804896	36	2.6399846118411543	24	2.6636443757363013	
98	60	1.3648808012035347	45	1.7034421636547812	58	2.4722639574620238	29	2.705621482389712	
99	37	0.3230705563210536	11	0.4310395114860376	27	1.2234300054094478	18	1.410812485789931	
