4.9352423864328472	5.6484693220454032	5.5167748851075977	1
-0.5228120378090578	-2.5719493516766994	2.9800626910272796	4
-1.3558446532564827	-0.7044031337393936	-0.6523264852019666	4
1.2413432783208675	-1.3866092793805118	-1.2961602348764436	4
0.5143125910180630	0.1546327544721966	1.8008057560733468	4
3.5021705004391159	3.7457146204223180	5.3035011509220267	1
3.2509105790936346	2.4960396518207317	1.8791648568651136	0
6.0771260902905997	0.7945224513727287	3.6916769093999124	3
1.4302441621901805	-1.9509680012529182	0.3053166266581883	4
6.0122566022338306	-0.1218357417758047	3.3029644041555724	3
-1.3068550627456623	1.7392486824213340	0.1098327964036866	2
3.8380952643728836	2.9855643337765816	5.7565536817357827	1
1.8505314578543484	2.4592043338485730	3.3977313842762888	0
0.0549563377504355	-0.5543621453043150	-0.1543461237775812	4
-0.4038640795939886	0.3733841921686338	0.8505768770182343	4
4.2394768914406393	5.3223433269870801	6.2518334439025613	1
2.5652654212162642	3.2258354497697335	4.9550061242236465	1
6.5307437837421851	0.3186622566408372	5.5533502458310036	3
-3.3479042974843711	-0.4940276360467746	-0.2391570646447322	2
6.2845589707601874	0.2976085891592524	4.7825467416166028	3
2.3138468175892717	3.3665714623839573	4.2231758203131262	1
5.4985416272864276	2.7341122435678358	4.2715501618971938	1
1.1294515939022021	-2.1832862815985736	1.5954629019274167	4
5.2945309314544051	1.7788667495092347	5.6558551830141131	1
-0.4962780920039120	0.9269474989732220	-2.3285508603343290	2
-0.1726743081294096	-2.3844010151443502	1.3344223993549325	4
-2.0377919798105961	0.2486021829620643	0.1008172262876194	2
4.4748061858292552	1.0656853274206284	4.5697722632742099	3
-1.4942970518206899	-0.6297044274793808	1.8776088531377271	4
-0.7163927368333072	-2.2885303741327423	0.2529102677232840	4
-2.3590257712553848	-2.6317739965180831	-0.4564270244879245	4
5.1996803501088644	0.1345055147450678	3.8391491885282569	3
5.7857787049039517	0.7911016878948516	4.7694807269036037	3
5.1183961991540636	1.4808033981230908	2.9280757034983034	3
-1.6628218994954871	2.2644732324355505	-1.3988693561170238	2
6.7175646924429611	0.9750787159424736	5.2346728087720020	3
-1.4853333636934170	-0.2132157291532221	0.9918953165719273	2
0.7724545566243999	2.6728157910112231	4.2838913290023903	0
2.4471754766150910	1.3036397897925347	3.6479824815084525	0
3.8959726441865614	0.5184417842882119	5.7853067837862673	3
3.8764271622153830	-0.1698101745131719	5.3671542220822150	3
3.8219611871027803	2.0033246018843176	4.6533820776779544	1
-1.8389830526439610	-1.8062669107080573	0.5385610902810318	4
6.0621701666235435	0.5804299682689131	3.4082484554060990	3
-3.4076691724074037	-1.3480586342346836	-0.4272291865957300	2
7.1298334849413472	0.6392238940988175	4.4848252422702082	3
5.5411376594994728	-0.0246023366734844	4.4015621228937363	3
5.9069559501751385	1.4206805994594158	5.1478300622441644	3
5.7767818625514993	3.4471488053841703	4.8071551577451235	1
-0.5926607226478409	-1.5028355519408394	0.9222030972544086	4
0.6335692415072713	1.7770235520017923	2.5472884077550901	0
-1.3486954443023023	-0.7798591850865537	0.4505655605832111	2
7.1967942948275718	3.2356382497491230	5.0942783447363817	3
-0.9417457850190563	-2.1611907257007097	0.6497594222160423	2
5.1258387267376646	-0.0681058447827674	5.3481097279673211	3
-1.8082631610708140	-0.0247841698680409	-1.4068263107245329	2
1.4744033813201873	1.4659204361196396	2.7865634225317546	0
4.4131559391965958	5.0301580916339788	4.3779662257784535	1
-0.0512669466104472	3.3504908017280544	4.2879601486897512	0
0.7518017926489131	3.0904924955655835	2.8318630137149556	0
5.1186383685334587	2.5732638509184236	5.3713585714758914	1
-2.1729630192381539	-0.2497727064841190	0.7848946381644317	2
3.4956566420182096	1.8777539430040207	5.7591585860636449	1
-0.8606869274690809	-0.8175986623426629	2.0841246873646591	4
-2.5693024744096187	0.0787270904812397	0.1622577250794636	2
-0.7001704516368594	2.0028193375361965	4.5894308863916411	0
5.3841502921701538	-0.2420262024323381	4.6051310440921096	3
0.8553911325130661	3.5328078855993157	4.3057045115043477	0
1.0749648882235916	2.7923888105463655	2.2358068930642814	0
5.5493980559781759	-0.4035724737197217	4.8150164186865423	3
2.8243127900360445	2.4088355087733655	6.2429149560011146	1
-0.0589437843800194	-2.4710332529105399	0.5920219393818305	4
5.2014524293681088	1.8382149258842486	4.1179925072029038	1
1.3558181475842948	4.4391680211314801	2.9274941071460607	0
1.4061963234081356	1.9711995779451108	3.5043298948509607	0
1.2949952419219715	3.7410166641422946	3.1068281597486331	0
-1.4376821511264368	-0.1685411255442573	-0.8805295311354777	2
4.0292168014282224	4.3341720784758841	5.1483547868129529	1
3.2962635328001788	2.9805922757261443	5.5490407792587817	1
-1.3211545751099276	-0.5678303256438461	-0.0369195488253236	4
-4.6296584993076255	0.2272124210929840	0.1598629996456971	2
2.8473000872206859	5.4209950682681551	2.3776750382015530	0
0.7015582034369661	-1.1280626687180824	0.6725496244193618	4
1.6623985090735443	2.8949806884375597	4.3200790654704004	0
-2.7671514404388629	1.3710933656882860	0.7640007178289512	2
-2.0387990799235309	-3.3769012095711228	-0.8139360715832786	2
-1.7965748626292526	0.5108766871196988	-3.0161362781091401	2
-0.5756168356663238	-1.6938070370705365	0.2979966201457281	2
5.5238804817149276	1.0245901177846093	2.9506569049292777	3
-1.5684506902744522	-0.5897431029607291	-0.1251307435243341	2
3.8472715471739329	3.5300289866467995	4.2353352816378491	1
3.8541018865289534	3.7934935019928835	5.4629761713973712	1
3.5460225240607635	4.5524521437059029	4.2858697294082102	0
-3.1032456517304405	-0.7125841466184611	-1.6197953292658098	2
4.1014533575677783	5.0523053022243882	4.2986308576653638	1
1.5103159170621641	-1.9988534592235017	0.2130444593411966	4
0.7028867280814080	-0.4054624595713932	2.0101489759195426	4
1.1122547294144984	2.4015011031980258	2.7510327784780855	0
0.9113731697596931	2.7543957145742834	2.0013805312232020	0
2.6101602680970739	4.1199095691815231	3.6831422566268430	0
G9
0	15	1.0633714654495212	57	1.3970569775795487	94	1.5920083400466505	77	1.6382896489830008	91	2.1477184115029684	92	2.1555307892840974	5	2.3915802664070975	48	2.461211259604044	90	2.704358973779591	
1	25	1.6928977458360317	63	1.9986522180300763	22	2.1904681387077103	49	2.320058030145453	53	2.403027560806873	71	2.434768253253038	28	2.4354677051229467	96	2.671466925328407	29	2.7486651567260125	
2	89	0.5798996462127559	76	0.588151424429008	79	0.6313329001195827	51	1.1054933701880758	55	1.1116809024985992	26	1.3930171355772538	13	1.5036143703759417	87	1.5782235379774596	64	1.65810743543517	
3	95	1.65072348538198	8	1.708482498859991	13	1.8449630698847603	82	2.057676550636897	87	2.436606368817973	71	2.536129673928496	29	2.6543947310479994	2	2.7613967976916034	49	2.880662266796508	
4	96	0.6269700452647577	14	1.3393414473317944	63	1.707667186693519	82	1.718525637474819	50	1.7898632343998884	56	1.9007808623417926	13	2.1298593400996686	28	2.157683069409232	49	2.17819506381221	
5	91	0.3893209526789689	77	0.80506544927815	78	0.8295176856218224	11	0.946536053718136	16	1.1267272354858127	90	1.143063143215735	92	1.2993545095552934	20	1.6501410635046776	94	1.7538766943231852	
6	12	2.0660258522164385	68	2.224804714009207	56	2.2451048036275227	38	2.2795884135452966	97	2.311480056864043	98	2.356930167801602	33	2.370320897292023	99	2.510348367936734	74	2.513879310739999	
7	43	0.35551506227952645	88	0.9529546062442501	9	0.9975057896396007	31	1.1078273587115204	32	1.1164927539486935	46	1.209208845762741	19	1.2165314534364882	45	1.3271754889910574	33	1.4047175316360365	
8	95	0.1312198760657334	82	1.1588858819758823	22	1.3449629601260786	71	1.6032306579327988	3	1.708482498859991	25	1.9535277042879293	13	2.013259635779825	87	2.0222916917983036	49	2.1618315805891615	
9	43	0.711866014684239	7	0.9975057896396007	31	1.0067199850529136	46	1.1993016054719634	88	1.2949610266618117	66	1.4507243851739202	19	1.5618085734126537	69	1.6062113542792247	32	1.742244848854212	
10	34	1.6366903805619246	84	1.6419316421107624	26	1.6602340327746214	14	1.7971311344339862	64	2.086589034204615	36	2.1498851299220436	76	2.1535076545581093	61	2.272016190088527	79	2.3117859495072386	
11	78	0.5802309466020938	91	0.8597636346019949	5	0.946536053718136	62	1.1595321718306821	70	1.2636923407092058	60	1.3993418462786	41	1.4771739191295878	77	1.4917024457896038	16	1.5232545768072947	
12	74	0.6685398985434378	97	0.9831588260930673	83	1.0373139749564648	56	1.2254025905423238	20	1.311234054430033	38	1.3243636631485745	59	1.3877819112267706	37	1.4117928698055129	75	1.4269856423055114	
13	82	1.1962369504662171	87	1.378612036210727	79	1.3811776268387994	14	1.4426017051130393	2	1.5036143703759417	51	1.5449936524421677	49	1.574156245523354	89	1.6240553344170958	76	1.7041625095299004	
14	36	1.2384046921355025	4	1.3393414473317944	13	1.4426017051130393	51	1.5435950402212382	79	1.5858614465299123	63	1.7744766762319097	96	1.7821635474240793	10	1.7971311344339862	89	1.7988556143237993	
15	0	1.0633714654495212	77	1.4961139222961903	91	1.7630063749685634	57	1.9044461070211323	94	1.9766060238712635	5	1.9820981132339248	92	2.2223016717900252	11	2.422177804470475	78	2.6205661517077985	
16	20	0.7865071730239097	78	0.9733342822159998	5	1.1267272354858127	83	1.1522872489424447	91	1.4971201245722279	90	1.5013325869170098	11	1.5232545768072947	70	1.5470305756031206	99	1.5553204737213222	
17	35	0.7532197082262083	19	0.8094370025929172	32	1.1800946604385367	45	1.2662598140694667	47	1.3296624791694993	69	1.424710245434295	54	1.471554094706901	46	1.5568451246997188	66	1.5900213324353667	
18	44	0.8765340319665592	64	1.0466148331954928	93	1.4190795675335894	80	1.5239088114519415	26	1.543850980987675	61	1.5776024112458946	89	1.7856703482802196	55	1.9885008744601627	79	2.038151438667267	
19	32	0.7017748305886734	17	0.8094370025929172	46	0.8953459702628911	35	0.922430327068176	45	0.9590766976974328	69	1.0164500644361423	66	1.064620977862287	7	1.2165314534364882	47	1.2398817225055385	
20	16	0.7865071730239097	83	0.8100450577970187	99	0.9731167525086017	12	1.311234054430033	67	1.4702171671573816	90	1.5421600487756244	75	1.557080550776805	5	1.6501410635046776	37	1.6914116609269396	
21	48	0.9341902796456848	72	0.9562813125161482	60	1.1746391910748801	47	1.6308805617328597	23	1.6942298278045518	90	1.8334360793167424	41	1.8683597516411437	33	1.8762241947513014	52	1.9525552797615326	
22	25	1.3431757683840646	8	1.3449629601260786	95	1.445736438299817	82	1.4657279913357224	71	1.5817634652299206	96	1.8747212237778306	49	1.9702697254166586	1	2.1904681387077103	87	2.197786848785709	
23	60	0.8619415701745392	47	0.8726117378169531	32	1.4151550686445653	27	1.536278785882724	72	1.541819517078079	35	1.6877484647276608	21	1.6942298278045518	41	1.7954930538420262	62	1.8045495225439137	
24	86	1.5286138553970066	55	1.8645841724854475	34	2.0035237063121145	76	2.0452634790643414	2	2.491964629737609	13	2.68799254002723	10	2.6949180127742536	79	2.857683681801883	89	2.8818335610579497	
25	71	0.7560411494230732	53	1.0535925028887707	49	1.0599391526486373	29	1.2142855514196997	87	1.3089924059592775	22	1.3431757683840646	82	1.6675563244405434	1	1.6928977458360317	63	1.8682303117556354	
26	64	0.5613696534424149	61	0.8570943038957263	89	0.9869936927633145	79	1.0950354469802168	36	1.1456467472381529	76	1.2235938070371877	51	1.2864333321865182	2	1.3930171355772538	84	1.493908973652351	
27	41	1.1455848298766849	72	1.1527886587520448	32	1.3542261965083566	31	1.3879295641082745	39	1.4532886619619731	54	1.5215567687184433	46	1.5343026603451855	23	1.536278785882724	47	1.5846846404366548	
28	63	0.6923978790855481	36	0.978790913522473	61	1.3412531317964589	51	1.4422894432702618	49	1.577373192672741	14	1.8027827172896984	42	1.8155320507543484	79	1.9233371320812904	89	2.004510304685743	
29	53	0.47380231511783416	87	0.6128184732614897	71	0.7619338237006957	49	1.0395089497524	25	1.2142855514196997	42	1.2547443794391564	51	1.6477145035855592	30	1.82187235123771	79	1.8467665960987076	
30	85	0.8863252316325902	42	1.3935234933200098	44	1.6578391441511002	29	1.82187235123771	53	1.8584347255232758	87	2.1516236855306525	2	2.1816295278772357	89	2.2146458756855374	51	2.296299498701034	
31	46	0.676917063797989	66	0.8732316397255108	9	1.0067199850529136	43	1.062267736329819	7	1.1078273587115204	69	1.167967142673805	32	1.2806820789658486	88	1.2987589706779221	27	1.3879295641082745	
32	19	0.7017748305886734	47	0.7444472783286797	46	0.9276779591917372	35	1.0575804207985022	7	1.1164927539486935	66	1.1205665700560667	17	1.1800946604385367	69	1.2186860394876957	54	1.2282385272674345	
33	88	0.6107847175717175	72	1.2452081501871508	43	1.3899451379587484	7	1.4047175316360365	31	1.6276301788518217	27	1.8115459453889675	9	1.8729602694158494	21	1.8762241947513014	32	2.0765019427621616	
34	10	1.6366903805619246	24	2.0035237063121145	55	2.293886642294478	86	2.3892557409914508	76	2.4977836068389667	26	2.540354009716239	84	2.5876008730251727	64	2.8348387949599307	2	3.0766521034161007	
35	17	0.7532197082262083	45	0.9192580658402587	19	0.922430327068176	47	0.9290797781995721	32	1.0575804207985022	7	1.6803566625217796	23	1.6877484647276608	46	1.7542565906172687	69	1.8551021209211085	
36	61	0.7190411925872597	51	0.7954826408454212	28	0.978790913522473	79	1.10052996957253	26	1.1456467472381529	89	1.1817057891618086	14	1.2384046921355025	63	1.3958606300919596	64	1.395893325487449	
37	67	0.8642573073483468	83	0.9179689713818968	58	1.066666344427901	74	1.225401961406802	12	1.4117928698055129	59	1.5110481774528846	97	1.5933396226689482	65	1.6464732259454469	75	1.673194423120917	
38	74	1.2449537075020782	56	1.3094515465358312	12	1.3243636631485745	41	1.8413101134819339	83	1.8973546222721207	97	1.947262600304664	20	2.1457658292795454	50	2.173657564185565	27	2.2400011207315944	
39	40	0.8055584085087117	62	1.417274205885659	54	1.4309961452761286	27	1.4532886619619731	41	1.8685845493501771	23	1.887165624098864	66	2.0459225418738205	69	2.127296236289988	32	2.1627789873218077	
40	39	0.8055584085087117	54	1.2536888453695432	27	1.5875530162587437	66	1.6908942944735406	69	1.7771698224554708	46	1.9299519315136144	31	2.044115070284746	62	2.119238642950735	32	2.219501864771168	
41	27	1.1455848298766849	62	1.1597345959365573	78	1.4260486105995567	11	1.4771739191295878	72	1.4889255470872431	90	1.5831077084201557	60	1.5879838494389507	16	1.7789868146361327	23	1.7954930538420262	
42	53	0.9712727206552608	51	1.1408934969381197	29	1.2547443794391564	87	1.2909735418165753	49	1.338869347339328	30	1.3935234933200098	89	1.4119507017474848	79	1.460496310627651	61	1.6108684125904864	
43	7	0.35551506227952645	9	0.711866014684239	88	0.8345202516204168	31	1.062267736329819	46	1.2744453717290694	33	1.3899451379587484	32	1.4048943414107335	19	1.4206127171639513	45	1.517359306496166	
44	18	0.8765340319665592	93	1.3851770677409625	30	1.6578391441511002	64	1.7567216750530545	42	1.8982839160349219	89	2.01222030088579	61	2.0493841587950583	80	2.078320006148461	2	2.162162124944977	
45	35	0.9192580658402587	19	0.9590766976974328	17	1.2662598140694667	7	1.3271754889910574	32	1.3822369047748635	43	1.517359306496166	47	1.5955185485282266	46	1.7238191429167098	9	1.7958242950770247	
46	66	0.3366875058275612	69	0.5609198281682992	31	0.676917063797989	19	0.8953459702628911	32	0.9276779591917372	54	1.0345618045537204	9	1.1993016054719634	7	1.209208845762741	43	1.2744453717290694	
47	32	0.7444472783286797	23	0.8726117378169531	35	0.9290797781995721	19	1.2398817225055385	72	1.3162961374202675	17	1.3296624791694993	60	1.4141632704566198	27	1.5846846404366548	7	1.5941812655844756	
48	21	0.9341902796456848	60	1.2309156203515037	52	1.4641078332799369	72	1.8424487358383048	23	1.9328793835596414	77	1.9892740175101982	90	2.01416413241471	47	2.059023572781033	91	2.0607654260043526	
49	87	0.6529887658149338	53	0.7934213708084219	29	1.0395089497524	25	1.0599391526486373	51	1.147486511194897	71	1.153811143719399	42	1.338869347339328	82	1.3703226624170706	63	1.3752997574715824	
50	97	0.8127876579293843	56	0.9279222661855266	68	1.150138017454204	98	1.153449945330815	74	1.2452250177218818	59	1.3491339104081757	12	1.6338974605071492	4	1.7898632343998884	37	1.9589595637249306	
51	79	0.5323123787847677	89	0.6448741950010408	36	0.7954826408454212	61	1.0354634913912075	2	1.1054933701880758	42	1.1408934969381197	49	1.147486511194897	87	1.206742927413661	26	1.2864333321865182	
52	48	1.4641078332799369	21	1.9525552797615326	60	2.1986917360711784	47	2.2272453870485167	35	2.3150596154781193	23	2.4609261778511318	72	2.624369475265487	45	2.6678238960608427	32	2.841164812150054	
53	29	0.47380231511783416	87	0.6900978110906029	49	0.7934213708084219	71	0.9373768617392321	42	0.9712727206552608	25	1.0535925028887707	51	1.453741051493844	79	1.7760282665931917	30	1.8584347255232758	
54	69	0.7590315151012692	66	0.8055994540304003	46	1.0345618045537204	32	1.2282385272674345	40	1.2536888453695432	19	1.3402392109735821	39	1.4309961452761286	17	1.471554094706901	27	1.5215567687184433	
55	76	0.6595336590671463	2	1.1116809024985992	89	1.4210672553441388	93	1.4816896645355	26	1.549326502464971	79	1.552036867512132	86	1.6961567560672994	64	1.7469745644631616	24	1.8645841724854475	
56	74	0.8804248535215599	50	0.9279222661855266	97	1.0038551974038958	12	1.2254025905423238	38	1.3094515465358312	68	1.4907723544769051	98	1.6104917681013726	59	1.7786060511659263	4	1.9007808623417926	
57	94	0.32240207655138486	92	0.9942862248742399	77	1.1069346534438373	0	1.3970569775795487	90	1.6096447008551091	91	1.7375636170132764	5	1.8265553366999145	15	1.9044461070211323	48	2.1329784805574885	
58	67	0.9249774342776993	37	1.066666344427901	65	1.525837062049258	59	1.683073790914938	83	1.7734628223139337	75	1.8330316704264782	97	2.14860649719807	74	2.1542330046188964	73	2.2396371135848234	
59	68	0.7406639537121926	97	0.781772975554904	75	0.8909807230063428	98	0.9100138594062238	50	1.3491339104081757	12	1.3877819112267706	74	1.460568568588178	73	1.48084662822343	37	1.5110481774528846	
60	23	0.8619415701745392	21	1.1746391910748801	48	1.2309156203515037	11	1.3993418462786	47	1.4141632704566198	72	1.455363041284538	41	1.5879838494389507	91	1.7596609617471775	62	1.8078143068146633	
61	36	0.7190411925872597	64	0.8078822970382961	26	0.8570943038957263	51	1.0354634913912075	89	1.1441858335372652	79	1.2256087599765824	28	1.3412531317964589	18	1.5776024112458946	42	1.6108684125904864	
62	70	0.98324484364239	78	1.1402453652005926	11	1.1595321718306821	41	1.1597345959365573	39	1.417274205885659	27	1.7415019639378762	23	1.8045495225439137	60	1.8078143068146633	16	1.824722651394556	
63	28	0.6923978790855481	49	1.3752997574715824	36	1.3958606300919596	96	1.618669586991135	51	1.7053128749107278	4	1.707667186693519	14	1.7744766762319097	25	1.8682303117556354	61	1.9319662465789114	
64	26	0.5613696534424149	61	0.8078822970382961	18	1.0466148331954928	89	1.2373959856138719	36	1.395893325487449	79	1.4197116810510229	84	1.4392530812801778	51	1.5199254332215228	76	1.5585606784621029	
65	58	1.525837062049258	37	1.6464732259454469	67	2.2002584973348025	74	2.3696465901168926	50	2.449528772822466	59	2.5259257954142544	83	2.5397311616759697	97	2.612190611414187	12	2.852107150736648	
66	69	0.3121792620899956	46	0.3366875058275612	54	0.8055994540304003	31	0.8732316397255108	19	1.064620977862287	32	1.1205665700560667	9	1.4507243851739202	7	1.5456542383961671	17	1.5900213324353667	
67	37	0.8642573073483468	58	0.9249774342776993	83	1.0287327481245894	75	1.2937956466423313	20	1.4702171671573816	59	1.542265352071511	12	1.7225980532963758	73	1.723769071359739	74	1.8396217385832194	
68	98	0.2883772612699551	97	0.6477973795968325	59	0.7406639537121926	50	1.150138017454204	75	1.3065168227707848	12	1.4361698794778714	56	1.4907723544769051	74	1.5470024645929101	73	1.8080905740125623	
69	66	0.3121792620899956	46	0.5609198281682992	54	0.7590315151012692	19	1.0164500644361423	31	1.167967142673805	32	1.2186860394876957	17	1.424710245434295	9	1.6062113542792247	7	1.725056515264316	
70	62	0.98324484364239	78	1.0154332461081637	11	1.2636923407092058	16	1.5470305756031206	5	1.7689644235793316	91	1.8936863122416945	41	1.9199885913843644	39	2.220686496525021	20	2.2928540821635557	
71	25	0.7560411494230732	29	0.7619338237006957	53	0.9373768617392321	87	0.9785103580782186	49	1.153811143719399	82	1.5454507341022943	22	1.5817634652299206	8	1.6032306579327988	95	1.6820088283105692	
72	21	0.9562813125161482	27	1.1527886587520448	33	1.2452081501871508	47	1.3162961374202675	32	1.3646685421240636	7	1.4275305008004204	60	1.455363041284538	88	1.4589782677034182	41	1.4889255470872431	
73	75	0.723377802771077	59	1.48084662822343	99	1.4987675737911164	67	1.723769071359739	68	1.8080905740125623	81	1.868369271671331	20	1.9357358839015395	98	1.9732398279895407	97	2.0597446947683213	
74	12	0.6685398985434378	56	0.8804248535215599	97	0.9159790438924869	37	1.225401961406802	38	1.2449537075020782	50	1.2452250177218818	83	1.2587524813912774	59	1.460568568588178	68	1.5470024645929101	
75	73	0.723377802771077	59	0.8909807230063428	67	1.2937956466423313	68	1.3065168227707848	97	1.3979579343659765	12	1.4269856423055114	99	1.485044382442414	83	1.5240537369577891	98	1.5305558636616514	
76	2	0.588151424429008	55	0.6595336590671463	89	0.8747221529919301	79	0.9405787279870789	26	1.2235938070371877	51	1.467461259151855	64	1.5585606784621029	13	1.7041625095299004	61	1.8223265866582212	
77	91	0.6496038578439006	5	0.80506544927815	92	1.0124245012858708	57	1.1069346534438373	94	1.1148830444761189	90	1.2301848659905912	11	1.4917024457896038	15	1.4961139222961903	78	1.5905810387864106	
78	11	0.5802309466020938	5	0.8295176856218224	16	0.9733342822159998	91	0.9896459716904505	70	1.0154332461081637	62	1.1402453652005926	41	1.4260486105995567	90	1.5268636696479738	77	1.5905810387864106	
79	89	0.2634705927716257	51	0.5323123787847677	2	0.6313329001195827	76	0.9405787279870789	26	1.0950354469802168	36	1.10052996957253	61	1.2256087599765824	13	1.3811776268387994	87	1.3913370964105678	
80	18	1.5239088114519415	64	2.065700989361795	44	2.078320006148461	84	2.2676813140906456	93	2.5259330033860756	61	2.5794441344741177	26	2.592627235094531	89	3.1811367483988526	55	3.237018586864885	
81	99	1.8583066022942916	73	1.868369271671331	92	2.2099291470769273	94	2.3235541374023536	75	2.4007586396239398	57	2.570179551426233	20	2.8126681069882924	90	2.833124992408074	6	2.99445788386665	
82	8	1.1588858819758823	13	1.1962369504662171	95	1.2741705682171531	49	1.3703226624170706	87	1.4462132359515356	22	1.4657279913357224	96	1.520304197313904	71	1.5454507341022943	25	1.6675563244405434	
83	20	0.8100450577970187	37	0.9179689713818968	67	1.0287327481245894	12	1.0373139749564648	16	1.1522872489424447	74	1.2587524813912774	75	1.5240537369577891	99	1.6746317843657	97	1.7343836167555589	
84	64	1.4392530812801778	26	1.493908973652351	10	1.6419316421107624	61	1.7264713318545362	36	2.0506166969975483	18	2.1959680709466687	80	2.2676813140906456	89	2.4642073575080667	79	2.5479021348724684	
85	30	0.8863252316325902	29	2.017788572514452	42	2.08232252986272	53	2.196333856912841	44	2.477811482032355	87	2.492007741631375	71	2.5917449092827543	2	2.7631124429958964	89	2.909283537033114	
86	24	1.5286138553970066	55	1.6961567560672994	76	2.269631846854099	93	2.270245142754035	34	2.3892557409914508	2	2.694205800878049	89	3.1018248759930382	26	3.1372556098800195	79	3.203960921923794	
87	29	0.6128184732614897	49	0.6529887658149338	53	0.6900978110906029	71	0.9785103580782186	51	1.206742927413661	42	1.2909735418165753	25	1.3089924059592775	13	1.378612036210727	79	1.3913370964105678	
88	33	0.6107847175717175	43	0.8345202516204168	7	0.9529546062442501	9	1.2949610266618117	31	1.2987589706779221	72	1.4589782677034182	46	1.7905944734063544	32	1.852357314770357	27	1.9297098844571134	
89	79	0.2634705927716257	2	0.5798996462127559	51	0.6448741950010408	76	0.8747221529919301	26	0.9869936927633145	61	1.1441858335372652	36	1.1817057891618086	64	1.2373959856138719	42	1.4119507017474848	
90	92	1.067077230770481	5	1.143063143215735	77	1.2301848659905912	91	1.2556123440743177	99	1.4776063600775047	16	1.5013325869170098	78	1.5268636696479738	20	1.5421600487756244	94	1.544648796214928	
91	5	0.3893209526789689	77	0.6496038578439006	11	0.8597636346019949	78	0.9896459716904505	90	1.2556123440743177	92	1.434053935241649	16	1.4971201245722279	94	1.7324808536422096	57	1.7375636170132764	
92	94	0.7473415800593453	57	0.9942862248742399	77	1.0124245012858708	90	1.067077230770481	99	1.1942410340291605	5	1.2993545095552934	91	1.434053935241649	20	1.7112862087297802	16	1.780320157240452	
93	44	1.3851770677409625	18	1.4190795675335894	55	1.4816896645355	76	1.9017356555549687	2	1.9973665519062196	64	2.0216285215313503	89	2.145858271085802	26	2.2404415309282375	86	2.270245142754035	
94	57	0.32240207655138486	92	0.7473415800593453	77	1.1148830444761189	90	1.544648796214928	0	1.5920083400466505	91	1.7324808536422096	5	1.7538766943231852	99	1.8633687503304266	15	1.9766060238712635	
95	8	0.1312198760657334	82	1.2741705682171531	22	1.445736438299817	3	1.65072348538198	71	1.6820088283105692	25	2.058783985831533	13	2.083171260757681	87	2.1098307131613976	29	2.2458257784258944	
96	4	0.6269700452647577	82	1.520304197313904	63	1.618669586991135	14	1.7821635474240793	22	1.8747212237778306	49	2.0165061705464695	56	2.167978616457706	28	2.2125704298356554	50	2.248681585705322	
97	68	0.6477973795968325	59	0.781772975554904	50	0.8127876579293843	98	0.852564660047579	74	0.9159790438924869	12	0.9831588260930673	56	1.0038551974038958	75	1.3979579343659765	37	1.5933396226689482	
98	68	0.2883772612699551	97	0.852564660047579	59	0.9100138594062238	50	1.153449945330815	75	1.5305558636616514	56	1.6104917681013726	12	1.7084940579860728	74	1.765531911761024	73	1.9732398279895407	
99	20	0.9731167525086017	92	1.1942410340291605	90	1.4776063600775047	75	1.485044382442414	73	1.4987675737911164	16	1.5553204737213222	83	1.6746317843657	12	1.8483606720737575	81	1.8583066022942916	
