4.9352423864328472	5.6484693220454032	5.5167748851075977	1
-0.5228120378090578	-2.5719493516766994	2.9800626910272796	4
-1.3558446532564827	-0.7044031337393936	-0.6523264852019666	4
1.2413432783208675	-1.3866092793805118	-1.2961602348764436	4
0.5143125910180630	0.1546327544721966	1.8008057560733468	4
3.5021705004391159	3.7457146204223180	5.3035011509220267	1
6.2509105790936346	5.4960396518207322	4.8791648568651134	0
9.0771260902905997	3.7945224513727287	6.6916769093999129	3
1.4302441621901805	-1.9509680012529182	0.3053166266581883	4
9.0122566022338297	2.8781642582241953	6.3029644041555724	3
13.6931449372543383	16.7392486824213336	15.1098327964036869	2
3.8380952643728836	2.9855643337765816	5.7565536817357827	1
4.8505314578543484	5.4592043338485734	6.3977313842762893	0
0.0549563377504355	-0.5543621453043150	-0.1543461237775812	4
-0.4038640795939886	0.3733841921686338	0.8505768770182343	4
4.2394768914406393	5.3223433269870801	6.2518334439025613	1
2.5652654212162642	3.2258354497697335	4.9550061242236465	1
9.5307437837421851	3.3186622566408372	8.5533502458310036	3
11.6520957025156289	14.5059723639532265	14.7608429353552673	2
9.2845589707601874	3.2976085891592524	7.7825467416166028	3
2.3138468175892717	3.3665714623839573	4.2231758203131262	1
5.4985416272864276	2.7341122435678358	4.2715501618971938	1
1.1294515939022021	-2.1832862815985736	1.5954629019274167	4
5.2945309314544051	1.7788667495092347	5.6558551830141131	1
14.5037219079960877	15.9269474989732220	12.6714491396656719	2
-0.1726743081294096	-2.3844010151443502	1.3344223993549325	4
12.9622080201894043	15.2486021829620633	15.1008172262876190	2
7.4748061858292552	4.0656853274206286	7.5697722632742099	3
-1.4942970518206899	-0.6297044274793808	1.8776088531377271	4
-0.7163927368333072	-2.2885303741327423	0.2529102677232840	4
-2.3590257712553848	-2.6317739965180831	-0.4564270244879245	4
8.1996803501088635	3.1345055147450678	6.8391491885282569	3
8.7857787049039509	3.7911016878948516	7.7694807269036037	3
8.1183961991540627	4.4808033981230908	5.9280757034983029	3
13.3371781005045129	17.2644732324355488	13.6011306438829767	2
9.7175646924429611	3.9750787159424736	8.2346728087720020	3
13.5146666363065826	14.7867842708467769	15.9918953165719273	2
3.7724545566243997	5.6728157910112227	7.2838913290023903	0
5.4471754766150910	4.3036397897925349	6.6479824815084525	0
6.8959726441865614	3.5184417842882119	8.7853067837862682	3
6.8764271622153830	2.8301898254868281	8.3671542220822150	3
3.8219611871027803	2.0033246018843176	4.6533820776779544	1
-1.8389830526439610	-1.8062669107080573	0.5385610902810318	4
9.0621701666235435	3.5804299682689131	6.4082484554060990	3
11.5923308275925958	13.6519413657653175	14.5727708134042704	2
10.1298334849413472	3.6392238940988175	7.4848252422702082	3
8.5411376594994728	2.9753976633265156	7.4015621228937363	3
8.9069559501751385	4.4206805994594163	8.1478300622441644	3
5.7767818625514993	3.4471488053841703	4.8071551577451235	1
-0.5926607226478409	-1.5028355519408394	0.9222030972544086	4
3.6335692415072716	4.7770235520017925	5.5472884077550901	0
13.6513045556976973	14.2201408149134458	15.4505655605832111	2
10.1967942948275727	6.2356382497491225	8.0942783447363809	3
14.0582542149809449	12.8388092742992903	15.6497594222160430	2
8.1258387267376655	2.9318941552172326	8.3481097279673211	3
13.1917368389291862	14.9752158301319582	13.5931736892754671	2
4.4744033813201876	4.4659204361196396	5.7865634225317546	0
4.4131559391965958	5.0301580916339788	4.3779662257784535	1
2.9487330533895530	6.3504908017280544	7.2879601486897512	0
3.7518017926489131	6.0904924955655835	5.8318630137149556	0
5.1186383685334587	2.5732638509184236	5.3713585714758914	1
12.8270369807618465	14.7502272935158807	15.7848946381644311	2
3.4956566420182096	1.8777539430040207	5.7591585860636449	1
-0.8606869274690809	-0.8175986623426629	2.0841246873646591	4
12.4306975255903822	15.0787270904812392	15.1622577250794635	2
2.2998295483631406	5.0028193375361969	7.5894308863916411	0
8.3841502921701547	2.7579737975676619	7.6051310440921096	3
3.8553911325130663	6.5328078855993157	7.3057045115043477	0
4.0749648882235920	5.7923888105463650	5.2358068930642814	0
8.5493980559781768	2.5964275262802783	7.8150164186865423	3
2.8243127900360445	2.4088355087733655	6.2429149560011146	1
-0.0589437843800194	-2.4710332529105399	0.5920219393818305	4
5.2014524293681088	1.8382149258842486	4.1179925072029038	1
4.3558181475842943	7.4391680211314801	5.9274941071460603	0
4.4061963234081354	4.9711995779451108	6.5043298948509607	0
4.2949952419219715	6.7410166641422951	6.1068281597486331	0
13.5623178488735636	14.8314588744557430	14.1194704688645221	2
4.0292168014282224	4.3341720784758841	5.1483547868129529	1
3.2962635328001788	2.9805922757261443	5.5490407792587817	1
-1.3211545751099276	-0.5678303256438461	-0.0369195488253236	4
10.3703415006923745	15.2272124210929842	15.1598629996456964	2
5.8473000872206864	8.4209950682681551	5.3776750382015530	0
0.7015582034369661	-1.1280626687180824	0.6725496244193618	4
4.6623985090735438	5.8949806884375597	7.3200790654704004	0
12.2328485595611376	16.3710933656882851	15.7640007178289512	2
12.9612009200764682	11.6230987904288767	14.1860639284167220	2
13.2034251373707470	15.5108766871196977	11.9838637218908595	2
14.4243831643336762	13.3061929629294635	15.2979966201457280	2
8.5238804817149276	4.0245901177846095	5.9506569049292777	3
13.4315493097255469	14.4102568970392717	14.8748692564756659	2
3.8472715471739329	3.5300289866467995	4.2353352816378491	1
3.8541018865289534	3.7934935019928835	5.4629761713973712	1
6.5460225240607635	7.5524521437059029	7.2858697294082102	0
11.8967543482695604	14.2874158533815390	13.3802046707341908	2
4.1014533575677783	5.0523053022243882	4.2986308576653638	1
1.5103159170621641	-1.9988534592235017	0.2130444593411966	4
0.7028867280814080	-0.4054624595713932	2.0101489759195426	4
4.1122547294144987	5.4015011031980258	5.7510327784780859	0
3.9113731697596932	5.7543957145742830	5.0013805312232016	0
5.6101602680970739	7.1199095691815231	6.6831422566268426	0
G9
0	97	0.890605830506165	12	0.9050312318397274	68	0.9163695791810238	15	1.0633714654495212	98	1.1511559032125034	56	1.2975285396333123	59	1.3019971788501727	74	1.309140534986537	75	1.397046515937076	
1	25	1.6928977458360317	63	1.9986522180300763	22	2.1904681387077103	49	2.320058030145453	71	2.434768253253038	28	2.4354677051229467	96	2.671466925328407	29	2.7486651567260125	42	2.877413040761741	
2	79	0.6313329001195827	13	1.5036143703759417	42	1.6928495838077635	49	1.9233011840074636	29	1.9333420406177926	14	2.080050732239849	30	2.1816295278772357	82	2.4834835659118157	71	2.5201858747757795	
3	95	1.65072348538198	8	1.708482498859991	13	1.8449630698847603	82	2.057676550636897	71	2.536129673928496	29	2.6543947310479994	2	2.7613967976916034	49	2.880662266796508	79	2.970266205128092	
4	96	0.6269700452647577	14	1.3393414473317944	63	1.707667186693519	82	1.718525637474819	13	2.1298593400996686	28	2.157683069409232	49	2.17819506381221	22	2.426196014307205	25	2.671358627791747	
5	91	0.3893209526789689	77	0.80506544927815	78	0.8295176856218224	11	0.946536053718136	50	1.067846415971924	16	1.1267272354858127	90	1.143063143215735	56	1.302797892953202	20	1.6501410635046776	
6	0	1.4699537903143371	57	1.9610170352111376	12	2.066025852216439	48	2.1042664130829	68	2.224804714009206	56	2.2451048036275227	94	2.2702612722786335	38	2.279588413545297	97	2.311480056864043	
7	43	0.35551506227952684	88	0.9529546062442504	9	0.9975057896396009	31	1.1078273587115208	32	1.1164927539486933	46	1.2092088457627406	19	1.2165314534364877	45	1.327175488991057	33	1.4047175316360376	
8	95	0.1312198760657334	82	1.1588858819758823	22	1.3449629601260786	71	1.6032306579327988	3	1.708482498859991	25	1.9535277042879293	13	2.013259635779825	49	2.1618315805891615	29	2.173647799964439	
9	43	0.711866014684239	7	0.9975057896396009	31	1.0067199850529136	46	1.199301605471963	88	1.2949610266618117	66	1.4507243851739193	19	1.5618085734126537	69	1.6062113542792242	32	1.742244848854212	
10	34	1.6366903805619242	84	1.6419316421107624	26	1.6602340327746217	64	2.086589034204615	36	2.149885129922044	76	2.153507654558109	61	2.272016190088527	89	2.355385928847927	55	2.3798060492941864	
11	78	0.5802309466020938	91	0.8597636346019949	5	0.946536053718136	62	1.1595321718306821	70	1.2636923407092058	60	1.3993418462786	41	1.4771739191295878	77	1.4917024457896038	16	1.5232545768072947	
12	15	0.6429656502018467	74	0.6685398985434382	0	0.9050312318397274	97	0.9831588260930672	83	1.0373139749564644	56	1.2254025905423243	38	1.3243636631485747	59	1.3877819112267706	37	1.4117928698055127	
13	82	1.1962369504662171	79	1.3811776268387994	14	1.4426017051130393	2	1.5036143703759417	49	1.574156245523354	3	1.8449630698847603	29	1.9411791800752	8	2.013259635779825	71	2.0600161791253333	
14	4	1.3393414473317944	13	1.4426017051130393	79	1.5858614465299123	63	1.7744766762319097	96	1.7821635474240793	28	1.8027827172896984	82	1.8729641754598096	49	1.88705458745632	2	2.080050732239849	
15	74	0.4635210450760046	97	0.522735820979264	12	0.6429656502018467	59	1.002125396046487	56	1.0025601310820516	0	1.0633714654495212	50	1.0774420843821828	68	1.1315108960258844	37	1.185784249959957	
16	20	0.7865071730239097	78	0.9733342822159998	5	1.1267272354858127	91	1.4971201245722279	90	1.5013325869170098	11	1.5232545768072947	70	1.5470305756031206	41	1.7789868146361327	62	1.824722651394556	
17	35	0.7532197082262083	19	0.8094370025929172	32	1.1800946604385372	45	1.2662598140694667	47	1.3296624791694998	69	1.4247102454342946	54	1.4715540947069001	46	1.5568451246997188	66	1.590021332435366	
18	44	0.8765340319665591	64	1.0466148331954925	93	1.4190795675335888	80	1.5239088114519408	26	1.5438509809876744	61	1.5776024112458946	89	1.7856703482802188	55	1.9885008744601622	76	2.0411390833864904	
19	32	0.7017748305886741	17	0.8094370025929172	46	0.8953459702628911	35	0.922430327068176	45	0.9590766976974328	69	1.0164500644361416	66	1.0646209778622862	7	1.2165314534364877	47	1.239881722505539	
20	16	0.7865071730239097	90	1.5421600487756244	5	1.6501410635046776	78	1.6947095397792449	91	2.0228082004596595	41	2.077962554540169	77	2.175936868057253	11	2.1953923169841447	70	2.2928540821635557	
21	48	0.9341902796456848	72	0.9562813125161482	60	1.1746391910748801	23	1.6942298278045518	90	1.8334360793167424	41	1.8683597516411437	11	2.24177289922868	91	2.290407528759514	77	2.342625294289055	
22	25	1.3431757683840646	8	1.3449629601260786	95	1.445736438299817	82	1.4657279913357224	71	1.5817634652299206	96	1.8747212237778306	49	1.9702697254166586	1	2.1904681387077103	29	2.2848774995457015	
23	60	0.8619415701745392	72	1.541819517078079	21	1.6942298278045518	41	1.7954930538420262	62	1.8045495225439137	11	1.8940602154811883	48	1.9328793835596414	78	2.3342292418987562	91	2.4841012657317156	
24	86	1.528613855397008	55	1.8645841724854468	34	2.0035237063121127	76	2.04526347906434	10	2.6949180127742527	89	2.881833561057949	26	2.9560525594705407	93	3.1601706088727672	64	3.3497813899718767	
25	71	0.7560411494230732	49	1.0599391526486373	29	1.2142855514196997	22	1.3431757683840646	82	1.6675563244405434	1	1.6928977458360317	63	1.8682303117556354	42	1.934998474944835	8	1.9535277042879293	
26	64	0.5613696534424143	61	0.8570943038957257	89	0.9869936927633122	36	1.1456467472381529	76	1.223593807037187	51	1.2864333321865176	84	1.493908973652351	18	1.5438509809876744	55	1.5493265024649705	
27	32	1.354226196508356	31	1.387929564108274	39	1.453288661961974	54	1.521556768718444	46	1.5343026603451857	47	1.584684640436655	40	1.5875530162587441	66	1.5931937711490853	33	1.8115459453889677	
28	63	0.6923978790855481	49	1.577373192672741	14	1.8027827172896984	42	1.8155320507543484	79	1.9233371320812904	4	2.157683069409232	96	2.2125704298356554	25	2.262896001803504	1	2.4354677051229467	
29	71	0.7619338237006957	49	1.0395089497524	25	1.2142855514196997	42	1.2547443794391564	30	1.82187235123771	79	1.8467665960987076	82	1.8797253400462568	2	1.9333420406177926	13	1.9411791800752	
30	42	1.3935234933200098	29	1.82187235123771	2	2.1816295278772357	79	2.3479835217622442	49	2.5090174389912274	71	2.532875828548174	25	2.8369821591094144	28	3.1943327621789384	13	3.199094011237803	
31	46	0.6769170637979894	66	0.8732316397255112	9	1.0067199850529136	43	1.0622677363298199	7	1.1078273587115208	69	1.1679671426738054	32	1.2806820789658486	88	1.2987589706779226	27	1.387929564108274	
32	19	0.7017748305886741	47	0.7444472783286803	46	0.927677959191737	35	1.057580420798503	7	1.1164927539486933	66	1.1205665700560663	17	1.1800946604385372	69	1.2186860394876953	54	1.2282385272674337	
33	88	0.6107847175717179	43	1.389945137958749	7	1.4047175316360376	31	1.6276301788518217	27	1.8115459453889677	9	1.8729602694158494	32	2.076501942762162	46	2.1485155332918033	47	2.3564275174553586	
34	10	1.6366903805619242	24	2.0035237063121127	55	2.2938866422944773	86	2.389255740991451	76	2.497783606838964	26	2.540354009716238	84	2.5876008730251714	64	2.8348387949599294	89	3.126958085357452	
35	17	0.7532197082262083	45	0.9192580658402587	19	0.922430327068176	47	0.9290797781995722	32	1.057580420798503	7	1.6803566625217792	46	1.7542565906172687	69	1.855102120921108	54	1.9064872179672474	
36	61	0.7190411925872591	51	0.7954826408454209	26	1.1456467472381529	89	1.1817057891618081	64	1.3958933254874482	87	1.8711574448313935	76	1.8735637882332221	84	2.050616696997548	53	2.051134079739776	
37	67	0.8642573073483474	83	0.9179689713818968	58	1.066666344427901	15	1.185784249959957	74	1.2254019614068015	12	1.4117928698055127	59	1.5110481774528846	97	1.5933396226689478	65	1.6464732259454464	
38	74	1.2449537075020785	56	1.309451546535831	12	1.3243636631485747	15	1.6288728708285138	0	1.8303749850230167	83	1.8973546222721205	97	1.9472626003046638	91	2.0499689396156175	48	2.0569060289513788	
39	40	0.8055584085087122	54	1.4309961452761295	27	1.453288661961974	66	2.045922541873822	69	2.1272962362899888	32	2.1627789873218073	46	2.217253736375064	47	2.2944422649250416	31	2.3737291815058312	
40	39	0.8055584085087122	54	1.253688845369544	27	1.5875530162587441	66	1.6908942944735412	69	1.7771698224554717	46	1.9299519315136144	31	2.0441150702847453	32	2.2195018647711673	19	2.521774179853279	
41	62	1.1597345959365573	78	1.4260486105995567	11	1.4771739191295878	72	1.4889255470872431	90	1.5831077084201557	60	1.5879838494389507	16	1.7789868146361327	23	1.7954930538420262	21	1.8683597516411437	
42	29	1.2547443794391564	49	1.338869347339328	30	1.3935234933200098	79	1.460496310627651	2	1.6928495838077635	28	1.8155320507543484	71	1.9008714182378237	25	1.934998474944835	63	2.07925348298089	
43	7	0.35551506227952684	9	0.711866014684239	88	0.8345202516204169	31	1.0622677363298199	46	1.2744453717290694	33	1.389945137958749	32	1.4048943414107338	19	1.4206127171639513	45	1.517359306496166	
44	18	0.8765340319665591	93	1.385177067740962	64	1.7567216750530534	89	2.0122203008857897	61	2.0493841587950574	80	2.07832000614846	26	2.1690371832053192	55	2.295379145750406	51	2.309274138168571	
45	35	0.9192580658402587	19	0.9590766976974328	17	1.2662598140694667	7	1.327175488991057	32	1.3822369047748644	43	1.517359306496166	47	1.5955185485282268	46	1.7238191429167098	9	1.7958242950770251	
46	66	0.3366875058275608	69	0.5609198281682993	31	0.6769170637979894	19	0.8953459702628911	32	0.927677959191737	54	1.0345618045537202	9	1.199301605471963	7	1.2092088457627406	43	1.2744453717290694	
47	32	0.7444472783286803	35	0.9290797781995722	19	1.239881722505539	17	1.3296624791694998	27	1.584684640436655	7	1.5941812655844756	45	1.5955185485282268	46	1.667207732879181	54	1.693145338655879	
48	21	0.9341902796456848	60	1.2309156203515037	72	1.8424487358383048	56	1.9218027716438921	23	1.9328793835596414	77	1.9892740175101982	90	2.01416413241471	38	2.0569060289513788	91	2.0607654260043526	
49	29	1.0395089497524	25	1.0599391526486373	71	1.153811143719399	42	1.338869347339328	82	1.3703226624170706	63	1.3752997574715824	79	1.524747295947998	13	1.574156245523354	28	1.577373192672741	
50	77	0.7154036994547034	97	0.8127876579293842	56	0.9279222661855268	91	1.0114714825393871	5	1.067846415971924	15	1.0774420843821828	68	1.1501380174542035	98	1.1534499453308147	74	1.2452250177218813	
51	89	0.6448741950010414	36	0.7954826408454209	61	1.0354634913912066	87	1.2067429274136612	26	1.2864333321865176	53	1.4537410514938442	76	1.4674612591518554	64	1.5199254332215217	55	2.056999107560123	
52	47	2.2272453870485167	35	2.315059615478119	45	2.6678238960608422	32	2.8411648121500543	17	3.0270644588547837	7	3.0298504939587017	19	3.0921462069840397	43	3.3436805645962835	33	3.47730037291682	
53	87	0.6900978110906026	51	1.4537410514938442	89	1.8608227852881276	36	2.051134079739776	85	2.1963338569128426	61	2.277647086054689	76	2.56093529574278	26	2.7036561649420445	44	2.811025865080409	
54	69	0.7590315151012692	66	0.8055994540304003	46	1.0345618045537202	32	1.2282385272674337	40	1.253688845369544	19	1.3402392109735812	39	1.4309961452761295	17	1.4715540947069001	27	1.521556768718444	
55	76	0.659533659067146	89	1.421067255344138	93	1.481689664535499	26	1.5493265024649705	86	1.6961567560672997	64	1.7469745644631611	24	1.8645841724854468	18	1.9885008744601622	51	2.056999107560123	
56	77	0.7892141555774238	74	0.88042485352156	50	0.9279222661855268	91	0.9703816956621013	15	1.0025601310820516	97	1.0038551974038958	12	1.2254025905423243	0	1.2975285396333123	5	1.302797892953202	
57	94	0.32240207655138486	98	1.0793291798238143	77	1.1069346534438373	68	1.1963525677079112	0	1.3970569775795487	50	1.4279870026129604	97	1.453873766331946	56	1.5186380226269387	90	1.6096447008551091	
58	67	0.9249774342776993	37	1.066666344427901	65	1.5258370620492576	59	1.6830737909149378	83	1.773462822313933	75	1.833031670426478	15	1.9485033830240714	97	2.1486064971980694	74	2.154233004618896	
59	68	0.7406639537121931	97	0.7817729755549041	75	0.8909807230063432	98	0.9100138594062244	15	1.002125396046487	0	1.3019971788501727	50	1.3491339104081754	12	1.3877819112267706	74	1.4605685685881777	
60	23	0.8619415701745392	21	1.1746391910748801	48	1.2309156203515037	11	1.3993418462786	72	1.455363041284538	41	1.5879838494389507	91	1.7596609617471775	62	1.8078143068146633	78	1.8757764937574093	
61	36	0.7190411925872591	64	0.8078822970382953	26	0.8570943038957257	51	1.0354634913912066	89	1.1441858335372634	18	1.5776024112458946	84	1.7264713318545357	76	1.8223265866582208	44	2.0493841587950574	
62	70	0.98324484364239	78	1.1402453652005926	11	1.1595321718306821	41	1.1597345959365573	23	1.8045495225439137	60	1.8078143068146633	16	1.824722651394556	5	1.9227436701059217	91	1.971361223607879	
63	28	0.6923978790855481	49	1.3752997574715824	96	1.618669586991135	4	1.707667186693519	14	1.7744766762319097	25	1.8682303117556354	1	1.9986522180300763	42	2.07925348298089	82	2.1282720471366785	
64	26	0.5613696534424143	61	0.8078822970382953	18	1.0466148331954925	89	1.2373959856138697	36	1.3958933254874482	84	1.4392530812801776	51	1.5199254332215217	76	1.5585606784621024	55	1.7469745644631611	
65	58	1.5258370620492576	37	1.6464732259454464	67	2.2002584973348025	74	2.3696465901168926	15	2.3777077855564035	50	2.449528772822466	59	2.525925795414254	83	2.5397311616759692	97	2.6121906114141864	
66	69	0.3121792620899956	46	0.3366875058275608	54	0.8055994540304003	31	0.8732316397255112	19	1.0646209778622862	32	1.1205665700560663	9	1.4507243851739193	7	1.5456542383961667	17	1.590021332435366	
67	37	0.8642573073483474	58	0.9249774342776993	83	1.028732748124589	75	1.2937956466423313	59	1.542265352071511	15	1.6502698400550782	12	1.7225980532963752	73	1.723769071359739	74	1.8396217385832194	
68	98	0.2883772612699556	97	0.6477973795968326	59	0.7406639537121931	0	0.9163695791810238	15	1.1315108960258844	50	1.1501380174542035	94	1.1944555913153057	57	1.1963525677079112	75	1.3065168227707853	
69	66	0.3121792620899956	46	0.5609198281682993	54	0.7590315151012692	19	1.0164500644361416	31	1.1679671426738054	32	1.2186860394876953	17	1.4247102454342946	9	1.6062113542792242	7	1.7250565152643156	
70	62	0.98324484364239	78	1.0154332461081637	11	1.2636923407092058	16	1.5470305756031206	5	1.7689644235793316	91	1.8936863122416945	41	1.9199885913843644	20	2.2928540821635557	60	2.459792078866575	
71	25	0.7560411494230732	29	0.7619338237006957	49	1.153811143719399	82	1.5454507341022943	22	1.5817634652299206	8	1.6032306579327988	95	1.6820088283105692	42	1.9008714182378237	13	2.0600161791253333	
72	21	0.9562813125161482	60	1.455363041284538	41	1.4889255470872431	23	1.541819517078079	48	1.8424487358383048	90	2.170209668351461	62	2.3674308227313845	11	2.4207511532210972	78	2.642474200061683	
73	75	0.7233778027710767	59	1.4808466282234296	99	1.4987675737911166	67	1.723769071359739	68	1.8080905740125623	81	1.8683692716713314	0	1.926401972285554	98	1.973239827989541	97	2.0597446947683213	
74	15	0.4635210450760046	12	0.6685398985434382	56	0.88042485352156	97	0.9159790438924864	37	1.2254019614068015	38	1.2449537075020785	50	1.2452250177218813	83	1.2587524813912774	0	1.309140534986537	
75	73	0.7233778027710767	59	0.8909807230063432	67	1.2937956466423313	68	1.3065168227707853	0	1.397046515937076	97	1.3979579343659767	12	1.4269856423055116	15	1.427145002173165	99	1.4850443824424135	
76	55	0.659533659067146	89	0.8747221529919303	26	1.223593807037187	51	1.4674612591518554	64	1.5585606784621024	61	1.8223265866582208	36	1.8735637882332221	93	1.901735655554968	18	2.0411390833864904	
77	91	0.6496038578439006	50	0.7154036994547034	56	0.7892141555774238	5	0.80506544927815	57	1.1069346534438373	94	1.1148830444761189	97	1.2285386872769168	90	1.2301848659905912	98	1.432663159944984	
78	11	0.5802309466020938	5	0.8295176856218224	16	0.9733342822159998	91	0.9896459716904505	70	1.0154332461081637	62	1.1402453652005926	41	1.4260486105995567	90	1.5268636696479738	77	1.5905810387864106	
79	2	0.6313329001195827	13	1.3811776268387994	42	1.460496310627651	49	1.524747295947998	14	1.5858614465299123	29	1.8467665960987076	28	1.9233371320812904	63	2.1847753496448865	82	2.215530133062478	
80	18	1.5239088114519408	64	2.0657009893617957	44	2.07832000614846	84	2.267681314090646	93	2.525933003386075	61	2.5794441344741186	26	2.5926272350945316	89	3.1811367483988517	55	3.237018586864885	
81	99	1.8583066022942911	73	1.8683692716713314	92	2.2099291470769273	75	2.4007586396239398	0	2.92200222971231	6	2.994457883866649	59	3.166803129502603	68	3.173463326768235	12	3.2872887010650396	
82	8	1.1588858819758823	13	1.1962369504662171	95	1.2741705682171531	49	1.3703226624170706	22	1.4657279913357224	96	1.520304197313904	71	1.5454507341022943	25	1.6675563244405434	4	1.718525637474819	
83	37	0.9179689713818968	67	1.028732748124589	12	1.0373139749564644	74	1.2587524813912774	15	1.283715291795287	75	1.5240537369577891	99	1.6746317843657004	97	1.7343836167555584	59	1.755619054177856	
84	64	1.4392530812801776	26	1.493908973652351	10	1.6419316421107624	61	1.7264713318545357	36	2.050616696997548	18	2.195968070946668	80	2.267681314090646	89	2.464207357508065	34	2.5876008730251714	
85	53	2.1963338569128426	44	2.477811482032356	87	2.4920077416313755	89	2.909283537033115	51	2.9698206482190574	93	2.9801075583550367	18	3.2179321649760313	76	3.2648661044089486	55	3.411942891289066	
86	24	1.528613855397008	55	1.6961567560672997	76	2.269631846854099	93	2.2702451427540336	34	2.389255740991451	89	3.1018248759930382	26	3.137255609880019	64	3.2994014116787684	18	3.3358760867544173	
87	53	0.6900978110906026	51	1.2067429274136612	89	1.543927783072913	36	1.8711574448313935	76	2.111519973440253	61	2.2076729055804876	26	2.4392190232906983	85	2.4920077416313755	64	2.6711579337622102	
88	33	0.6107847175717179	43	0.8345202516204169	7	0.9529546062442504	9	1.2949610266618117	31	1.2987589706779226	46	1.7905944734063546	32	1.8523573147703567	27	1.9297098844571134	66	2.088330937775125	
89	51	0.6448741950010414	76	0.8747221529919303	26	0.9869936927633122	61	1.1441858335372634	36	1.1817057891618081	64	1.2373959856138697	55	1.421067255344138	87	1.543927783072913	18	1.7856703482802188	
90	5	1.143063143215735	77	1.2301848659905912	91	1.2556123440743177	16	1.5013325869170098	78	1.5268636696479738	20	1.5421600487756244	94	1.544648796214928	41	1.5831077084201557	57	1.6096447008551091	
91	5	0.3893209526789689	77	0.6496038578439006	11	0.8597636346019949	56	0.9703816956621013	78	0.9896459716904505	50	1.0114714825393871	90	1.2556123440743177	16	1.4971201245722279	97	1.6538766413207058	
92	99	1.194241034029161	81	2.2099291470769273	83	2.509267090913151	73	2.5797311554346547	75	2.667525142414425	12	2.836400195521066	67	2.8774233468247994	0	3.057688637694475	6	3.179331964480328	
93	44	1.385177067740962	18	1.4190795675335888	55	1.481689664535499	76	1.901735655554968	64	2.021628521531349	89	2.1458582710858005	26	2.240441530928236	86	2.2702451427540336	80	2.525933003386075	
94	57	0.32240207655138486	98	1.0113943487069965	77	1.1148830444761189	68	1.1944555913153057	50	1.3615583959064756	97	1.4938292126718757	90	1.544648796214928	0	1.5920083400466505	56	1.6422186970691457	
95	8	0.1312198760657334	82	1.2741705682171531	22	1.445736438299817	3	1.65072348538198	71	1.6820088283105692	25	2.058783985831533	13	2.083171260757681	29	2.2458257784258944	49	2.2740823391508886	
96	4	0.6269700452647577	82	1.520304197313904	63	1.618669586991135	14	1.7821635474240793	22	1.8747212237778306	49	2.0165061705464695	28	2.2125704298356554	13	2.2642932548013017	25	2.2670269828873826	
97	15	0.522735820979264	68	0.6477973795968326	59	0.7817729755549041	50	0.8127876579293842	98	0.8525646600475797	0	0.890605830506165	74	0.9159790438924864	12	0.9831588260930672	56	1.0038551974038958	
98	68	0.2883772612699556	97	0.8525646600475797	59	0.9100138594062244	94	1.0113943487069965	57	1.0793291798238143	0	1.1511559032125034	50	1.1534499453308147	15	1.3630677916483043	77	1.432663159944984	
99	92	1.194241034029161	75	1.4850443824424135	73	1.4987675737911166	83	1.6746317843657004	12	1.8483606720737569	81	1.8583066022942911	67	1.9523029650291144	0	1.9952602319564345	59	2.28863978907443	
