-1.1793932519953607	0.0004280907700980	2.6190361365052719	0.2733221376659217	-2.3379644096341679	-1.7339834783660342	0
1.5398803188528472	-1.4388147916894658	1.8094733822974431	1.1179959921927165	-3.6119914296564497	0.4444138338893073	3
0.5876512778592289	-0.1848463782002520	-2.2932328644193580	0.9264021202346169	-1.0094007657370683	1.0707918128054221	2
-0.5560705129045558	-0.1197905549735068	1.9137320673442202	-0.2267928650111328	-2.1204680496228914	-0.5735968229767615	0
2.9549533107799011	-1.5557873382746876	2.2414027414205284	-0.4038080886205249	-1.3269451907306957	2.1504116005814478	3
-2.9389263458645130	-4.4816079901754868	3.1416107546576351	-0.5605423738281170	-0.8912307012572644	0.7096329335893699	0
-2.9418377307707244	-2.0254248319492110	1.1319618167110077	1.4582992664952332	-1.8851245295530825	-1.1462257802132276	0
1.6055903219887060	-0.8950482722803319	-0.3686819862713127	-1.3731272294095813	-2.2929171047617913	-2.2012101041464542	4
0.2592907397452178	-1.8956340340336786	-0.3097594223636344	2.1422691314350879	-1.6421124105955585	1.3113298252423953	2
-0.6313496197865774	0.2307986627335560	-0.2236351077726890	2.4832696296361210	-0.8224638112797020	1.0313656115336947	2
-2.8811896887909745	-2.6062156751422973	1.8595358254186283	-0.1145312591769085	0.5497533959025088	-2.0609578357057927	1
-3.4912808429916780	-2.5945349196806271	3.0003056805305741	0.8497498425375039	-1.9018484186379334	0.3604206198725948	0
-0.1438982760379321	-2.8069990182775593	1.0400182075108222	0.7210791738348891	-2.4393044859260971	2.1287316033956167	3
1.7387022390968707	-0.2374680071484030	-3.5941724613101047	-1.8991663667662124	-1.7758231109395206	-0.7945854686256169	4
-1.1110790920076070	-3.3395179049155526	1.9550119019258023	-0.7028790300138270	-0.5972466754883342	-2.4187851603331145	0
-1.1792265355053635	-0.4976287473356267	0.1037338470084461	2.3419603990232956	-0.6342626245928461	2.1781305278060850	2
-1.1355210869731356	-0.0008074353802214	-2.4597171024901523	3.3909035307132878	-0.3214160166236559	1.8190655480409288	2
-3.8390894661568553	-3.1550089832008648	-0.3874675856046981	1.0071486048657989	1.2967120105565551	-3.6756644154865388	1
-4.6126654067670820	-3.9335546195978313	1.2805259388864514	0.7413153052412205	0.4592221977722619	-0.7853007714316962	1
-2.4609290825192076	-3.3373567949317295	1.3392978372418087	3.7252022500213449	-2.2170755127701689	-1.9418086907746444	0
-1.4355542040749669	-3.3949112125763863	1.0002708897433079	1.9564849427644493	0.2571910044291258	-3.8029055426095182	1
1.5828279862674135	-0.0031021958719057	0.8258655309492355	1.9901428337170093	-2.6919211764875413	3.9434893318984083	3
1.8776246639261625	-1.6508577567083289	-2.2099517218910139	-1.2845459234748740	-1.7094122301450054	-3.2577668489403040	4
2.9449772022067444	-1.5063465974168890	2.6607833722971566	1.2263217132430035	-4.1281802733732924	1.4686713786557875	3
-2.5937020031291831	-3.9564835609542452	1.4528502372261705	2.2997163742774491	0.9607901629809655	-1.8011857946792378	1
-3.2272963758187694	-2.1128730103304525	2.5252123037084777	0.8992848106881295	1.4939364523002594	-2.0207522537604081	1
-0.8108747731176422	-0.5523897738163035	3.2603459172253570	0.8725817314543601	-0.2295379141563928	0.0258220599951046	0
-3.7510633489893928	-2.2681020474100357	0.3419353629605630	2.1079826610689549	2.4875614459146522	-1.0184258922919727	1
1.5849860165113783	-0.1008071107291637	0.0623135513216162	-0.6358490324716253	-2.4594282378612786	-2.3061647279921087	4
-1.6212413036707041	-1.3817740750772136	2.0016729274474407	0.8787363159078625	-1.2386887336993151	-0.3842264401956094	0
1.4527870173083119	-1.6319580173274990	1.1622565299273646	1.3739941598706342	-3.2974363392883794	1.0022427320505665	3
-1.9896314519101259	-3.4158830035241516	2.0673836206685228	0.8296671545022312	2.7252876081952073	-1.6997753455470448	1
-2.4484257498200570	-4.7703647903470294	2.0849049820902339	0.7833354527764433	1.6173946646797877	-2.0792451044971911	1
0.7177981662006820	1.5715297265243831	-0.6648329990060033	1.4355389893352619	-3.9058885375243526	1.2318795440447887	3
-0.0948994554040485	-0.6066416353044427	0.3171759624696944	3.3933105921209741	-1.6373694755234858	1.8265302784262141	2
1.1009298244963612	-1.1643305911521058	1.8814983155349463	1.7450793828704350	-3.2291464939776642	0.5306802833276538	3
1.1356026839333540	0.7838320813309045	-0.9877164117349412	-0.1987288011426924	-0.8095545981179343	-2.9512321525171363	4
-3.3268758030368861	-3.7324608484568933	1.4985390295732879	0.7483541256381470	2.3796617279346326	-4.6140729787492276	1
-1.4985312399130510	-2.1694225201832626	1.8801699676899601	1.2357639802414662	0.7671321994109397	-0.0061483462970019	0
1.9249120595700198	-0.4643220888862969	1.9190275888480111	0.4090428451184525	-2.9341520263103118	2.7036807008881460	3
4.4705296332840891	-2.0258437742274911	-1.1537223972149280	-1.3200579970090729	-1.4047983460989746	-3.9982638903721881	4
-3.7793685621259527	-3.9064650135720282	-0.1667442869262477	0.5851255331266483	-0.2431018067433264	-1.9678191233451456	1
-1.0656826598845235	-3.3050354731166918	2.2669658233471575	-0.0398161892394902	-2.7973250652661861	0.3114072893484050	0
-1.7427780335466267	1.2354127301590874	-1.0186655072720887	1.7954815746595847	1.3324026020395572	1.7451206556289329	2
-0.3781175408396182	-0.6676654006054284	-1.1989870192326133	3.4235246782993882	2.5960193040758375	4.1488806241700473	2
1.8871947978798902	-0.5457534309486481	1.1899430678923166	1.0458654415353581	-2.8454216084349131	0.5655644848897512	3
-1.4602357210998973	-3.1903001603636731	2.8477870607335443	1.7491448168620267	-3.1960832204324108	-1.1866245448458912	0
-1.3490685540040828	-2.5093096286472436	4.6808681159943619	1.2871446469236387	-2.0886431988556891	-0.5773576908109523	0
-0.0047721691165390	-1.6556374686724691	-0.1691097625523865	0.3538891383747325	-0.4260834469579302	-2.0806350907670397	4
3.7226142576747696	-0.5522269580888528	-1.2278412530824419	-1.3096176321795392	-1.7421561923428572	-3.0478517052206837	4
2.5239956648563897	-1.7759486832561293	-0.9137866987903631	-1.2686101131218535	-1.6834958286406170	-1.2821307688756474	4
-2.9235336342055316	-2.5546476187868365	0.3279508208703283	1.6121270011217306	1.4017833052775956	-0.5137209016940165	1
-0.8101463847554710	-0.9843730811250073	3.0686561547438522	1.4978277862871499	-0.4084941079597530	-1.8585516668603799	0
0.7835766922669730	-0.6331205394747388	0.9138400847937149	0.5869483224130227	-3.4010110289194193	2.9225395137675392	3
1.1429209189537741	-1.3284752359574210	-0.2866764952304797	0.0117406669995950	-2.1473093677175266	2.8018163855766716	3
1.7642760878267165	-0.7900045149127215	1.1125198380883168	0.5364156765475803	-3.2127750326650579	1.1958398871471192	3
-2.6735627788098926	-3.6178043559925559	2.1189150598981921	-0.3397857209527865	-1.4418993620087797	-1.2551641639708859	0
0.6614488563831267	-1.8904689550454139	-0.9549391362600299	-0.8699761097743410	-1.4035047389119557	-4.1813985935721547	4
2.4624136140656088	-1.4976185637355643	1.1469233741037552	2.4454543779470024	-2.4979881036710698	4.6258164125897512	3
1.6966181094393415	-1.6151267225350427	-1.2132385598972821	-2.2290883147933882	0.8694830207676103	-0.8301594283296154	4
1.1466714899349637	-2.0360100033952522	-1.4569141832164416	-0.7519643148160429	-1.1568342000841934	-0.6813385780171555	4
-1.7356558918881522	0.9187293756284738	-1.7425058601628574	2.7712644112238900	-1.9697874842482297	1.8393867367091590	2
-0.9011336960326123	-2.7381222059664307	2.6716823918071109	-1.4764934193980552	-1.5586733433021775	0.4421223257450531	0
-3.8248839244625303	-3.9693312545523831	1.1031322458598798	0.4320076427515139	0.5776762171967971	-3.9478942276664455	1
1.1276032564915308	0.1837700744314689	-0.3047068202105703	-0.4644686774855663	-2.1480390036612231	-2.4614430679278612	4
0.5055301121695253	-0.4549870907848902	-1.0052375556956086	1.9355083451089561	-0.1612502292555152	3.6359714125934666	2
-2.5556962468168343	-4.0807401044379930	2.5003099676790494	0.9174540697274631	0.2392956188617571	-2.0379443659413377	1
2.6299303118588497	-0.5950530103355915	1.5924467602580432	0.4442613355490714	-0.7746983682544455	0.3859977999703486	3
2.5598449186169354	-0.3430825568684068	0.1477851094914566	-0.0350488941863983	-0.1309845739580240	-0.5069467390331579	4
-2.0783179387470452	-3.2641084908917692	1.5204024247769612	0.0487101115336277	0.7718762596633926	-1.4437650430212758	1
2.0624561131450614	0.8084049606682633	-2.9198032771454208	-1.7336143031958620	-0.9531468954459049	-2.1722895166794221	4
2.4973405185473769	-1.6204467463074383	0.3061710971851928	-0.8325887904345639	-1.3105353966415714	-3.2590277144671003	4
0.9713239923626308	-1.2844942978145171	0.9628039314868062	-0.1775131487043123	-3.8201606278779794	2.0366249956913700	3
4.1527947913349887	-0.2507165737273832	-2.6631870807689357	1.0870035005445211	-0.8385727178965282	-0.8262236030268792	4
-0.9391236971102399	-3.7181288549186746	2.1274307920520572	0.9727445469079898	0.1373731638396625	0.0258624327299498	0
-1.1163703841575152	-0.5153329366237448	-0.8941836298505118	2.2686171439476164	-0.2843922530019195	0.7459117927099694	2
-1.7506970609898329	-3.5960402565297924	1.5729432110146557	-0.5773926905347349	0.6847203321525204	-1.3264848877510946	1
-0.3039069685919937	1.7749461066292713	-1.1550000549046733	2.6541642315513587	1.6417337929558538	2.0939147113654211	2
1.6079944230733032	0.3975711337226137	-1.6226507269021249	4.0924117528104889	-1.0842467357340997	2.2235149548990845	2
-2.0347967252952790	0.4198699674465909	-1.0819312131180312	1.7089360343608888	-0.4176880074366536	3.9624243241497492	2
-2.4143205483400627	-1.9080409114483510	3.3925644653470632	-0.2532258900959790	0.4187191653053576	-3.7131369729951778	1
-2.0407016825206536	-3.2156161812080528	0.8700031948097028	0.6555117736743390	1.4222510476702708	-0.0188308814623412	1
1.5353689784574205	-2.0021632956718927	0.3988449522438687	2.8011737589557537	-3.6633554579463006	1.3817272650532830	3
-0.4966690236421559	-0.6404612199919286	-2.1176135724174863	2.7545888746354628	-2.5050404620380577	1.5403130015110933	2
-1.7621694442060263	-1.5280748296241604	1.4648875839619184	0.5543894117658185	-0.6871464987784981	-1.2568090295977126	0
3.5416143045422732	-0.6560513601681799	-0.6498689332530452	-1.5411352345270055	-0.9278609912548470	-2.3013710328843962	4
1.5187724458317169	-0.9432062525301698	0.8966625343071233	1.2972506140120501	-3.8115372730865538	1.8175960858394897	3
2.4435113752905919	-1.4489654826127809	-1.2881226336529612	-0.9439072764332888	-0.4356559174469093	-2.6052551304839087	4
-4.0207428505477063	-2.5837242876600697	0.6904835113996356	-0.1552152098965982	2.4123866998132715	-3.1442356793432249	1
2.2902070270965180	-1.7378527381258095	0.1218751196535695	0.1350120974556583	-3.1079379653179808	2.1905485807721252	3
-1.3339200004717477	-2.5445219037766340	2.0306713312191782	0.6660952715030530	-0.2436627068381730	1.1059121321078611	0
-1.3439185473556865	0.1440033426381733	-1.2259700026856104	3.4902663178804016	-2.0076840056315270	1.7304834703324756	2
-0.6465279058590261	1.1221618071521351	-2.7571505781841203	1.2087961449648446	1.0298215375365676	2.1101522365293990	2
-0.1003025849447046	-1.3591742325930742	-1.8393654370101218	2.4636391615823516	1.8137425364054534	3.3498808357303367	2
1.3058554985045763	1.2620748797838042	-1.9210550731473381	-0.1109266719787191	-2.7916561502720447	-1.3383356089441472	4
-0.3620487169013119	0.0405565250643795	-1.0377626050908197	2.9388806762160908	-2.9012668435610491	0.7203368081633499	2
-3.0538818353601087	-3.6821101257096682	1.7469804853891162	0.6449841482011397	1.3544585057650402	-2.6332974322304041	1
-0.3750269441505991	-2.7837096812924944	2.9531564205675722	-0.0709634708603595	-1.4965006076758278	-1.1243142605417304	0
-2.5237661619247076	1.1550538892325302	-2.3581793969834921	2.9321806109498554	-1.6062902954194676	3.1104887544830073	2
3.4172035131737291	-0.9612098827812240	-0.4033308345761069	2.0413116405306804	-2.6131095143002341	1.9580493627438400	3
G3
0	3	1.5951032763910789	29	2.4256189438882334	52	2.5585389815414032	
1	35	0.9057882908195272	30	0.9692431321037793	45	1.3818514172082923	
2	83	2.68585788767644	75	2.72084095300426	9	2.8986712740408547	
3	0	1.5951032763910789	29	2.184150976264959	84	2.6020829997367225	
4	67	2.3637150050562683	39	2.4302580642765053	89	2.903671159783944	
5	56	2.4647267867921756	11	2.6492128895455247	62	2.9612804921636777	
6	84	2.003558559258691	29	2.0613282325412303	11	2.599438070767201	
7	28	1.1829291118761558	64	1.520126542580812	50	1.7730250983513471	
8	34	2.002637963743503	15	2.449838498372429	12	2.477597411716652	
9	75	1.287894949136764	15	1.5193432125731408	34	1.84556069741203	
10	69	1.284270502083831	25	1.651430638507758	96	1.6589233654545184	
11	56	2.594080720256575	6	2.599438070767201	29	2.638223710717486	
12	8	2.477597411716652	72	2.508070742675747	30	2.5252193808416723	
13	70	2.0629378850651166	94	3.1242101641971196	60	3.1408870316344912	
14	76	1.8636516475069766	69	2.126069387956599	97	2.1749983551184973	
15	9	1.5193432125731408	75	1.7830150419566708	34	1.8623613723741737	
16	91	2.1089691908412798	61	2.1958132391850556	75	2.2646312658745504	
17	63	1.9511840214777032	88	2.097517312126071	41	2.4663408388655963	
18	41	2.169265426224175	96	2.6337102720755667	51	2.7170646098568647	
19	6	2.806674115109121	46	2.9550151877474793	24	3.544637609455137	
20	24	2.5458278483495596	96	2.7479185201909093	66	2.8583544313571205	
21	58	1.954691042896158	53	2.13484590846237	39	2.3707439734878064	
22	87	1.837122342980894	57	2.0567199212896066	7	2.3452423415685058	
23	1	2.0077040114764944	30	2.3275503843972536	86	2.385445773027479	
24	66	1.8977128575924	32	1.9725259431395212	96	1.9897442409310524	
25	10	1.651430638507758	96	1.8861487243451065	31	2.2501900079845223	
26	29	2.0286431318045404	52	2.048701384836494	38	2.473626232642153	
27	51	1.5641686272473418	81	2.88889664195841	24	2.899095498597929	
28	64	0.758507060416048	7	1.1829291118761558	36	2.32730829693544	
29	84	1.2248278585222812	26	2.0286431318045404	6	2.0613282325412303	
30	1	0.9692431321037793	35	1.1065832678817416	86	1.2183036051396738	
31	32	1.8490513285383354	96	2.022599232564141	69	2.1957550634862986	
32	96	1.4353810438703316	66	1.6057711553941292	31	1.8490513285383354	
33	95	2.6795525133418865	86	3.126470029397571	45	3.3182799835222734	
34	9	1.84556069741203	15	1.8623613723741737	8	2.002637963743503	
35	1	0.9057882908195272	30	1.1065832678817416	45	1.45480610498375	
36	64	1.7113421744998751	28	2.32730829693544	7	2.7504254778216337	
37	63	2.0619134825288814	96	2.263621616636966	88	2.330650347180348	
38	90	1.6653391114099194	81	1.7818364261362387	74	1.799823986012837	
39	53	1.6245147346294837	55	1.7747580814058759	86	1.9450896097075467	
40	49	1.9374261725286612	85	2.479692120792357	71	2.642365020681137	
41	18	2.169265426224175	17	2.4663408388655963	63	2.497284383620243	
42	62	2.031661509081271	97	2.2302587800628264	46	2.4717763943829665	
43	77	1.8261194646037529	92	2.1922416848667883	75	2.703570582161369	
44	93	1.7712108685183972	65	3.308082199606967	77	3.42041726604844	
45	55	0.9340752870312146	30	1.3682071231814223	1	1.3818514172082923	
46	47	2.376418745996216	42	2.4717763943829665	97	2.749428016402908	
47	46	2.376418745996216	97	2.55015531805101	11	2.919976302236415	
48	84	2.5615831810632756	60	2.616082040905021	57	2.8254079189918375	
49	85	1.2851081514306057	40	1.9374261725286612	87	2.116708947990799	
50	7	1.7730250983513471	60	1.779013166306475	87	1.914867509490441	
51	27	1.5641686272473418	81	1.634178761796272	38	2.3217397633548518	
52	26	2.048701384836494	84	2.2591703009297115	29	2.2804359153678364	
53	72	1.4166391708893322	86	1.5908872163870191	39	1.6245147346294837	
54	89	1.7211685717931249	53	1.9927599609369497	72	2.2388272317038154	
55	45	0.9340752870312146	86	1.2059452638785146	30	1.2468239614405945	
56	14	2.1782909816357745	66	2.322386143991752	76	2.3946388266616356	
57	22	2.0567199212896066	71	2.4278835141305373	87	2.628328129296363	
58	21	1.954691042896158	39	3.1598371852193194	53	3.2849391805241615	
59	60	2.6170529735046064	87	2.66404005862138	50	2.90595702195772	
60	50	1.779013166306475	87	2.512628237832167	7	2.585186002874064	
61	91	1.24528216677593	98	1.6821847540082877	83	2.117330510758474	
62	42	2.031661509081271	97	2.1888804502070287	90	2.7196022542894203	
63	96	1.8623628014101978	17	1.9511840214777032	37	2.0619134825288814	
64	28	0.758507060416048	7	1.520126542580812	36	1.7113421744998751	
65	93	2.478250061753674	15	2.5659861434554005	79	2.7291361417323934	
66	32	1.6057711553941292	96	1.6269214625983612	69	1.8017778180274637	
67	68	1.8965505666854023	45	2.3233945310078874	4	2.3637150050562683	
68	67	1.8965505666854023	50	2.7774448628521435	85	2.796665730160409	
69	76	0.7960089070348335	10	1.284270502083831	66	1.8017778180274637	
70	13	2.0629378850651166	36	2.7524288625362985	94	2.9128112553661047	
71	87	1.9440422836607612	7	2.0379111277475443	85	2.1213587213098295	
72	53	1.4166391708893322	55	1.5751949883529124	86	1.6258930484200582	
73	68	3.5084477622015084	85	3.6989773432679898	87	3.70137085220423	
74	90	1.7170641386254046	38	1.799823986012837	81	2.191041421012248	
75	9	1.287894949136764	15	1.7830150419566708	16	2.2646312658745504	
76	69	0.7960089070348335	10	1.7640320008036021	14	1.8636516475069766	
77	43	1.8261194646037529	92	2.3609726637173782	16	3.165352001037502	
78	34	2.9365800624426486	16	3.102235769525314	65	3.134113943841215	
79	98	2.458310973747186	15	2.5711737861941533	65	2.7291361417323934	
80	10	2.4128186168325128	25	2.608395066831358	14	2.9536152761941863	
81	51	1.634178761796272	38	1.7818364261362387	69	1.8023369917976881	
82	30	1.7439655631906639	86	1.9604112105104738	35	2.262104271608571	
83	95	1.5847099668098916	91	1.7184278318683797	61	2.117330510758474	
84	29	1.2248278585222812	6	2.003558559258691	38	2.1901236039343313	
85	49	1.2851081514306057	87	1.7126597000753938	50	2.0108393675543677	
86	55	1.2059452638785146	30	1.2183036051396738	53	1.5908872163870191	
87	85	1.7126597000753938	22	1.837122342980894	50	1.914867509490441	
88	17	2.097517312126071	96	2.2973999427159706	37	2.330650347180348	
89	54	1.7211685717931249	72	1.8112904852279028	55	1.8215261717754676	
90	38	1.6653391114099194	74	1.7170641386254046	29	2.165913877420276	
91	61	1.24528216677593	83	1.7184278318683797	95	1.7700577181830033	
92	43	2.1922416848667883	77	2.3609726637173782	16	2.874162130819898	
93	44	1.7712108685183972	65	2.478250061753674	92	3.3202123933875383	
94	64	2.3680587271633424	28	2.681739051563858	36	2.76887960901801	
95	83	1.5847099668098916	91	1.7700577181830033	61	2.302752490804616	
96	32	1.4353810438703316	66	1.6269214625983612	10	1.6589233654545184	
97	14	2.1749983551184973	62	2.1888804502070287	42	2.2302587800628264	
98	61	1.6821847540082877	79	2.458310973747186	91	2.464376770112617	
99	89	2.466176297225099	82	2.6983189874936624	86	2.702578478878763	
