6.6892448070268999	6.0078876304840749	0.6128992030716005	-6.5350758604720234	6.0678058698903312	-3.3410563445639734	0
5.2273924376205283	-5.1029631292342561	8.1623326961218012	3.6096395581200551	-6.6752254209681148	1.4304445749309904	3
12.4573677708150683	0.1072472634060020	3.9492749327344727	-2.7106157958728954	4.5566634347448502	0.8345512946602434	2
7.5130783233227492	4.6317671893641439	1.7516985407148187	-7.2202202351750255	6.6269058979553588	-2.5755686273950409	0
5.0497871648417973	-5.6164036251270275	11.0158938215940729	2.0027976725775885	-3.3045232052175662	3.7478786551181464	3
6.7485325318200875	0.5638940997761395	0.5171760854863265	-7.0175217501568170	7.4233756380352709	-1.3965370662891350	0
7.3796295050803291	1.5983765530432401	-0.4127588148255068	-4.2828916917549407	6.7141471521692599	-2.3174712076560207	0
0.3496590696800470	-1.9129970030048602	-3.2594312131064598	-2.6582812610654711	-2.8827203290704384	-3.1507977908551785	4
12.1290072327010581	-1.6035403924274245	5.9327483747901963	-1.4947487846724243	3.9239517898863596	1.0750893070972165	2
11.2383668731692623	0.5228923043398099	6.0188726893811415	-1.1537482864713908	4.7436003892022160	0.7951250933885159	2
-2.7613726124062392	-1.8420915137194687	-0.3166878893938021	-1.2586383410219786	1.9871136256706083	0.4759458622567512	1
3.9600535116883129	0.8738365497100151	3.0864653583751940	-7.3179386081556395	6.9208897660647759	-3.1811044956446004	0
3.8121591145536944	-6.6818365047942772	9.3630978769221151	5.1861505868200997	-4.4356973110654394	3.4799005984245364	3
1.4346592330634595	-0.5425969557489863	-5.7629124157195761	-3.3119254991916760	-4.3016145889122761	-1.1066016924959152	4
8.5386362628723447	1.9844965021095633	-0.7246234815955304	-8.1079594508676731	8.6757740103299863	-5.8589572062131730	0
10.6904899574504775	-0.2055351057293731	6.3462416441622764	-1.2950575170842162	4.9318015758890716	1.9418900096609062	2
10.7341954059827049	0.2912862062260322	3.7827906946636785	-0.2461143853942240	5.2446481838582626	1.5828250298957500	2
-2.3739150416131682	-3.0728438866025098	0.8278260487961986	3.2515174204713118	0.1404452486179462	-2.3129282360562065	1
-3.4609958569118926	-4.3385826470624744	3.4938927517531599	-0.7899119755287349	-0.1101896182287027	0.2701724766259446	1
7.8139661025373623	1.2134114101060691	-0.6230335612167299	-3.1586607379337961	7.0639714560158868	-5.4415369305297236	0
-3.7644386547962725	-5.6970388883401846	-0.6245320840449249	3.7871977120464968	1.4937085317792618	-3.3927365824286118	1
3.3491053606216004	-4.7916270562089585	9.8435463617540364	5.5307478495536042	-6.7862510449121318	6.8751589786749934	3
1.3924298769615220	-2.7745474086806450	-3.3015219465702028	-2.9562238701205601	-0.7493076926314197	-2.8920042795848202	4
4.6520355538771110	-5.0999885747041933	9.9902337612064116	3.8473483942581348	-6.3430043720044891	4.2954899196618488	3
-2.3574357305832829	-3.9646180442157894	0.4429741172732143	3.8033075771228768	3.4645099509601613	-1.9220999030731498	1
-0.8271212074938088	-3.5018691143125769	1.1175198755180684	0.2022181763349367	2.1942910205367485	-1.9880587484750523	1
8.2118183273791701	3.3530169504075156	1.4395360746666763	-4.8856141452344009	8.1914564941956982	-3.0733151869333373	0
-3.3382962529753359	0.0438822647120918	-0.8345002136584634	3.8290544991491666	2.7688048443758602	-0.8653838807930985	1
0.2462027300098351	0.1033391701023261	0.1313974852804434	0.0199240046659981	-5.0243102504305348	-0.2696718514110650	4
6.8435399345629788	3.3090458573091066	0.7882489432174951	-5.4409904944792782	7.9692878367184985	-1.8153745251325382	0
3.3730656368683709	-5.8954735430710210	7.4032530815314672	5.9092404297840257	-6.3093916967661050	2.4325163504564253	3
-1.8969455604920835	-3.8915687972785622	2.6250171088287093	-0.4403596103617009	2.3255112994064824	-3.7294710737341248	1
-2.1296513384709419	-2.7591433602134274	0.4654976496454415	-1.8492068150328593	0.1232262357898879	-1.8633004452880964	1
2.2339230769394547	-2.2183256287319395	6.6570490659053645	6.1792606399983967	-7.0950211245653731	1.6438087217493338	3
11.7748170375517915	-0.3145479936981888	6.5596837596235247	-0.2437073239865377	3.9286947249584321	1.5902897602810353	2
4.3407061286443884	-6.3220476540150958	9.4404887927846790	6.4735961218228359	-4.5129462493107377	1.2516211077662602	3
1.9555837154161071	0.6207129424900031	-1.8082349579980239	1.2176743664469816	1.1457767869144466	-2.9900752968171824	4
-2.0375745959075493	-3.5166167067723668	1.9852319749249669	2.2816063374786562	3.1485580826355730	-4.4195912723892716	1
6.8087408203649051	2.9977861268063806	-0.0812074725931102	-4.8481288157551248	8.9138320041587544	-0.7783710794928060	0
4.7839654554005104	-5.7150227565498728	8.0749701931149449	3.0464665303535035	-5.6836724190596719	5.2668566626278981	3
4.5112749503332603	-2.9560994432536880	-2.9404804572240257	1.0458850249741540	-0.0632977357595246	-5.7228407774393002	4
-2.9915752749808568	-1.4850179112402206	0.7548180413327583	0.0727243472196630	1.5721810145743762	0.1195546440667234	1
7.8044069397275360	2.9104098554801254	0.0762801034763769	-8.1548982470589806	4.3284917098244282	-2.7058336119890907	0
10.1269384594092138	1.5275063717653410	5.2238422898817420	-1.8415363414479273	6.8984668025214759	1.5088801374837542	2
11.4915989521162221	-0.3755717589991745	5.0435207779212172	-0.2134932378081236	8.1620835045577564	3.9126401060248686	2
3.6996392489651195	-5.8379199543114675	9.2747619853837726	5.6875743713105251	-4.9910578125861118	1.4324972843144057	3
7.3690231013141521	2.9877158374453145	0.7311250529553307	-5.5960710760654537	6.3461057166006487	-3.6674135494978981	0
7.6068122717215783	3.8200288490588079	2.0698762712319372	-7.0778108674078952	7.0525998606562332	-1.6369936199128494	0
1.2399935120945946	-4.3223260253578637	0.2406149961287940	-0.7958548100172478	-0.3638617767346493	-3.5457187652914719	4
4.4158828755470267	-1.3785587242018262	-1.2483400829070570	-0.5629856118820715	-1.7205234505875784	-3.6467874238543603	4
2.7608105782463932	-2.1161693358370193	0.4298348230693330	-1.2459272434458195	-3.6286422705664738	0.8070481328878529	4
-5.8943562517019634	-4.3256413830461584	-0.3190306968901577	3.7575198643969387	1.3031512008843908	1.3070624723056681	1
8.5050746840055940	3.8630144773566331	0.5395315251436901	-5.3592889875610208	6.9608190624827619	-4.0369068599769919	0
4.1548905146281356	-5.0919079880528368	7.0596718614217533	5.3614117527396665	-6.6753166761705263	5.1291638903826557	3
4.0597287568121558	-5.9680548816108479	7.8834054425728617	3.4436505401432402	-6.2692359946571870	3.3881630445560593	3
6.0989432731814039	-6.1913057640698277	8.0803148377755303	3.2448148626552027	-4.7060467228896830	4.5497316550062568	3
6.2790910863447351	0.9226091614219167	1.2083971028253218	-6.4989106863917439	6.6728649985780644	-3.2626361432732285	0
1.7127487983096450	-0.2891926757338055	-1.4587839388230475	-1.4367589824215370	-2.3068987069903049	-2.9489534500544488	4
4.6786033442272483	-5.6303037108838607	7.6407735785462156	6.2680019230586153	-4.9560751041106927	7.6120616757856681	3
1.4272906919109469	0.2020212770525742	-2.2692958410209778	-1.4991711149640861	1.6873370972704691	0.0255491109759109	4
1.9050593264636744	0.5728285394697030	0.5709424502280889	-1.4563160550483840	0.3108511250178290	0.4608891061334159	4
10.1340606010676879	1.2108230172347278	4.5000019369909730	-0.8657535048836218	3.5962767162336888	1.6031462185639802	2
8.5361427761899353	2.5503783553672812	2.3624207733792364	-9.2731341618088976	7.1969995393744348	-2.9683378251030668	0
-2.4136257850915319	-4.4336991313904655	-0.5377032886233583	0.2123390460564519	0.5805483748234297	-2.9097442737278509	1
0.0382951031592222	-0.8060499134383067	-1.0113321558433188	-0.9181078769864242	-2.0630004616367010	-3.3869589026160800	4
12.3752466051253656	-0.1628934491786360	5.2372702414582220	-1.7015095709985557	5.4048139712264032	3.3997308944482878	2
-4.1842025941737626	-4.2066047398163606	2.8190978025340154	0.7514750749401968	-0.9139705613810895	-1.1324213005279491	1
6.5339810682219390	-6.1295513982635450	7.6556096325632650	3.9746355261333450	-2.0418417324231672	3.3756273161730901	3
3.6327568834482769	-0.9765459979058297	-0.9570629194856781	2.0368478853721892	1.5484718830889106	0.2571997090957243	4
-2.4091383032879934	-4.0121231917252729	2.2681434032700345	-2.0810234171639448	0.7615433945151021	-4.0896142031329505	1
3.6964010398957527	2.2583042002112368	-3.0541944853931717	-2.6468104304832840	0.0035065210814696	-3.3698188704845276	4
2.4757149956255495	0.3596616468722418	1.7038457439484593	-2.6125298465810873	-0.9905591700392669	-2.5762535662629662	4
5.3080779059713965	-6.4254762180222640	9.6995584565636541	3.8945308972173511	-5.2168708256169722	3.7823580026934356	3
5.2962026472893351	-1.0180576394455820	-1.0256709677677147	2.0944119707854418	0.7048590037405073	-1.9243385329827227	4
6.9878897888660880	2.4232796692154377	0.1261666015312609	-6.3150976223638260	8.6410763648863522	-0.9590389221356728	0
10.7533461087983255	-0.2232392950174908	5.3483241673033195	-1.3684007721598954	5.2816719474799987	0.5096712745647907	2
-1.4018431058243714	-3.2097904974781737	1.8973930448366345	-0.9051624721775635	-0.8545066456290744	-1.2627105661369491	1
11.5658095243638464	2.0670397482355254	5.0875077422491577	-0.9828536845561526	7.2077979934377723	1.8576741932202423	2
13.4777109160291442	0.6896647753288674	4.6198570702517063	0.4553938367029771	4.4818174647478184	1.9872744367539057	2
9.8349197676605620	0.7119636090528445	5.1605765840358000	-1.9280818817466230	5.1483761930452641	3.7261838060045704	2
-0.5994036999694203	-2.5421008481668173	1.9431957568189315	0.9050803007668373	-1.6912667777150374	-3.5625543686373931	1
-2.1304001482439303	-3.5467299296549966	-0.7351559326877802	1.5868741371597843	2.4653880661411298	2.0243117123086338	1
5.5657805033235981	-7.3006782395575422	6.8351720379985208	7.5829224822214991	-7.3376129216066195	4.5970075938555999	3
11.3730474693136845	-0.3483675783856750	4.1248942247363445	-0.8824290414720490	3.0610237384438603	1.3040724833659145	2
6.1957996827810602	2.8067098093228475	0.6873191973090012	-6.9098825286360412	6.9624008056539308	-3.8253136057637684	0
4.8234043591207065	-1.0905956883827770	-1.1820488105110067	-0.0725818753516765	-0.0156446563444135	-0.2147473538426188	4
3.6682772852243311	-5.5783742910727625	7.0332164154611725	4.1313750274833785	-7.2430219358562775	4.6361489312477975	3
2.9672776195290718	-4.1158691859519561	-1.5302063273450845	-0.1746658830151724	-1.8556683618329095	-3.4402008417408663	4
-5.3488262926833894	-3.0199205256342418	2.7687677317257373	0.0548071524941055	2.6905380250203477	-3.5028578430368635	1
5.6967863392772822	-5.4320066373409572	8.9027830451760170	3.4685099514530937	-5.9478176894793835	4.0114578379511503	3
8.7532783823415912	2.7623591016307758	-0.3025643740042143	-5.4340424612906357	9.1107338055573326	-1.3724478788495578	0
10.5257979456001536	0.4360969842444273	5.0165377944682206	-0.1467515982271101	3.5583801948503915	1.4942429521872969	2
11.2231885870968142	1.4142554487583894	3.4853572189697104	-2.4282217711426668	6.5958857380184863	1.8739117183842202	2
11.7694139080111349	-1.0670805909868202	4.4031423601437094	-1.1733787545251602	7.3798067368873710	3.1136403175851579	2
2.8311307343334011	0.7705055926268818	-1.5936651976041980	-0.4403254836367753	-2.1403680984241382	-2.6671251778097105	4
11.5076677760545287	0.3326501666706330	5.2047451920630108	-0.6981372398914214	2.6647973569208689	0.4840962900181711	2
-3.9791113048822551	-2.4918739085312120	0.0849544912110942	1.6565673914137529	1.4303123862550038	-1.1186158707868517	1
7.5794416624769232	1.8913448659928236	0.4374930314159116	-7.8546221396126876	7.4367645646094580	-2.6483764593232895	0
9.3459503310311334	1.4471475308387838	3.8843284001703386	-0.7048373051576569	3.9597739050624501	2.8742482363378286	2
7.5345348544017430	-4.9675341359039882	8.5018158140292801	4.6836947963346622	-5.5675657012300626	5.1360017994491978	3
G3
0	3	2.288506098563671	52	3.250731775116854	46	3.2654560715865513	
1	54	2.492922782389703	89	2.8438593534399255	30	3.327002979761209	
2	83	2.6858578876764403	75	2.7208409530042594	9	2.8986712740408547	
3	47	1.3606473007282684	0	2.288506098563671	46	2.7702096609207403	
4	72	3.1130319947953806	89	3.758010049858459	55	3.7681173128938408	
5	97	2.174144222580059	56	2.2674628291355887	74	2.415593995376627	
6	46	2.630795576612528	29	2.797297478735106	38	3.1497814205027326	
7	22	2.5570696206724532	57	3.0986308369239053	64	3.1831030282486488	
8	34	2.0026379637435032	15	2.449838498372428	9	2.4877417045510954	
9	75	1.2878949491367633	15	1.5193432125731403	34	1.84556069741203	
10	41	1.8439984172504766	32	3.3386809800573394	96	3.66299064819805	
11	56	3.105869418424806	84	3.882486392692455	5	4.2426819567089975	
12	72	2.187851300387328	45	2.341873293540001	35	2.653961606665412	
13	7	3.992729539437036	22	5.193736565975418	57	5.436586281376124	
14	97	3.7664836692479406	84	4.082308468969398	52	4.352490240906428	
15	9	1.5193432125731403	75	1.7830150419566702	34	1.8623613723741732	
16	91	2.1089691908412798	61	2.1958132391850556	75	2.264631265874551	
17	96	3.016627945883305	24	3.528493876043032	63	3.674868657217133	
18	66	2.4464262760101256	76	3.313625509997314	32	4.37796514473822	
19	6	3.3951613852750584	46	3.8449564594323595	52	3.9592898112965673	
20	24	3.4882085235858757	17	3.77008758853487	63	4.156322835690691	
21	23	3.3910507075103093	53	3.402777627503732	58	3.429178397538753	
22	7	2.5570696206724532	57	3.7964960484807246	87	4.083927862010872	
23	89	1.662725040570275	72	1.9507712603367817	39	2.4664936270866114	
24	37	3.366665862386226	20	3.4882085235858757	17	3.528493876043032	
25	31	2.6517126084321454	63	3.094970055531157	32	3.3446341717710117	
26	52	1.9553644709627214	29	2.0587643515334273	46	2.3682517347676417	
27	96	3.776438664890236	24	4.501490865070831	41	4.636346880719058	
28	50	4.006011719889154	57	4.638783923414247	64	4.641420381206747	
29	38	1.781312116892918	74	1.7867415622122171	26	2.0587643515334273	
30	45	2.5297601706879886	54	2.7751265140643717	53	3.0134599881269906	
31	69	2.3815352228440236	25	2.6517126084321454	37	3.0219962161655842	
32	76	2.2340549680405095	63	3.073328847026222	69	3.2117384412892007	
33	30	4.085103086096526	53	5.010232116962415	1	5.13542367545055	
34	9	1.84556069741203	15	1.8623613723741732	8	2.0026379637435032	
35	45	1.2457723704562056	12	2.653961606665412	30	3.1951291215983155	
36	94	3.8061882628329218	73	4.0689780578397095	59	4.175583896383713	
37	31	3.0219962161655842	24	3.366665862386226	25	3.655840580472134	
38	74	1.6322346697184058	29	1.781312116892918	90	2.1495682019597036	
39	89	1.8500091324070378	55	1.8615593111769666	54	2.157630796690745	
40	49	3.87374918361386	87	3.953561532500068	73	4.914947175437576	
41	10	1.8439984172504766	96	2.549402931200135	32	3.489271911140786	
42	97	3.3127639235186814	3	3.468179653046151	46	3.488173728046102	
43	77	1.8261194646037529	92	2.1922416848667883	75	2.703570582161369	
44	93	1.7712108685183974	65	3.3080821996069676	77	3.42041726604844	
45	35	1.2457723704562056	12	2.341873293540001	30	2.5297601706879886	
46	52	1.6321557980157861	84	1.882016982512551	26	2.3682517347676417	
47	3	1.3606473007282684	29	2.457147617153021	97	2.856424271472951	
48	87	2.96385552558925	80	3.755906382911028	25	3.960009485162846	
49	94	2.898313194513597	87	3.1436457666688935	57	3.183115917296172	
50	28	4.006011719889154	85	4.835164980573382	60	4.8648359559678465	
51	96	4.184274975913946	81	4.639415123619582	24	5.321828047619236	
52	46	1.6321557980157861	26	1.9553644709627214	3	2.9587934914863845	
53	86	1.597649882455625	39	2.859392769978252	54	2.886004103525251	
54	86	2.0016491706134527	89	2.121051640551881	39	2.157630796690745	
55	89	1.8156245878119874	39	1.8615593111769666	72	2.138735196161692	
56	84	2.0970526122243878	5	2.2674628291355887	97	2.454071030792932	
57	94	1.86868158467075	64	1.9471732791899956	7	3.0986308369239053	
58	53	3.2930689365197536	21	3.429178397538753	39	4.076086344054229	
59	60	3.2432677262991247	36	4.175583896383713	85	4.402226580722576	
60	59	3.2432677262991247	71	3.729516401635844	85	4.102986796594092	
61	91	1.2452821667759302	98	1.6821847540082868	83	2.117330510758475	
62	97	2.6883057625407134	47	3.0288649483346597	3	3.2319579191721908	
63	32	3.073328847026222	25	3.094970055531157	96	3.5531912647752204	
64	57	1.9471732791899956	7	3.1831030282486488	94	3.372979729552583	
65	93	2.4782500617536734	15	2.5659861434554	79	2.7291361417323925	
66	18	2.4464262760101256	76	3.514208563678026	96	4.095479109623458	
67	55	3.063101928874958	72	4.002598306457425	12	4.223509900787353	
68	73	2.871861331209403	85	2.9326022384489905	36	4.179311349493441	
69	31	2.3815352228440236	32	3.2117384412892007	76	3.712342665006163	
70	94	3.879940183746755	57	4.46646122647203	36	4.862899805273924	
71	60	3.729516401635844	57	3.7761684238767477	94	4.1493953198890265	
72	89	1.5941113538863665	23	1.9507712603367817	55	2.138735196161692	
73	68	2.871861331209403	85	2.896712597536284	36	4.0689780578397095	
74	38	1.6322346697184058	29	1.7867415622122171	90	2.1408235029461693	
75	9	1.2878949491367633	15	1.7830150419566702	16	2.264631265874551	
76	32	2.2340549680405095	80	3.21842263971607	18	3.313625509997314	
77	43	1.8261194646037529	92	2.360972663717378	16	3.1653520010375025	
78	34	2.9365800624426486	16	3.1022357695253144	65	3.134113943841215	
79	98	2.458310973747186	15	2.571173786194153	65	2.7291361417323925	
80	76	3.21842263971607	48	3.755906382911028	17	3.8855025203202085	
81	41	3.732407989677261	10	3.768575114333656	96	4.01961041380012	
82	53	3.5463521140328615	30	3.9558548556839854	86	4.304617318681787	
83	95	1.5847099668098914	91	1.7184278318683803	61	2.117330510758475	
84	46	1.882016982512551	56	2.0970526122243878	97	2.3059718505760833	
85	73	2.896712597536284	68	2.9326022384489905	49	3.896074636399732	
86	53	1.597649882455625	54	2.0016491706134527	39	2.520927098221063	
87	48	2.96385552558925	49	3.1436457666688935	40	3.953561532500068	
88	31	3.622941309225686	37	4.2230131827714406	69	4.301619678301713	
89	72	1.5941113538863665	23	1.662725040570275	55	1.8156245878119874	
90	74	2.1408235029461693	38	2.1495682019597036	29	2.57584398396279	
91	61	1.2452821667759302	83	1.7184278318683803	95	1.7700577181830037	
92	43	2.1922416848667883	77	2.360972663717378	16	2.874162130819898	
93	44	1.7712108685183974	65	2.4782500617536734	92	3.320212393387538	
94	57	1.86868158467075	49	2.898313194513597	64	3.372979729552583	
95	83	1.5847099668098914	91	1.7700577181830037	61	2.302752490804617	
96	41	2.549402931200135	17	3.016627945883305	63	3.5531912647752204	
97	5	2.174144222580059	84	2.3059718505760833	56	2.454071030792932	
98	61	1.6821847540082868	79	2.458310973747186	91	2.4643767701126165	
99	89	2.576760356149924	55	2.6253583288397895	39	3.319290376101673	
