13.9339942445883889	8.3998891276184011	7.1151463497421510	-13.3396777026968891	7.9000621722457076	-1.6089008099638322	0
4.2535172685824829	-5.8223770982238996	15.3624919593117504	8.4702932199554368	-0.4323428245364689	-8.0074577031860876	3
17.3928042132414333	2.3094698182018840	9.2940093650867883	-9.1003941666375034	4.4969267026839503	4.1750819574675546	2
12.4453739070486407	5.8035724004861393	6.0641484158498908	-15.5484350404111353	7.2469657246972101	1.2114316036921320	0
2.1957723542333674	-7.8030662503795405	18.9767369523099596	4.9970580839366621	3.8556820084379853	-4.4361853506017903	3
11.5734262623550297	2.8014629698616229	7.4526701819349910	-14.8964884765259313	8.5106615204275471	0.4542114714944478	0
13.5875033988704867	3.1993841538761973	4.4258299642231211	-11.5686707507016564	7.4015167470888290	-0.0861459061269443	0
-1.8181891738817244	-0.8857430277410971	-2.9621350031044873	-3.1636455102546246	-5.2949130177946788	-1.6625966918945161	4
19.4099598659264956	1.0900819700471842	13.0209839320568346	-7.8023805326509468	3.9768637333802812	4.9009566032201750	2
17.9409482706435561	1.7317054076453839	11.2951973966629815	-8.7895386515196137	6.6345351392634297	3.8637481171253159	2
-3.7530632178223589	-2.2054870339975361	9.7770830484133278	1.6004316495878839	7.1283166898208261	-7.8763755344876119	1
9.3164267985497435	4.5685334363227312	8.5397590961297212	-14.8965421059818421	8.5171130762378517	0.1275520840888320	0
0.6990825058604281	-8.3867877800978992	18.1321123815722416	8.8895614084812156	0.7805367638676010	-6.5471622830883902	3
3.2040745792950158	-0.4934551242832868	-5.9735417100757386	-2.2099728428809180	-5.0374161750068964	-2.1382204821158850	4
13.6272480001551450	3.9166663734396936	4.8563506165055079	-15.6680817090829940	8.2609002195552570	-3.2864554465656699	0
16.9707503671331743	3.3613791879394972	11.2645023696997875	-6.8918588920619479	4.6712829594630687	6.2340932775764966	2
17.7940467857539346	2.3377087790917290	8.7419357775779609	-6.1921991840454815	6.8611207957928988	3.4005809910138485	2
-5.5260023039690545	-4.4194647030590684	10.0282383570023743	8.5001970524394217	6.0187678036723602	-10.1606862983595825	1
-5.5317699849590651	-6.4881149433093617	12.2660500707221125	3.4731464399463414	4.2678253814054417	-8.9239849034051879	1
15.0403079904161796	4.8454833580679386	5.9565969653110926	-10.0137103322150516	8.6466469592876862	-2.1403941379631579	0
-5.5542886393894442	-7.3444940979099922	6.7521183050392946	7.6280007024841341	6.2871074707380856	-12.1768641319414233	1
1.9033229326018435	-6.6967134726334443	18.1395114231344756	9.7574906810322055	-1.5904463466281613	-0.5964075839049254	3
-0.4507335270940207	-0.8532079501226746	-4.1876282732032903	-2.4192870946846279	-0.9149341741286250	-1.2895472413754754	4
1.9877074560651196	-7.7904531580043370	19.2013445781360019	6.8058627433470580	-0.0277524493392654	-4.6417603082044359	3
-5.1905694356025220	-5.8109329503795486	8.4798715436835614	8.1535171049675075	9.6610138809951902	-10.1829696811743489	1
-3.1804110682886702	-5.6162105502792397	9.2310818527785177	5.1969192657714203	7.2857091779302490	-9.3868725210562651	1
12.8486002943038748	5.1523055619289986	8.5407764086596956	-11.5599185054451254	7.6973873772134080	-0.9530748892435597	0
-6.6364918020031745	-1.1549208510047289	6.8495493501052014	7.1434610540855665	9.1446203766460510	-8.5272706836138958	1
1.3704489983120336	-2.4038941317450728	1.3242559886670724	-0.2234144470665489	-6.0143700198898360	0.3572649838995173	4
14.3479369852897189	5.7583857768876818	6.1302829357779647	-13.7397664976695246	10.0259286085466783	2.7500939684861332	0
0.9702814695928081	-6.1140975946969469	15.7103988974168374	9.7466538110068690	-1.0381589725672371	-4.9676968256444356	3
-4.3277233296960453	-5.2058031501160542	11.3614088311622883	3.6395983591083363	9.6263141110094281	-13.8512223249452830	1
-2.9476048226322331	-3.0574031854933503	10.4948638426124301	2.8120034880031297	6.2701027125578737	-11.7177401949910305	1
1.2447167079898218	-3.5356188527985699	16.3492198680338952	9.5239807604315558	-2.4150307932448070	-8.7103821097986618	3
17.9932051013336221	0.8427381385677721	10.9966940470438530	-6.7371668467092425	5.7159325766025235	4.2357226939240924	2
1.5948923900327450	-8.1411079348849995	18.6730288043374024	9.9294246640342561	2.3431748884349979	-7.6910350612997762	3
3.0711595843159749	0.7937456370273899	-1.1537955763086978	-0.7712133678726005	1.5877435996332960	-2.3169858761935638	4
-4.7942942488736149	-4.9864857733286980	9.3658745775737469	5.8465084816817807	9.0663849161168564	-12.8098772109149159	1
12.7035693773579084	4.6587780354617863	6.5289174302116697	-11.9313866892324132	10.6257321798747579	3.5689527555299048	0
1.4353420262914396	-7.4376247084093876	16.7317388829063418	6.4811609097024894	1.0910103912350824	-4.1022720087982254	3
6.2771357772624974	-1.2722943409392959	-2.1720251164685744	2.3753578601407104	2.0323714046637198	-5.0946600880595794	4
-6.1236448215137855	-2.8114198466870377	10.2902622609959131	4.7243818666033652	8.5845581178042192	-9.8879210735990366	1
12.5886997270273788	3.9543462823803850	5.6605873532842264	-16.5069529465772469	4.2653685595459976	0.0136340700664599	0
17.0196641495910157	3.8350028603529074	11.6760985542309186	-9.7844712563729583	8.9639341312390499	3.2547594126027670	2
18.9194790012300942	1.6793969852873458	9.4971076812914550	-8.6321715800183192	9.1079114065631561	7.9340795130421053	2
2.5375395849048865	-7.1909564403030419	19.1961922352184615	10.3824126537458525	0.2233575508448866	-6.6711176402291414	3
12.0614495232179397	5.9937811550519777	5.5782642199281955	-11.1097692632725504	6.8040229238685690	-1.4133359145815358	0
12.6238205166450079	7.2880820395655235	7.2245375547189798	-12.9393058589084475	7.7390279209886526	1.4406740616944678	0
0.5111955786241984	-4.7180912329178168	-0.2933459432564772	-0.9714439084558455	-1.2326298125550970	-3.9821316280403445	4
4.8742755548775900	-0.4404133396562708	-1.6503224318307246	-0.0230972965658863	-4.4360566708494407	-6.1946044440831667	4
2.0271139742323885	-2.8282356348717230	1.6209082955755165	-0.2841009470672531	-3.4757722637789632	-0.0467613186858487	4
-9.5159912819304928	-5.8567140063348297	8.8560585011179427	6.9140339383748364	6.0137084114806107	-7.2762180132927874	1
15.1743470302645935	6.1885752661198783	5.9377942784112356	-12.8608013086051152	7.7790839441098338	-0.9426727117719107	0
3.2206665136841663	-5.0926930090900004	16.5575519868585701	9.2161551363773917	0.1938728630522757	-2.4433214250930080	3
3.0775904228561748	-6.3511365890467886	15.4878680068998378	8.6515406139896704	-1.3600830246688904	-6.0925807396896037	3
3.3915549158423777	-8.0774716957710346	17.1716566520928566	6.2018601804431066	-0.2045689405676598	-3.7914700913284780	3
13.6086973731092460	3.7659782572659197	7.4929635102134675	-13.6839107427590783	6.3263738976496739	-1.4473815000296373	0
2.2468484045833943	-0.2823599505256904	-3.0531823216695857	-3.6546638998276015	-4.0726095194511975	-1.8473206428405990	4
2.0696491820232357	-8.3045594960384985	16.9930415131206161	10.2980344248676445	-0.2594925539196231	-1.8508160662174236	3
0.5607967208251026	-0.4302114635028835	-3.6706174418417650	-1.8686097684808174	1.0669487667871305	-0.2282349071835785	4
1.3856809609997538	1.0107051058490817	2.1885843933408218	-0.3253688140979969	1.4129167138701768	-0.2112482558578958	4
16.0353358865406470	4.5912869075033385	10.3288637883630514	-8.2912338897060138	3.2800808448423497	5.2397679212368589	2
15.1446536217711660	6.0575185356443022	9.3161676732944727	-17.5882977845858512	6.5240629559513890	0.2259793245523460	0
-5.4637992385741274	-5.8070813988831471	7.6824371142458121	4.3947446054539760	5.8989366631451272	-10.3876824166357089	1
1.2962161811902249	-1.7846373650132177	-1.1849128439636154	-0.3465548831446568	-3.9635678810603547	-1.2971133546746532	4
19.2043173352149452	0.9478833445120569	12.2624756689790324	-8.7198509280129173	5.6398814978828486	7.7091683143271670	2
-6.1318989837149163	-5.7325932164701001	12.8442228061109613	4.7993098522338400	6.3580547405677317	-9.5768372213074553	1
3.7376995315081007	-8.4843357593983377	16.4729019024124774	8.1135281061835229	3.9610330646877516	-4.7482515271038590	3
4.8749544627330268	0.5236993669002503	-1.5034621704997626	1.1839410539474398	1.3211748578899769	0.5548834574791308	4
-5.0178961599842964	-4.8057477745711052	11.8554360187374410	2.3401103097857430	6.1217086406882011	-11.6713603605402110	1
5.0462454104605516	4.3634140427932024	-2.4204653295340091	-3.3589007782455473	0.4948186677797431	-2.6354821387172009	4
1.5598607625073657	1.2415811999160160	2.6950860816300599	-4.2323965989761421	0.0157032445482934	-2.8210837229773391	4
1.8298106661940965	-8.5673724725319325	19.5770026567844333	7.0236602819961789	0.5285758664945570	-6.1619578835321231	3
5.3698892068964810	0.6656872787078258	0.6439041571026500	1.6032431064080375	2.3460669318738301	-3.3999209824246011	4
14.4076243151951093	4.2655399359088877	4.7536306219029356	-12.4035704142708418	8.2113593859668761	3.5259525520862494	0
17.4866829597968518	2.1905337523325841	12.0163822193226224	-8.2904610772813108	5.3084746098974733	4.4291021366423253	2
-2.7534908273725125	-3.5537143828343059	10.5446348628071132	1.9444406645441596	4.9139383948756805	-10.7832034324348367	1
18.8980559903080305	5.5980765175095160	10.7302058076565618	-6.7638016105052330	8.9534772605125656	4.9670549895848293	2
20.5189974938135933	1.9111459233659613	10.7228898760374420	-7.3408099560363063	5.4622387915599369	4.5054999460603202	2
15.1086729848981225	1.9084559230931037	11.5571478808843633	-10.0738350170208051	6.1352805770531891	7.3809488348902210	2
-3.8774445576196745	-5.0104532869519778	11.3928593304935060	4.9158530294921823	2.7825293741401835	-12.3242447256146264	1
-4.3300048558656652	-6.1909563816431650	9.3046890928215191	6.0802883075513892	6.8824637550280379	-7.0170977009826982	1
3.3834035347786360	-8.6230632557288640	15.8855754584670219	11.4613331525374189	-0.3583976152216097	-4.2601458226680204	3
18.4850069458510404	3.1285060923431454	9.8445047564564749	-7.8210307392398271	4.4680546078735324	3.8707568120357037	2
11.4603276084727561	6.4781828425192458	6.3534708182655919	-14.1946176197431377	8.7099048914233617	-0.6953564203293223	0
3.7497567515899402	0.7543587576511919	-0.5585282791376018	-0.7921803678372323	0.8157183174372702	1.0155641775119566	4
0.5348482413588475	-7.9847867735615070	14.9086398302311434	8.9507390714448007	-2.4162611443419451	-3.8242775779486164	3
4.9337770723235117	-5.1046066352554718	-2.2026812475502160	1.3586405929376550	-1.7994101716008912	-2.1203028632569145	4
-7.5924056475533614	-5.0394992381510058	10.2007562375272691	4.3154614413014798	8.2686237243127589	-13.0206321870935859	1
4.6159653126098608	-7.0675428855391944	19.0362295195433866	8.4102536950174027	0.5135405166388129	-3.8285706962307877	3
14.2466700987824844	5.0949477095672187	5.3808768276245313	-13.6720773682521752	10.7469085949218766	2.5833830874944632	0
17.4712103966751897	1.9117378711094000	10.3400132981760660	-5.9969532033688546	4.3444019287099369	5.3956151237633394	2
16.4593901113589922	5.2966293967937794	9.3654126696471369	-8.6401307436395864	8.5155640220589142	6.1250917008198567	2
18.2611024010381122	-0.0911549333428963	11.2034442096312610	-8.5321496044484366	7.6159834740393872	5.9672811052433996	2
5.3973827087211337	-0.3145842736280352	-1.5278369778011465	-1.3942519637597592	-2.4679891997319907	-1.4047419216562749	4
16.9120698890121837	4.0285553387748063	12.2652564102551729	-6.3850408247190922	3.2322038005236418	3.0027705032982226	2
-6.7584365411833645	-3.7966593852301163	8.2304552179690287	5.1039261362722037	6.6406531866878469	-10.5913067854809153	1
12.6453085173771687	3.0530565066047615	5.1545021761369751	-15.9430239438148824	9.5325927137798132	-0.5756295900949913	0
16.2030855387792698	2.6904125637322398	10.7115069965474259	-8.3587059068927800	5.0760960454121093	6.6891766705655904	2
6.0972978192616978	-4.8666938469710246	18.2295382488083106	7.5321055408744044	0.7507738166430074	-2.3075706571259040	3
G3
0	52	2.9158806796882284	47	3.5285653140320603	84	3.5515436265753677	
1	54	2.4976821216999125	33	4.55973549539024	30	4.714025154117052	
2	83	1.974079677916255	75	2.9687372451370875	9	3.0662610617903985	
3	84	3.019598664388191	47	3.268692002918046	5	3.7810435250519414	
4	39	3.963494241717176	23	4.299883396614147	67	4.3510604528281585	
5	11	3.083033392821137	97	3.1135124087775288	3	3.7810435250519414	
6	46	3.714111267556422	19	3.918126890399214	52	4.035488674140166	
7	57	4.320432745158298	22	4.821854129542839	64	4.848516050552416	
8	75	2.855393066838656	78	3.124278987890037	34	3.281417279895168	
9	75	1.8066898159328886	34	2.4650605693717367	93	2.981287997623642	
10	76	4.1082185432934155	32	4.341687877940759	41	4.7091595989482204	
11	5	3.083033392821137	84	3.7722636501614075	3	4.545031682694964	
12	35	2.446839378192943	72	2.6631407488483374	45	2.9148964657662693	
13	57	3.5485136224207228	94	5.693174178869639	64	5.794046903009123	
14	97	3.29246007703359	56	4.246916302443786	52	4.7255574800852465	
15	98	1.9667038608463165	91	2.194846975609073	75	2.796870228176059	
16	34	3.1087688204624384	83	3.3044467016893497	91	3.632035565648954	
17	96	4.152786582224865	24	4.22288750785184	25	4.5480797820191	
18	66	2.796289671297537	69	3.9410348148545826	80	4.640259911931697	
19	52	3.4807104313080317	6	3.918126890399214	46	3.9319897559413843	
20	63	4.128330413228417	24	4.593937280951582	17	4.9180550402380705	
21	58	2.750344103674237	53	3.7011891827925743	89	4.998873181196444	
22	59	2.6128354425200335	57	4.549501504366473	7	4.821854129542839	
23	72	1.8540743352044238	55	2.700347575581696	39	2.859485438358053	
24	37	3.7680584006914533	17	4.22288750785184	25	4.433991915504891	
25	81	2.8663735112183355	63	3.3491545774627913	37	4.2812468551493135	
26	56	3.198894003526117	46	3.364036351884353	47	3.738854005894102	
27	41	4.781473582078949	96	4.856990160346562	24	5.51863255361656	
28	50	2.703826152855368	64	3.6936213059401193	7	6.6398616080639306	
29	90	1.2506802322121888	38	2.8935312412399004	74	3.1316706171221482	
30	54	2.667345185059664	86	2.858662475090279	53	3.8725922818949625	
31	37	3.242887313884552	88	3.875940678064289	69	4.427547015903001	
32	76	1.9369274823762617	69	3.0725928352737952	10	4.341687877940759	
33	54	4.5558142876270855	1	4.55973549539024	30	4.804686461076214	
34	91	2.3708292875054027	75	2.3935375984642024	9	2.4650605693717367	
35	12	2.446839378192943	45	2.7935867234510265	72	3.889520542220612	
36	85	3.538183306256286	68	3.9484413197403687	73	3.989752802010809	
37	31	3.242887313884552	88	3.3991485451493273	24	3.7680584006914533	
38	90	2.811660786866077	29	2.8935312412399004	74	3.502011587860932	
39	55	2.5065580412967066	23	2.859485438358053	72	3.792150514877677	
40	73	4.009368215090513	36	5.779072100431307	68	6.283414601735119	
41	96	3.1676543725143644	88	4.148555994902832	37	4.169140222122107	
42	3	3.8531076056885225	56	4.334207756404216	5	5.136311671302092	
43	9	3.493503698632571	92	4.187945414619241	77	4.4258341941851125	
44	93	3.5474001071987074	65	4.510987625049321	92	4.772538833576431	
45	35	2.7935867234510265	12	2.9148964657662693	72	3.764842263111612	
46	26	3.364036351884353	6	3.714111267556422	52	3.754426529510375	
47	84	3.1383826479325365	3	3.268692002918046	0	3.5285653140320603	
48	64	5.007407776114043	50	5.52496153192922	87	5.707111584443362	
49	94	5.385221853433389	64	6.256144390444085	57	6.41214600962648	
50	28	2.703826152855368	64	3.361720760575168	48	5.52496153192922	
51	96	5.1863933741974115	81	5.3595198987132955	17	5.495070475252001	
52	0	2.9158806796882284	19	3.4807104313080317	56	3.712329866327515	
53	58	3.6820706065632742	21	3.7011891827925743	99	3.779710482680325	
54	1	2.4976821216999125	30	2.667345185059664	86	3.9774473193948774	
55	39	2.5065580412967066	23	2.700347575581696	89	3.374882007138709	
56	26	3.198894003526117	52	3.712329866327515	5	3.8641628841197444	
57	13	3.5485136224207228	64	4.231923120836837	7	4.320432745158298	
58	21	2.750344103674237	82	3.197153769026165	53	3.6820706065632742	
59	22	2.6128354425200335	36	4.4690907041237375	85	4.901696114573126	
60	85	3.909069394019232	36	4.326995053624938	71	4.936445997922347	
61	15	2.8540268789987193	98	3.0197496316440833	2	3.374810151898314	
62	3	4.856024453321758	56	5.386821646473244	42	5.534943437574138	
63	96	2.6669741260151008	25	3.3491545774627913	20	4.128330413228417	
64	50	3.361720760575168	28	3.6936213059401193	57	4.231923120836837	
65	93	3.1725674843882414	8	3.482998293211477	75	3.9507024905636374	
66	18	2.796289671297537	69	3.6835164075404654	41	4.485057536817162	
67	39	4.21691748044839	4	4.3510604528281585	89	4.70832932971086	
68	85	2.5661143030817484	36	3.9484413197403687	73	4.6629389064617985	
69	32	3.0725928352737952	76	3.2889823591120297	66	3.6835164075404654	
70	36	5.122499362733682	94	6.079189742961476	85	6.1801409310013256	
71	60	4.936445997922347	36	5.657180014231953	85	6.543241972142716	
72	23	1.8540743352044238	12	2.6631407488483374	45	3.764842263111612	
73	36	3.989752802010809	40	4.009368215090513	68	4.6629389064617985	
74	29	3.1316706171221482	90	3.1676202733740335	38	3.502011587860932	
75	9	1.8066898159328886	34	2.3935375984642024	15	2.796870228176059	
76	32	1.9369274823762617	69	3.2889823591120297	10	4.1082185432934155	
77	92	3.599173514867743	43	4.4258341941851125	16	4.79171968332375	
78	83	2.830646001607872	34	2.845631113543186	8	3.124278987890037	
79	98	2.658268608512903	75	4.303815187283302	15	4.3871970937762566	
80	69	4.446047471976135	76	4.455541391751649	18	4.640259911931697	
81	25	2.8663735112183355	63	4.385632864728266	17	4.645018245431433	
82	58	3.197153769026165	30	4.006442659803127	54	4.203506768108618	
83	2	1.974079677916255	75	2.7985558291818378	78	2.830646001607872	
84	3	3.019598664388191	47	3.1383826479325365	0	3.5515436265753677	
85	68	2.5661143030817484	36	3.538183306256286	60	3.909069394019232	
86	30	2.858662475090279	54	3.9774473193948774	58	4.142946386016665	
87	94	5.670282356825349	48	5.707111584443362	64	5.792996537673642	
88	37	3.3991485451493273	31	3.875940678064289	96	3.91098811447578	
89	99	3.290850684902418	23	3.3145055967579387	55	3.374882007138709	
90	29	1.2506802322121888	38	2.811660786866077	74	3.1676202733740335	
91	15	2.194846975609073	34	2.3708292875054027	83	2.9019956538596987	
92	77	3.599173514867743	43	4.187945414619241	98	4.571363024961112	
93	9	2.981287997623642	65	3.1725674843882414	34	3.2889393287082536	
94	57	4.4870622507636435	85	4.669044520096084	64	4.737534022337265	
95	61	3.6708265248977288	83	3.6724722851148353	75	3.7076125252332788	
96	63	2.6669741260151008	41	3.1676543725143644	88	3.91098811447578	
97	5	3.1135124087775288	14	3.29246007703359	3	4.123850950092302	
98	15	1.9667038608463165	79	2.658268608512903	75	2.960877330324811	
99	89	3.290850684902418	53	3.779710482680325	55	4.8614239230855665	
