5.2719503940436017	12.1337121831215491	4.6514722712133096	-9.6267573076406503	10.4206595588020807	2.4669815364243464	0
-4.4085265819623043	-2.0885540427207516	12.8988178807829090	12.1832136150116757	2.0882545620199044	-3.9315753567979090	3
17.7483344866701636	2.2657818478475034	8.0320607740893539	-9.2666308629793939	3.5326845966514040	5.3278047727918736	2
3.7833300565038535	9.5373954559892873	3.6004743373210495	-11.8355146453548965	9.7675631112535832	5.2873139500803106	0
-6.4662714963114194	-4.0692431948763925	16.5130628737811165	8.7099784789929018	6.3762793949943584	-0.3603030042136117	3
2.9113824118102425	6.5352860253647709	4.9889961034061496	-11.1835680814696925	11.0312589069839202	4.5300938178826264	0
4.9254595483256995	6.9332072093793453	1.9621558856942798	-7.8557503556454176	9.9221141336452021	3.9897364402612343	0
-2.7378173390756415	-0.6910722848180422	-2.8981790448837770	-2.5978250242937135	-4.6724040863469565	-2.2015829580310404	4
19.0646765449411077	1.1858892912439141	13.7095241115389754	-8.4730325160706137	2.6095071416942233	5.0589854626768700	2
18.8421410601002819	0.2561471949635710	10.6233911116826327	-9.1206805381882354	6.8719607985038982	2.5473568019387844	2
-3.6878115222519576	-1.5054902147988614	9.6967404045481516	1.7221951893897760	7.1333259821206543	-6.9225519490873797	1
0.6543829480049563	8.3023564918258792	6.0760850176008798	-11.1836217109256033	11.0377104627942249	4.2034344304770102	0
-7.9629613446843592	-4.6529647245947512	15.6684383030434002	12.6024818035374544	3.3011341504239740	-2.4712799367002116	3
4.3225770714604410	-1.4471818598607378	-5.2727120985877240	-2.9084588948114982	-6.4354929661409574	-2.4942215267955139	4
4.9652041496103578	7.6504894289428416	2.3926765379766666	-11.9551613140267552	10.7814976061116301	0.7894268998225087	0
17.1404204656145609	3.8535622744251201	12.6683541970974147	-5.4407129634164608	5.0216470639670048	5.2595808219787656	2
16.5344662658561568	2.9753186800480931	8.4275549915130821	-6.8308319147500205	8.2781451481355468	4.1600308127480607	2
-7.0182030589181661	-3.4691494080907805	9.2728629068334900	9.7147581389905291	7.1739458280483683	-9.8021220477479361	1
-6.9329683928768135	-5.5085844266069488	11.7568244547343195	2.4891158078477194	5.7398702194454119	-7.9379473047918108	1
6.3782641398713924	8.5793064135710857	3.4929228867822513	-6.3007899371588127	11.1672443458440593	1.9354882084250207	0
-6.8088379302201334	-8.0273246655835511	7.9297724286907343	7.1775957806414148	5.4403138939107460	-13.3189640444082009	1
-6.7587209179429433	-2.9628904171302963	15.6758373446056343	13.4704110760884443	0.9301510399282118	3.4794747624832532	3
-0.0971108133861323	-0.2619040437656683	-4.3850311811084648	-2.8493341049185510	-2.1735298819216355	-0.3721599843452812	4
-6.6743363944796679	-4.0566301025011891	16.7376704996071624	10.5187831384032968	2.4928449372171078	-0.5658779618162573	3
-6.2806243029919235	-4.9560849096170179	7.4286787328902442	7.1547394027928144	8.4138286426450328	-8.9560330971317583	1
-2.6375575184737792	-6.8111425341513083	10.1292129625916623	4.7703795510358002	6.5645022196723382	-8.2550049205406673	1
4.1865564437590876	8.8861286174321457	6.0771023301308542	-7.8469981103888866	10.2179847637697812	3.1228074571446189	0
-5.2027391292027376	-0.1368618722687589	5.6224806774439768	8.0915521739024570	8.6262869372915851	-8.3440578794492879	1
2.6897962049398494	-1.2503493381749475	2.0184078723123227	0.3552113476260497	-6.0841506596011143	0.3034846197548792	4
5.6858931347449317	9.4922088323908298	3.6666088572491233	-10.0268461026132858	12.5465259951030514	6.8259763148743122	0
-7.6917623809519791	-2.3802745391937989	13.2467248188879960	13.4595742060631078	1.4824384139891360	-0.8918144792562570	3
-3.5778240834234381	-5.7662471369274684	11.2083437504472787	2.7937087983697335	10.6330384602067518	-12.5143463916339801	1
-2.8032107390199039	-3.0639132049154911	9.4955070695396202	2.9842618145964490	6.8829092068346922	-11.6945844642211156	1
-7.4173271425549654	0.1982042027045781	13.8855457895050538	13.2369011554877947	0.1055665933115661	-4.6344997634104832	3
17.7802973767795258	-0.3683561877797148	10.3160852546540625	-6.6635996955481067	7.0304156145823891	2.9549204459453167	2
-7.0671514605120418	-4.4072848793818515	16.2093547258085593	13.6423450590904949	4.8637722749913710	-3.6151527149115976	3
4.1747621953044600	0.1538185388633154	-1.5246666192235123	0.7049966536357049	2.7287621376979443	-1.8929790458242861	4
-6.1540680911159740	-5.8048255734758847	9.5395195937798860	4.8126256231238935	9.7198085030791965	-14.0026586311525598	1
4.0415255268131212	8.3926010909649342	4.0652433516828284	-8.2184662941761744	13.1463295664311310	7.6448351019180834	0
-7.2267018242533476	-3.7038016529062396	14.2680648043775005	10.1940813047587291	3.6116077777914555	-0.0263896624100468	3
6.9735254514391984	-2.6807089810197589	-0.8532341363966114	3.3586439422618097	2.8266229810864290	-5.8184795748109135	4
-7.3623639911421179	-3.7318168512897545	10.1081955208737497	3.9304869208788000	9.8699745681758007	-9.0101668165420659	1
3.9266558764825916	7.6881693378835330	3.1969132747553850	-12.7940325515210080	6.7859659461023707	4.0895164164546385	0
17.3055625349270912	3.9069326876588062	12.1468969240398437	-9.2033502304948129	7.9775562764642256	3.3249744467624840	2
19.6224921852565153	1.6833183970895746	10.8899176150117807	-9.5018074772827426	9.3213076744918215	6.5017929441156053	2
-6.1245042656399011	-3.4571333847998940	16.7325181566896219	14.0953330488020914	2.7439549374012597	-2.5952352938409629	3
3.3994056726731525	9.7276042105551248	3.1145901413993542	-7.3968488682163116	9.3246203104249421	2.6625464318066427	0
3.9617766661002207	11.0219050950686714	4.7608634761901385	-9.2263854638522087	10.2596253075450257	5.5165564080826464	0
0.3436849365788308	-4.7355406356339911	0.0869487857502494	0.2149177287156920	-0.1701560933782369	-4.1792573909314292	4
3.8215162434861139	0.7541992755808560	-0.9345707925946711	-0.0625553188817153	-5.7094361700785985	-6.3150460139808455	4
1.9224555970494590	-4.1670408086423745	0.3125659930339124	0.4185255360253710	-2.9675719128413061	1.0196053217598890	4
-9.8366810494123058	-4.7222146969747802	9.5724707399437570	6.0477373593687735	6.9713425371697744	-7.3178937723051112	1
6.5123031797198063	9.9223983216230263	3.4741201998823943	-9.1478809135488763	10.2996813306662069	3.1332096346162679	0
-5.4413773368606204	-1.3588699535868525	14.0938779083297288	12.9290755314336305	2.7144702496086488	1.6325609212951706	3
-5.5844534276886124	-2.6173135335436406	13.0241939283709964	12.3644610090459093	1.1605143618874827	-2.0166983933014251	3
-5.2704889347024100	-4.3436486402678867	14.7079825735640153	9.9147805754993463	2.3160284459887133	0.2844122550597006	3
4.9466535225644588	7.4998013127690673	5.0292894316846262	-9.9709903477028394	8.8469712842060471	2.6285008463585413	0
2.1333272664161331	-0.7591629309751571	-2.7987601392755028	-4.8124327556627078	-5.1440633087185823	-0.8125596938218671	4
-6.5923946685215515	-4.5707364405353506	14.5293674345917747	14.0109548199238834	2.2611048326367502	2.2250662801707550	3
0.6679983342811666	-0.9412394531577034	-3.5612178745911818	-1.4364926497258499	0.8822373521485052	-0.8978050183832500	4
2.1296550605122877	0.5421494227460486	2.0093241276039606	0.0229743109775666	0.6440469564345797	-1.3203838466519247	4
16.7720939952823329	5.6590648000482222	9.6376436379051533	-6.8591122088457048	3.8013917337115770	6.6321567887087731	2
6.4826097712263788	9.7913415911474502	6.8524935947656314	-13.8753773895296124	9.0446603425077612	4.3018616709405251	0
-4.9121607465965251	-6.7114305795638760	7.3528150077873420	4.4418035922828496	5.4925677676879499	-10.5734120098282531	1
2.5721218329238988	-3.1797584657601377	-1.8840629546435346	-0.9972105847387772	-3.0064008623256822	-0.2999191489681077	4
19.6374694764057018	1.9757098934018671	12.6518634628938909	-9.6680487372724002	4.8104170920939602	7.5267784131075794	2
-7.6307403116054706	-5.9843323704660465	11.7133044477247132	4.6745473580651176	5.7634018212338924	-10.4209466566285496	1
-4.9243443190366865	-4.7505127038951898	14.0092278238836361	11.8264485012397618	6.4816304512441247	-0.6723691807156804	3
5.7600464504318625	1.0711870061057724	-0.1658781509338025	1.2316989863277508	0.0667376080571427	-0.7638552153638891	4
-3.8923557720773498	-4.6347633414540059	13.3108626893162096	3.4655209235347599	6.5183183748339282	-12.6811319062727428	1
6.3203803439501947	5.7231685166719011	-2.0638971364208860	-2.7017527093343334	1.9196046747728097	-1.8640976003699121	4
2.2693954460904981	1.7786477574034512	2.9486041943531829	-5.7166793445547146	0.6674857276226960	-1.4384826795467438	4
-6.8322331843506907	-4.8335494170287845	17.1133285782555902	10.7365806770524177	3.0491732530509301	-2.0860755371439446	3
4.3537904282251647	-0.7004509225417499	-0.2907327829482088	1.6600718732231059	1.5533586016499412	-4.1182820700642768	4
5.7455804646503221	7.9993629914120357	2.2899565433740943	-8.6906500192146030	10.7319567725232492	7.6018348984744275	0
16.8443389175129887	2.4407613226367886	12.7909132815568682	-7.9799826993782990	5.6015194411183380	4.0931268819564517	2
-1.6807382387460881	-3.6339448515952943	9.7113149354972190	1.1331609900333675	6.2239198477269273	-12.1794008890922889	1
20.0783565257997303	4.3459232140362047	11.3429609229307893	-7.2467324482683750	9.3036038776515753	5.5367059826179599	2
20.0753406816812756	0.7051738257659537	10.8406119260988376	-7.5865056283019854	5.1125420228062888	3.7964992637328923	2
13.7861661176344619	1.6284196163602505	12.6540336946414058	-9.3630637105766041	7.4117660929638669	6.3151442654059364	2
-2.6864437871915046	-3.9664722163913417	10.6346275429575421	5.3720550076053444	3.1496208231355438	-11.1165078718759887	1
-5.6847710526362238	-4.8620387828659659	9.2588688728929789	6.0345435607329465	8.3179135927385452	-8.4566834612797237	1
-5.2786403157661512	-4.8892402002257160	13.4219013799381806	15.1742535475936577	2.1621997713347634	-0.1842634762798419	3
19.0678829046142582	2.2584126753877043	11.1190286980664510	-8.0433383639664857	3.1091429089237708	3.7280908357673677	2
2.7982837579279689	10.2120058980223938	3.8897967397367506	-10.4816972246868989	11.2305022779797348	3.3805259260588563	0
3.9765728845180179	0.8846811472626057	0.7689719697764663	-2.1757700282157151	1.8184266453609728	0.9324760212606815	4
-8.1271956091859394	-4.2509637180583590	12.4449657517023020	12.6636594665010396	0.1043362422144281	0.2516047684395621	3
4.8956890655868870	-6.4226888198226613	-2.0285043190811827	1.8261301741768381	-3.1304217802324068	-3.4419792327445871	4
-6.7309777749325779	-5.9227336561820900	9.3052507458206577	2.8539489806857588	7.9201351516475196	-11.9662373731242724	1
-4.0460785379349264	-3.3337198300360464	16.5725554410145435	12.1231740900736416	3.0341379031951861	0.2473116501573909	3
5.5846262482376972	8.8287707650703666	2.9172027490956900	-9.9591569731959364	13.2675059814782497	6.6592654338826414	0
17.2906498923952121	2.5956789794385848	9.2557794446250536	-5.9241779048266938	4.0391963116504321	6.0450159631474456	2
16.2394188904102919	3.8277554341798554	9.1876655173050459	-8.7565373585229160	8.4092046143937260	5.2377464646712308	2
18.3577732951456056	0.0198690427095811	11.3814723945738994	-9.8239973526180542	9.0323592412832898	7.0605543099411419	2
4.3542437237972287	-1.0821697252968541	-0.4540322016736216	-0.1398081952350263	-1.4341454205213795	-0.6885601131104067	4
18.0659813385135308	3.0928059183586649	13.4662540255407102	-7.0420899132990513	3.8018636127149734	1.6692063752071857	2
-6.4473257486074722	-4.3304733150496020	9.4801867511391933	6.1521369357892324	7.6911700319156342	-11.5408886515889080	1
3.9832646668323815	6.7868795621079094	2.6908280976081338	-12.2301035487586436	12.0531901003361863	3.5002527562931873	0
16.0275648304318246	3.1138844364051499	9.9647300928817639	-7.7298793386299511	3.8601939191013788	7.3923610671912554	2
-2.5647460312830894	-1.1328707914678766	15.7658641702794693	11.2450259359306433	3.2713712031993802	1.7683116892622746	3
G3
0	52	2.9158806796882284	47	3.5285653140320603	84	3.5515436265753677	
1	54	2.4976821216999125	33	4.55973549539024	30	4.714025154117052	
2	91	3.7092765435260495	98	3.761222833464722	83	3.9377087341955392	
3	84	3.019598664388191	47	3.268692002918046	5	3.7810435250519414	
4	39	3.963494241717175	23	4.299883396614147	67	4.351060452828157	
5	11	3.0830333928211373	97	3.1135124087775288	3	3.7810435250519414	
6	46	3.714111267556421	19	3.9181268903992135	52	4.035488674140166	
7	22	4.361497808410701	57	5.54967617766117	64	6.661178794424622	
8	83	3.172780586438954	65	3.7990294548108956	75	4.180498459693818	
9	34	2.800074229829191	78	2.9629706505991056	75	4.33203446280743	
10	32	5.261132071164558	18	5.861797216156615	41	5.945762788866068	
11	5	3.0830333928211373	84	3.7722636501614075	3	4.545031682694964	
12	35	2.4468393781929425	72	2.6631407488483365	45	2.9148964657662693	
13	57	4.416731438035507	64	6.146166605513286	22	6.6631428150699215	
14	97	3.29246007703359	56	4.246916302443786	52	4.7255574800852465	
15	75	3.2005388767568816	91	3.8815411754832234	61	4.23857930529489	
16	92	2.5056852258902254	34	4.397259366207846	43	4.6596689248372245	
17	24	3.8681890737508935	96	4.134472514087175	81	4.514556914842483	
18	66	3.4142446200957197	41	5.132662881617152	88	5.228413979167215	
19	52	3.480710431308032	6	3.9181268903992135	46	3.9319897559413843	
20	63	4.548316918358921	96	5.047836847173419	37	5.686308814681652	
21	58	2.750344103674237	53	3.7011891827925743	89	4.998873181196444	
22	59	3.651806955252351	7	4.361497808410701	57	4.539840669371257	
23	72	1.8540743352044229	55	2.700347575581697	39	2.8594854383580537	
24	81	2.2862349395177866	96	3.582846605714264	17	3.8681890737508935	
25	81	4.307580633132353	63	4.418615731696535	80	5.344306356302206	
26	56	3.198894003526117	46	3.364036351884353	47	3.7388540058941024	
27	24	5.380182981016199	17	5.881784027291982	81	6.334195591834675	
28	50	4.715474301760416	64	5.534566866572253	94	5.635900608417351	
29	90	1.250680232212189	38	2.8935312412399004	74	3.131670617122148	
30	54	2.667345185059664	86	2.858662475090279	53	3.872592281894963	
31	37	4.067994957099416	88	4.610046198746136	69	4.817659387220276	
32	76	2.393186543300973	69	4.421375150334033	80	4.700958814779747	
33	54	4.5558142876270855	1	4.55973549539024	30	4.804686461076214	
34	9	2.800074229829191	78	3.454427314578763	16	4.397259366207846	
35	12	2.4468393781929425	45	2.793586723451027	72	3.889520542220612	
36	73	3.0870918079145	68	3.720175767889045	60	4.686300437638123	
37	88	3.4093780802381732	96	3.7726928125072656	31	4.067994957099416	
38	90	2.8116607868660775	29	2.8935312412399004	74	3.502011587860932	
39	55	2.506558041296706	23	2.8594854383580537	72	3.7921505148776755	
40	73	4.300914106496375	36	6.2273123162432755	68	7.32883364307006	
41	81	3.4576533771696925	96	4.2044679287786355	88	4.420706519797346	
42	3	3.8531076056885225	56	4.334207756404216	5	5.136311671302092	
43	75	3.24181740516421	92	3.7342523548241107	77	4.3595784274382305	
44	93	2.260025553763147	77	3.6769001347896255	92	4.682587999476947	
45	35	2.793586723451027	12	2.9148964657662693	72	3.764842263111612	
46	26	3.364036351884353	6	3.714111267556421	52	3.754426529510375	
47	84	3.1383826479325365	3	3.268692002918046	0	3.5285653140320603	
48	64	5.986157454918669	73	6.12929276583272	50	6.145061178496652	
49	13	6.8659767144991735	94	7.336783328262858	28	7.624891872804145	
50	64	3.157361660656126	94	4.647435680251962	28	4.715474301760416	
51	81	4.5239941608135545	41	4.810274312884659	24	4.825536153196602	
52	0	2.9158806796882284	19	3.480710431308032	56	3.7123298663275155	
53	58	3.6820706065632742	21	3.7011891827925743	99	3.779710482680325	
54	1	2.4976821216999125	30	2.667345185059664	86	3.9774473193948774	
55	39	2.506558041296706	23	2.700347575581697	89	3.3748820071387073	
56	26	3.198894003526117	52	3.7123298663275155	5	3.8641628841197444	
57	13	4.416731438035507	22	4.539840669371257	64	5.126091652579704	
58	21	2.750344103674237	82	3.197153769026165	53	3.6820706065632742	
59	22	3.651806955252351	36	5.1604348037313	64	5.207825429284782	
60	85	4.044246383902226	94	4.28951218097579	68	4.505014195663858	
61	98	2.911847514235391	91	3.3278282235736287	15	4.23857930529489	
62	3	4.856024453321757	56	5.386821646473245	42	5.534943437574138	
63	88	4.253994792491163	25	4.418615731696535	20	4.548316918358921	
64	50	3.157361660656126	94	3.602636915275728	22	5.101252175707978	
65	8	3.7990294548108956	83	4.766337912450117	75	4.8272723887536975	
66	18	3.4142446200957197	96	4.03439781829853	88	4.118991401299179	
67	39	4.21691748044839	4	4.351060452828157	89	4.7083293297108595	
68	94	3.291748842610082	36	3.720175767889045	73	4.333309412181823	
69	32	4.421375150334033	31	4.817659387220276	76	4.962654648589905	
70	85	6.710980524434788	68	6.758185705567296	36	6.940721657406176	
71	85	5.286641342509523	60	5.948850590370841	94	7.758191323276376	
72	23	1.8540743352044229	12	2.6631407488483365	45	3.764842263111612	
73	36	3.0870918079145	40	4.300914106496375	68	4.333309412181823	
74	29	3.131670617122148	90	3.1676202733740335	38	3.502011587860932	
75	15	3.2005388767568816	43	3.24181740516421	95	3.5167388418829355	
76	32	2.393186543300973	69	4.962654648589905	80	5.524835094413722	
77	44	3.6769001347896255	43	4.3595784274382305	92	4.777036320200842	
78	83	2.780651338509858	9	2.9629706505991056	34	3.454427314578763	
79	75	4.489802135884639	92	5.039323306588142	43	5.20785014511921	
80	32	4.700958814779747	69	5.147243444727262	25	5.344306356302206	
81	24	2.2862349395177866	96	3.29119894004818	41	3.4576533771696925	
82	58	3.197153769026165	30	4.006442659803127	54	4.203506768108618	
83	78	2.780651338509858	8	3.172780586438954	95	3.5959492801440396	
84	3	3.019598664388191	47	3.1383826479325365	0	3.5515436265753677	
85	60	4.044246383902226	68	4.652559121249375	94	4.781108720700997	
86	30	2.858662475090279	54	3.9774473193948774	58	4.142946386016665	
87	64	5.813398409954363	48	6.320214394177852	50	6.428241054027694	
88	37	3.4093780802381732	96	3.7091433539422187	66	4.118991401299179	
89	99	3.2908506849024177	23	3.314505596757939	55	3.3748820071387073	
90	29	1.250680232212189	38	2.8116607868660775	74	3.1676202733740335	
91	98	2.7339477217051606	61	3.3278282235736287	2	3.7092765435260495	
92	16	2.5056852258902254	43	3.7342523548241107	44	4.682587999476947	
93	44	2.260025553763147	65	5.014310482223713	9	5.137709066081091	
94	68	3.291748842610082	64	3.602636915275728	60	4.28951218097579	
95	75	3.5167388418829355	83	3.5959492801440396	15	4.360633643240483	
96	81	3.29119894004818	24	3.582846605714264	88	3.7091433539422187	
97	5	3.1135124087775288	14	3.29246007703359	3	4.123850950092302	
98	91	2.7339477217051606	61	2.911847514235391	2	3.761222833464722	
99	89	3.2908506849024177	53	3.779710482680325	55	4.8614239230855665	
