4.3309950311672827	11.2275405933832424	5.0567654321362552	-8.3162830127709260	11.3968728824701948	3.0138551150915656	0
-0.4267558458176204	-0.5873997281582621	5.3415374213068292	14.0729075718116725	-5.8710855862343019	-5.7674536006338339	3
16.8414957725858301	2.8614683196986483	7.7443289941213349	-9.1004519175633938	4.3271122626341487	4.9179389414304122	2
3.1556337543085560	8.2486263652513863	4.1037386856952054	-11.3904464193166781	9.8874392608369863	6.5680343057161545	0
-2.4845007601667355	-2.5680888803139030	8.9557824143050375	10.5996724357928986	-1.5830607532598480	-2.1961812480495366	3
3.1464462213377606	5.4664184492950731	4.6392535132217905	-10.5042481839797190	10.4338952139688121	3.9456334833652247	0
4.2992429557532574	6.3092415028410747	2.7020686582227231	-8.8521541773622374	8.7053653783647071	3.1333812477965672	0
1.2439533970690424	0.8100820297444473	-10.4554595043598564	-0.7081310674937167	-12.6317442346011628	-4.0374612018669653	4
17.8666366242640891	1.7301441093037095	14.9111015869803669	-7.0748043331625112	3.1527199175368978	6.3669655818416855	2
19.5702141457610281	1.5292288369325733	12.0142941453048433	-8.4649054201988605	6.4275959327892345	2.5340086948421554	2
-4.0927533234549909	-1.3845500668950899	10.1472128180000034	2.8664623413598020	6.9440414769920826	-7.3591896210400511	1
1.0716223008022161	9.2752596723148564	6.8266727512867735	-11.7198366521461939	10.7614243763048396	5.2633501226741313	0
-3.9811906085396753	-3.1518104100322617	8.1111578435673195	14.4921757603374513	-4.6582059978302324	-4.3071581805361365	3
8.3043478076051258	0.0539724547017517	-12.8299925580638039	-1.0187649380115014	-14.3948331143951638	-4.3300997706314384	4
4.7307333555575966	6.9758663200871736	1.7446784346591817	-12.7461147972491950	11.7926890497143209	0.0688747499320698	0
16.4819770106890111	5.1327501215580149	13.6999110143770935	-5.7818783081050373	4.1979546929443696	4.5226793141537840	2
15.8777355534200275	3.1995184564032488	8.9869064669116714	-6.0210603675450685	8.9043558459916081	2.9917491745846547	2
-6.4144497605472477	-4.6620561920533472	9.7674193812333865	10.4841135905235241	5.8052556308749761	-8.6283923955083814	1
-7.8333976730287223	-4.4841847779708708	11.6273076378630549	1.8506766980368314	6.7287991446615933	-7.9084522927068095	1
5.2278256952449693	8.5890468074183310	3.7342389708086019	-5.9877347816155435	9.7288915612200579	2.0359236910491303	0
-7.8983229822914431	-8.8558675491326966	8.5118740254009300	8.4774140037303045	6.4535144018681034	-14.6500718910498300	1
-2.7769501817982594	-1.4617361025678068	8.1185568851295535	15.3601050328884412	-7.0291891083259941	1.6435965186473283	3
3.8846599227585514	1.2392502707968212	-11.9423116405845455	-0.9596401481185541	-10.1328700301758410	-2.2080382281812061	4
-2.6925656583349840	-2.5554757879386996	9.1803900401310834	12.4084770952032937	-5.4664952110370990	-2.4017562056521822	3
-5.8995052128190979	-5.9398629986131866	8.3205028298529413	6.0537642529106268	9.0984847014411585	-8.8548219525772343	1
-2.6661176987399879	-5.9055373516505938	9.8780602195063789	4.6191777312433535	6.8620691654356598	-9.4073010695134158	1
5.5440494976078298	8.5116430502465779	6.8925900612808579	-6.5068904852429066	8.8750043301553987	3.9205504922832173	0
-5.1591436017287373	0.7089427388344600	6.9930271579875640	8.1886192353909166	9.5986910021690175	-8.8044516624481624	1
6.6715669410845333	0.2508049763875420	-5.5388725871637572	2.2449053044260463	-14.0434908078553207	-1.5323936240810458	4
7.0301453371457940	8.2233796191104194	3.4348805092048353	-9.5644719088076915	11.7307351249897369	5.5850226818115916	0
-3.7099916448072952	-0.8791202246313095	5.6894443594119162	15.3492681628631047	-6.4769017342650699	-2.7276927230921819	3
-3.5404531815992226	-5.6608103103200982	9.9244631888475023	3.2511774618049691	11.2357363293767953	-13.1117191787707892	1
-4.2241912003406874	-3.0924360225373135	8.1633739391028133	2.8593403982743264	5.3879740114993275	-11.3966475039951902	1
-3.4355564064102815	1.6993585172670675	6.3282653300289740	15.1265951122877915	-7.8537735549426397	-6.4703780072464081	3
17.2119724018728419	1.0479327025976004	11.3545546240826951	-7.4222191359839602	7.3651692849171368	2.0885698109218991	2
-3.0853807243673579	-2.9061305648193620	8.6520742663324803	15.5320390158904917	-3.0955678732628353	-5.4510309587475225	3
8.1565329314491439	1.6549728534258050	-9.0819470786995922	2.5946906104357019	-5.2305780105562620	-3.7288572896602110	4
-5.8042314785136551	-5.7197255911892135	8.6215457072551658	3.7654098692071294	10.1188832232795285	-13.5545804549430819	1
4.5548270032109883	9.0006692197639158	3.5891841473186652	-7.2525730390629928	12.8785067317631814	6.3797332760863537	0
-3.2449310881086637	-2.2026473383437501	6.7107843449014206	12.0837752615587259	-4.3477323704627509	-1.8622679062459717	3
10.9552961875838832	-1.1795546664572694	-8.4105145958726908	5.2483378990618066	-5.1327171671677778	-7.6543578186468384	4
-6.4335527823508825	-2.3712448914412700	9.6615961342672634	2.7819841514554993	9.2879353562300757	-7.9147992925158750	1
3.4898330298417584	8.2880379312976018	2.2049459101585671	-11.8450724941403447	5.2902326285335342	3.1105623964708302	0
16.8150647774450661	4.9588323487817156	13.2494643653047000	-8.5229090686165190	6.9164184106986362	3.0176036409777338	2
20.4874879089494932	2.4221199033700991	11.1278698278284303	-10.3670218841461175	9.2958156638060885	6.3448687884571564	2
-2.1427335294952172	-1.9559790702374045	9.1752376972135430	15.9850270056020882	-5.2153852108529470	-4.4311135376768878	3
4.7723435180259477	8.2469649954343343	3.2806551874897121	-6.5084150661092925	10.4661711996368645	1.7482321101618208	0
4.4560473115807122	11.3574054813775671	5.7791772348562933	-10.3157034894076922	9.1165197180897390	6.4853799740984908	0
4.3254556727235149	-3.2343863210715016	-7.4703316737258305	2.1046116855156889	-8.1294962416324434	-6.0151356347673541	4
7.8032869796307978	2.2553535901433452	-8.4918512520707505	1.8271386379182815	-13.6687763183328048	-8.1509242578167704	4
5.9042263331941429	-2.6658864940798850	-7.2447144664421677	2.3082194928253679	-10.9269120610955124	-0.8162729220760359	4
-10.2661803101315119	-4.0204486601727343	9.3524954186359910	5.3124983086540416	8.2585282774923918	-7.4416692950689924	1
7.9257593738516947	9.4602297249534892	4.2426868358784073	-8.6355398464485340	10.9743473260915589	2.3766756835493328	0
-1.4596066007159365	0.1422843609756370	6.5365974488536489	14.8187694882336274	-5.2448698986455575	-0.2033173225407543	3
-1.6026826915439285	-1.1161592189811511	5.4669134688949166	14.2541549658459061	-6.7988257863667236	-3.8525766371373500	3
-1.2887181985577261	-2.8424943257053972	7.1507021140879354	11.8044745322993432	-5.6433117022654926	-1.5514659887762243	3
5.0975978642784820	6.4453548995688923	6.3731155927003496	-10.2922192925164779	9.3432814816930350	2.5976469236015962	0
6.1150980025608170	0.7419913835873324	-10.3560405987515836	-2.9227387988627109	-13.1034034569727886	-2.6484379376577918	4
-2.6106239323768676	-3.0695821259728611	6.9720869751156949	15.9006487767238802	-5.6982353156174561	0.3891880363348301	3
4.6497690704258510	0.5599148614047861	-11.1184983340672616	0.4532013070741470	-7.0771027961057014	-2.7336832622191749	4
6.1114257966569721	2.0433037373085381	-5.5479563318721192	1.9126682677775635	-7.3152931918196265	-3.1562620904878496	4
16.9504739037984535	4.5780678445981824	11.0420445062989891	-7.7476964681449116	5.0527100102912801	5.2186293216585220	2
6.9910778409920535	8.7108022774294405	8.1152237855002625	-13.2510256369753208	9.9635540791538872	5.0569074283592741	0
-3.9557951387212249	-7.6694743137683021	8.2257854875726579	5.6114296906691283	6.9760830412781569	-10.0120684023267668	1
6.5538925690685828	-1.6786041511976482	-9.4413434141196149	0.8924833720612196	-10.9657410105798885	-2.1357973928040326	4
20.4602554717730385	2.6696142384571804	12.6466684622167680	-8.8482382561521007	5.9326193642599225	7.6289076790033308	2
-9.0457626617890963	-6.8696912515692352	12.7687003149937581	6.0308279442309800	7.2058003160936481	-11.3370253126122211	1
-0.9425735828920025	-3.2493583893327003	6.4519473644075562	13.7161424580397586	-1.4777096970100816	-2.5082474245516053	3
9.7418171865765473	2.5723413206682619	-7.7231586104098824	3.1213929431277476	-7.8926025401970641	-2.5997334591998138	4
-5.3291270467171854	-5.6221757131377146	11.9148241731224473	4.9593081442816418	6.1953501309303345	-11.3970424475806205	1
10.3021510800948786	7.2243228312343906	-9.6211775958969667	-0.8120587525343366	-6.0397354734813966	-3.6999758442058370	4
6.2511661822351821	3.2798020719659409	-4.6086762651228970	-3.8269853877547177	-7.2918544206315108	-3.2743609233826687	4
-2.8504624482060068	-3.3323951024662950	9.5560481187795112	12.6262746338524146	-4.9101668952032762	-3.9219537809798695	3
8.3355611643698495	0.8007033920207396	-7.8480132424242885	3.5497658300231025	-6.4059815466042647	-5.9541603139002017	4
5.4036286718477289	8.7846653552111924	2.0072958819982221	-9.9781065583646509	10.9914898376158003	7.6638255156859660	0
17.2014936383334600	1.4672259973669308	12.1223720971204294	-8.4573556727596149	5.7790246130207592	4.7418102461844924	2
-0.3244148219190022	-4.6987534015316506	10.9563143240936363	2.3497266703780992	6.7694791099435276	-11.2387348800850404	1
21.4829288648636911	3.7705651771307425	11.6996892878259793	-7.7888044447870968	9.7882815813078974	7.0251174672951180	2
19.7966752709361096	0.3361753120443476	11.4546314323198857	-7.5580419265701320	5.2150309006529820	4.9588998039429750	2
14.8062276255654233	1.7522155125957193	13.2356609864219728	-8.3382821040338886	8.5259980193406015	5.3985728314419958	2
-3.4350205753350740	-5.3164756021514954	10.2572795686914979	5.8352367891520220	2.9650845983019032	-10.9654392408077506	1
-6.4183138472089407	-3.7032672497587562	8.0527249902360012	5.3055920761562883	9.6023197602458126	-9.7649404138967313	1
-1.2968695796214673	-3.3880858856632265	5.8646209204621007	17.0639475043936528	-5.7971403769194430	-2.0201417201157668	3
19.8994916090888765	0.8388065284750659	12.3249202824760218	-8.2938488980315697	3.6314310006888224	4.0764345516343932	2
2.3843943020368177	11.2327300806920789	5.0678970830298251	-10.1088973085175322	12.6596090470947775	4.3371715807676825	0
7.9583436206627018	2.3858354618250952	-6.7883084896996131	-0.2860760714157182	-6.1409135028932340	-0.9034022225752434	4
-4.1454248730412555	-2.7498094034958696	4.8876852922262222	14.5533534233010364	-7.8550039060397783	-1.5842734753963628	3
8.8774598017315718	-4.9215345052601718	-9.5857847785572616	3.7158241309768352	-11.0897619284866131	-5.2778574765805120	4
-6.9360995665565000	-4.4465843801816263	10.0646574544437293	2.6576641144358888	9.1971795385652193	-12.6693110830705997	1
-0.0643078017902425	-1.8325655154735569	9.0152749815384645	14.0128680468736384	-4.9252022450590207	-1.5885665936785340	3
4.3508477547475479	7.9350534761753151	2.3082680368744315	-9.3516668780964665	11.9615618191443769	7.4259872220238670	0
17.2570791612899583	2.2937382990773294	10.2500765636481432	-7.3018319697671590	3.6870744410724408	5.2641081586874385	2
17.4757212666893231	3.2184796324682980	8.7375941550888108	-7.2783286409079722	7.4192408020972636	5.0865512882565422	2
19.0032881810608174	-1.2695378881620787	12.6191512161278716	-8.7865282407226708	8.8184252131185215	8.3040742479426619	2
8.3360144599419126	0.4189845892656354	-8.0113126611497023	1.7498857615649706	-9.3934855687755849	-2.5244383569463316	4
19.0187853971132235	4.1034893634928205	12.5808203405850403	-7.9641237537162368	3.3068185255767468	2.6659867280458260	2
-5.8367458090318420	-3.3174257429197427	10.1839971082261282	5.1884636738318308	8.2803098664176424	-12.0168271173912800	1
5.1156733616235588	7.2870135673390415	1.9413434776795655	-10.8181975583254548	10.6615196264916694	2.6449084351578769	0
17.2473537739920424	1.6980299942819510	9.9018674808438458	-8.0678306964879702	4.7315922791525109	7.3809840892909770	2
1.4170247048615945	0.3682835230946129	8.2085837108033886	13.1347198927306401	-4.6879689450548261	-0.0675665545736504	3
G3
0	84	3.216914724728779	52	4.170718492731652	46	4.239054223371301	
1	54	2.4976821216999125	33	4.55973549539024	30	4.714025154117052	
2	91	3.246276800903972	98	3.670120413068239	92	3.7981702171179843	
3	90	3.734336477282729	74	3.7616859666881655	11	3.922498991217153	
4	39	3.963494241717176	23	4.299883396614148	67	4.351060452828157	
5	56	3.289840322451184	6	3.488403627214981	3	3.9985608564791497	
6	97	3.1830443485814293	5	3.488403627214981	46	3.8503957125148474	
7	22	4.361497808410701	57	5.54967617766117	64	6.661178794424622	
8	83	4.310113938714846	75	4.442815291916709	15	4.596472321512692	
9	34	2.897043424704463	78	3.156057025942618	83	3.302797510285885	
10	41	3.5353089731746796	32	5.058876346211595	18	5.212549796902069	
11	3	3.922498991217153	84	3.9628764657646434	47	4.801829746233658	
12	35	2.446839378192943	72	2.6631407488483374	45	2.91489646576627	
13	57	4.416731438035507	64	6.146166605513285	22	6.663142815069922	
14	97	3.4519599140893775	5	5.921866965808301	6	5.969327054922234	
15	61	3.5596081590269257	43	4.184811158524766	95	4.213165632476754	
16	92	3.284898871363844	34	4.142866296058294	61	5.4818063995362	
17	24	5.8750445902654995	63	6.670429212204118	80	6.684731932021271	
18	41	4.20768991300146	51	5.084330794660729	10	5.212549796902069	
19	46	1.194854760187304	26	3.8251319811748115	52	4.120008335605558	
20	66	6.396098751350933	63	6.857909432526538	37	7.14637296337732	
21	58	2.7503441036742364	53	3.701189182792574	89	4.998873181196444	
22	59	3.6518069552523507	7	4.361497808410701	57	4.539840669371258	
23	72	1.854074335204423	55	2.7003475755816977	39	2.8594854383580546	
24	81	2.6429443619731505	63	3.580223951942776	25	4.499642674790174	
25	63	2.9779287998565964	69	3.9798987083570965	76	4.076231423530685	
26	19	3.8251319811748115	46	4.578475686111599	56	4.586588168551694	
27	81	5.604503867127345	96	6.921813014067282	41	6.953609733093345	
28	50	4.715474301760416	64	5.534566866572253	94	5.6359006084173515	
29	74	3.168216288106288	90	3.4668055245001423	38	3.748200977032538	
30	54	2.6673451850596646	86	2.858662475090279	53	3.8725922818949625	
31	37	2.921246153800514	88	4.210476246128274	96	4.951583684860844	
32	96	4.5726267522233535	25	4.744340245198361	80	4.98656957404081	
33	54	4.5558142876270855	1	4.55973549539024	30	4.804686461076214	
34	9	2.897043424704463	75	3.375278910059358	16	4.142866296058294	
35	12	2.446839378192943	45	2.793586723451027	72	3.889520542220612	
36	73	3.0870918079145	68	3.720175767889046	60	4.686300437638123	
37	88	2.800879438171947	31	2.921246153800514	96	3.9979339126168183	
38	90	3.0264700173665675	29	3.748200977032538	74	3.9884522097644854	
39	55	2.5065580412967057	23	2.8594854383580546	72	3.792150514877676	
40	73	4.300914106496375	36	6.2273123162432755	68	7.32883364307006	
41	10	3.5353089731746796	81	3.7753726738460887	18	4.20768991300146	
42	6	5.043721166949099	97	5.81695131181457	3	6.083893664665762	
43	61	3.735625422573031	15	4.184811158524766	75	4.228691224824936	
44	77	3.238618680463533	65	4.199439638062844	93	4.9617994813294075	
45	35	2.793586723451027	12	2.91489646576627	72	3.764842263111612	
46	19	1.194854760187304	6	3.8503957125148474	52	4.18561726484084	
47	3	3.9898494194804712	0	4.669428168210428	84	4.693001139229707	
48	64	5.986157454918669	73	6.129292765832722	50	6.145061178496652	
49	13	6.8659767144991735	94	7.336783328262859	28	7.624891872804145	
50	64	3.157361660656126	94	4.647435680251963	28	4.715474301760416	
51	81	4.878472657183455	41	5.019111765833201	18	5.084330794660729	
52	29	3.835753053644332	19	4.120008335605558	0	4.170718492731652	
53	58	3.6820706065632742	21	3.701189182792574	99	3.7797104826803247	
54	1	2.4976821216999125	30	2.6673451850596646	86	3.9774473193948774	
55	39	2.5065580412967057	23	2.7003475755816977	89	3.374882007138708	
56	5	3.289840322451184	6	4.110987566116337	26	4.586588168551694	
57	13	4.416731438035507	22	4.539840669371258	64	5.126091652579704	
58	21	2.7503441036742364	82	3.1971537690261647	53	3.6820706065632742	
59	22	3.6518069552523507	36	5.1604348037313	64	5.207825429284782	
60	85	4.044246383902225	94	4.28951218097579	68	4.5050141956638585	
61	91	2.829347179491121	75	3.4879737855479345	15	3.5596081590269257	
62	56	5.19034628025171	47	5.501101610016551	3	6.063604831455628	
63	25	2.9779287998565964	24	3.580223951942776	69	4.758091845239698	
64	50	3.157361660656126	94	3.6026369152757285	22	5.101252175707978	
65	78	4.076114572940719	44	4.199439638062844	77	4.416765462125076	
66	69	4.274522908392928	96	5.650075123735897	88	5.895149182314138	
67	39	4.21691748044839	4	4.351060452828157	89	4.7083293297108595	
68	94	3.2917488426100814	36	3.720175767889046	73	4.333309412181824	
69	96	3.6536302431842027	25	3.9798987083570965	80	4.220982554898215	
70	85	6.710980524434788	68	6.758185705567297	36	6.940721657406176	
71	85	5.2866413425095224	60	5.948850590370841	94	7.758191323276377	
72	23	1.854074335204423	12	2.6631407488483374	45	3.764842263111612	
73	36	3.0870918079145	40	4.300914106496375	68	4.333309412181824	
74	90	1.8195619304418809	29	3.168216288106288	3	3.7616859666881655	
75	78	3.103885138364278	91	3.1899825327732083	9	3.3047619405507893	
76	25	4.076231423530685	32	5.270884764756812	69	5.829510716064529	
77	44	3.238618680463533	65	4.416765462125076	92	5.896396980300599	
78	83	2.2019440242153423	75	3.103885138364278	9	3.156057025942618	
79	75	3.8793438813729737	43	4.755192602692245	34	4.792180929344214	
80	69	4.220982554898215	25	4.491669578542078	32	4.98656957404081	
81	24	2.6429443619731505	96	3.4441020367778417	41	3.7753726738460887	
82	58	3.1971537690261647	30	4.006442659803126	54	4.203506768108616	
83	78	2.2019440242153423	9	3.302797510285885	75	3.577254177505766	
84	0	3.216914724728779	11	3.9628764657646434	47	4.693001139229707	
85	60	4.044246383902225	68	4.652559121249376	94	4.781108720700996	
86	30	2.858662475090279	54	3.9774473193948774	58	4.142946386016665	
87	64	5.813398409954363	48	6.320214394177852	50	6.428241054027694	
88	37	2.800879438171947	96	3.1889107225293896	31	4.210476246128274	
89	99	3.290850684902418	23	3.314505596757939	55	3.374882007138708	
90	74	1.8195619304418809	38	3.0264700173665675	29	3.4668055245001423	
91	98	2.5758780642494807	61	2.829347179491121	75	3.1899825327732083	
92	16	3.284898871363844	61	3.643223170860849	2	3.7981702171179843	
93	44	4.9617994813294075	65	5.140813532974209	78	5.499791408638681	
94	68	3.2917488426100814	64	3.6026369152757285	60	4.28951218097579	
95	83	3.7017208535585375	61	4.059794365895053	9	4.154430762147987	
96	88	3.1889107225293896	81	3.4441020367778417	69	3.6536302431842027	
97	6	3.1830443485814293	14	3.4519599140893775	5	4.0389854428588405	
98	91	2.5758780642494807	75	3.6331937965445436	2	3.670120413068239	
99	89	3.290850684902418	53	3.7797104826803247	55	4.8614239230855665	
