2.8105010288280576	16.3357119724519819	-3.4967529887842366	-15.0739457910663042	12.6974384614071756	-4.6044951614365175	0
0.9312922954646217	0.7535392185678562	3.8892808939964758	12.8703822394103309	-6.9421937564753744	-6.9990954239669332	3
16.6244606115411884	1.9296704052933378	8.9185961729197665	-10.5772908916422388	5.5730801062670299	3.4612555685404613	2
1.6351397519693309	13.3567977443201276	-4.4497797352252864	-18.1481091976120581	11.1880048397739671	-1.0503159708119290	0
-3.4196407996904288	-2.2172282707556139	7.7449007799154135	11.2582866614034067	-0.2614115524166372	-3.6266128757937430	3
1.6259522189985356	10.5745898283638144	-3.9142649076987013	-17.2619109622750955	11.7344607929057929	-3.6727167931628588	0
2.7787489534140324	11.4174128819098151	-5.8514497626977686	-15.6098169556576156	10.0059309573016879	-4.4849690287315163	0
2.2973046142002178	1.3382632132195251	-9.0276412692463026	-2.0456207587930861	-11.7764072756673528	-5.0994131397630706	4
16.6289277352868261	1.4061559216873485	13.4336645346680434	-6.3067675117449120	4.1848003576679105	5.8532865214707934	2
20.4700860273846175	0.9114645157056147	13.3393151990798149	-8.3586398083551732	5.5229551500868101	1.8958102434237123	2
-5.6132473257942159	3.7236213121736514	1.5936943970795117	-3.8912004369355762	8.2446070559290625	-14.9775398975681355	1
-0.4488717015370089	14.3834310513835977	-1.7268456696337182	-18.4774994304415721	12.0619899552418204	-2.3550001538539522	0
-3.2922476856336091	-2.8917690549694144	7.7215610677876647	15.9481412113986245	-5.5668243479070592	-2.8935766108502627	3
9.4091351653600412	0.0938700266119554	-13.7513993110470398	-0.8063581579896069	-15.7239956277370752	-5.2043956991292069	4
3.2102393532183715	12.0840376991559140	-6.8088399862613098	-19.5037775755445750	13.0932546286513016	-7.5494755265960141	0
17.9056064428924593	6.4396696315972299	13.9091930242441304	-6.7060437251819076	5.0077271700317532	3.9788562083269774	2
16.9122298668807964	4.2064969006211577	10.1552045909579665	-4.6959189940828221	7.6424992858747149	2.4742487981946950	2
-7.9349437628864727	0.4461151870153941	1.2139009603128947	3.7264508122281459	7.1058212098119569	-16.2467426720364649	1
-9.3538916753679473	0.6239866010978705	3.0737892169425631	-4.9069860802585463	8.0293647235985741	-15.5268025692348921	1
3.7073316929057443	13.6972181864870723	-4.8192794501118899	-12.7453975599109217	11.0294571401570387	-5.5824265854789532	0
-9.4188169846306682	-3.7476961700639553	-0.0416443955195618	1.7197512254349263	7.7540799808050842	-22.2684221675779135	1
-1.8290458592511198	-0.0014313453788630	9.5354630890264804	15.1603990562284920	-7.9110497002301559	1.3317109294144567	3
4.5699644017777059	1.3292664896788067	-10.4990387564950893	-1.1432920994100233	-10.4530489651665306	-2.7024435071943813	4
-3.9445367041199813	-2.8502136510722038	9.5841975040675145	12.6386569943527434	-5.1781656301709296	-1.3429877895805511	3
-7.4199992151583229	-0.8316916195444453	-0.2330155910675504	-0.7038985253847514	10.3990502803781393	-16.4731722291053160	1
-4.1866117010792134	-0.7973659725818525	1.3245417985858872	-2.1384850470520247	8.1626347443726406	-17.0256513460414993	1
4.0235554952686048	13.6198144293153192	-1.6609283596396338	-13.2645532635382857	10.1755699090923795	-3.6977997842448662	0
-6.6796376040679624	5.8171141179032011	-1.5604912629329277	1.4309564570955384	10.8992565811059983	-16.4228019389762459	1
7.8702064922330166	1.2663370189974308	-5.0887066466400537	2.0975057155261307	-15.4333764876191406	-1.6990783839938084	4
5.5096513348065690	13.3315509981791607	-5.1186379117156564	-16.3221346871030697	13.0313007039267177	-2.0333275947164919	0
-3.1686403638420462	-0.0366149134216247	5.6328300039970438	15.4610277184460330	-5.6972069665017422	-3.1334717665447629	3
-5.0609471839384472	-0.5526389312513569	1.3709447679270106	-3.5064853164904091	12.5363019083137761	-20.7300694552988745	1
-5.7446852026799125	2.0157353565314278	-0.3901444818176785	-3.8983223800210518	6.6885395904363083	-19.0149977805232737	1
-2.7858147310882253	2.5498091242000211	6.6096912243958581	15.0358975201030507	-8.7553047412993728	-5.3817242476023672	3
17.9245928914921748	1.6323058916711353	12.5763942795081469	-7.6409213934270834	8.6006552579447426	0.6175171944051590	2
-3.4222773727544666	-2.2011439341980248	9.9253679932039329	16.6765633371021487	-3.9687583255429244	-6.1602256359457419	3
8.5575145320960289	1.7301782139100659	-9.8699810972049189	2.0356137369557743	-6.0852097357974113	-4.1596667393864699	4
-7.3247254808528801	-0.6115542121204722	0.0680272863346740	-2.9922529090882488	11.4194488022165093	-21.1729307314711654	1
3.0343330008717633	14.1088405988326571	-4.9643342736018266	-14.0102358173583710	14.1790723107001622	-1.2386170004417298	0
-4.3748859579892816	-3.6176238561506069	7.7636299852764621	12.0994494616826884	-5.4735032657549638	-1.8439625326911053	3
10.4223294742501746	-1.6189495151788420	-9.7398373683574881	4.4539018626421099	-4.4513042774495446	-6.7963616601026011	4
-7.9540467846901075	2.7369264876274713	1.1080777133467716	-3.9756786268398789	10.5885009351670565	-15.5331495690439585	1
1.9693390275025333	13.3962093103663431	-6.3485725107619242	-18.6027352724357229	6.5907982074705149	-4.5077878800572533	0
16.7798059751102713	5.5090767371768887	11.8490682174841382	-8.9412993036339330	6.8523290395369605	1.9526156777960435	2
20.2028212486661154	3.4124662729730924	10.0943648357425175	-11.5992384623903657	8.5232213106048160	7.4365056133602891	2
-3.6045728739123906	-3.4342442308738641	8.5310888402997218	15.3409156256242518	-5.9383556470507690	-5.5700658885703707	3
3.2518495156867226	13.3551363745030756	-5.2728632334307797	-13.2660778444046699	11.7667367785738453	-5.8701181663662627	0
2.9355533092414872	16.4655768604463084	-2.7743411860641984	-17.0733662677030722	10.4170852970267198	-1.1329703024295927	0
4.5799393770066787	-3.3302365430803871	-7.8511992524915328	1.5878908175519801	-7.2988583098083986	-4.7614556044710241	4
8.6915226974033324	3.5823176928570604	-9.4847470973679080	3.2201667515131218	-13.2720495775057508	-9.4279172951817287	4
6.3611022627375231	-2.5377932450099379	-6.2435995098072512	1.3928345004673346	-11.8962479103768572	-1.3512730025753354	4
-11.7866743124707369	1.0877227188960070	0.7989769977154992	-1.4451644696413366	9.5590938564293726	-15.0600195715970759	1
6.4052653715124697	14.5684011040222305	-4.3108315850420844	-15.3932026247439122	12.2749129050285397	-5.2416745929787503	0
-2.5500737498464625	-0.8569239569112598	5.7509562648590720	14.1164933638317418	-4.4870718705292942	0.2826323148504848	3
-2.7045224120758995	-0.3540572934423056	5.6750304203174071	13.0591438868310785	-6.2338561152988019	-4.0960007936567804	3
-0.7668544140403242	-3.9086487180079592	8.1060416799358439	12.1612948908210114	-5.5883774431772295	-0.3147952746210696	3
3.5771038619392570	11.5535262786376336	-2.1804028282201422	-17.0498820708118544	10.6438470606300157	-5.0207033529264873	0
5.3087436314472329	1.6572820219375084	-11.8068038442573151	-3.5933412463343792	-14.0883868920793986	-1.5818411036776432	4
-2.1157129984998870	-4.3724984458309786	8.4350804461851894	15.6522182254314757	-4.2745815853112852	0.8458788266210640	3
4.4007919723002829	1.3839456165585466	-10.7410462096603254	-0.4923189898397521	-5.6845649493423043	-3.7713070351601994	4
5.6931006675990732	2.4543475068328382	-5.8236048375085350	2.0780171636140032	-6.9064047687416483	-2.5298649431228775	4
16.3863369900364617	4.4494259530708513	11.4287599718388808	-7.7052995146555290	5.4401364460946313	4.7959342242169480	2
5.4705838386528285	13.8189736564981818	-0.4382946354202293	-20.0086884152706972	11.2641196580908680	-2.5614428481688094	0
-5.4762891410604499	-2.5613029346995608	-0.3277329333478338	-1.1462330876262499	8.2766486202151377	-17.6304186788548520	1
7.5110408540160050	-2.9032857655636910	-10.9190446330570197	-0.4707910559958529	-9.7592674962257231	-2.7787070674975567	4
21.6321710208285118	3.4019687099155975	13.1394375729760782	-7.4601347531941364	6.7603680597568232	7.1410333481440222	2
-10.5662566641283213	-1.7615198725004939	4.2151818940732664	-0.7268348340643982	8.5063658950306298	-18.9553755891403028	1
0.0033407826189782	-3.9648758435461358	6.5075643019206755	12.5671944093031467	-0.4059638827972787	-2.0633870692191594	3
8.8214733614335135	1.4716950421067878	-6.9734791292230955	2.4919436019614936	-8.6850817423075899	-2.0185218214483029	4
-6.8496210490564104	-0.5140043340689733	3.3613057522019556	-1.7983546340137364	7.4959157098673153	-19.0153927241087040	1
9.1992386677704907	5.7743661460952129	-10.5060676963022246	0.2880637314608410	-6.7503804599811339	-3.8158999727804157	4
5.0640089300546256	2.9623695300483370	-5.6168223605501328	-4.1696630163468793	-7.3822671342997879	-4.7212243783841501	4
-2.8694436951761446	-1.9401695137918029	8.0583895061622268	11.3496251470657938	-6.3591800140049743	-3.9466347013754262	3
8.7134827948562421	0.6281065849774043	-8.4370205364473243	3.8628899705369557	-5.5878302306078389	-7.1644394718581683	4
3.8831346695085038	13.8928367342799337	-6.5462225389222697	-16.7357693366600273	12.2920554165527811	0.0454752391578825	0
18.1183534025906887	1.5856480552066665	12.3593489968278831	-9.9407544945026522	4.4944358350185034	5.9127054009435778	2
-1.8449088242582272	0.4094179775370907	2.4027959031731445	-4.4079361079172790	8.0700446888805075	-18.8570851566131239	1
21.1466870558913662	4.1307110865275893	12.5376725211560753	-8.5246924246255169	9.8364015893957841	5.9230576835905708	2
18.7039812247161272	-0.0800816531726616	12.1158327421370835	-7.4092437237641651	4.5697034287134706	6.3497095907552499	2
14.8723672934453770	2.7689152715721699	13.0533872921936904	-6.9217109445700657	8.2642280642832162	5.3524043748963042	2
-4.9555145776742986	-0.2083042230827541	1.7037611477710062	-0.9224259891433562	4.2656501772388840	-18.5837895173358341	1
-7.9388078495481658	1.4049041293099851	-0.5007934306844906	-1.4520707021390900	10.9028853391827933	-17.3832906904248148	1
-1.3101040055658297	-2.6474816279093556	6.8125066556723732	18.2544688253265512	-6.9575260954465747	-1.2697363742091108	3
19.9915757641058001	1.9400930764784245	10.9171675259957830	-7.5821897107921901	3.5552866812576527	4.4703000226557243	2
0.8639002996975926	16.3409014597608220	-3.4856213378906666	-16.8665600868129104	13.9601746260317583	-3.2811786957604010	0
7.1603416626316889	2.7591377197488351	-7.3612806372308190	-1.5926421681952529	-7.0629493711221931	0.1511965939909272	4
-4.7457514487973622	-4.0227221890922333	3.8711663486385866	13.7551218888599589	-7.6390737492216934	-1.1726843943487095	3
9.1772467740574974	-5.8758449684941558	-8.5078558247983675	4.9010225819940363	-11.1395792382667604	-5.0451032701830973	4
-8.4565935688957250	0.6615869988871150	1.5111390335232375	-4.0999986638594894	10.4977451175022001	-20.2876613595986832	1
-1.0931048986753722	-1.1551056952938419	8.5885961873263099	12.9853210404954638	-5.8406017649974675	-0.6439351141066858	3
2.8303537524083229	13.0432248552440555	-6.2452503840460603	-16.1093296563918429	13.2621273980813577	-0.1923630545042165	0
18.6261925120483589	3.7695556461099984	11.7422973255701493	-7.1251237590560601	4.1954014930003209	4.7347755742519073	2
16.0860585173277926	2.7488602380949221	9.7034734716507351	-8.3056399692412484	8.1879940293530939	6.1668675652230602	2
18.9584103306161467	-0.4842840610878962	11.3463083522400048	-7.8359122807716659	9.9198950237358332	6.9543287267924452	2
9.0596233954069589	1.3356421791262227	-8.8838871682791059	0.7936112253341265	-9.6960397313752296	-1.2179495479405951	4
20.2885772711899115	4.8308405026338619	13.3623281471204365	-8.0790211622591919	4.5823512867867766	1.8532100958435027	2
-7.3572398113710671	1.7907456361489986	1.6304786873056365	-1.5691991044635474	9.5808754453546232	-19.6351773939193635	1
3.5951793592843337	12.3951849464077828	-6.6121749432409267	-17.5758603366208348	11.9620852054286502	-4.9734418413702066	0
17.7149013636766846	1.6035751618584484	9.3769581388541443	-6.7412382584523574	4.3559357767601243	7.6343110345751199	2
0.4224962517091310	0.1232749688019883	7.4537360018126151	13.4432967800012833	-6.1769576286913921	1.0913147525113853	3
G3
0	84	3.2169147247287784	52	4.170718492731651	46	4.2390542233713004	
1	54	5.157533480038758	33	5.919190821625032	30	6.608951295645339	
2	92	4.5711585168608515	75	4.665523054632833	61	4.770132993666169	
3	90	3.7343364772827314	74	3.7616859666881663	11	3.922498991217153	
4	67	4.525470837643044	39	5.82453852436125	23	5.945925923961755	
5	56	3.289840322451184	6	3.48840362721498	3	3.9985608564791506	
6	97	3.1830443485814306	5	3.48840362721498	46	3.8503957125148482	
7	22	3.9548718896520993	57	6.08344343744276	71	6.774150098775143	
8	78	3.1402977219063595	91	3.7889753169606375	75	4.087789897021165	
9	95	4.044715087461167	83	4.272755518272399	34	4.382075617775697	
10	41	3.53530897317468	32	5.058876346211595	18	5.212549796902068	
11	3	3.922498991217153	84	3.9628764657646443	47	4.801829746233658	
12	45	2.952543789038093	30	3.5835471626330873	82	3.8347105975743827	
13	57	6.826735075852696	64	7.885587497432958	22	8.347322639514164	
14	97	3.451959914089378	5	5.921866965808303	6	5.9693270549222355	
15	91	3.7082482543142583	61	3.7782144058579394	95	3.892341892593076	
16	61	4.610262201183489	43	4.848004579845216	34	5.152868327404547	
17	24	5.8750445902654995	63	6.670429212204118	80	6.684731932021271	
18	41	4.20768991300146	51	5.084330794660729	10	5.212549796902068	
19	46	1.1948547601873039	26	3.8251319811748115	52	4.120008335605558	
20	66	6.396098751350934	63	6.8579094325265375	37	7.14637296337732	
21	99	3.928344061984861	89	3.9610638531782545	53	5.430301091284847	
22	7	3.9548718896520993	57	4.778892222715135	59	4.93911447176206	
23	39	2.171987515884134	89	3.611502255494264	72	3.761312360811315	
24	81	2.642944361973151	63	3.580223951942777	25	4.499642674790174	
25	63	2.977928799856597	69	3.9798987083570965	76	4.076231423530685	
26	19	3.8251319811748115	46	4.578475686111599	56	4.586588168551692	
27	81	5.604503867127345	96	6.921813014067282	41	6.953609733093345	
28	50	5.586715389478203	68	7.092006430537409	94	7.118396576448044	
29	74	3.1682162881062874	90	3.4668055245001423	38	3.748200977032538	
30	54	2.702120720921543	12	3.5835471626330873	53	4.001431252996066	
31	37	2.921246153800514	88	4.210476246128274	96	4.951583684860845	
32	96	4.5726267522233535	25	4.744340245198361	80	4.98656957404081	
33	54	4.60770901116398	30	4.730511549055399	1	5.919190821625032	
34	9	4.382075617775697	43	4.837252082397667	16	5.152868327404547	
35	45	3.083721662718107	12	4.371046259157224	30	6.066440515940587	
36	73	3.9883891388343913	68	4.480879871158912	70	4.55921383163035	
37	88	2.800879438171947	31	2.921246153800514	96	3.9979339126168183	
38	90	3.0264700173665666	29	3.748200977032538	74	3.988452209764484	
39	23	2.171987515884134	72	3.3068085379495717	55	3.9465435887478137	
40	73	3.3827824882413524	36	5.493728543983278	48	7.816163074422291	
41	10	3.53530897317468	81	3.7753726738460887	18	4.20768991300146	
42	6	5.0437211669490996	97	5.816951311814569	3	6.083893664665761	
43	61	3.613970171926999	15	4.345355945533277	95	4.579043576280873	
44	77	4.565557045850284	92	5.48753620048485	65	5.6251892327346	
45	12	2.952543789038093	35	3.083721662718107	72	4.6625251186195555	
46	19	1.1948547601873039	6	3.8503957125148482	52	4.1856172648408405	
47	3	3.9898494194804712	0	4.669428168210429	84	4.693001139229707	
48	64	5.692837104287894	59	6.206483122385069	50	6.260053356271179	
49	13	8.423279221253672	73	8.626078392088044	36	9.18722377793062	
50	28	5.586715389478203	64	5.778674948608978	94	5.871490178469003	
51	81	4.878472657183455	41	5.019111765833201	18	5.084330794660729	
52	29	3.8357530536443316	19	4.120008335605558	0	4.170718492731651	
53	89	3.7727963253630397	30	4.001431252996066	99	4.081580083962395	
54	30	2.702120720921543	72	3.3442222067260277	12	4.605513055922505	
55	89	2.9618012504330293	23	3.854377034652478	39	3.9465435887478137	
56	5	3.289840322451184	6	4.110987566116336	26	4.586588168551692	
57	22	4.778892222715135	7	6.08344343744276	13	6.826735075852696	
58	55	4.171643826375212	12	4.452739835458348	23	4.655273315114323	
59	22	4.93911447176206	36	4.985855719603694	60	6.052912569424821	
60	68	3.9586653212222718	85	5.029560337143709	36	5.33243490488143	
61	91	2.7326162294154472	43	3.613970171926999	15	3.7782144058579394	
62	56	5.19034628025171	47	5.501101610016549	3	6.063604831455626	
63	25	2.977928799856597	24	3.580223951942777	69	4.758091845239698	
64	22	5.261201453877665	94	5.342954129351032	48	5.692837104287894	
65	77	3.634227750153266	91	4.858434948727696	78	5.212919697678579	
66	69	4.274522908392929	96	5.650075123735897	88	5.895149182314138	
67	4	4.525470837643044	55	5.76465350673216	53	6.427388508130902	
68	94	2.876137962297069	60	3.9586653212222718	36	4.480879871158912	
69	96	3.6536302431842027	25	3.9798987083570965	80	4.220982554898215	
70	36	4.55921383163035	94	6.167257556350018	85	6.520045880422646	
71	85	6.161374456336893	60	6.6901876341127355	7	6.774150098775143	
72	39	3.3068085379495717	54	3.3442222067260277	23	3.761312360811315	
73	40	3.3827824882413524	36	3.9883891388343913	68	6.388911193244739	
74	90	1.8195619304418813	29	3.1682162881062874	3	3.7616859666881663	
75	78	3.1276349257325506	83	3.773571641148297	91	3.8487429563962245	
76	25	4.076231423530685	32	5.270884764756812	69	5.829510716064529	
77	65	3.634227750153266	44	4.565557045850284	93	5.389897311319086	
78	75	3.1276349257325506	8	3.1402977219063595	83	3.430296767509481	
79	92	3.9089375357209235	61	4.081029020548521	8	4.728424386253532	
80	69	4.220982554898215	25	4.491669578542077	32	4.98656957404081	
81	24	2.642944361973151	96	3.4441020367778417	41	3.7753726738460887	
82	12	3.8347105975743827	30	4.952539402710608	58	4.970227528430753	
83	91	2.565277271303915	78	3.430296767509481	75	3.773571641148297	
84	0	3.2169147247287784	11	3.9628764657646443	47	4.693001139229707	
85	94	4.738551737015341	60	5.029560337143709	68	5.346970125622742	
86	39	4.830577613305306	12	5.502934583061747	53	5.528158919925582	
87	50	7.122108467152463	64	7.3023541317877525	48	7.338595965822509	
88	37	2.800879438171947	96	3.1889107225293896	31	4.210476246128274	
89	99	2.9245821504379603	55	2.9618012504330293	23	3.611502255494264	
90	74	1.8195619304418813	38	3.0264700173665666	29	3.4668055245001423	
91	83	2.565277271303915	61	2.7326162294154472	15	3.7082482543142583	
92	79	3.9089375357209235	61	3.9685378421555604	2	4.5711585168608515	
93	92	5.024216723048391	77	5.389897311319086	78	5.476535584088648	
94	68	2.876137962297069	85	4.738551737015341	36	4.961301921906173	
95	15	3.892341892593076	91	3.9846478516915407	9	4.044715087461167	
96	88	3.1889107225293896	81	3.4441020367778417	69	3.6536302431842027	
97	6	3.1830443485814306	14	3.451959914089378	5	4.038985442858841	
98	78	3.6683159780742676	83	4.362102657152542	91	4.438152510108373	
99	89	2.9245821504379603	21	3.928344061984861	53	4.081580083962395	
