4.0685016217965284	17.7417382690050616	-3.0438749859501404	-14.4818466262110981	11.3090228374016792	-3.6248065662195539	0
1.4703568618336402	0.7923802726472153	4.6673835523817289	11.8322737402181666	-7.4869767281329045	-7.1556132710764171	3
15.1579472332115657	0.7780263557801257	8.1553401726582244	-10.8356333593790257	5.9779929869060062	2.9944706022537129	2
0.5856288245398051	11.8851125266503619	-5.7389797857879925	-19.5344531895690530	10.8071626399472986	-2.5182535276283819	0
-2.8358489643337990	-2.7646010644575512	8.3196527823888644	11.3320977771894089	0.2258486233701686	-2.3182917695990755	3
0.1547978897828968	11.6594800925636370	-5.1116839049777685	-18.7092613386448612	12.5179801982936745	-2.2320527988782799	0
2.8938755335456463	9.9714806916949446	-4.6073829264856867	-15.4681209288139545	10.1108114393394519	-5.9558354686622046	0
3.7514728858607103	-2.9075442361512884	-5.2616641920700218	-8.6009777396917393	-9.7271557365253010	-12.4313809219742932	4
17.0413891885754438	0.9568639492384379	14.9143935515834816	-7.5625887669009479	5.0786060546881391	6.6663773518862879	2
20.0124368701168471	1.9213202757169006	14.4798164847841289	-9.3430669325343469	6.1536616313359565	2.2907799017215469	2
-4.1590790541337235	-0.5221861371971621	5.3596714742557925	-10.4465574178342280	10.2938585950711143	-22.3095076797793581	1
-0.8392274544438503	15.3992349518681486	-2.3555670127248836	-18.7482539221273399	13.0920834443374723	-3.0614222926248336	0
-4.3460070793454388	-2.7150679252804069	7.6928089679196443	14.7488527391812525	-5.2214279372270020	-1.9425832553406512	3
10.8633034370205337	-4.1519374227588584	-9.9854222338707590	-7.3617151388882593	-13.6747440885950233	-12.5363634813404303	4
3.6834055190984660	12.6785238115565271	-8.0944897626315022	-20.0822829544036487	13.7810906003402813	-8.0622341756895199	0
17.0696750642733299	4.9501846452173597	13.2605225332729582	-6.2142237657330686	4.2845137532786843	4.9364196391828763	2
16.5101490869548613	5.1295077973265748	10.7945903528428850	-3.8478444472239293	6.9494417500428156	0.9764983222956489	2
-6.4807754912259803	-3.7996922623554195	4.9798780374891756	-2.8289061686705068	9.1550727489540087	-23.5787104542476875	1
-7.8997234037074548	-3.6218208482729430	6.8397662941188440	-11.4623430611571990	10.0786162627406259	-22.8587703514461147	1
4.5442254698107423	15.0308568100404543	-5.0597969647548702	-13.2466359320560052	10.0065345925653180	-6.6500797685617679	0
-7.9646487129701757	-7.9935036194347688	3.7243326816567190	-4.8356057554637264	9.8033315199471360	-29.6003899497891361	1
-1.9863821729305431	-0.5922696196775620	10.5173146113787990	15.4516136831977988	-6.7579743619542834	2.3601212558999309	3
6.0241326734381984	-2.9165409596920071	-6.7330616793188085	-7.6986490803086758	-8.4037974260244788	-10.0344112894056039	4
-4.4517427742980900	-2.1736437015790790	8.2139769489368266	12.7992332879315551	-3.7211801457889369	-0.1952861143504743	3
-5.9658309434978305	-5.0774990689152588	3.5329614861087304	-7.2592555062834041	12.4483018195201911	-23.8051400113165386	1
-2.7324434294187210	-5.0431734219526660	5.0905188757621680	-8.6938420279506765	10.2118862835146924	-24.3576191282527219	1
3.5166986415399499	13.0727796777536724	-3.1205920908420652	-14.4766825777429915	8.7268641187506546	-4.3584152820416442	0
-5.2254693324074699	1.5713066685323875	2.2054858142433531	-5.1244005238031143	12.9485081202480501	-23.7547697211874684	1
9.3243747638935091	-2.9794704303733828	-1.3227295694637728	-4.4578512653725220	-13.3841249484770888	-9.0310461662050301	4
4.5537658007632276	13.5323791906044342	-6.5427195157266702	-15.4166162710108345	12.3060908764633936	-3.5073998099392756	0
-1.8421105196718357	0.9069540777884484	4.6574654183419160	14.5982386906962756	-5.4922719537754432	-2.9189484546879627	3
-3.6067789122779548	-4.7984463806221704	5.1369218451032914	-10.0618422973890613	14.5855534474558279	-28.0620372375100970	1
-4.2905169310194200	-2.2300720928393858	3.3758325953586024	-10.4536793609197041	8.7377911295783601	-26.3469655627344963	1
-1.6537376399481656	1.3362369079173890	7.8970962380382108	16.0473108259116870	-10.1120248327263251	-6.0583703388741723	3
18.0301813090878085	2.9862589601003835	12.8227281396422619	-7.0933299348118410	7.6009959957641762	0.3531911989073100	2
-3.7961959663247264	-1.5996594988957034	8.8383470745952355	15.6608876379107596	-4.3826437677962291	-4.8812734237964825	3
10.0116828037565213	-2.5156292354607475	-6.1040040200286381	-4.5197432439428784	-4.0359581966553595	-11.4916345215976925	4
-5.8705572091923877	-4.8573616614912858	3.8340043635109549	-9.5476098899869015	13.4687003413585611	-28.5048985136823880	1
2.6381096739420733	14.9351276355645730	-5.6957131705854387	-13.5856793325009679	14.3999259562449282	-1.7127608482766941	0
-5.6334319138797948	-2.6735925528672477	7.3507428884384209	11.3626383291281012	-6.3440056702395324	-2.1558311670744339	3
11.8764977459106671	-5.8647569645496560	-5.9738602911812073	-2.1014551182565429	-2.4020527383074928	-14.1283294423138237	4
-6.4998785130296151	-1.5088809617433423	4.8740547905230525	-10.5310356077385308	12.6377524743091083	-22.8651173512551793	1
0.8838861924836010	13.4391260697150425	-7.5139894094951059	-18.8907862076510966	6.9601455096934712	-4.8500058453652866	0
18.2589617160432987	6.1463700551245539	12.7392627230024900	-10.0483672477484181	6.2907846128520486	2.4514229757689550	2
21.5454953116674091	1.9141747185480136	10.4448064816575776	-11.9389552196616258	7.6806613787451781	8.7669203618526836	2
-3.9746466765882498	-4.4374247558362994	9.9271166884122746	15.4592121057909981	-6.4681965125923195	-5.0269557279105950	3
4.0191047036608456	12.0058855661833768	-5.4864828332450415	-14.3502704409589370	11.1900561076792151	-6.1481527165974965	0
3.2925189208131034	16.6117917328796345	-2.9842752281365166	-16.1379677057950204	9.6597706329226938	-2.2897998480035944	0
6.0341076486671712	-7.5760439924512006	-4.0852221753152520	-4.9674661633466730	-5.2496067706663467	-12.0934233866822467	4
10.1456909690638248	-0.6634897565137532	-5.7187700201916272	-3.3351902293855309	-11.2227980383636989	-16.7598850773929513	4
7.8152705343980156	-6.7836006943807519	-2.4776224326309704	-5.1625224804313179	-9.8469963712348054	-8.6832407847865589	4
-10.3325060408102445	-3.1580847304748065	4.5649540748917801	-8.0005214505399884	11.6083453955714244	-22.3919873538082967	1
6.4022462695644435	14.6410574194725545	-3.5480348800294284	-16.2627983486533303	10.8012166973227579	-5.3634641534794216	0
-2.1017909583975296	-1.1375714270593629	4.3239246819870125	13.2804612372310871	-4.7626224475866135	0.1770262506955831	3
-2.2599382207579977	-1.1422298226518011	5.8091498388283940	14.4328686137999096	-7.6498412738839425	-5.1619911619561565	3
-1.4939962327866925	-4.4084089551659655	9.4168380607952091	13.0429698732931847	-4.3588983072976220	-0.5707117697101878	3
2.7742023078552340	10.9840228608248385	-1.8618690933646485	-17.2414849800891403	10.2185529203378209	-4.6353666175923109	0
6.7629119031077254	-2.5885254274333054	-8.0408267670810343	-10.1486982272330319	-12.0391353529373468	-8.9138088858888658	4
-3.3101823192913460	-3.0189048014031501	8.5807684167140348	15.3732178405562436	-4.6607731760601165	1.7645747506366392	3
5.8549602439607753	-2.8618618328122669	-6.9750691324840446	-7.0476759707384051	-3.6353134102002524	-11.1032748173714211	4
7.1472689392595656	-1.7914599425379754	-2.0576277603322541	-4.4773398172846495	-4.8571532295995965	-9.8618327253341000	4
17.1475108833664507	3.9566705364350589	12.3235943400582855	-6.3882033247309895	5.4189102668107738	3.7818084519069615	2
5.1725490566713512	12.4602149303494514	0.1255413492117232	-20.9660374571880865	9.8296511808772919	-3.2243199720738969	0
-4.0221208693999575	-6.8071103840703744	3.4382441438284470	-7.7015900685249026	10.3259001593571895	-24.9623864610660746	1
8.9652091256764983	-7.1490932149345046	-7.1530675558807388	-7.0261480368945053	-7.7100159570836713	-10.1106748497087793	4
20.6595415810498828	3.7825820357804356	14.4850840420745932	-6.6432850236178087	8.0464026865370784	6.7508098517261503	2
-9.1120883924678289	-6.0073273218713075	7.9811589712495472	-7.2821918149630509	10.5556174341726816	-26.2873433713515254	1
0.4480074804732852	-3.3464112796580276	7.6383880270658571	13.9286956736405791	1.0850180630379729	-3.4316544797456032	3
10.2756416330940059	-2.7741124072640257	-3.2075020520468147	-4.0634133789371596	-6.6358302031655381	-9.3504896036595255	4
-5.3954527773959180	-4.7598117834397868	7.1272828293782364	-8.3537116149123882	9.5451672490093671	-26.3473605063199265	1
10.6534069394309832	1.5285586967243994	-6.7400906191259438	-6.2672932494378113	-4.7011289208390821	-11.1478677549916387	4
6.5181772017151181	-1.2834379193224765	-1.8508452833738520	-10.7250199972455320	-5.3330155951577360	-12.0531921605953727	4
-1.4386126818029901	-2.5648747914611794	8.2732353402233940	10.4425353346033507	-6.6146054123567826	-3.4954335226487760	3
10.1676510665167346	-3.6177008643934094	-4.6710434592710435	-2.6924670103616970	-3.5385786914657871	-14.4964072540693909	4
5.0200383616860078	12.7795756028214083	-7.3890857235796537	-15.9622699852862233	13.0507489958446286	-1.3081254185150972	0
17.3495839178432334	0.2496344986009311	12.4424343729876856	-8.7627919358704247	4.5832423017494239	4.5563256785936392	2
-0.3907405525977348	-3.8363894718337228	6.1687729803494253	-10.9632930888159308	10.1192962280225593	-26.1890529388243465	1
22.0004680286865728	4.0643987809148259	13.6113385866535008	-8.7663582792463792	10.6692499630684630	4.4439223390461606	2
19.6718018498946705	-0.3031913448668802	12.6177111960297594	-7.8575894899949112	3.2723392589972917	6.1426263865682333	2
15.2459900304676879	3.9150820986892523	12.2461951850189195	-5.9144498053976884	9.2038314318011967	6.1646065720729810	2
-3.5013463060138061	-4.4541116724535676	5.4697382249472870	-7.4777829700420089	6.3149017163809358	-25.9157572995470566	1
-6.4846395778876733	-2.8409033200608285	3.2651836464917903	-8.0074276830377435	12.9521368783248452	-24.7152584726360374	1
-2.5229625751066607	-1.7483516702313855	6.4707984866800796	17.8467643355990582	-7.9213101308125085	-0.4847980887509205	3
19.4155055558339278	3.3779366310563836	12.3864672474546094	-8.9160085027038409	4.4719271066263397	3.6253146566599974	2
1.0474223788828327	17.7388754890884499	-2.9866852870212299	-16.4156079092686582	14.1431749928469621	-2.6897872027119258	0
8.6145099342921814	-1.4866697296219784	-3.5953035600545382	-8.1479991490939057	-5.0136978319801413	-7.1807711882202954	4
-4.0501005643510108	-2.6082876761935507	3.7589266349498454	14.7415573085226566	-7.6153090754449231	-0.1873971529037641	3
10.6314150457179899	-10.1216524178649685	-4.7418787476220867	-1.6543343989046164	-9.0903276991247086	-12.3770710523943208	4
-7.0024252972352325	-3.5842204504836985	5.2771161106995184	-10.6553556447581421	12.5469966566442519	-27.6196291418099058	1
-1.0443472420007032	-1.2035784171975656	9.4039278603821241	11.9895730856339551	-6.4625003304356117	0.7364653295626340	3
2.4414729412408547	11.7299761585778377	-7.2077538725429733	-16.5532287677829260	14.3603562044624908	-0.3987131020145709	0
20.1163125098735911	4.2186862585031157	10.7554975204346306	-8.1557331039097303	4.7215010996144269	4.6385326977747994	2
16.8195279402903139	3.5553533802566086	9.2500905933359707	-6.9685974870750993	7.4010704556423779	6.2237071225464184	2
18.4171177860627040	-0.9490291232075090	10.0998822412007918	-7.0486135121201556	9.3884188725677618	5.6843406459665635	2
10.5137916670674514	-2.9101652702445908	-5.1179100911028250	-5.7617457555645260	-7.6467881922331777	-8.5499173301518177	4
19.0248028406600689	6.2673716735750080	12.8793510357495222	-9.3683302813456617	5.7883504706129063	0.8814346101573330	2
-5.9030715397105746	-2.4550618132218149	5.3964557644819173	-8.1245560853622010	11.6301269844966750	-26.9671451761305860	1
2.5294281746977876	11.5613937098631503	-5.3296152897973315	-18.0369171155976673	11.8927838143534110	-3.7645226637702001	0
17.9569988420903712	2.3845841661070812	9.9336810458121469	-6.6871888745275392	3.3418702801754367	6.2165234449615747	2
-0.2242428823822432	-1.2369795684333664	7.9929609727530391	13.7048884106044540	-7.0234218288947021	2.3607839180963555	3
G3
0	47	3.0211741525045492	52	4.665549199156426	84	4.666509509187589	
1	54	5.452118445855875	30	6.369019052435529	33	6.807947397354809	
2	75	5.669483072988382	92	6.251396544317155	98	6.936755239898296	
3	5	2.07840674018632	97	3.0041809971202813	42	5.128887946637484	
4	67	4.5062631114612595	23	5.02097465789908	55	5.719048196454825	
5	3	2.07840674018632	97	2.981168424721151	90	4.58599193567029	
6	46	2.937533866336804	56	3.6711681798578915	26	4.203156249355539	
7	22	3.9548718896521	57	6.08344343744276	71	6.774150098775143	
8	75	3.5838429968591656	78	4.171989955986947	15	4.911631507368942	
9	83	3.4134677611294797	34	4.32662877965994	75	4.687417056536314	
10	41	3.53530897317468	32	5.058876346211595	18	5.212549796902069	
11	84	4.0144512972329185	5	4.856851020183818	3	5.653384694661507	
12	23	3.111389244526252	35	3.609702510881492	39	3.814222801986043	
13	57	6.826735075852697	64	7.885587497432958	22	8.347322639514166	
14	97	6.0368636226331915	29	6.970306507807653	46	7.113365681860333	
15	61	2.12631476243981	83	4.218129675694326	91	4.487916332842122	
16	61	4.559094785587853	34	4.729013340239721	15	5.899882776259213	
17	24	5.8750445902654995	63	6.670429212204118	80	6.684731932021271	
18	41	4.20768991300146	51	5.084330794660729	10	5.212549796902069	
19	46	3.532552440806188	26	4.129490328442995	52	4.156169458757374	
20	66	6.396098751350934	63	6.8579094325265375	37	7.14637296337732	
21	99	3.607583549261813	58	4.018742422568849	89	4.148499353251078	
22	7	3.9548718896521	57	4.778892222715135	59	4.93911447176206	
23	12	3.111389244526252	58	3.6744317560594175	39	3.8959295207746902	
24	81	2.642944361973151	63	3.580223951942777	25	4.499642674790173	
25	63	2.9779287998565964	69	3.9798987083570965	76	4.076231423530685	
26	46	4.034175106368836	56	4.0551891789709815	19	4.129490328442995	
27	81	5.604503867127345	96	6.921813014067282	41	6.953609733093345	
28	50	5.586715389478203	68	7.092006430537409	94	7.118396576448044	
29	74	2.6813281485265916	46	3.6177180863080975	97	4.069061299398111	
30	54	3.9260418833788475	53	4.026506312941241	12	5.4452898831578285	
31	37	2.921246153800514	88	4.210476246128274	96	4.951583684860844	
32	96	4.572626752223353	25	4.744340245198361	80	4.98656957404081	
33	54	4.510217711727459	30	6.634219804960113	1	6.807947397354809	
34	9	4.32662877965994	61	4.357069908795095	95	4.527530260535486	
35	12	3.609702510881492	45	3.698864986286777	54	4.899671252092457	
36	73	3.9883891388343917	68	4.480879871158912	70	4.55921383163035	
37	88	2.800879438171947	31	2.921246153800514	96	3.997933912616818	
38	29	4.160777062234409	74	4.562859944705126	90	4.809632623705147	
39	12	3.814222801986043	23	3.8959295207746902	72	4.601485464181593	
40	73	3.3827824882413524	36	5.493728543983279	48	7.816163074422292	
41	10	3.53530897317468	81	3.775372673846088	18	4.20768991300146	
42	3	5.128887946637484	97	6.1027423617385494	5	6.873568007348624	
43	95	1.9494954645517688	83	3.8852004527849338	91	4.682862890738299	
44	91	6.896582463794347	77	7.248636716062662	65	7.269270513581593	
45	35	3.698864986286777	12	4.434968821778501	54	5.7640337945175695	
46	6	2.937533866336804	19	3.532552440806188	29	3.6177180863080975	
47	0	3.0211741525045492	26	4.528001525549858	52	4.963659631038529	
48	64	5.692837104287894	59	6.206483122385069	50	6.260053356271179	
49	13	8.42327922125367	73	8.626078392088044	36	9.18722377793062	
50	28	5.586715389478203	64	5.778674948608978	94	5.871490178469004	
51	81	4.878472657183456	41	5.019111765833201	18	5.084330794660729	
52	19	4.156169458757374	26	4.41269293381022	29	4.4765867328708735	
53	30	4.026506312941241	86	4.084552183859323	23	4.814875371077745	
54	30	3.9260418833788475	33	4.510217711727459	35	4.899671252092457	
55	23	3.9744624285740975	58	4.111327437863447	89	4.209131489767066	
56	6	3.6711681798578915	26	4.0551891789709815	97	4.075863800109121	
57	22	4.778892222715135	7	6.08344343744276	13	6.826735075852697	
58	23	3.6744317560594175	21	4.018742422568849	12	4.049803425581543	
59	22	4.93911447176206	36	4.985855719603694	60	6.052912569424821	
60	68	3.9586653212222713	85	5.029560337143709	36	5.33243490488143	
61	15	2.12631476243981	83	3.5768355010358297	91	3.960540426773482	
62	56	5.2816284207045365	52	6.885036456217584	97	7.1190436665464105	
63	25	2.9779287998565964	24	3.580223951942777	69	4.758091845239697	
64	22	5.261201453877665	94	5.342954129351031	48	5.692837104287894	
65	77	4.398799088116093	8	5.560582807781154	91	5.674441370976564	
66	69	4.274522908392929	96	5.650075123735897	88	5.895149182314138	
67	4	4.5062631114612595	55	6.8313857187459	35	7.582975430367071	
68	94	2.876137962297069	60	3.9586653212222713	36	4.480879871158912	
69	96	3.6536302431842027	25	3.9798987083570965	80	4.220982554898215	
70	36	4.55921383163035	94	6.167257556350018	85	6.520045880422647	
71	85	6.161374456336893	60	6.6901876341127355	7	6.774150098775143	
72	39	4.601485464181593	89	4.859266229088192	55	5.011385476981698	
73	40	3.3827824882413524	36	3.9883891388343917	68	6.388911193244739	
74	29	2.6813281485265916	90	3.2672425600112702	38	4.562859944705126	
75	78	3.283784812298056	8	3.5838429968591656	83	3.8678271260959107	
76	25	4.076231423530685	32	5.270884764756812	69	5.829510716064529	
77	65	4.398799088116093	9	5.8871436566718005	43	6.6240885952085575	
78	75	3.283784812298056	8	4.171989955986947	98	4.329992764321305	
79	92	3.993336496694339	61	4.883779201100685	15	5.587854538676988	
80	69	4.220982554898215	25	4.491669578542077	32	4.98656957404081	
81	24	2.642944361973151	96	3.4441020367778417	41	3.775372673846088	
82	86	4.500031550587586	12	4.976233405785909	58	5.338090010240658	
83	91	2.3505253098330745	9	3.4134677611294797	61	3.5768355010358297	
84	11	4.0144512972329185	0	4.666509509187589	47	5.162244735149647	
85	94	4.738551737015341	60	5.029560337143709	68	5.346970125622742	
86	53	4.084552183859323	82	4.500031550587586	12	4.938197168833452	
87	50	7.122108467152462	64	7.3023541317877525	48	7.338595965822509	
88	37	2.800879438171947	96	3.1889107225293887	31	4.210476246128274	
89	99	2.9257246664925955	21	4.148499353251078	55	4.209131489767066	
90	74	3.2672425600112702	5	4.58599193567029	38	4.809632623705147	
91	83	2.3505253098330745	98	3.905381731530552	61	3.960540426773482	
92	79	3.993336496694339	98	4.437137026158776	61	4.465841361653026	
93	92	5.27359207639229	75	5.946807617536627	79	6.31453431939382	
94	68	2.876137962297069	85	4.738551737015341	36	4.961301921906173	
95	43	1.9494954645517688	83	4.267418549852081	34	4.527530260535486	
96	88	3.1889107225293887	81	3.4441020367778417	69	3.6536302431842027	
97	5	2.981168424721151	3	3.0041809971202813	29	4.069061299398111	
98	91	3.905381731530552	78	4.329992764321305	61	4.378325756219909	
99	89	2.9257246664925955	21	3.607583549261813	58	4.665264670979408	
