0.6130903957617746	0.0103008889949050	-1.3184317472644171
1.3824232295875085	-0.0044522949736353	-2.0017642437568415
2.1530137833274958	1.9018009106225244	2.2215990148878628
-0.6993404853066740	-1.0171253712789001	0.2534896353505146
-0.0950816803619874	-0.0437252613946998	-0.0653926177911059
1.6095803717860955	0.2206154899858176	-2.9500570723706092
-1.6050126408287397	2.8151885405796118	3.9203212773330982
0.5812034373828106	0.7986884198342470	2.3343722537739877
1.1311982186153391	-0.1852267779059190	2.4776721075063945
-0.4410605778647653	1.2068123740205685	-4.6702953516898278
-0.3410960633528753	-0.2078773451102127	0.1596681060974362
0.2926142984377358	0.1737837314223047	0.1350118651194210
-1.8984557964931039	-2.9201048486746219	0.7512110011709836
0.8048707803362521	2.9879078926116756	3.0372742496460812
2.6013669228381144	-0.1867459146404015	-2.2024098509346501
-2.4614840614588620	-1.3219795647805586	1.9449598035575433
1.4577357147362759	4.8779965151481850	2.3461846346228956
-0.2565796347941549	-0.0694917736699707	1.2784617149588229
0.8777052583627472	1.6511862448445189	-0.9355968284018286
-1.6113593843027616	-1.1646381360134768	1.3740013450808828
-1.5461627054599829	-0.7321712131732268	2.2423472048141635
-0.6212478458970403	-0.0110740271882709	-2.5965528767668746
0.0554699131328552	-0.8799517047975693	-0.4572087698005413
0.7200961765774752	-0.0546086180059352	-2.2855037938614391
-0.0789605414156366	3.0605096710582189	3.5645163002668880
-1.1002185920943219	1.6031420728761459	-2.4584622218974324
-1.5485913878077664	-1.4638033671400947	-0.1570193535434289
-1.4604127500361881	-0.7213721880692168	-3.9192801875767627
0.3433764415501516	-2.1938271877837616	-0.9393953242410142
2.3395363442749906	-0.3242669926742148	-1.3134839984539759
1.4251103132683447	-0.9102366033003328	1.0173120644855942
1.2612836634767564	0.3973795154280414	-1.1380187366417940
-0.4954707792463237	-0.1974611106138775	0.0767157492067633
2.0946883889372216	1.5901307620345824	2.1163718939531395
0.0641119070680500	-3.0439742063703035	1.4200214580752353
0.7511967119508720	1.3850336908012530	2.1851542644181867
0.5937123114390421	-1.7123940737374392	0.7156612583473851
1.2171724897288867	0.6981682649255697	-1.3126559326703258
-1.9177876427732528	1.0321951259981763	-3.5650971929613435
-0.2890412285926443	1.9405675955711326	2.6321361567109292
-1.0621192716246775	0.1468353160059120	-4.2721512734896239
-1.5301742165469665	2.1192449751598814	-3.0348830186658566
0.5775341766487958	1.9654974435104469	-3.5410054217039888
-0.1967970552664564	1.7607330614874495	1.1858487113503928
-0.8830109040922788	-0.2810841010745309	-3.8955838519877499
0.2831600263157756	2.9505175915986852	2.6824858631033424
0.7811434551555582	0.8272228311657570	0.6020085200655934
-1.1758904664027872	-1.0972520053037200	2.1170992587545490
1.2612631249555502	2.5531719691885777	1.6051137767986525
2.2094618490923175	1.7533689358080027	2.7308990261900203
-1.0415862158663713	-2.0998742813330638	-1.4293450684710856
-2.4706989305435152	-1.3295295333555208	2.0513302022638653
-0.7080694224214301	0.9488970823702629	-2.2116867251103236
-2.4303569746338036	-0.4172941770812856	1.7063126677265317
-0.9065540468347162	-1.2757070390020582	-3.4190976050036133
-0.6950784664357961	-1.4473929891951876	0.4213486146678104
-2.0247310967410814	-1.1809066125537333	1.0695310803211744
-0.5264035995412941	1.7527630879708069	0.2694777817551384
-0.4694643343573996	-0.3037958800762401	0.2741524908751813
-1.2965436085254047	-1.2246095700047743	1.3137718684658481
-0.1098963347092774	0.6703018107869588	-0.4785603705467978
-0.5426782322634738	-2.2264632557661126	0.1101262645680542
1.9016034465790974	1.3497360841164512	-2.9104891679028637
-1.0380843313039119	1.2508569072636360	-1.2605199667269176
-0.3943854981182038	-0.2037599204375272	-2.2274197315317652
1.0976627810883886	-0.1884817600069163	-2.0445675578695139
0.5757643676029173	-0.1880910566873510	-0.6395744731665010
-2.1005913739230770	-2.2959313753799124	3.9279769018193078
0.0915578248405893	-2.8346219541408653	1.9273857398883179
1.5476782079020499	2.9050015958135078	4.2156605884467577
-0.1668541570854416	1.6498647664165582	-2.5965819367670160
-1.4775463260299206	0.1101187343947294	-2.8016025458510794
1.2496025748062050	-0.6232522767649888	1.7291898066484124
2.3656474344206497	3.7926032070413749	2.0583737319881870
1.2499792435868253	-1.2419771171750420	-0.0875027584934586
1.7881318105405652	0.1882488685829985	-1.7648009583730739
-1.1548453048059173	-2.1948527400731930	-0.3322154774463315
2.2024154552499029	-0.0725744891715534	3.3908546461388207
-1.3410222875305546	-1.0346863493670475	2.1309840538102796
2.8090310959290927	2.4387728169051899	2.9181191372816895
-0.5941582572599681	-1.5173184509608824	-0.2971019322249369
-0.0346801759259142	2.1404874087514112	-2.4773573689303090
1.5446177533178365	1.0563112597128357	-0.1389460904245232
-1.2054261306460103	-0.4482752072310245	-0.1193886877156097
-0.9314923414897790	-0.6240179598995159	1.9583631756877109
1.1869013863107747	2.9295459268095212	3.3882501298637049
-0.4232358739965040	-1.7695061272429828	0.4770938919746389
-0.9390951802845342	1.0393046939392907	-4.2353367607356933
-1.0412142523803543	-1.0728270017565125	-0.4419836470023446
0.2800942100832815	2.0054804884254551	-0.6778521063838245
0.3356697236002051	0.9591730688819551	0.1255066169229893
-1.2557770569361910	0.4587574191517432	-0.5695215104193045
1.3283202842900916	-0.6323534319426225	1.9844827584356295
-2.0464816761227205	-2.8765223014654695	0.0645785859800642
1.0004265536954466	0.4910092485494342	-0.3001783273396623
2.2863026187750783	0.3302780850714075	4.3262489572328224
-0.6374775395562137	0.7358592394964777	-1.4980870148537604
0.7617422467641031	0.5563427378438262	0.8106656311853917
0.3220251215589035	2.1944914012211818	2.0357100988776793
-1.6766384178501630	-0.9054625339407953	-1.8756054918842540
