0.6130903957617746	0.0103008889949050	-1.3184317472644171
1.3824232295875085	-0.0044522949736353	-2.0017642437568415
20.1530137833274949	19.9018009106225264	20.2215990148878646
-0.6993404853066740	-1.0171253712789001	0.2534896353505146
8.9049183196380124	8.9562747386053001	8.9346073822088936
1.6095803717860955	0.2206154899858176	-2.9500570723706092
16.3949873591712603	20.8151885405796122	21.9203212773330982
18.5812034373828112	18.7986884198342494	20.3343722537739886
10.1311982186153386	8.8147732220940807	11.4776721075063950
-0.4410605778647653	1.2068123740205685	-4.6702953516898278
8.6589039366471248	8.7921226548897877	9.1596681060974365
9.2926142984377353	9.1737837314223043	9.1350118651194219
-1.8984557964931039	-2.9201048486746219	0.7512110011709836
18.8048707803362518	20.9879078926116733	21.0372742496460816
2.6013669228381144	-0.1867459146404015	-2.2024098509346501
-2.4614840614588620	-1.3219795647805586	1.9449598035575433
19.4577357147362768	22.8779965151481832	20.3461846346228938
8.7434203652058446	8.9305082263300299	10.2784617149588229
0.8777052583627472	1.6511862448445189	-0.9355968284018286
-1.6113593843027616	-1.1646381360134768	1.3740013450808828
-1.5461627054599829	-0.7321712131732268	2.2423472048141635
-0.6212478458970403	-0.0110740271882709	-2.5965528767668746
9.0554699131328551	8.1200482952024302	8.5427912301994589
0.7200961765774752	-0.0546086180059352	-2.2855037938614391
17.9210394585843638	21.0605096710582202	21.5645163002668880
-1.1002185920943219	1.6031420728761459	-2.4584622218974324
7.4514086121922336	7.5361966328599053	8.8429806464565708
-1.4604127500361881	-0.7213721880692168	-3.9192801875767627
9.3433764415501521	6.8061728122162384	8.0606046757589862
2.3395363442749906	-0.3242669926742148	-1.3134839984539759
10.4251103132683447	8.0897633966996665	10.0173120644855942
1.2612836634767564	0.3973795154280414	-1.1380187366417940
8.5045292207536765	8.8025388893861223	9.0767157492067625
20.0946883889372216	19.5901307620345833	20.1163718939531400
0.0641119070680500	-3.0439742063703035	1.4200214580752353
18.7511967119508718	19.3850336908012508	20.1851542644181876
0.5937123114390421	-1.7123940737374392	0.7156612583473851
1.2171724897288867	0.6981682649255697	-1.3126559326703258
-1.9177876427732528	1.0321951259981763	-3.5650971929613435
17.7109587714073555	19.9405675955711317	20.6321361567109278
-1.0621192716246775	0.1468353160059120	-4.2721512734896239
-1.5301742165469665	2.1192449751598814	-3.0348830186658566
0.5775341766487958	1.9654974435104469	-3.5410054217039888
17.8032029447335418	19.7607330614874499	19.1858487113503919
-0.8830109040922788	-0.2810841010745309	-3.8955838519877499
18.2831600263157767	20.9505175915986861	20.6824858631033415
9.7811434551555578	9.8272228311657575	9.6020085200655938
-1.1758904664027872	-1.0972520053037200	2.1170992587545490
19.2612631249555477	20.5531719691885755	19.6051137767986532
20.2094618490923175	19.7533689358080018	20.7308990261900199
7.9584137841336284	6.9001257186669367	7.5706549315289147
-2.4706989305435152	-1.3295295333555208	2.0513302022638653
-0.7080694224214301	0.9488970823702629	-2.2116867251103236
6.5696430253661964	8.5827058229187152	10.7063126677265323
-0.9065540468347162	-1.2757070390020582	-3.4190976050036133
8.3049215335642046	7.5526070108048122	9.4213486146678100
-2.0247310967410814	-1.1809066125537333	1.0695310803211744
-0.5264035995412941	1.7527630879708069	0.2694777817551384
-0.4694643343573996	-0.3037958800762401	0.2741524908751813
7.7034563914745950	7.7753904299952259	10.3137718684658477
-0.1098963347092774	0.6703018107869588	-0.4785603705467978
-0.5426782322634738	-2.2264632557661126	0.1101262645680542
1.9016034465790974	1.3497360841164512	-2.9104891679028637
-1.0380843313039119	1.2508569072636360	-1.2605199667269176
-0.3943854981182038	-0.2037599204375272	-2.2274197315317652
1.0976627810883886	-0.1884817600069163	-2.0445675578695139
0.5757643676029173	-0.1880910566873510	-0.6395744731665010
-2.1005913739230770	-2.2959313753799124	3.9279769018193078
0.0915578248405893	-2.8346219541408653	1.9273857398883179
19.5476782079020523	20.9050015958135091	22.2156605884467595
-0.1668541570854416	1.6498647664165582	-2.5965819367670160
-1.4775463260299206	0.1101187343947294	-2.8016025458510794
10.2496025748062056	8.3767477232350114	10.7291898066484119
20.3656474344206515	21.7926032070413740	20.0583737319881870
1.2499792435868253	-1.2419771171750420	-0.0875027584934586
1.7881318105405652	0.1882488685829985	-1.7648009583730739
-1.1548453048059173	-2.1948527400731930	-0.3322154774463315
20.2024154552499020	17.9274255108284457	21.3908546461388198
-1.3410222875305546	-1.0346863493670475	2.1309840538102796
20.8090310959290932	20.4387728169051890	20.9181191372816890
-0.5941582572599681	-1.5173184509608824	-0.2971019322249369
-0.0346801759259142	2.1404874087514112	-2.4773573689303090
1.5446177533178365	1.0563112597128357	-0.1389460904245232
7.7945738693539894	8.5517247927689759	8.8806113122843904
-0.9314923414897790	-0.6240179598995159	1.9583631756877109
19.1869013863107725	20.9295459268095208	21.3882501298637067
-0.4232358739965040	-1.7695061272429828	0.4770938919746389
-0.9390951802845342	1.0393046939392907	-4.2353367607356933
7.9587857476196460	7.9271729982434875	8.5580163529976545
0.2800942100832815	2.0054804884254551	-0.6778521063838245
0.3356697236002051	0.9591730688819551	0.1255066169229893
-1.2557770569361910	0.4587574191517432	-0.5695215104193045
10.3283202842900916	8.3676465680573777	10.9844827584356288
-2.0464816761227205	-2.8765223014654695	0.0645785859800642
1.0004265536954466	0.4910092485494342	-0.3001783273396623
20.2863026187750783	18.3302780850714058	22.3262489572328207
-0.6374775395562137	0.7358592394964777	-1.4980870148537604
9.7617422467641024	9.5563427378438259	9.8106656311853921
18.3220251215589016	20.1944914012211818	20.0357100988776793
-1.6766384178501630	-0.9054625339407953	-1.8756054918842540
